person 0.7276319 670 106 689 134
person 0.7234982 286 226 318 265
person 0.7085249 902 145 922 172
person 0.70193756 627 115 646 143
person 0.69854796 879 225 910 264
person 0.6983333 567 141 588 170
person 0.69828016 719 103 738 130
person 0.69588417 945 266 979 310
person 0.69458926 744 113 762 139
person 0.69126433 961 193 984 222
person 0.6854715 580 174 608 212
person 0.683464 684 237 716 278
person 0.67227453 467 143 489 171
person 0.67150307 984 158 1006 185
person 0.6703159 222 202 251 239
person 0.6692439 745 207 775 247
person 0.66174436 804 112 823 137
person 0.6480867 645 125 665 154
person 0.6410369 864 153 888 183
person 0.6312125 400 176 430 213
person 0.62405324 453 185 482 225
person 0.62252235 344 163 373 200
person 0.6209079 806 221 839 264
person 0.61776656 509 143 532 171
person 0.6173582 1101 177 1118 202
person 0.611097 900 174 922 202
person 0.60687447 935 360 979 418
person 0.60566676 750 136 770 164
person 0.602919 481 162 509 198
person 0.6022777 643 94 660 120
person 0.59690714 1067 231 1088 261
person 0.5964318 804 171 833 207
person 0.5961872 442 157 464 188
person 0.5918549 651 156 677 192
person 0.59166795 916 215 939 246
person 0.58404297 697 128 718 157
person 0.5811306 989 235 1018 272
person 0.5810761 848 154 869 183
person 0.57070667 582 114 602 142
person 0.56276345 537 115 557 141
person 0.56044877 393 153 415 182
person 0.5317179 752 243 785 285
person 0.52676874 1060 202 1079 229
person 0.5236032 583 126 603 154
person 0.52112716 536 138 560 168
person 0.5201084 550 176 578 213
person 0.51409715 838 260 880 314
person 0.51105595 1093 204 1112 231
person 0.4617164 744 322 791 381
person 0.45771775 366 174 387 205
person 0.44551164 1044 212 1065 240
person 0.42285544 795 157 817 185
person 0.42207122 1007 180 1027 205
person 0.42106023 605 287 648 343
person 0.41184637 1037 196 1056 219
person 0.40917435 632 112 654 141
person 0.36786333 250 205 281 240
person 0.35409665 713 176 742 212
person 0.35083142 932 176 955 203
person 0.3493228 423 226 455 264
person 0.31108674 1000 489 1048 571
person 0.29167357 1042 249 1071 288
person 0.27602053 1077 195 1097 219
person 0.27116612 509 200 541 237
person 0.26744446 704 136 727 164
person 0.25104883 809 140 830 166
person 0.2489177 577 270 620 326
person 0.24030414 1065 198 1085 221
person 0.2329794 951 230 986 271
person 0.2276337 993 250 1025 287
person 0.2261534 1043 239 1065 268
person 0.21149173 829 219 867 261
person 0.20152114 1007 170 1028 193
person 0.19930406 621 290 665 345
person 0.18733177 469 153 495 184
person 0.1706576 747 188 776 224
person 0.16887866 952 238 977 267
person 0.15519646 846 289 890 344
person 0.15506975 569 178 595 210
person 0.15354902 898 389 949 462
person 0.15318362 1054 294 1086 333
person 0.1514986 1074 230 1095 259
person 0.14867428 692 434 746 505
person 0.14719899 597 482 644 561
person 0.14312965 511 153 537 184
person 0.14287224 433 350 488 420
person 0.14192617 511 178 535 206
person 0.14110318 811 478 860 553
person 0.1404135 595 399 646 471
person 0.14025064 882 216 907 244
person 0.13933024 1003 265 1028 294
person 0.13868167 540 164 564 193
person 0.13283099 794 140 816 167
person 0.13187942 722 102 736 122
person 0.1309739 988 217 1013 244
person 0.12693341 483 174 506 203
person 0.124122135 892 255 928 293
person 0.12168067 587 268 637 339
person 0.12121092 937 256 986 325
person 0.11957496 769 368 814 424
person 0.11922687 968 164 990 190
person 0.11633004 753 340 789 385
person 0.11626664 663 133 686 163
person 0.116007835 655 222 687 262
person 0.11457725 954 183 991 232
person 0.113816336 923 351 990 433
person 0.112430856 390 142 418 177
person 0.11124332 812 214 838 242
person 0.111037455 263 216 287 245
person 0.10890198 984 183 1007 210
person 0.10887404 950 258 979 288
person 0.10866159 412 156 437 185
person 0.10864502 587 206 620 245
person 0.10848696 740 230 789 300
person 0.10781186 618 132 639 162
person 0.10772071 931 233 957 263
person 0.105747186 341 174 365 205
person 0.10572002 710 162 734 189
person 0.105536334 792 302 846 375
person 0.10517887 529 117 549 143
person 0.102379136 564 160 588 191
person 0.10062421 1009 205 1034 232
person 0.099560484 925 214 949 242
person 0.09901552 1097 174 1114 196
person 0.09881765 705 363 749 419
person 0.09804152 1058 288 1083 320
person 0.097654164 952 305 989 346
person 0.09746229 1054 365 1096 422
person 0.09642211 584 168 606 198
person 0.095921524 1099 209 1118 235
person 0.09583718 1058 221 1096 272
person 0.09561526 353 205 390 245
person 0.09524451 857 182 882 210
person 0.09278529 799 247 836 291
person 0.0927781 543 202 578 242
person 0.09070292 979 251 1008 284
person 0.08964965 583 116 595 138
person 0.08757127 34 565 116 743
person 0.08589583 645 149 682 201
person 0.08496959 628 282 664 325
person 0.08484819 20 487 102 668
person 0.08462167 988 402 1039 478
person 0.08304599 1077 341 1117 400
person 0.08253024 782 451 838 527
person 0.0821676 935 255 963 285
person 0.08081561 837 182 862 210
person 0.08042048 767 117 787 141
person 0.08009384 771 386 813 445
person 0.0797705 596 280 664 360
person 0.078533515 646 96 657 112
person 0.07820027 1149 260 1180 301
person 0.07740267 1079 196 1095 211
person 0.07716269 472 145 485 168
person 0.07688549 1003 241 1027 268
person 0.075340256 892 163 931 213
person 0.07520485 904 148 915 169
person 0.07511529 794 177 819 207
person 0.07485473 319 164 351 200
person 0.07480437 670 100 688 123
person 0.07424621 1070 233 1083 257
person 0.073134355 711 212 737 240
person 0.07239883 514 145 527 168
person 0.070994064 1104 181 1115 197
person 0.07058793 687 162 710 191
person 0.07058752 460 133 498 183
person 0.07054531 758 166 781 193
person 0.07006763 1011 183 1024 198
person 0.06920605 894 366 943 420
person 0.068897404 739 165 762 192
person 0.06823208 457 195 477 232
person 0.06768156 988 150 1008 172
person 0.064038135 843 144 882 195
person 0.06299447 698 123 712 145
person 0.061720695 804 116 816 131
person 0.061263286 1077 275 1108 312
person 0.06119146 779 312 826 365
person 0.061156806 808 114 820 129
person 0.060462933 1273 181 1281 217
person 0.059963297 665 184 688 213
person 0.059737824 508 192 556 263
person 0.059311107 559 129 596 180
person 0.0589937 887 313 924 352
person 0.058865044 216 237 241 265
person 0.058733493 222 191 251 224
person 0.0585821 1273 157 1281 192
person 0.057441276 206 206 228 232
person 0.057227165 1082 267 1103 294
person 0.05692363 761 290 785 315
person 0.05689156 1040 197 1053 213
person 0.05674359 615 157 637 187
person 0.05672798 218 194 265 262
person 0.05668628 417 197 468 268
person 0.056485217 628 94 645 119
person 0.05643354 846 148 866 174
person 0.05581136 757 240 782 270
person 0.055727147 988 409 1025 455
person 0.05563269 1063 206 1076 221
person 0.055329684 988 303 1024 343
person 0.05532118 1092 308 1143 380
person 0.055316847 1079 334 1109 375
person 0.055107992 280 198 326 272
person 0.054969903 -5 -280 11 -251
person 0.054828323 1157 215 1185 249
person 0.054595437 1273 205 1281 242
person 0.054546703 869 151 883 171
person 0.054537922 1034 301 1087 375
person 0.05434739 1268 -278 1281 -220
person 0.054322623 895 493 946 571
person 0.053969737 733 228 761 260
person 0.05385074 1250 318 1292 400
person 0.053712033 502 132 539 183
person 0.052772652 1096 208 1108 224
person 0.052482795 446 147 469 173
person 0.052378893 659 163 672 188
person 0.0523181 265 231 290 260
person 0.05228266 514 294 568 365
person 0.052281242 1040 170 1060 193
person 0.052246615 685 184 709 211
person 0.0521356 349 163 363 186
person 0.051979877 1249 433 1290 521
person 0.05197279 977 364 1014 406
person 0.051236425 966 195 979 218
person 0.050415255 235 463 253 488
person 0.050408352 433 231 456 257
person 0.050375048 1060 166 1080 188
person 0.049425542 1010 172 1025 185
person 0.04913801 656 160 668 186
person 0.048907585 306 252 343 291
person 0.048486803 1273 132 1281 166
person 0.048307806 -1 -283 7 -250
person 0.048140697 200 526 222 554
person 0.048096497 588 180 600 208
person 0.04792589 977 470 1071 634
person 0.047067843 -5 -279 10 -271
person 0.046821993 908 409 943 454
person 0.046369433 446 159 459 184
person 0.046329442 553 257 590 298
person 0.045984644 290 217 314 244
person 0.045420676 1067 202 1081 215
person 0.045211073 1186 832 1217 946
person 0.045160394 831 218 856 245
person 0.04484777 941 144 961 168
person 0.044581156 849 276 878 301
person 0.044570744 253 186 284 220
person 0.04387479 862 213 888 241
person 0.043790787 1273 229 1281 267
person 0.043362286 -4 -270 22 -153
person 0.043281037 742 123 779 176
person 0.04295662 1127 -111 1172 73
person 0.04290205 370 177 383 201
person 0.04272171 687 308 736 361
person 0.04266453 488 168 502 192
person 0.04255037 939 386 981 446
person 0.04248313 41 512 82 622
person 0.042361446 985 142 1012 176
person 0.04234115 825 249 893 340
person 0.04207237 747 114 759 130
person 0.041703552 1007 274 1031 302
person 0.041660514 348 137 378 172
person 0.04156542 686 514 756 618
person 0.040810842 244 236 268 264
person 0.040466465 637 115 673 168
person 0.0400284 700 395 747 452
person 0.03995672 1026 250 1075 321
person 0.039873265 -1 301 9 370
person 0.039627623 1100 178 1111 192
person 0.039616283 316 184 339 210
person 0.03958683 159 211 189 246
person 0.03952666 1270 844 1281 916
person 0.039502013 852 266 879 292
person 0.039137173 413 147 434 171
person 0.03912387 412 250 449 289
person 0.038925834 619 104 654 158
person 0.038417492 540 117 554 131
person 0.038376737 1267 -280 1281 -271
person 0.038340908 904 169 920 194
person 0.038340077 321 261 345 286
person 0.03832823 947 133 976 166
person 0.038277633 -6 424 26 527
person 0.037946317 722 181 735 205
person 0.037869625 1055 525 1118 639
person 0.03784216 421 214 444 241
person 0.037814025 1268 214 1281 263
person 0.037739374 842 352 892 406
person 0.03764708 840 264 869 292
person 0.037463542 1032 281 1055 310
person 0.037401453 1192 858 1214 919
person 0.03734292 316 212 340 239
person 0.037286676 1266 -281 1284 -253
person 0.037237145 1268 435 1279 507
person 0.037224367 1269 184 1285 215
person 0.037187867 400 318 516 462
person 0.036657862 1269 208 1285 240
person 0.036607932 1047 206 1061 230
person 0.036436904 1269 -234 1280 -167
person 0.035708062 -1 250 8 308
person 0.03563998 1100 393 1149 469
person 0.03543978 610 298 641 327
person 0.035347607 988 160 1003 175
person 0.035256896 663 204 688 233
person 0.035230126 0 667 6 782
person 0.035221618 319 237 344 263
person 0.03519458 145 42 165 67
person 0.035139967 691 119 728 173
person 0.03511357 634 111 652 126
person 0.034799527 848 264 869 307
person 0.03479941 1269 159 1285 190
person 0.034772288 215 250 247 290
person 0.034713 674 109 685 126
person 0.03466369 643 352 689 408
person 0.034635343 346 204 371 231
person 0.03457046 903 177 915 199
person 0.034541544 1267 170 1281 217
person 0.03428495 1188 -262 1204 -213
person 0.034253433 1256 -254 1287 -159
person 0.034186695 0 -286 10 -222
person 0.034003254 687 214 713 241
person 0.03385361 921 216 934 242
person 0.033692326 585 116 599 130
person 0.033551734 614 189 635 218
person 0.03352927 293 263 317 289
person 0.03326028 303 119 333 153
person 0.03302998 407 183 420 208
person 0.03284637 837 232 866 259
person 0.03279844 488 212 512 237
person 0.032712385 53 -280 72 -260
person 0.032606043 92 629 116 658
person 0.032561768 810 165 827 188
person 0.03221496 297 158 320 181
person 0.032130618 539 134 558 157
person 0.03200508 30 -280 46 -272
person 0.032003455 1273 108 1281 144
person 0.031961404 1269 262 1282 316
person 0.031827487 335 261 372 300
person 0.031686816 1273 253 1281 292
person 0.031588648 555 181 567 207
person 0.031497937 372 144 393 167
person 0.031297486 742 182 782 233
person 0.031190338 373 172 388 194
person 0.031142091 938 174 953 195
person 0.030950991 838 401 887 458
person 0.03094747 792 206 817 235
person 0.030899413 30 -280 49 -261
person 0.030878779 1130 295 1165 345
person 0.030832179 1269 232 1284 264
person 0.030796023 118 571 142 599
person 0.030775458 439 160 486 237
person 0.030738449 167 -93 198 32
person 0.030645369 433 322 479 380
person 0.030525554 812 177 826 201
person 0.030436313 506 263 542 303
person 0.030410608 1268 753 1281 816
person 0.030352945 1093 858 1120 933
person 0.030322505 24 471 43 505
person 0.030289238 738 82 766 119
person 0.030015085 434 263 470 304
person 0.029965252 1044 857 1071 934
person 0.029927775 348 147 370 171
person 0.029871717 1143 -266 1161 -209
person 0.029839516 912 457 929 470
person 0.029781714 892 133 930 183
person 0.029777396 631 303 660 328
person 0.029732764 763 26 779 76
person 0.029732522 994 857 1022 934
person 0.02953061 495 70 523 107
person 0.029529218 714 375 739 403
person 0.029369853 717 288 816 445
person 0.029171444 757 302 785 326
person 0.029088156 940 363 968 391
person 0.029041452 1148 168 1177 202
person 0.028986407 858 135 896 186
person 0.028759895 295 183 318 210
person 0.028625168 973 148 1012 200
person 0.028365007 1002 457 1047 517
person 0.028325278 692 97 711 120
person 0.028314644 812 622 878 754
person 0.028257713 153 172 182 204
person 0.028250499 1079 310 1106 338
person 0.028249469 67 578 91 607
person 0.028231751 1187 768 1210 821
person 0.028208116 1269 134 1284 164
person 0.027996542 1270 311 1281 371
person 0.027810264 570 370 670 546
person 0.027801879 368 205 391 232
person 0.027799644 572 460 664 637
person 0.027680304 864 235 890 264
person 0.027669346 1249 215 1289 300
person 0.02756481 1037 -279 1052 -270
person 0.027511014 1010 -117 1057 78
person 0.027509527 194 236 217 261
person 0.027444268 1061 -279 1076 -270
person 0.027407397 617 337 634 351
person 0.027407367 945 857 972 935
person 0.027278492 642 184 664 213
person 0.027263213 962 141 981 164
person 0.027224831 0 612 9 745
person 0.027168594 52 610 98 729
person 0.027063966 843 118 862 142
person 0.027026763 229 206 243 231
person 0.026976153 1229 -280 1246 -272
person 0.026965752 53 -280 70 -272
person 0.02696201 561 204 585 232
person 0.026863484 752 135 767 156
person 0.026845833 527 620 589 754
person 0.02681897 901 324 1010 463
person 0.026802832 923 513 964 576
person 0.026744688 258 253 292 292
person 0.02671708 686 278 711 302
person 0.026630659 1012 -279 1027 -270
person 0.026619796 497 114 517 136
person 0.026527792 -1 270 5 318
person 0.0264439 1103 -271 1122 -209
person 0.02642613 699 132 714 149
person 0.026362153 1252 501 1290 606
person 0.02631548 534 299 569 343
person 0.026266096 611 213 633 241
person 0.026231088 666 395 774 553
person 0.026226709 616 291 636 338
person 0.026164632 1096 84 1121 124
person 0.02615273 1270 446 1279 489
person 0.026135972 1046 240 1060 263
person 0.026114698 608 87 635 123
person 0.026086936 1270 801 1281 865
person 0.026009575 798 160 813 175
person 0.025977341 444 74 472 111
person 0.02582544 1042 173 1057 188
person 0.025791058 1272 428 1280 471
person 0.025718648 446 352 475 378
person 0.025642935 515 229 539 253
person 0.02563669 -1 319 6 369
person 0.025605917 70 594 94 624
person 0.025592167 906 148 919 162
person 0.025481045 295 232 308 258
person 0.025480585 1086 -279 1101 -270
person 0.025462463 854 302 882 325
person 0.02524495 908 262 935 288
person 0.025228374 832 305 862 327
person 0.025192216 1050 117 1081 153
person 0.025124868 1013 -280 1029 -254
person 0.025101844 1083 751 1106 810
person 0.025094222 1037 -280 1054 -253
person 0.02501375 813 142 827 157
person 0.024979461 596 97 615 120
person 0.024932817 243 195 266 220
person 0.024922287 867 619 929 746
person 0.024877366 578 262 679 415
person 0.024797084 708 256 732 283
person 0.024634711 1062 -280 1079 -253
person 0.024556486 575 560 664 759
person 0.024540221 988 -280 1005 -255
person 0.024504196 587 131 599 147
person 0.024406623 1268 121 1281 169
person 0.024401015 717 235 744 263
person 0.02434788 504 297 547 355
person 0.024287723 457 192 470 218
person 0.024279157 896 857 923 935
person 0.024144646 987 -279 1003 -271
person 0.02406574 1102 878 1138 988
person 0.024013797 1141 858 1168 933
person 0.023957 748 326 790 352
person 0.023929914 961 311 986 332
person 0.023883559 1273 399 1281 442
person 0.023848671 468 340 491 364
person 0.023803828 1273 278 1281 318
person 0.023800725 120 870 156 992
person 0.023787834 -1 295 5 343
person 0.023742983 -21 407 52 572
person 0.023730708 518 603 596 823
person 0.023716325 1086 45 1104 71
person 0.023655873 1229 -280 1248 -260
person 0.023569645 1128 262 1178 335
person 0.02355497 474 117 495 142
person 0.023341073 237 469 256 500
person 0.023339625 870 357 976 526
person 0.023285879 -3 -187 18 -37
person 0.023207936 1086 -280 1103 -254
person 0.02318318 56 449 74 481
person 0.0231595 895 -121 943 81
person 0.023099208 117 258 145 298
person 0.023049742 1103 236 1124 262
person 0.023026418 121 218 149 252
person 0.023025893 962 -280 980 -256
person 0.023000885 271 255 294 279
person 0.022921266 738 281 762 305
person 0.022913234 142 35 164 80
person 0.022797484 673 104 685 117
person 0.02279349 781 456 884 620
person 0.022763064 390 212 414 241
person 0.02269203 1270 406 1281 477
person 0.022670994 -4 287 29 376
person 0.022572795 1104 557 1163 681
person 0.022544684 42 607 66 636
person 0.02249241 1062 169 1077 183
person 0.0224261 265 116 294 151
person 0.022406852 1273 34 1281 73
person 0.022347022 738 98 756 120
person 0.022345485 298 437 319 468
person 0.022302123 0 709 9 820
person 0.022274325 -1 247 5 294
person 0.02227201 32 572 46 664
person 0.022180196 1110 -280 1125 -271
person 0.022158798 980 596 1044 731
person 0.022157298 1039 912 1066 997
person 0.022147095 281 476 377 672
person 0.022104897 0 -268 9 -175
person 0.022082731 824 468 866 531
person 0.02207481 1273 303 1280 343
person 0.022028336 42 520 70 551
person 0.021970714 1273 163 1280 182
person 0.021841887 224 567 310 761
person 0.021786034 900 438 943 497
person 0.021768598 631 99 642 112
person 0.021766601 1269 257 1284 290
person 0.021728717 814 96 833 119
person 0.021698913 998 887 1036 998
person 0.021650773 740 254 765 283
person 0.02163349 1273 80 1281 118
person 0.021621212 1088 912 1115 997
person 0.021610156 990 912 1016 997
person 0.021610074 800 76 827 113
person 0.02157387 121 563 146 588
person 0.021569988 118 655 141 684
person 0.021569066 507 146 520 168
person 0.02155474 1208 -280 1227 -260
person 0.021512888 798 95 816 118
person 0.021417685 161 319 189 361
person 0.021417035 884 263 909 290
person 0.021410383 -1 520 8 644
person 0.02139502 574 95 592 118
person 0.02138916 707 132 724 156
person 0.02137149 -14 657 50 836
person 0.021320866 962 -280 978 -271
person 0.021247763 938 -280 956 -257
person 0.021225268 669 478 771 654
person 0.021162145 1110 -280 1128 -255
person 0.021152435 1208 -280 1224 -271
person 0.021142397 391 608 474 831
person 0.0211091 -6 809 17 955
person 0.021055497 1269 488 1280 568
person 0.021015374 1059 872 1083 954
person 0.021010926 851 158 865 174
person 0.02094807 218 539 241 566
person 0.020945303 257 210 271 234
person 0.020924821 1089 165 1127 219
person 0.020879151 548 81 575 117
person 0.020856727 649 131 661 147
person 0.020856243 629 112 642 133
person 0.020817375 543 206 570 232
person 0.020807385 212 880 250 995
person 0.020807045 1052 259 1068 283
person 0.02077969 1188 -220 1204 -168
person 0.020770552 29 494 50 527
person 0.020744111 1254 715 1284 823
person 0.020627905 519 386 572 460
person 0.020625148 1006 497 1040 548
person 0.02058002 333 143 379 223
person 0.020571923 298 140 319 163
person 0.020559667 1045 -275 1065 -211
person 0.02054711 941 912 967 997
person 0.020509686 340 265 363 289
person 0.020413091 412 807 459 963
person 0.020361234 946 363 966 412
person 0.020345977 768 95 786 117
person 0.020333398 1010 871 1034 954
person 0.020328905 1273 138 1280 157
person 0.020245556 42 619 72 648
person 0.020233382 -1 185 5 220
person 0.020229895 1269 111 1284 142
person 0.020183085 1167 185 1186 208
person 0.0201408 634 81 667 135
person 0.019939134 0 343 6 387
person 0.01992562 393 234 416 259
person 0.019904401 846 856 874 935
person 0.0198653 61 175 70 192
person 0.019846573 1122 358 1162 418
person 0.019845562 1273 188 1280 206
person 0.019792082 849 73 875 110
person 0.019773362 1272 326 1280 366
person 0.019768685 314 815 360 959
person 0.019754102 1269 965 1277 1019
person 0.019681606 1048 84 1073 124
person 0.019615231 549 748 561 777
person 0.01960947 467 229 491 253
person 0.019567441 1047 256 1060 281
person 0.019547755 156 191 176 213
person 0.019540653 891 912 918 997
person 0.01952677 1269 -186 1280 -115
person 0.019509094 439 -255 473 -160
person 0.019503491 1007 -61 1025 -49
person 0.019474946 1271 351 1281 418
person 0.01946777 1015 43 1033 67
person 0.019441102 535 -254 568 -157
person 0.019430665 -1 227 5 270
person 0.019285833 1108 872 1132 955
person 0.0192746 385 133 424 185
person 0.019260012 932 444 977 502
person 0.019236464 397 158 412 172
person 0.019221913 996 240 1010 265
person 0.01920611 1 197 15 250
person 0.019198935 1168 164 1186 187
person 0.019160144 1272 350 1280 391
person 0.019143527 786 259 811 285
person 0.019103793 42 545 77 578
person 0.019023549 1011 147 1031 168
person 0.018967332 1031 -61 1050 -49
person 0.018964933 858 24 875 84
person 0.018955013 757 138 771 155
person 0.018915184 1134 -280 1152 -257
person 0.018905925 913 -280 931 -258
person 0.01889632 465 454 489 482
person 0.018890744 247 256 270 282
person 0.018880503 112 419 147 485
person 0.018864289 1206 875 1242 990
person 0.018844882 191 321 221 363
person 0.018835058 762 396 799 440
person 0.018826218 1025 183 1064 234
person 0.018815447 867 114 884 139
person 0.018699845 594 145 639 227
person 0.018689081 -1 162 6 197
person 0.018667234 1238 310 1299 423
person 0.018659096 611 331 639 353
person 0.018591449 842 912 868 997
person 0.018590074 574 748 586 777
person 0.018554052 511 809 556 964
person 0.018545434 1130 375 1158 401
person 0.018511392 521 152 568 231
person 0.018502621 308 885 346 1000
person 0.018500792 944 -274 962 -211
person 0.018474264 869 459 972 633
person 0.018453361 808 26 824 79
person 0.018435493 350 912 376 997
person 0.01842372 301 912 327 997
person 0.018421696 636 211 660 237
person 0.018400015 904 -272 923 -210
person 0.018390574 853 -271 871 -210
person 0.018377129 1273 54 1281 94
person 0.01833903 202 912 228 997
person 0.01832207 251 912 278 997
person 0.018303607 399 912 425 997
person 0.01827805 1134 -280 1150 -271
person 0.01823602 961 871 985 954
person 0.01823541 1273 375 1281 416
person 0.018226279 76 623 105 654
person 0.018225113 202 117 231 151
person 0.01821619 1139 186 1157 209
person 0.018192073 1252 603 1286 714
person 0.01819097 -5 326 9 361
person 0.018130602 861 308 876 320
person 0.01810469 628 410 672 471
person 0.018103348 914 12 927 36
person 0.01809504 112 835 147 959
person 0.018057235 67 852 91 932
person 0.01804232 448 912 475 997
person 0.01803733 937 -280 953 -271
person 0.018032609 238 465 249 480
person 0.01801864 118 402 141 430
person 0.018007092 196 518 224 561
person 0.018005127 769 120 785 133
person 0.017999953 712 84 746 137
person 0.017993951 545 97 563 120
person 0.017984677 392 340 506 536
person 0.01796017 44 509 69 541
person 0.017953243 658 255 683 280
person 0.017941315 79 533 104 561
person 0.017931757 793 912 819 997
person 0.017924152 712 404 738 428
person 0.017917579 73 -100 102 32
person 0.017907806 1250 115 1282 214
person 0.017891511 1147 81 1173 124
person 0.017884005 803 -264 834 -161
person 0.017856287 793 104 832 157
person 0.017850786 615 -258 647 -158
person 0.017850593 1096 116 1124 152
person 0.01784053 148 -128 210 91
person 0.017812395 894 70 921 109
person 0.017744841 707 -263 738 -161
person 0.017738476 0 -246 6 -197
person 0.017713826 1138 912 1164 998
person 0.017709568 123 597 147 625
person 0.017696012 162 260 193 299
person 0.017663807 1188 813 1211 869
person 0.0176556 497 912 524 997
person 0.017653259 298 615 382 832
person 0.017653013 0 -270 6 -224
person 0.017631318 894 738 911 810
person 0.017586518 1093 -181 1106 -127
person 0.017496955 1085 538 1172 724
person 0.017496077 1268 538 1279 621
person 0.017495634 1253 -2 1280 122
person 0.017494798 665 618 730 751
person 0.017470432 1040 395 1086 454
person 0.017466567 744 912 770 997
person 0.017462118 894 -270 924 -165
person 0.017441088 -5 424 11 458
person 0.017440287 153 912 179 998
person 0.017438972 950 364 980 387
person 0.017401101 1009 265 1022 291
person 0.017393243 1009 476 1034 500
person 0.017366873 992 -275 1010 -211
person 0.0173374 547 912 573 997
person 0.017327435 913 399 941 426
person 0.01732069 701 885 739 1000
person 0.017317794 47 89 84 178
person 0.017297784 1269 83 1284 116
person 0.017231906 889 -280 907 -258
person 0.017219959 694 912 721 997
person 0.017196426 596 912 622 997
person 0.01719342 245 -255 279 -160
person 0.017169217 1096 700 1114 774
person 0.017157827 645 912 671 997
person 0.017156476 399 71 427 110
person 0.017146451 169 215 191 239
person 0.017135205 991 156 1004 167
person 0.017129658 909 283 934 307
person 0.017099714 51 569 79 603
person 0.017089795 0 864 15 964
person 0.01708511 517 179 530 203
person 0.017076392 814 619 839 650
person 0.017072136 961 327 985 351
person 0.017069126 944 742 961 811
person 0.017058408 1207 874 1230 959
person 0.017044656 1104 411 1138 458
person 0.017011197 96 613 120 638
person 0.01697311 654 31 671 75
person 0.016956696 113 171 142 205
person 0.016942585 1262 265 1285 310
person 0.016909989 1273 3 1280 46
person 0.016895926 575 180 590 206
person 0.016857263 254 747 266 779
person 0.016831566 965 12 978 36
person 0.016819417 963 201 978 224
person 0.016804285 0 959 10 1015
person 0.01679481 997 -79 1063 155
person 0.016785426 30 593 50 626
person 0.016770504 0 418 7 463
person 0.016765505 -1 716 6 761
person 0.016760396 141 103 184 189
person 0.016759634 907 453 934 474
person 0.016751433 285 449 358 545
person 0.016708331 571 135 585 161
person 0.016702158 155 81 183 120
person 0.01668774 131 199 180 272
person 0.016686127 740 -126 786 74
person 0.016674623 1268 432 1283 467
person 0.01667399 1176 216 1205 253
person 0.01664633 797 856 824 935
person 0.016636098 804 -272 821 -211
person 0.016634764 129 140 142 158
person 0.016583005 1273 933 1280 986
person 0.016532255 55 911 81 998
person 0.016520793 1273 212 1280 230
person 0.016506124 443 335 468 362
person 0.016452288 229 746 241 779
person 0.01643661 903 164 922 185
person 0.016420828 813 -126 861 78
person 0.016419813 1107 479 1132 505
person 0.016406665 1262 842 1283 926
person 0.016395703 472 155 488 179
person 0.01638285 330 -253 364 -157
person 0.016382711 270 192 293 218
person 0.016377203 348 -280 367 -256
person 0.016377002 1078 233 1092 249
person 0.016373249 525 747 537 778
person 0.01637215 269 216 283 241
person 0.016371489 496 -280 514 -256
person 0.016367435 1186 912 1212 997
person 0.016364804 324 -280 342 -256
person 0.016361441 471 -280 490 -256
person 0.016357083 -1 200 5 240
person 0.01635548 299 -280 317 -256
person 0.016352212 373 -280 391 -256
person 0.016347809 520 -280 539 -256
person 0.016347265 250 -280 268 -256
person 0.016346293 225 -280 243 -256
person 0.016343815 274 -280 293 -256
person 0.016331905 447 -280 465 -256
person 0.01632951 397 -280 416 -256
person 0.01632705 422 -280 440 -256
person 0.016324898 1268 627 1279 706
person 0.016310273 1269 59 1281 116
person 0.01630585 406 885 444 1001
person 0.016292876 799 887 837 1000
person 0.016289964 545 -280 563 -256
person 0.016276347 796 135 838 226
person 0.016263692 806 217 911 373
person 0.01626196 570 -280 588 -256
person 0.016257461 -5 277 9 311
person 0.016227692 898 889 935 1002
person 0.016223384 911 -87 930 -74
person 0.016211927 594 -280 613 -257
person 0.01620849 892 14 903 33
person 0.016196748 0 405 10 480
person 0.016195053 588 618 670 836
person 0.016191088 947 75 973 115
person 0.01616159 200 -280 219 -256
person 0.016157662 1081 194 1120 247
person 0.016148048 896 -79 963 157
person 0.016145457 905 181 918 195
person 0.016136982 0 689 6 736
person 0.016130684 -4 306 16 390
person 0.016121455 599 747 610 778
person 0.016090473 619 -280 637 -257
person 0.016078038 321 143 341 165
person 0.016056208 938 372 970 402
person 0.01602683 911 871 935 955
person 0.01600926 902 514 937 565
person 0.016006593 1122 -78 1184 155
person 0.015983343 817 -75 883 159
person 0.015963914 418 156 433 181
person 0.015961736 796 141 813 156
person 0.01594597 751 191 764 215
person 0.0159406 228 101 272 184
person 0.015935168 643 -280 662 -257
person 0.01591875 1271 870 1281 961
person 0.015918639 783 239 808 266
person 0.0159076 668 -280 687 -257
person 0.015907422 277 60 297 86
person 0.015892679 1158 -280 1177 -258
person 0.015892105 448 452 464 476
person 0.01588043 1271 471 1280 516
person 0.01587152 75 558 101 585
person 0.015781887 132 122 144 140
person 0.01577842 762 274 872 434
person 0.015775792 983 -61 1001 -49
person 0.015764203 786 406 801 417
person 0.015763152 603 884 641 1001
person 0.015739452 693 -280 711 -257
person 0.015737953 154 120 168 139
person 0.015733758 1269 706 1280 773
person 0.015714467 1129 406 1156 432
person 0.015704725 749 413 870 562
person 0.015682798 53 480 77 512
person 0.015650649 176 -280 194 -257
person 0.015633255 313 160 358 213
person 0.015619159 911 388 938 413
person 0.015614643 156 163 175 184
person 0.015608429 220 46 239 70
person 0.015591043 520 234 534 248
person 0.015586829 1097 -241 1113 -178
person 0.015568898 415 374 493 476
person 0.015563352 125 -259 160 -159
person 0.015558161 609 807 653 963
person 0.015546561 0 53 12 116
person 0.015517235 940 13 954 36
person 0.0155113945 368 232 390 257
person 0.015492 1057 -61 1074 -49
person 0.015464708 931 311 957 335
person 0.0154516 887 -86 904 -73
person 0.015427629 1165 233 1186 260
person 0.015420801 717 -280 736 -257
person 0.015418052 908 214 1010 374
person 0.015406053 1117 -262 1126 -220
person 0.015398353 912 -280 929 -271
person 0.015388755 1133 409 1152 425
person 0.015380637 1185 724 1202 773
person 0.015374376 204 328 256 400
person 0.015368869 1110 829 1142 955
person 0.015364707 1147 -236 1165 -168
person 0.015339881 425 145 493 253
person 0.01532018 864 -280 883 -258
person 0.015284477 501 746 512 779
person 0.0152834235 920 746 931 781
person 0.015269637 1271 496 1279 541
person 0.0152671635 588 263 608 304
person 0.015264797 1269 403 1284 438
person 0.01525067 984 285 1010 311
person 0.01525011 76 619 160 832
person 0.015238729 710 807 754 963
person 0.015224666 442 607 502 756
person 0.015217149 808 805 851 964
person 0.015205378 760 192 772 218
person 0.015181939 747 856 775 935
person 0.015179358 773 406 789 420
person 0.0151699735 104 911 130 999
person 0.015168357 639 237 663 265
person 0.015112519 644 339 660 352
person 0.015103274 888 -86 907 -59
person 0.015086374 959 374 1064 555
person 0.015029367 441 305 466 331
person 0.015022966 462 193 476 220
person 0.015014162 603 344 648 402
person 0.015007071 505 884 542 1002
person 0.014996331 184 612 266 831
person 0.014982871 318 439 338 471
person 0.014974033 959 239 971 266
person 0.014962096 0 -223 6 -172
person 0.014959285 420 256 444 282
person 0.01495479 1117 432 1134 449
person 0.014950365 577 560 610 627
person 0.014907407 -1 135 5 169
person 0.014903289 844 734 863 814
person 0.014869509 734 619 758 649
person 0.014866987 1141 749 1153 788
person 0.014865485 532 122 546 135
person 0.014860249 151 -280 170 -257
person 0.014841484 1251 -167 1279 -41
person 0.014834672 1260 -280 1284 -208
person 0.014829161 895 631 976 843
person 0.014828248 971 166 988 179
person 0.014803331 1069 360 1174 538
person 0.014802735 742 -280 760 -257
person 0.014789236 1103 212 1114 228
person 0.014767546 909 424 936 450
person 0.014762649 934 -88 955 -74
person 0.014758946 1045 -180 1059 -130
person 0.014749982 -2 403 17 491
person 0.014688506 590 170 603 194
person 0.014656656 985 743 1011 820
person 0.014648746 80 -267 94 -211
person 0.0146471225 908 806 951 963
person 0.014632643 1269 37 1284 70
person 0.014628786 894 748 906 780
person 0.014627205 -6 597 11 628
person 0.014602532 77 -280 96 -259
person 0.014600254 45 37 67 81
person 0.014573229 1269 57 1284 91
person 0.0145640895 1158 -280 1174 -271
person 0.014555516 591 230 615 257
person 0.014543922 864 -87 882 -58
person 0.014534904 0 403 6 448
person 0.014520771 55 229 81 266
person 0.014520205 37 172 46 190
person 0.014511541 -2 442 17 591
person 0.014487216 182 123 194 141
person 0.014473132 837 310 858 322
person 0.014460371 0 813 10 910
person 0.014445013 1005 75 1032 114
person 0.014429736 153 208 173 232
person 0.014427106 441 263 466 286
person 0.014421425 1062 329 1086 356
person 0.014403041 766 -280 785 -257
person 0.014394494 302 65 320 90
person 0.014392045 870 748 881 779
person 0.014390105 1030 307 1054 332
person 0.014388333 279 747 290 779
person 0.014366656 886 284 913 308
person 0.0143493265 1269 307 1284 340
person 0.014340159 845 747 856 779
person 0.014302208 -4 -283 16 -199
person 0.014294104 1131 725 1142 762
person 0.014271131 -7 622 11 653
person 0.014247489 1183 -280 1199 -271
person 0.014246935 298 514 367 639
person 0.014245106 126 -280 145 -258
person 0.014226906 1272 -240 1280 -195
person 0.014173293 680 624 761 846
person 0.014107563 0 739 7 786
person 0.014084874 305 857 332 935
person 0.014081961 840 -280 859 -258
person 0.014060076 1183 -280 1201 -259
person 0.014054221 1062 276 1169 450
person 0.014031195 487 163 503 183
person 0.01402928 765 -88 782 -57
person 0.014027276 489 233 514 255
person 0.014019689 -5 253 9 288
person 0.014007221 1166 -107 1213 65
person 0.013987223 1088 528 1115 558
person 0.013985743 -5 302 9 336
person 0.013976192 698 856 726 935
person 0.013956413 626 509 667 571
person 0.013935114 1001 497 1041 523
person 0.01393389 865 14 876 33
person 0.013929232 57 172 75 196
person 0.013915177 1007 811 1051 961
person 0.0139107425 1176 171 1204 207
person 0.013907571 862 871 886 955
person 0.01390464 791 -280 810 -257
person 0.013858602 178 745 193 781
person 0.013841143 1081 805 1105 864
person 0.013838292 1164 212 1185 238
person 0.013829023 302 289 356 361
person 0.013824635 713 26 730 72
person 0.013813328 995 -263 1004 -221
person 0.013812424 648 69 666 96
person 0.013804671 1263 881 1282 975
person 0.013802834 0 766 10 859
person 0.0137929395 342 235 367 260
person 0.013773519 -5 448 11 482
person 0.013761749 888 -280 905 -271
person 0.013741803 295 235 310 249
person 0.013733507 154 140 168 158
person 0.01373243 768 631 792 663
person 0.0137295425 1175 190 1192 214
person 0.01372519 1112 720 1123 759
person 0.013724275 324 165 339 186
person 0.013720841 816 -280 834 -258
person 0.013715041 182 500 280 682
person 0.013710668 1036 746 1058 808
person 0.013710212 754 -273 771 -213
person 0.013689033 1011 238 1082 337
person 0.013658942 791 -88 808 -56
person 0.013652589 1273 -21 1281 24
person 0.013613265 1018 506 1061 570
person 0.01359623 767 289 779 314
person 0.013585601 354 857 381 935
person 0.013546024 1134 214 1154 239
person 0.013524786 34 619 55 652
person 0.013518539 275 486 294 518
person 0.013505116 613 603 641 631
person 0.013504578 -4 -265 10 -230
person 0.013501007 313 42 329 70
person 0.013488616 207 820 255 959
person 0.0134852985 170 241 192 266
person 0.013484828 840 -88 857 -57
person 0.013484061 1226 459 1304 670
person 0.013465349 -5 473 11 506
person 0.013464665 518 201 531 227
person 0.013455546 403 471 503 679
person 0.01342864 758 606 785 637
person 0.013396604 1157 873 1180 957
person 0.013390915 633 295 653 338
person 0.013378661 1111 454 1136 478
person 0.013376514 565 243 587 267
person 0.013364765 1239 590 1292 735
person 0.013354261 457 352 488 381
person 0.013343322 912 -86 931 -60
person 0.0133379055 -5 349 10 381
person 0.013336531 1031 -62 1052 -38
person 0.013333369 -5 409 10 442
person 0.013328885 984 309 1010 330
person 0.013327831 403 857 430 935
person 0.013326753 118 83 146 122
person 0.013310255 782 623 806 654
person 0.013296095 1129 437 1143 454
person 0.013295845 1262 315 1284 363
person 0.013285522 706 135 751 223
person 0.013283129 354 302 388 343
person 0.013269586 455 187 473 209
person 0.013250002 0 -198 6 -148
person 0.013247089 1177 -99 1206 37
person 0.013237351 516 476 539 503
person 0.013233471 765 -110 782 -79
person 0.013229088 393 299 439 358
person 0.013228292 216 183 257 236
person 0.013221391 802 464 847 529
person 0.013195121 885 799 908 859
person 0.01319147 1153 257 1176 285
person 0.013182969 1272 -191 1280 -145
person 0.013179955 819 747 834 782
person 0.013177604 789 -111 807 -79
person 0.013151858 837 872 858 903
person 0.013135197 862 872 882 903
person 0.013122735 127 -268 141 -212
person 0.0131187895 1260 441 1281 499
person 0.013116586 1272 -216 1280 -170
person 0.013115721 1142 167 1160 188
person 0.0130739035 715 -64 786 165
person 0.0130468365 887 871 907 903
person 0.013027716 959 -60 975 -48
person 0.013026871 1273 236 1280 255
person 0.013026522 813 872 833 903
person 0.013007604 1161 721 1177 758
person 0.013000889 631 290 659 315
person 0.012989061 613 237 636 264
person 0.012973622 616 872 636 903
person 0.012967585 640 872 661 903
person 0.012958567 370 872 393 955
person 0.012954695 755 317 777 370
person 0.0129509745 665 872 685 903
person 0.012941367 932 537 966 602
person 0.012941165 623 747 635 778
person 0.01293624 177 -99 226 76
person 0.012931466 1268 329 1283 363
person 0.012919811 591 872 612 903
person 0.01291108 95 836 174 1031
person 0.012897669 690 871 710 903
person 0.012893785 167 -274 185 -213
person 0.01289052 -5 57 12 86
person 0.012884751 788 872 808 903
person 0.012859371 710 195 811 367
person 0.012833991 1269 354 1284 388
person 0.012825398 714 871 735 903
person 0.012822028 708 627 736 658
person 0.01281895 567 872 587 903
person 0.012814119 970 -263 981 -220
person 0.012804615 413 185 427 209
person 0.012801609 739 871 759 903
person 0.012788153 911 871 932 903
person 0.012783964 72 253 89 294
person 0.012775812 763 871 784 903
person 0.012769631 1033 509 1061 534
person 0.012765539 117 347 144 392
person 0.012742849 768 644 791 675
person 0.012735375 197 195 217 219
person 0.0127217015 200 533 266 654
person 0.012708473 303 746 315 779
person 0.01268586 619 707 636 722
person 0.012668755 1272 115 1280 134
person 0.012660871 203 745 218 781
person 0.012656884 320 872 344 955
person 0.012647414 0 786 6 836
person 0.012644502 795 746 809 782
person 0.01263927 936 871 956 903
person 0.012626774 33 169 51 195
person 0.01262423 1269 588 1280 677
person 0.012616102 646 746 661 781
person 0.012585138 542 871 562 903
person 0.012573405 967 318 980 330
person 0.01256605 108 141 120 160
person 0.012545328 558 228 670 373
person 0.01252864 516 207 533 221
person 0.01252309 474 270 592 433
person 0.012482767 -4 -239 10 -205
person 0.012478642 51 149 64 169
person 0.0124714235 419 872 443 955
person 0.012458966 1057 -63 1076 -39
person 0.01245109 813 871 836 955
person 0.012442275 1061 565 1094 634
person 0.012439106 866 334 878 347
person 0.012437459 1272 -166 1280 -121
person 0.012434076 838 -111 855 -81
person 0.012422205 784 116 846 250
person 0.012420374 1182 -271 1208 -201
person 0.012420182 741 -88 759 -56
person 0.012413889 0 443 7 487
person 0.012410676 95 401 163 507
person 0.012402326 400 113 421 138
person 0.01239389 1221 393 1308 577
person 0.012387296 961 871 981 903
person 0.01238624 1092 -263 1102 -220
person 0.0123795755 186 834 270 1025
person 0.0123673845 782 356 813 378
person 0.01235043 443 287 466 312
person 0.012347532 517 871 538 903
person 0.012346108 7 221 45 307
person 0.012339238 813 -111 831 -80
person 0.012333701 129 747 142 780
person 0.012311827 864 -280 880 -271
person 0.012307972 864 -86 880 -73
person 0.012305602 985 871 1006 903
person 0.012299038 1051 -8 1066 54
person 0.0122967195 740 -110 758 -78
person 0.0122897485 991 -282 1023 -184
person 0.012288875 835 798 858 859
person 0.012282088 348 434 366 467
person 0.012274698 102 -280 121 -258
person 0.012261865 410 458 430 489
person 0.012248179 402 747 414 779
person 0.012230009 194 680 214 715
person 0.01222326 0 -173 6 -123
person 0.012220012 986 403 1014 426
person 0.012203263 999 687 1010 731
person 0.012185595 277 137 298 159
person 0.012181641 467 456 485 475
person 0.012178295 0 415 12 523
person 0.012174963 266 571 351 765
person 0.012167889 528 542 596 655
person 0.012157388 816 -88 833 -57
person 0.01214697 1272 -142 1280 -96
person 0.01213045 61 73 90 115
person 0.012100454 255 857 283 935
person 0.012100113 1010 871 1031 902
person 0.012098568 0 371 7 416
person 0.0120875165 209 -190 221 -131
person 0.012077476 908 21 925 85
person 0.012055624 785 614 869 840
person 0.012037578 -6 498 11 530
person 0.012026379 0 167 11 218
person 0.011987262 0 811 7 860
person 0.011979196 493 871 513 903
person 0.01197854 1008 -62 1027 -38
person 0.011974055 574 736 583 751
person 0.011959801 271 872 295 955
person 0.011958005 1270 -142 1280 -63
person 0.011956963 649 856 677 936
person 0.011935699 25 584 45 614
person 0.011928328 377 746 389 779
person 0.011926306 154 743 166 780
person 0.011916785 631 569 667 632
person 0.011909646 353 746 364 779
person 0.011886757 1259 488 1281 573
person 0.011869552 415 304 439 327
person 0.011863412 0 762 7 811
person 0.011856377 175 540 199 562
person 0.011847231 1174 169 1191 192
person 0.01182403 -5 232 9 266
person 0.011813159 16 -16 47 97
person 0.011806837 1034 871 1055 902
person 0.011802967 69 515 92 540
person 0.01178069 125 237 145 264
person 0.01178034 1136 765 1158 818
person 0.01176585 1272 -117 1280 -71
person 0.011762873 847 -239 862 -177
person 0.0117606055 1187 266 1216 305
person 0.01174821 713 283 738 306
person 0.011743903 1019 -264 1029 -221
person 0.011740787 758 206 770 235
person 0.011740688 214 546 243 577
person 0.011730911 1183 -227 1207 -154
person 0.011726936 468 871 489 903
person 0.01171357 827 493 859 541
person 0.011704097 124 637 148 664
person 0.011701141 968 687 983 732
person 0.011692508 104 644 132 674
person 0.011691516 696 746 711 782
person 0.011686956 389 168 496 348
person 0.011685643 431 234 445 249
person 0.011684477 153 119 182 155
person 0.011678503 543 354 587 415
person 0.011674943 1138 813 1162 870
person 0.011661251 1089 30 1104 89
person 0.011656345 345 282 368 307
person 0.011647998 432 230 444 258
person 0.011633596 1269 378 1284 413
person 0.011632939 275 159 296 180
person 0.011626137 763 871 787 955
person 0.011620062 666 66 684 93
person 0.011607391 116 428 145 459
person 0.011604799 78 378 181 570
person 0.01160406 0 932 6 987
person 0.011603928 1259 411 1284 488
person 0.011581674 936 -85 956 -62
person 0.01156894 -1 615 6 661
person 0.011566897 0 53 7 89
person 0.011559113 770 746 785 782
person 0.011533487 222 872 246 955
person 0.01152558 1065 305 1076 320
person 0.011520317 916 118 934 143
person 0.011518248 444 871 464 903
person 0.011510639 695 101 709 115
person 0.011507428 468 872 492 955
person 0.011504097 55 888 74 923
person 0.011502412 -6 189 10 217
person 0.011476633 0 -148 7 -99
person 0.011469527 370 435 389 469
person 0.011467207 638 335 665 355
person 0.011454048 212 543 247 611
person 0.011439172 999 274 1107 439
person 0.011426394 -2 479 27 572
person 0.011407751 747 730 765 814
person 0.011399639 746 328 773 356
person 0.011398413 1106 -88 1127 -74
person 0.011390105 967 435 979 447
person 0.011386841 170 194 191 216
person 0.011372914 419 871 439 903
person 0.011366242 751 213 765 240
person 0.01135349 328 746 340 779
person 0.011352168 1272 694 1280 737
person 0.011334912 77 -280 93 -272
person 0.01131959 600 856 627 936
person 0.011318988 395 871 415 903
person 0.011316341 1081 -64 1100 -39
person 0.011315013 262 418 379 577
person 0.011309695 222 871 242 903
person 0.011300465 345 871 366 903
person 0.011298366 321 281 344 306
person 0.011297252 889 12 907 38
person 0.0112965815 106 120 119 139
person 0.011292683 720 746 735 782
person 0.01129015 370 871 390 903
person 0.011285201 72 871 94 957
person 0.011278233 247 871 267 903
person 0.011278164 -4 81 13 109
person 0.011276005 321 871 341 903
person 0.011269734 88 169 97 185
person 0.011266664 671 746 686 782
person 0.011266238 957 255 973 282
person 0.011250288 -1 590 6 635
person 0.011243936 714 871 738 955
person 0.01123542 296 871 316 903
person 0.011221137 -6 573 11 605
person 0.011199312 198 871 218 903
person 0.011198076 271 871 292 903
person 0.011182527 887 231 902 256
person 0.011182507 1018 43 1028 62
person 0.011162694 301 63 327 102
person 0.011144119 53 -127 113 66
person 0.01113728 201 94 222 117
person 0.011135441 105 301 156 375
person 0.011128623 702 -274 718 -214
person 0.011109931 449 -222 480 -112
person 0.011099223 819 214 833 238
person 0.011092322 591 335 617 356
person 0.011082833 363 521 381 558
person 0.0110807475 745 746 760 782
person 0.011076433 840 -280 856 -271
person 0.011073215 862 -111 880 -82
person 0.011052536 963 41 984 65
person 0.011042303 1039 137 1058 160
person 0.011041935 1059 870 1080 902
person 0.011040253 241 465 253 481
person 0.011022254 328 259 340 284
person 0.01100841 969 310 979 335
person 0.010997 935 -60 950 -48
person 0.010996309 860 330 884 350
person 0.0109870415 109 299 138 345
person 0.010980783 23 457 43 492
person 0.010978526 192 255 214 282
person 0.010971213 0 836 7 885
person 0.010967985 -1 170 6 188
person 0.010966458 638 452 681 512
person 0.010963036 -2 192 5 209
person 0.010959422 0 567 6 612
person 0.01095269 785 283 809 306
person 0.010941801 1082 -61 1098 -48
person 0.01090938 637 308 655 321
person 0.010899002 938 848 956 881
person 0.010894206 129 212 149 236
person 0.010888976 1244 504 1254 540
person 0.010882148 596 338 611 350
person 0.010873052 495 -280 512 -271
person 0.01087281 665 871 689 956
person 0.010872442 348 -280 364 -271
person 0.010870483 323 -280 339 -271
person 0.01086897 224 -280 241 -271
person 0.010867074 799 -240 813 -180
person 0.010866479 945 -263 956 -220
person 0.010866259 471 -280 487 -271
person 0.010866203 298 -280 315 -271
person 0.01086464 932 795 958 872
person 0.010864553 520 -280 536 -271
person 0.010862277 249 -280 266 -271
person 0.010862093 253 441 273 465
person 0.010861218 0 860 7 908
person 0.010860465 205 121 217 138
person 0.010859465 274 -280 290 -271
person 0.01085524 116 447 145 473
person 0.010852733 372 -280 389 -271
person 0.010844186 446 -280 462 -271
person 0.010841308 957 -88 980 -75
person 0.010840367 544 -280 561 -271
person 0.010839206 450 115 468 139
person 0.01083916 397 -280 413 -271
person 0.010836368 421 -280 438 -271
person 0.010832251 1068 -264 1078 -220
person 0.0108307535 139 399 160 423
person 0.010830283 569 -280 586 -271
person 0.0108268 1044 -264 1053 -221
person 0.0108205 953 658 979 691
person 0.01081979 379 830 465 1020
person 0.010798662 594 -280 610 -271
person 0.010781572 1141 -261 1151 -220
person 0.010775695 963 848 980 880
person 0.0107681835 200 -280 216 -271
person 0.010765386 1235 185 1253 214
person 0.010738683 141 562 163 585
person 0.01073693 427 747 438 779
person 0.010728622 48 44 69 70
person 0.010722636 408 115 514 281
person 0.0107199 506 137 575 250
person 0.010718373 147 57 172 84
person 0.010716765 618 -280 635 -271
person 0.010712879 154 90 176 114
person 0.010711752 319 128 386 243
person 0.010711399 1027 45 1049 69
person 0.010706256 54 864 72 900
person 0.010705058 517 872 541 955
person 0.010682811 918 -261 933 -221
person 0.010670768 1274 912 1281 962
person 0.010670592 796 732 813 816
person 0.010665429 964 187 981 210
person 0.010654371 581 129 647 246
person 0.01064378 914 848 931 881
person 0.010643629 -2 705 26 845
person 0.010635584 1106 -65 1125 -37
person 0.010634606 643 -280 659 -271
person 0.01063275 987 848 1005 880
person 0.010629403 107 163 119 180
person 0.01062607 668 -280 684 -271
person 0.010583444 779 401 806 422
person 0.010582246 716 -110 733 -78
person 0.010573731 815 -280 832 -271
person 0.010567865 692 -280 709 -271
person 0.010563848 842 15 853 34
person 0.010562747 473 481 496 512
person 0.010557042 1235 206 1295 326
person 0.010548612 616 872 639 956
person 0.010548229 367 286 389 311
person 0.010545776 1258 537 1279 624
person 0.010541036 393 259 417 283
person 0.010538585 128 -19 164 89
person 0.010533234 -1 -217 15 -117
person 0.010519865 983 -62 1003 -38
person 0.010514466 1261 -191 1282 -107
person 0.010513275 -15 -204 37 -25
person 0.010511733 543 -224 574 -112
person 0.010504399 438 236 452 249
person 0.010496027 175 -280 192 -271
person 0.010491313 893 -261 908 -221
person 0.0104805725 303 734 321 819
person 0.010476178 996 430 1011 444
person 0.01047597 889 849 907 881
person 0.010475214 1233 208 1251 238
person 0.010470148 173 870 193 903
person 0.010465905 1104 506 1129 532
person 0.010463466 717 -280 733 -271
person 0.010462271 111 855 137 934
person 0.010461911 869 46 880 65
person 0.010460495 282 831 367 1022
person 0.010454056 1271 523 1280 567
person 0.010451515 982 800 1006 861
person 0.010447857 236 323 269 366
person 0.01044352 0 -124 7 -74
person 0.010437489 538 328 562 352
person 0.010417979 1010 462 1035 486
person 0.010400743 587 183 601 198
person 0.0103990985 894 115 911 139
person 0.010397485 717 407 733 422
person 0.010382002 26 940 44 978
person 0.01035816 439 232 451 257
person 0.0103521105 -4 867 11 900
person 0.010349093 862 301 875 326
person 0.010348092 271 230 285 256
person 0.01034137 865 849 882 881
person 0.010337448 451 747 463 779
person 0.010332892 791 -280 807 -271
person 0.010332408 294 279 319 303
person 0.010331682 1135 362 1161 387
person 0.010331048 694 623 720 653
person 0.010324093 584 304 611 331
person 0.010319842 205 95 217 113
person 0.010319686 766 -280 782 -271
person 0.010316641 1048 -241 1063 -183
person 0.010313931 -1 31 6 69
person 0.010309545 566 872 590 956
person 0.010300199 1272 -44 1280 1
person 0.010299115 1012 666 1024 709
person 0.01029876 1018 717 1029 757
person 0.010297934 782 337 812 359
person 0.010288281 226 454 261 516
person 0.010283545 206 73 234 113
person 0.010282646 112 -59 186 152
person 0.010274152 886 -111 905 -84
person 0.010272499 618 357 633 371
person 0.010270143 741 -280 758 -271
person 0.010259916 958 -63 977 -37
person 0.010254225 934 -64 952 -37
person 0.010229577 1012 848 1030 880
person 0.010225759 175 -85 194 -54
person 0.010220166 461 4 480 34
person 0.010217259 894 45 905 64
person 0.010205514 -7 524 11 556
person 0.010198209 1149 118 1176 156
person 0.010191872 840 849 858 882
person 0.010177302 259 176 350 340
person 0.0101767015 594 849 612 882
person 0.010168621 173 872 197 956
person 0.010168525 619 849 636 882
person 0.010167617 816 849 833 882
person 0.010165795 1272 -93 1280 -47
person 0.010161367 770 389 785 401
person 0.010158619 436 373 483 405
person 0.010155067 860 -112 879 -99
person 0.010153251 1000 425 1025 450
person 0.01014108 791 849 808 882
person 0.010137128 481 359 602 536
person 0.010134204 643 849 661 882
person 0.010117453 269 80 295 119
person 0.01011159 1081 54 1105 84
person 0.010108387 476 746 488 779
person 0.010105434 887 312 913 332
person 0.010104896 570 849 587 882
person 0.010103383 668 849 685 882
person 0.010101824 675 830 760 1021
person 0.01009801 742 849 759 882
person 0.010093965 767 849 784 882
person 0.010080965 717 849 735 882
person 0.01006748 693 849 710 882
person 0.010056143 577 828 661 1020
person 0.01004643 522 91 541 115
person 0.010038498 392 284 415 309
person 0.010028429 1077 839 1157 1020
person 0.010028211 202 120 222 141
person 0.010015504 151 -280 167 -271
person 0.010014891 31 520 57 557
person 0.01001177 0 468 7 511
person 0.010011094 1091 721 1102 760
person 0.010010692 159 166 170 181
