person 0.78271544 688 234 719 277
person 0.77598816 789 122 808 147
person 0.7583883 504 198 535 239
person 0.7561153 855 155 876 184
person 0.7462492 526 114 546 142
person 0.7297829 1038 187 1059 217
person 0.7215002 667 106 685 133
person 0.7193544 890 145 909 170
person 0.7172539 470 143 491 170
person 0.7059495 397 152 420 180
person 0.7041249 744 112 763 138
person 0.7033866 1059 238 1087 276
person 0.7032584 905 170 926 198
person 0.70071894 347 160 370 189
person 0.6978985 1095 171 1113 198
person 0.6935854 905 143 924 169
person 0.6923966 941 270 976 313
person 0.6908448 700 140 721 170
person 0.68970495 717 103 736 129
person 0.6860374 444 155 467 184
person 0.6841894 749 203 779 242
person 0.67535996 1074 190 1094 221
person 0.6668154 222 201 250 237
person 0.6598355 645 126 665 154
person 0.65435493 756 133 776 160
person 0.65222865 880 225 912 264
person 0.64423376 979 378 1022 434
person 0.6416692 450 195 480 232
person 0.64124507 396 181 425 219
person 0.63638806 951 189 974 219
person 0.63065976 561 143 582 171
person 0.6302095 514 142 534 170
person 0.62537885 584 113 605 140
person 0.6248601 806 170 834 206
person 0.6184291 486 160 507 190
person 0.6132055 631 109 650 137
person 0.61252487 532 164 554 195
person 0.60207593 810 214 842 255
person 0.5966198 645 93 663 117
person 0.58786106 981 159 1005 187
person 0.5805871 647 157 673 191
person 0.5725309 747 313 792 369
person 0.56891704 751 254 785 297
person 0.5548019 844 259 887 314
person 0.54495174 588 138 614 170
person 0.52775425 1030 272 1060 314
person 0.48679006 911 213 934 242
person 0.4422447 714 175 742 211
person 0.44079486 718 131 742 159
person 0.4115604 444 174 476 220
person 0.41037056 879 164 899 191
person 0.40840247 598 298 641 355
person 0.33426565 1004 172 1024 196
person 0.32787848 970 165 991 192
person 0.30343953 945 184 966 213
person 0.29367074 379 166 402 194
person 0.2899856 989 175 1011 202
person 0.28526765 987 226 1018 264
person 0.2844812 250 205 281 239
person 0.2822989 516 135 542 169
person 0.27197567 585 149 614 188
person 0.26808223 895 141 921 174
person 0.25887048 730 127 751 154
person 0.2533718 421 234 453 274
person 0.24756607 1079 198 1101 228
person 0.23639278 953 236 987 274
person 0.23057377 999 489 1046 570
person 0.2217405 539 140 563 168
person 0.22147149 980 150 1000 172
person 0.21268956 701 122 720 147
person 0.21212207 790 130 812 157
person 0.20703942 434 349 485 421
person 0.20092532 797 153 819 182
person 0.19160691 825 213 863 254
person 0.18018162 290 231 321 266
person 0.1782909 579 116 598 142
person 0.1742014 1092 230 1113 260
person 0.16980635 884 217 909 245
person 0.1582938 849 153 869 181
person 0.15576863 747 178 779 217
person 0.15508556 364 190 388 219
person 0.14818436 611 139 634 167
person 0.1468685 1100 189 1117 218
person 0.14321904 448 161 472 211
person 0.13867606 418 167 444 195
person 0.1373579 886 259 923 298
person 0.13436022 932 261 980 331
person 0.1317104 468 153 494 183
person 0.12843691 1080 333 1111 375
person 0.12843184 772 119 793 143
person 0.12788062 979 255 1016 295
person 0.122563116 955 243 980 269
person 0.12197652 414 179 439 207
person 0.11938417 1146 259 1177 302
person 0.11923351 1099 200 1118 228
person 0.11656313 1076 337 1116 394
person 0.11501708 1102 173 1114 194
person 0.11469218 1064 208 1087 238
person 0.11427839 664 132 685 161
person 0.11353916 810 480 858 557
person 0.11167079 848 289 892 343
person 0.110479705 966 362 1032 444
person 0.11012745 508 194 531 224
person 0.10592688 745 242 793 313
person 0.10506563 944 180 982 230
person 0.10452652 710 156 733 184
person 0.10412904 795 177 819 206
person 0.10401911 670 100 688 123
person 0.10361524 985 215 1008 241
person 0.1007218 459 194 483 222
person 0.09882736 852 143 879 176
person 0.0976404 860 180 884 208
person 0.09678355 648 94 659 110
person 0.095061176 416 238 456 292
person 0.09390637 757 192 782 220
person 0.09288657 954 204 980 232
person 0.09139528 934 236 960 264
person 0.0895386 565 152 588 181
person 0.08937567 492 144 515 170
person 0.08887163 526 153 561 205
person 0.08879575 340 150 378 200
person 0.08804349 937 170 960 196
person 0.08777416 583 208 618 249
person 0.087552294 736 301 801 385
person 0.086097114 500 189 546 261
person 0.08598977 479 149 516 202
person 0.0845792 1115 293 1163 367
person 0.0844192 1250 433 1290 519
person 0.08387994 795 251 834 295
person 0.08363271 535 205 571 244
person 0.083001375 589 288 654 369
person 0.082961455 591 399 641 470
person 0.08247392 935 206 958 234
person 0.082384385 31 506 91 644
person 0.081962354 661 166 684 195
person 0.08175776 758 163 780 190
person 0.080835894 890 494 939 572
person 0.08073883 45 596 107 738
person 0.080529705 836 185 861 214
person 0.079060435 694 159 716 188
person 0.0774725 771 362 816 417
person 0.077367455 317 163 349 197
person 0.07700912 948 302 985 342
person 0.07644548 264 214 287 242
person 0.07637744 809 143 832 169
person 0.07627648 1088 263 1112 292
person 0.07587802 443 148 466 173
person 0.075767905 613 166 636 194
person 0.07570796 707 212 732 242
person 0.07554235 499 191 523 220
person 0.075478606 982 315 1018 354
person 0.07520057 1039 296 1075 337
person 0.07465516 1156 213 1185 249
person 0.07465478 938 286 992 360
person 0.07301286 641 150 678 201
person 0.07296443 846 147 885 198
person 0.072711535 1065 544 1109 628
person 0.072275765 655 231 687 270
person 0.07128852 895 161 934 211
person 0.071083516 1036 234 1060 264
person 0.07096258 207 205 229 232
person 0.07002866 888 307 925 346
person 0.06976233 745 189 769 217
person 0.06936408 1053 373 1096 427
person 0.06930267 1055 302 1078 329
person 0.069102 951 251 983 281
person 0.06883749 502 111 521 134
person 0.06850255 402 154 415 177
person 0.06837148 737 158 761 186
person 0.068332195 1006 238 1030 265
person 0.068154596 419 210 468 282
person 0.067002445 1031 215 1054 244
person 0.066907726 343 188 368 217
person 0.066274524 501 292 541 351
person 0.06613824 602 266 644 313
person 0.065476425 888 183 912 212
person 0.064627916 984 160 1002 175
person 0.06404427 355 203 390 241
person 0.06396839 535 179 560 208
person 0.06375998 1251 318 1291 400
person 0.06324131 1030 265 1055 294
person 0.06321429 1273 157 1281 192
person 0.06283569 352 162 365 186
person 0.062124856 631 301 678 355
person 0.06197529 1273 181 1281 217
person 0.06150762 831 216 856 244
person 0.060898643 439 248 474 290
person 0.060415473 509 294 561 366
person 0.060297344 687 188 712 218
person 0.060118757 720 108 732 122
person 0.060078666 1101 394 1151 468
person 0.059708223 244 199 286 250
person 0.0596712 1074 193 1086 217
person 0.059380237 216 239 240 267
person 0.05930209 591 180 617 204
person 0.059083425 901 398 954 475
person 0.05826991 449 158 463 181
person 0.057413027 653 161 666 186
person 0.05693933 584 129 619 182
person 0.056726668 1020 259 1068 331
person 0.056686968 780 448 837 522
person 0.05648119 831 250 897 341
person 0.056467477 646 258 683 299
person 0.056454692 595 233 645 307
person 0.05606716 237 463 256 491
person 0.056044206 889 358 925 398
person 0.055982757 1053 395 1087 434
person 0.055956744 567 180 591 207
person 0.055268787 1273 205 1281 242
person 0.054935805 -5 -280 11 -251
person 0.05489214 853 266 881 293
person 0.054379825 914 227 940 255
person 0.054331854 1273 132 1281 167
person 0.054163482 1268 -278 1281 -220
person 0.05407533 536 167 550 191
person 0.053854052 747 337 793 394
person 0.053577323 661 185 683 214
person 0.053422388 1057 285 1081 314
person 0.053400524 787 309 824 350
person 0.053243104 747 114 759 130
person 0.052730944 1029 176 1065 228
person 0.052249532 200 526 222 554
person 0.051506307 948 361 996 416
person 0.05056022 691 247 714 278
person 0.050552197 671 109 682 125
person 0.0504066 917 213 929 240
person 0.049526885 977 259 1003 287
person 0.049412645 1004 209 1029 234
person 0.048475556 509 265 543 309
person 0.048300967 -1 -283 7 -250
person 0.04786692 536 117 549 138
person 0.047748838 772 387 813 447
person 0.04759056 463 132 500 183
person 0.04729704 971 147 991 170
person 0.047271185 948 185 961 208
person 0.047087204 -5 -279 10 -271
person 0.046793796 253 187 283 220
person 0.046660624 312 250 346 288
person 0.04658124 1037 170 1057 194
person 0.046422694 222 197 245 223
person 0.045990493 532 165 545 189
person 0.045982774 862 213 888 240
person 0.04585232 634 111 647 127
person 0.045789253 893 146 906 161
person 0.045451943 691 400 747 473
person 0.04532191 156 209 186 244
person 0.045237366 1186 832 1216 946
person 0.045170095 216 194 262 263
person 0.04415614 0 667 6 781
person 0.044050287 -1 307 9 372
person 0.044025525 1016 291 1040 319
person 0.043703165 -4 -270 22 -153
person 0.043575376 984 155 997 166
person 0.043473996 555 131 590 182
person 0.043327067 627 95 645 118
person 0.043222155 1131 293 1165 343
person 0.042778086 417 211 442 237
person 0.042728223 940 143 959 165
person 0.04268481 699 356 744 412
person 0.042661775 389 211 415 240
person 0.042374466 1100 237 1122 265
person 0.04222214 1273 229 1281 267
person 0.042212807 908 145 921 160
person 0.041624736 977 466 1069 638
person 0.041607082 756 276 787 304
person 0.041490093 1065 167 1084 189
person 0.041456714 942 266 969 292
person 0.041216403 743 228 769 260
person 0.041214537 1007 175 1021 188
person 0.041167192 971 447 1016 507
person 0.041046817 957 136 987 171
person 0.040861633 433 313 475 372
person 0.040384687 525 384 574 455
person 0.04029295 693 128 729 179
person 0.04014215 1098 175 1109 190
person 0.03994023 747 121 784 174
person 0.039906025 630 114 644 130
person 0.03935548 1270 844 1281 916
person 0.039100457 1081 313 1106 339
person 0.039012987 722 182 735 206
person 0.038928635 300 159 322 182
person 0.038853697 1269 184 1285 215
person 0.03867003 1067 179 1102 231
person 0.038662277 540 305 584 363
person 0.038448986 475 116 494 139
person 0.038208928 1269 208 1285 240
person 0.038185377 691 311 739 365
person 0.03815657 1267 -280 1281 -271
person 0.03813739 1273 108 1281 144
person 0.038007677 946 398 992 454
person 0.03799496 316 184 339 208
person 0.03793658 793 206 818 235
person 0.037876204 1268 213 1281 263
person 0.037696633 397 89 424 124
person 0.037242465 1268 435 1279 506
person 0.037187442 640 347 686 403
person 0.037101973 1269 159 1285 190
person 0.037079223 145 42 165 67
person 0.037039105 1266 -281 1284 -253
person 0.03678678 1133 265 1180 338
person 0.03677085 813 176 827 200
person 0.036723025 -1 252 8 307
person 0.036459584 1269 -234 1280 -167
person 0.036395382 394 352 431 419
person 0.03627142 1128 -111 1173 73
person 0.03621607 1192 858 1214 919
person 0.03594309 656 251 678 279
person 0.03570875 844 352 893 407
person 0.035695635 351 147 373 171
person 0.035619568 1152 167 1180 202
person 0.035476793 1268 169 1281 216
person 0.035463214 587 115 601 130
person 0.035252675 744 262 770 292
person 0.034863785 1111 410 1143 453
person 0.03465793 -1 613 9 743
person 0.03442335 349 136 377 169
person 0.034297716 1188 -262 1204 -213
person 0.034235194 1007 264 1032 292
person 0.034103833 0 -286 10 -222
person 0.03402018 1256 -253 1287 -158
person 0.033711847 690 211 715 241
person 0.033507597 216 249 247 288
person 0.03345399 528 615 586 756
person 0.033392172 242 195 265 221
person 0.033079367 835 233 865 260
person 0.032838184 1028 310 1052 337
person 0.03274131 53 -280 72 -260
person 0.032675855 635 116 672 168
person 0.03240891 759 135 773 151
person 0.0323812 973 167 987 182
person 0.032234434 437 231 464 256
person 0.032145917 1250 215 1288 302
person 0.032048214 30 -280 46 -272
person 0.03204326 366 203 388 230
person 0.032028057 167 -94 198 31
person 0.03202643 759 233 786 262
person 0.031975433 1252 505 1290 608
person 0.031959735 337 259 374 300
person 0.03171971 244 236 268 263
person 0.03165867 596 98 615 121
person 0.03161019 824 283 900 373
person 0.031456728 673 104 684 117
person 0.03144037 1269 262 1281 316
person 0.0314121 882 163 896 181
person 0.03124557 834 263 864 293
person 0.031013824 92 629 116 659
person 0.031000044 936 445 979 503
person 0.030946432 403 190 416 214
person 0.030919852 30 -280 49 -261
person 0.030835204 1269 135 1284 165
person 0.03079934 383 167 397 190
person 0.030742312 1273 253 1281 293
person 0.03072722 403 316 511 461
person 0.030647239 511 128 548 180
person 0.03054106 711 255 733 284
person 0.03048881 370 143 391 166
person 0.030482315 598 88 625 124
person 0.03041835 292 184 316 209
person 0.03023379 268 235 293 261
person 0.030164842 792 124 805 139
person 0.030124912 302 121 332 155
person 0.02998553 994 857 1022 934
person 0.029898698 1143 -266 1160 -210
person 0.029831272 124 224 151 259
person 0.02981755 861 237 889 265
person 0.0297041 1092 858 1120 934
person 0.029606028 975 156 1013 209
person 0.029605387 614 180 637 205
person 0.02929699 1044 857 1071 934
person 0.029105198 309 198 359 272
person 0.029004531 447 351 474 378
person 0.028979195 1086 281 1110 311
person 0.028936058 883 263 909 290
person 0.028867532 783 262 809 288
person 0.028847206 118 572 142 599
person 0.028759886 290 212 315 238
person 0.028731791 575 568 661 770
person 0.028714865 740 82 768 120
person 0.028657531 342 205 367 231
person 0.028655017 591 131 612 158
person 0.02860496 1269 754 1281 816
person 0.02859343 153 174 182 206
person 0.0285448 517 144 530 160
person 0.028361483 692 96 711 119
person 0.028337842 757 312 785 338
person 0.02830315 859 151 874 170
person 0.028191773 1085 44 1104 70
person 0.028157707 30 581 55 663
person 0.028154239 774 121 790 136
person 0.02806139 428 162 476 237
person 0.028035749 316 241 339 265
person 0.027934194 539 253 575 296
person 0.027813114 1037 -279 1052 -270
person 0.02775088 637 185 661 214
person 0.027723419 67 577 91 607
person 0.027688505 -3 431 29 534
person 0.027628953 744 99 762 121
person 0.027539887 1061 -279 1076 -270
person 0.027528182 837 276 869 304
person 0.027513755 1270 310 1281 371
person 0.027502526 945 857 972 934
person 0.027434586 424 253 448 279
person 0.027226929 1272 429 1280 471
person 0.027058026 861 309 879 322
person 0.026993316 53 -280 70 -272
person 0.026993304 1012 -279 1027 -270
person 0.02693353 1229 -280 1246 -272
person 0.026919262 -1 319 6 369
person 0.026901897 316 208 340 233
person 0.026688894 29 200 43 245
person 0.026648179 1270 446 1279 489
person 0.026557969 750 324 791 352
person 0.026502851 253 255 286 294
person 0.026425181 665 212 689 242
person 0.026417729 -1 270 5 318
person 0.026330903 888 132 927 183
person 0.026326327 24 471 43 506
person 0.026244855 796 78 822 115
person 0.026231034 1103 -271 1122 -209
person 0.02608344 195 235 219 260
person 0.026040269 389 135 427 185
person 0.025987674 780 109 817 163
person 0.025959643 291 434 312 465
person 0.025881795 814 120 833 142
person 0.02587633 416 147 437 169
person 0.025783252 988 385 1008 436
person 0.0257627 955 350 1046 505
person 0.02574534 1273 399 1281 442
person 0.02539336 1037 -280 1054 -253
person 0.025387412 1086 -279 1101 -270
person 0.025310729 1013 -280 1029 -254
person 0.0251789 1078 187 1091 210
person 0.025176806 397 301 442 360
person 0.025157139 896 857 923 935
person 0.024985371 739 282 764 309
person 0.024976924 763 26 779 78
person 0.024969468 718 283 815 437
person 0.024967471 987 -279 1003 -271
person 0.024959603 1268 121 1281 169
person 0.024944928 118 256 146 296
person 0.024936132 1096 84 1121 125
person 0.02489195 1062 -280 1079 -253
person 0.02488375 1273 304 1280 344
person 0.024823997 1034 599 1091 741
person 0.02481337 793 91 812 116
person 0.024807818 1188 769 1210 821
person 0.024731595 228 204 242 229
person 0.024715234 988 -280 1005 -254
person 0.024576083 1273 81 1281 118
person 0.024559157 69 594 94 624
person 0.02454433 540 209 564 237
person 0.024280865 1273 278 1281 318
person 0.024214977 538 358 578 421
person 0.024139905 519 603 595 821
person 0.024128076 321 261 346 286
person 0.02393368 1043 511 1132 658
person 0.023920719 1270 801 1281 865
person 0.023842795 565 142 579 160
person 0.023841243 1166 161 1185 185
person 0.02379505 1103 877 1138 988
person 0.023779431 218 539 241 566
person 0.023700295 120 870 156 992
person 0.023689752 963 -280 980 -255
person 0.023678312 -6 809 17 955
person 0.023666278 734 133 749 148
person 0.023635007 894 -121 941 81
person 0.023597741 1229 -280 1248 -260
person 0.023592524 0 295 5 343
person 0.02352842 801 155 815 177
person 0.023512524 142 35 164 80
person 0.023509081 515 231 540 258
person 0.023486344 43 520 69 551
person 0.023466608 545 95 564 118
person 0.023419835 1065 241 1079 269
person 0.023395881 -3 -187 18 -37
person 0.023375893 1166 183 1185 209
person 0.023363497 283 475 376 673
person 0.023333699 980 384 1015 411
person 0.023315394 1086 -280 1103 -254
person 0.023288362 1003 496 1038 544
person 0.023184244 648 132 661 147
person 0.023181047 993 181 1006 196
person 0.023127735 1269 111 1284 142
person 0.023110494 1002 -116 1049 78
person 0.023013355 1273 163 1280 182
person 0.02297374 573 272 670 426
person 0.02295036 -1 520 8 640
person 0.022909846 1272 326 1280 366
person 0.022854567 313 42 329 70
person 0.022850705 710 239 735 266
person 0.022719298 1142 861 1166 923
person 0.022708338 962 -280 978 -271
person 0.022689527 157 192 176 213
person 0.022653786 886 280 915 305
person 0.022630686 0 710 9 820
person 0.02260526 1014 144 1033 167
person 0.022592101 835 611 897 754
person 0.022499802 1013 301 1037 326
person 0.022420278 1273 139 1280 157
person 0.022408016 1046 -275 1065 -211
person 0.022287883 907 264 934 288
person 0.022287149 938 -280 956 -256
person 0.022165379 118 655 141 685
person 0.022158407 1270 407 1281 478
person 0.022093099 1164 231 1186 260
person 0.022049248 1269 489 1280 568
person 0.022042178 0 -268 9 -175
person 0.022024103 1130 359 1163 403
person 0.022021553 1110 -280 1125 -271
person 0.022021357 1039 136 1057 159
person 0.022020685 923 512 963 576
person 0.021960823 1049 122 1079 159
person 0.021836387 -1 248 5 294
person 0.021767657 999 885 1036 997
person 0.021727553 258 210 271 234
person 0.02166945 1272 351 1280 391
person 0.021643752 502 84 530 119
person 0.021639902 292 255 315 281
person 0.021526264 1015 43 1033 68
person 0.021500692 1208 -280 1227 -260
person 0.021422142 529 116 543 132
person 0.021380536 855 73 881 112
person 0.021367263 394 608 477 830
person 0.021359056 1273 34 1281 72
person 0.021343334 582 119 595 133
person 0.021283206 1039 912 1065 997
person 0.021256497 806 255 835 280
person 0.021247752 1133 376 1158 400
person 0.021236034 410 461 432 491
person 0.02122426 223 568 307 762
person 0.021223694 990 912 1016 997
person 0.021157019 566 206 591 229
person 0.021138685 1110 -280 1128 -255
person 0.021128593 846 857 874 935
person 0.02110087 781 460 883 632
person 0.021085825 1208 -280 1224 -271
person 0.021051673 1269 256 1284 290
person 0.02103425 440 -255 475 -160
person 0.02102904 527 540 593 657
person 0.021013299 490 160 504 178
person 0.021012623 1273 375 1280 417
person 0.021001728 -13 660 50 839
person 0.020975921 564 367 666 532
person 0.020953929 341 266 363 290
person 0.020949556 437 398 510 504
person 0.020906966 1255 715 1284 823
person 0.020900462 362 303 395 346
person 0.020811489 454 77 483 114
person 0.020799497 941 912 967 997
person 0.020786544 467 620 491 652
person 0.020685904 1188 -220 1204 -168
person 0.020634107 1088 912 1115 997
person 0.020617353 914 13 925 32
person 0.020597197 391 232 417 256
person 0.020554066 786 336 814 358
person 0.020547034 913 -280 931 -257
person 0.02052905 1010 872 1034 954
person 0.020510796 1269 965 1277 1019
person 0.020499475 891 14 902 32
person 0.020433536 212 880 250 995
person 0.020414779 994 232 1008 257
person 0.02039916 190 320 220 361
person 0.02035472 891 912 918 997
person 0.020341326 1087 750 1104 808
person 0.020305358 0 343 6 387
person 0.020271933 758 317 779 364
person 0.020254709 1268 538 1279 619
person 0.020248361 299 144 320 166
person 0.020240711 1270 352 1281 419
person 0.020208292 574 93 592 116
person 0.020186229 871 609 933 743
person 0.020176739 1140 184 1158 209
person 0.020143926 704 401 740 444
person 0.02011046 121 562 146 587
person 0.020108022 552 84 581 119
person 0.020107491 1087 341 1106 388
person 0.020104425 43 545 77 578
person 0.020097198 899 445 943 506
person 0.02007585 1007 -61 1026 -50
person 0.02006703 1059 872 1083 954
person 0.020062402 197 518 224 562
person 0.020029664 782 284 807 307
person 0.019947968 277 61 297 87
person 0.019922089 129 142 142 160
person 0.01988108 43 508 68 541
person 0.019864243 542 142 560 158
person 0.019856293 842 912 868 997
person 0.019853814 1143 165 1160 187
person 0.019842906 56 449 74 481
person 0.01982147 1103 186 1115 207
person 0.019799674 61 175 70 192
person 0.019776136 937 -280 953 -271
person 0.01973824 807 -124 855 77
person 0.019733666 -4 287 29 376
person 0.019715935 314 815 360 958
person 0.019710202 265 116 293 150
person 0.019703485 902 409 939 454
person 0.019690476 122 597 146 625
person 0.0196512 1273 188 1280 206
person 0.019598097 532 -253 565 -157
person 0.019587705 961 871 984 954
person 0.019554209 1269 -186 1280 -115
person 0.019506408 41 607 66 636
person 0.01944778 286 449 357 546
person 0.019435946 618 595 644 628
person 0.019432427 758 207 771 235
person 0.019413542 793 912 819 997
person 0.019410707 -1 185 6 220
person 0.019312503 -5 326 9 361
person 0.019280873 1142 81 1168 124
person 0.01927906 1269 83 1285 116
person 0.01924507 29 493 50 528
person 0.01924314 473 144 488 159
person 0.019201258 536 396 565 445
person 0.0191871 79 532 104 561
person 0.019174304 1249 116 1282 215
person 0.019133247 888 -280 907 -258
person 0.019120574 0 405 10 479
person 0.019118594 1252 603 1287 713
person 0.0191129 744 912 770 997
person 0.019078607 1273 55 1281 93
person 0.019033924 895 116 913 140
person 0.019031093 854 -271 872 -210
person 0.018986281 113 834 147 960
person 0.018980714 168 213 190 238
person 0.01897903 549 748 561 777
person 0.018956298 706 -263 737 -160
person 0.018953172 694 912 721 997
person 0.018948363 587 611 668 837
person 0.018911788 504 115 518 127
person 0.018888483 1033 455 1077 513
person 0.018878212 645 912 672 997
person 0.018870525 1134 -280 1152 -257
person 0.018847236 983 287 1009 312
person 0.018811285 1176 216 1204 253
person 0.01880184 399 912 425 997
person 0.018790115 612 -258 644 -159
person 0.018778807 448 912 475 997
person 0.018771196 596 912 622 997
person 0.018754633 302 618 385 835
person 0.018741176 238 465 249 480
person 0.018726487 605 349 646 408
person 0.01871868 983 -61 1001 -50
person 0.0187114 350 912 376 997
person 0.01869429 114 169 144 204
person 0.018683013 366 231 390 256
person 0.01867653 497 912 524 997
person 0.018643936 547 912 573 997
person 0.018632036 864 471 962 639
person 0.018623255 1239 310 1298 424
person 0.018599493 509 156 557 233
person 0.01857298 1100 558 1160 682
person 0.018563101 844 114 862 137
person 0.0185544 730 361 758 384
person 0.018542998 -1 228 5 270
person 0.018518763 1206 875 1241 990
person 0.018498478 629 99 642 112
person 0.018484922 301 912 327 997
person 0.018478006 858 158 873 174
person 0.01846142 442 608 501 755
person 0.018426863 -1 163 6 197
person 0.018426254 73 -99 102 31
person 0.018369498 803 -264 834 -161
person 0.01834678 -5 308 16 390
person 0.018346043 -20 410 58 575
person 0.01832559 701 885 739 999
person 0.018261645 741 -124 787 73
person 0.018258067 854 303 884 326
person 0.018223664 251 912 278 997
person 0.018213091 308 885 346 999
person 0.018200925 270 193 294 218
person 0.018192302 202 912 228 997
person 0.018190984 689 278 714 305
person 0.018189041 1108 872 1132 955
person 0.018186934 67 852 91 932
person 0.018184822 911 872 935 954
person 0.018184142 1031 -61 1050 -49
person 0.018150773 812 221 913 372
person 0.018146016 1134 -280 1150 -271
person 0.018120278 1152 257 1176 286
person 0.01810998 805 24 821 81
person 0.018060343 753 394 801 451
person 0.018010521 604 302 636 330
person 0.018004904 44 619 75 649
person 0.01799006 641 238 665 265
person 0.017989572 784 363 812 382
person 0.017986244 958 -61 976 -49
person 0.017943703 246 -255 280 -159
person 0.01793944 524 95 543 119
person 0.017935527 300 513 366 640
person 0.017912613 413 809 459 962
person 0.017842697 75 625 104 656
person 0.017824255 317 45 326 64
person 0.01779252 770 93 788 116
person 0.017787429 908 166 923 190
person 0.017781762 1268 432 1283 467
person 0.017781274 609 302 630 349
person 0.017722704 0 -246 6 -197
person 0.01772267 797 857 824 935
person 0.017648514 0 -270 6 -224
person 0.017621782 574 747 586 777
person 0.017617185 202 117 232 151
person 0.017604068 1141 749 1153 788
person 0.017488923 586 209 611 233
person 0.017487431 631 282 655 308
person 0.01747057 148 -128 210 90
person 0.01743764 944 -274 962 -210
person 0.017424092 802 -271 820 -211
person 0.017419878 1018 512 1060 574
person 0.017416738 327 167 341 188
person 0.017415611 998 386 1029 413
person 0.017392207 403 98 421 121
person 0.017377546 -5 424 11 457
person 0.017362213 454 194 468 218
person 0.017291075 153 912 179 998
person 0.01727398 912 -280 929 -271
person 0.017253544 1188 814 1211 869
person 0.017193694 277 159 298 181
person 0.01719305 908 180 921 196
person 0.017181933 51 569 79 603
person 0.017157746 934 -60 950 -49
person 0.01715662 895 -273 926 -170
person 0.017156258 0 864 15 964
person 0.017146412 155 208 176 233
person 0.017141085 234 328 265 369
person 0.017134923 901 -273 920 -210
person 0.017130284 158 258 188 298
person 0.01711433 1273 934 1280 986
person 0.017081074 1267 627 1279 705
person 0.017054418 613 133 632 158
person 0.017051982 155 121 168 139
person 0.017047124 864 -280 882 -258
person 0.017034024 681 622 751 757
person 0.017031621 464 233 490 257
person 0.017016077 502 346 542 409
person 0.016983973 1075 253 1117 307
person 0.0169609 131 121 144 139
person 0.016950894 867 14 878 33
person 0.016947566 1138 912 1164 998
person 0.016946787 819 -76 884 156
person 0.016934408 800 886 838 1000
person 0.016930923 155 81 184 120
person 0.016902452 333 -252 368 -157
person 0.01689442 235 457 260 501
person 0.01688534 898 888 936 1002
person 0.0168831 494 231 518 257
person 0.016876398 443 306 466 330
person 0.016866574 1177 171 1204 207
person 0.016864905 707 377 730 400
person 0.0168497 95 613 120 638
person 0.016841589 161 323 190 365
person 0.016838346 622 360 634 374
person 0.016789865 0 959 10 1015
person 0.016755205 408 355 432 382
person 0.016747043 157 164 175 185
person 0.016740818 254 747 266 779
person 0.01673946 401 110 420 136
person 0.016724061 127 235 147 265
person 0.016722305 783 237 808 262
person 0.016697656 862 872 886 954
person 0.016688013 1253 -1 1280 122
person 0.016687669 1163 211 1184 239
person 0.01666862 947 76 972 116
person 0.016664313 0 418 7 463
person 0.01665908 1078 225 1119 280
person 0.016638009 118 403 141 430
person 0.016625624 965 13 978 36
person 0.016606418 1093 -182 1105 -125
person 0.016574956 456 201 470 226
person 0.016562672 748 857 775 935
person 0.016545672 453 5 471 33
person 0.016503772 55 911 81 998
person 0.016500274 416 359 521 552
person 0.016493404 715 28 731 74
person 0.016456774 1270 471 1279 516
person 0.016456502 797 140 839 233
person 0.016443416 941 14 952 33
person 0.016434968 -1 201 5 241
person 0.016433919 636 80 669 135
person 0.01643257 603 883 641 1000
person 0.016432317 636 209 661 236
person 0.016412105 1269 403 1284 438
person 0.016395755 1262 265 1285 310
person 0.016395096 1269 60 1281 115
person 0.016394049 406 885 444 1000
person 0.016380368 1206 874 1230 959
person 0.016349189 225 -280 243 -256
person 0.016348992 1271 870 1281 961
person 0.016343623 348 -280 367 -256
person 0.016341984 121 201 168 274
person 0.01634029 113 418 148 485
person 0.016339293 324 -280 342 -256
person 0.016334359 250 -280 268 -256
person 0.016333286 299 -280 317 -256
person 0.016331455 901 219 1006 375
person 0.01632882 373 -280 391 -256
person 0.016319478 274 -280 293 -256
person 0.016315391 182 123 194 141
person 0.016314946 422 -280 440 -256
person 0.016314074 54 228 81 265
person 0.016313769 397 -280 416 -256
person 0.016310157 447 -280 465 -256
person 0.016302226 471 -280 490 -256
person 0.016279623 229 746 241 779
person 0.016263945 1273 3 1281 46
person 0.016253855 -5 277 9 311
person 0.016252223 496 -280 514 -256
person 0.016196495 1273 212 1280 230
person 0.016183775 1186 912 1212 997
person 0.016167732 200 -280 219 -257
person 0.016152222 894 69 920 109
person 0.016139897 520 -280 539 -257
person 0.016113454 709 84 743 137
person 0.016081817 886 -87 906 -75
person 0.016055837 525 747 537 778
person 0.016033608 216 184 258 236
person 0.016025951 1091 138 1108 162
person 0.016023688 961 307 986 330
person 0.015991084 839 -87 858 -59
person 0.015971782 -2 403 17 489
person 0.015968844 545 -280 563 -257
person 0.015958441 1262 842 1283 925
person 0.01588673 910 285 936 309
person 0.015876548 518 391 551 458
person 0.015860768 140 102 184 188
person 0.015857205 1158 -280 1177 -258
person 0.015854673 0 54 12 117
person 0.015854303 570 -280 588 -257
person 0.015841035 915 117 934 141
person 0.015837347 1044 -181 1059 -130
person 0.01582209 1134 211 1154 237
person 0.015796449 1110 828 1141 957
person 0.015790414 943 738 961 814
person 0.015731439 42 89 80 179
person 0.015721489 594 -280 613 -257
person 0.015714753 313 482 339 541
person 0.015667986 603 324 635 350
person 0.015663296 176 -280 194 -257
person 0.015652832 699 857 726 935
person 0.015647667 1269 307 1284 341
person 0.015614628 0 716 6 761
person 0.015583129 75 558 102 585
person 0.015581387 861 22 877 84
person 0.015567008 1032 510 1060 534
person 0.015560905 1129 405 1156 431
person 0.015546838 862 -86 880 -74
person 0.01553924 840 -280 859 -258
person 0.015537637 619 -280 637 -257
person 0.015527466 125 -259 160 -159
person 0.015509923 870 747 881 779
person 0.015506574 220 46 239 69
person 0.01549867 764 192 776 218
person 0.0154783195 1096 698 1113 773
person 0.01545308 451 115 469 137
person 0.015431171 890 620 969 846
person 0.015397369 1046 85 1071 125
person 0.015394427 76 618 158 830
person 0.015382355 844 734 862 817
person 0.015381453 321 142 341 163
person 0.015367824 -6 597 11 628
person 0.015356896 505 884 542 1001
person 0.0153438235 813 872 837 955
person 0.015334286 301 304 355 376
person 0.015327585 537 235 561 260
person 0.015322591 643 -280 662 -257
person 0.015312565 61 76 90 117
person 0.015312357 1269 706 1280 773
person 0.015297374 993 -275 1012 -210
person 0.01528386 894 747 906 780
person 0.0152735235 1147 -236 1165 -168
person 0.015272046 1112 719 1123 758
person 0.015265758 0 689 6 736
person 0.015260405 45 37 67 81
person 0.015255555 37 172 46 190
person 0.015249323 919 746 931 781
person 0.015235166 888 -280 904 -271
person 0.015232598 668 -280 687 -257
person 0.015226677 185 612 267 832
person 0.015224259 1269 57 1284 91
person 0.015215121 1059 306 1075 321
person 0.0151836155 1272 115 1280 134
person 0.015173315 598 747 610 778
person 0.015171455 107 142 119 161
person 0.015160132 1117 -262 1126 -220
person 0.015153584 894 -80 960 157
person 0.015136314 197 195 218 219
person 0.015132277 894 739 911 816
person 0.015126984 1271 496 1279 541
person 0.015085169 104 911 130 999
person 0.015063512 1083 204 1097 221
person 0.01501836 791 -88 809 -57
person 0.01501338 589 153 604 177
person 0.015011046 1006 480 1033 504
person 0.014987749 756 -273 774 -212
person 0.014956096 403 857 430 935
person 0.014953756 693 -280 711 -257
person 0.0149485525 500 746 512 779
person 0.0149412025 0 -223 6 -172
person 0.014923417 322 437 343 471
person 0.014893604 302 65 319 90
person 0.014866478 462 265 486 286
person 0.014866303 151 -280 170 -257
person 0.014863021 511 326 537 351
person 0.014858079 31 594 51 627
person 0.014853703 444 282 469 307
person 0.014821717 1097 -242 1113 -177
person 0.014821397 305 857 332 935
person 0.014812327 319 541 349 614
person 0.014785721 1260 -280 1284 -208
person 0.014774937 117 83 144 122
person 0.01476835 247 256 270 282
person 0.0147668375 807 807 850 963
person 0.014759383 152 139 167 158
person 0.014747752 118 347 145 392
person 0.014707834 690 306 715 330
person 0.014690093 1057 -61 1074 -49
person 0.014687341 765 -89 783 -57
person 0.014658013 1250 -166 1279 -40
person 0.014627927 77 -280 96 -259
person 0.01462557 0 813 10 910
person 0.014604795 80 -267 94 -211
person 0.014593779 717 -280 736 -257
person 0.01458854 354 857 381 935
person 0.014581599 835 306 863 327
person 0.014580112 909 806 951 963
person 0.014573653 1080 539 1168 727
person 0.01456725 178 -97 226 73
person 0.014528928 0 403 6 448
person 0.014517776 1096 118 1123 154
person 0.014504241 1158 -280 1174 -271
person 0.01450328 763 872 787 955
person 0.014497106 1101 265 1125 289
person 0.014483739 1034 327 1060 353
person 0.014478894 815 -280 834 -258
person 0.014461962 961 242 974 268
person 0.014442456 850 149 864 169
person 0.0144316405 591 328 621 354
person 0.01442025 1268 329 1283 363
person 0.014409312 743 329 773 357
person 0.014407692 999 -80 1064 159
person 0.014392687 863 -86 882 -61
person 0.014386561 800 178 814 202
person 0.014340966 1005 77 1031 117
person 0.014320067 788 609 870 839
person 0.014317987 279 747 290 779
person 0.014302121 511 812 556 962
person 0.0142966565 1269 589 1280 675
person 0.01427651 54 481 77 513
person 0.014271001 -4 -283 16 -199
person 0.014263814 869 113 887 136
person 0.014263673 126 -280 145 -258
person 0.014258417 791 -280 810 -258
person 0.014256969 1269 37 1284 70
person 0.014230517 649 70 667 95
person 0.014216805 1131 725 1141 762
person 0.014213396 845 747 856 779
person 0.014203479 1183 -280 1199 -271
person 0.014197517 696 100 709 114
person 0.014180389 1223 394 1308 574
person 0.014174517 1086 528 1114 558
person 0.0141569385 970 -263 980 -220
person 0.014151642 -7 622 11 653
person 0.014145324 987 740 1011 820
person 0.014144099 465 454 490 482
person 0.014132262 299 235 313 260
person 0.014108863 249 166 271 189
person 0.014097313 910 -60 925 -48
person 0.014089383 816 -88 834 -58
person 0.01407284 714 872 738 955
person 0.014062734 222 111 267 193
person 0.014046308 1272 -240 1280 -195
person 0.014034302 742 -280 760 -257
person 0.014031946 0 766 10 859
person 0.014029075 1183 -280 1201 -259
person 0.014025385 1239 591 1293 734
person 0.014014579 661 278 685 304
person 0.014012446 766 -280 785 -257
person 0.013997505 344 49 352 68
person 0.013986959 1269 354 1284 388
person 0.013986833 233 471 254 500
person 0.013985454 -5 254 9 288
person 0.013982494 -1 136 5 170
person 0.013968164 1108 455 1135 480
person 0.013965984 813 618 839 651
person 0.013959174 1107 481 1132 508
person 0.0139500685 0 739 7 786
person 0.013934572 278 140 298 162
person 0.013912862 -5 448 11 481
person 0.013907466 1137 380 1154 395
person 0.013907329 58 172 75 195
person 0.013885112 342 237 366 262
person 0.013885021 355 80 383 118
person 0.013884865 1186 267 1215 306
person 0.013864775 866 334 878 347
person 0.013845654 793 133 809 149
person 0.013830219 765 -111 783 -79
person 0.0138291 651 32 669 77
person 0.013815933 564 530 628 649
person 0.013783939 362 522 380 558
person 0.013747717 789 -111 807 -80
person 0.013745502 717 -65 787 160
person 0.013739392 494 147 512 161
person 0.013734898 863 -280 880 -271
person 0.013715183 -5 302 9 336
person 0.013704764 449 -221 481 -114
person 0.013699422 446 454 464 477
person 0.013694391 785 405 800 418
person 0.013688506 205 95 217 113
person 0.013683072 1041 183 1056 206
person 0.013666987 370 872 394 955
person 0.013650235 709 811 754 961
person 0.013634308 1263 881 1282 975
person 0.013631226 419 872 443 955
person 0.013602468 401 459 420 493
person 0.01359657 169 195 190 217
person 0.013592746 974 152 987 165
person 0.013584213 33 169 51 195
person 0.013582764 418 468 513 680
person 0.013575783 178 745 193 781
person 0.013565613 665 872 689 955
person 0.013561996 277 92 296 116
person 0.013555293 -5 349 10 381
person 0.013536967 -5 409 11 442
person 0.013535395 885 799 908 860
person 0.013501261 207 820 255 959
person 0.013487886 -4 -265 10 -230
person 0.013482633 202 94 222 117
person 0.013480154 995 -263 1004 -221
person 0.013412338 346 -118 369 -73
person 0.013411715 1038 279 1052 304
person 0.013382817 649 857 677 935
person 0.013374137 443 331 467 357
person 0.013370122 1273 -21 1281 24
person 0.013359747 -5 473 11 506
person 0.013359452 839 -86 855 -73
person 0.013356247 911 11 929 37
person 0.013350135 1137 362 1162 385
person 0.013345054 638 261 663 288
person 0.013332472 1122 -75 1184 161
person 0.0133299185 74 254 91 295
person 0.013309495 438 413 472 482
person 0.013291529 713 280 737 307
person 0.013285871 716 203 816 370
person 0.013273469 1260 441 1281 498
person 0.013271134 268 572 351 766
person 0.0132643785 345 281 368 307
person 0.0132585075 502 510 609 683
person 0.013244577 600 857 627 935
person 0.013241679 843 13 854 32
person 0.0132332975 0 -198 6 -148
person 0.013218717 1161 721 1177 758
person 0.013188174 460 5 479 33
person 0.013185817 34 618 55 652
person 0.013183291 -5 57 12 86
person 0.013182442 24 583 44 613
person 0.013168406 623 746 634 778
person 0.013156935 183 500 280 682
person 0.013143915 888 219 903 240
person 0.01312292 1269 379 1284 413
person 0.013099235 -2 706 26 845
person 0.013097772 588 301 619 330
person 0.013095399 127 -268 141 -212
person 0.01307887 0 167 12 218
person 0.013073688 401 414 431 483
person 0.013072138 741 -88 759 -56
person 0.013055889 682 618 762 850
person 0.013048156 965 40 985 64
person 0.013046202 1175 169 1192 192
person 0.0130454535 1227 465 1306 670
person 0.013039082 681 527 757 634
person 0.013036548 702 136 745 224
person 0.013029728 955 185 971 207
person 0.013025933 1081 806 1105 865
person 0.013010836 1085 267 1186 442
person 0.012985081 200 533 265 654
person 0.0129779335 820 746 832 779
person 0.012977396 614 211 636 235
person 0.012976688 1272 -191 1280 -145
person 0.012973171 1258 308 1285 378
person 0.012968879 616 872 640 955
person 0.012945595 740 -110 758 -78
person 0.012938413 909 -88 931 -75
person 0.012918271 320 872 344 955
person 0.012916958 167 -274 185 -213
person 0.012915013 1272 -216 1280 -170
person 0.012909817 468 872 492 955
person 0.012881331 95 836 173 1031
person 0.012864178 0 443 7 487
person 0.012861369 1183 722 1205 775
person 0.012820007 915 211 930 230
person 0.012789592 269 257 293 281
person 0.01278459 981 475 1006 497
person 0.012775289 340 46 356 72
person 0.012769758 401 181 418 207
person 0.012763416 988 443 1002 454
person 0.012761729 887 -85 907 -62
person 0.012756869 761 363 784 377
person 0.012748789 889 230 903 255
person 0.0127460705 1052 -8 1067 54
person 0.012724996 1175 188 1191 213
person 0.012710561 536 159 552 183
person 0.012707073 1092 -263 1102 -220
person 0.012706247 303 746 315 779
person 0.012702701 968 687 982 732
person 0.012701062 205 121 217 138
person 0.012696459 500 97 519 121
person 0.012686308 213 323 264 395
person 0.012683077 460 351 489 382
person 0.012678121 887 11 905 37
person 0.012662404 1157 873 1180 957
person 0.012661086 129 747 142 780
person 0.012631739 106 119 119 138
person 0.0126315905 754 356 789 379
person 0.012621691 0 786 6 836
person 0.012607742 598 179 611 204
person 0.012604815 51 149 64 168
person 0.012603847 176 539 200 562
person 0.01257523 413 304 436 327
person 0.012574839 1167 -107 1214 66
person 0.012566741 124 637 147 664
person 0.012559147 462 203 474 227
person 0.012558797 255 857 283 935
person 0.012547195 203 745 218 781
person 0.012510825 215 546 243 577
person 0.012483326 399 353 425 385
person 0.012468333 -4 -239 10 -205
person 0.012465703 840 -280 856 -271
person 0.012426465 1018 44 1028 63
person 0.012423153 1182 -271 1208 -201
person 0.012418112 152 117 182 153
person 0.012395565 253 442 272 465
person 0.012386199 1040 175 1055 187
person 0.01236116 88 168 97 185
person 0.01234687 813 -111 831 -81
person 0.012345511 10 209 49 292
person 0.012341412 567 872 590 955
person 0.012338726 906 257 1016 430
person 0.012333132 209 -190 221 -131
person 0.012328666 1032 -62 1052 -39
person 0.012326303 517 872 541 955
person 0.012325124 1273 236 1280 255
person 0.012319838 786 121 847 256
person 0.012317669 435 506 501 634
person 0.012317632 702 -274 719 -213
person 0.012298394 102 -280 121 -258
person 0.01229166 69 515 92 540
person 0.0122467885 414 147 483 253
person 0.012230774 1272 -166 1280 -121
person 0.012226322 898 513 933 565
person 0.012217814 933 -63 952 -37
person 0.012206173 0 -173 6 -123
person 0.012186553 186 834 270 1025
person 0.012182725 702 126 718 164
person 0.012162566 697 239 711 267
person 0.012128982 510 301 534 326
person 0.012115112 992 -282 1024 -184
person 0.012114393 647 746 659 779
person 0.012109858 796 746 807 779
person 0.012105311 1178 -98 1207 37
person 0.01206783 609 811 653 961
person 0.012064999 1040 741 1057 808
person 0.0120539265 749 410 869 561
person 0.012043931 1259 489 1281 573
person 0.012023013 1061 329 1085 355
person 0.012013008 1005 810 1049 963
person 0.012007934 1270 -142 1280 -63
person 0.012002707 169 241 191 267
person 0.011985218 0 811 7 860
person 0.01197735 541 -223 572 -113
person 0.011977012 202 186 269 281
person 0.011968561 1134 241 1156 267
person 0.011959751 475 97 495 121
person 0.011952857 1272 -142 1280 -96
person 0.011952835 1087 30 1102 88
person 0.0119406255 203 120 222 141
person 0.011937628 1259 412 1284 489
person 0.01193174 583 571 603 604
person 0.011926553 753 209 766 237
person 0.011916745 908 -63 927 -37
person 0.011908361 449 350 471 420
person 0.011905174 1133 407 1152 425
person 0.011903592 105 644 131 674
person 0.011894033 939 173 957 187
person 0.011891332 1010 871 1031 902
person 0.011883855 271 872 295 955
person 0.011883317 985 871 1006 903
person 0.0118775405 542 871 562 903
person 0.011876337 567 871 587 903
person 0.011871203 0 761 7 811
person 0.011857796 639 331 668 353
person 0.011855143 598 605 623 633
person 0.01184713 154 744 166 780
person 0.011845896 1044 -242 1067 -178
person 0.01182534 18 -16 48 96
person 0.011824063 945 -263 956 -220
person 0.011822877 501 857 529 935
person 0.011819139 -6 498 11 530
person 0.011806571 517 871 538 903
person 0.01180439 493 628 518 661
person 0.011794705 852 158 866 173
person 0.01176192 1004 400 1038 427
person 0.011755764 -6 232 9 266
person 0.011741629 838 398 884 456
person 0.011739128 591 871 612 903
person 0.01172965 961 871 981 903
person 0.011720351 1019 -264 1029 -221
person 0.011711688 1183 -227 1207 -154
person 0.011711103 838 871 858 903
person 0.011693714 103 306 152 380
person 0.011691813 -1 458 11 577
person 0.011681746 1035 871 1055 902
person 0.011681228 0 371 7 416
person 0.011679731 821 212 835 236
person 0.011679621 936 871 957 903
person 0.011667583 813 871 833 903
person 0.011666595 1067 171 1081 182
person 0.01166062 847 -241 863 -175
person 0.011660339 893 44 905 63
person 0.011647333 402 746 414 779
person 0.011644754 862 871 883 903
person 0.011639108 1258 537 1279 623
person 0.011638159 938 12 956 38
person 0.011625458 297 -124 320 -80
person 0.011618146 887 871 907 903
person 0.011615818 0 54 7 90
person 0.011606473 1272 -117 1280 -71
person 0.011602255 278 486 298 518
person 0.011594126 836 798 859 861
person 0.0115857255 108 165 120 182
person 0.011582292 222 871 242 903
person 0.011581025 815 -280 832 -271
person 0.011574035 788 871 809 903
person 0.011571836 0 932 6 987
person 0.011565321 -1 615 6 661
person 0.011564351 912 871 932 903
person 0.011556178 837 -111 856 -83
person 0.01154573 1104 206 1114 221
person 0.011539387 932 537 965 603
person 0.01153881 493 871 513 903
person 0.011530237 247 871 267 903
person 0.011526731 -6 573 11 605
person 0.011524607 1115 140 1132 164
person 0.011522739 1057 -63 1077 -39
person 0.011518097 551 502 642 678
person 0.0115159415 392 179 494 357
person 0.0115153445 616 871 636 903
person 0.011514736 55 888 74 923
person 0.011511821 934 799 957 860
person 0.01150271 212 543 247 612
person 0.011501577 377 746 389 779
person 0.011489294 353 746 364 779
person 0.011483315 124 666 152 702
person 0.0114764655 780 401 805 422
person 0.011473787 764 871 784 903
person 0.011470651 128 212 148 237
person 0.011455322 228 164 248 187
person 0.011452747 0 -148 7 -99
person 0.011446983 798 -240 813 -179
person 0.011444345 474 272 585 437
person 0.011432622 400 371 426 410
person 0.011428264 53 -127 113 66
person 0.011416466 -1 591 6 635
person 0.01141214 198 871 218 903
person 0.011406789 271 871 292 903
person 0.0113954805 1061 565 1094 634
person 0.011393065 739 871 759 903
person 0.011389933 -1 567 6 612
person 0.011384807 641 871 661 903
person 0.011378432 1145 116 1173 153
person 0.011371274 425 118 443 141
person 0.01136788 296 871 316 903
person 0.011362325 617 283 645 310
person 0.011360589 -6 188 10 217
person 0.011356686 1008 -62 1028 -39
person 0.011350504 77 -280 93 -272
person 0.0113403415 328 746 340 780
person 0.011338513 660 366 781 534
person 0.011338386 1066 139 1085 162
person 0.011337145 468 871 489 903
person 0.0113318395 862 301 877 327
person 0.01132315 714 871 735 903
person 0.011316555 72 871 94 957
person 0.011311284 1072 362 1179 536
person 0.011310468 690 871 710 903
person 0.011309226 665 871 686 903
person 0.011304898 1234 185 1252 214
person 0.011301248 818 14 829 33
person 0.011297934 222 872 246 955
person 0.011290665 321 871 341 903
person 0.011272349 1106 42 1126 70
person 0.011269405 311 159 356 212
person 0.011266504 87 146 97 163
person 0.011262313 212 206 224 228
person 0.011260807 1274 912 1281 962
person 0.011258778 958 -62 978 -38
person 0.0112587465 869 45 880 64
person 0.011256448 624 587 644 617
person 0.011242626 737 309 764 334
person 0.011240616 342 57 361 85
person 0.011236553 1027 45 1049 69
person 0.011234948 303 733 321 817
person 0.0112149855 345 871 366 903
person 0.011190133 796 733 813 819
person 0.011166268 696 746 711 781
person 0.011159915 1068 -264 1078 -220
person 0.011143651 168 442 191 463
person 0.011142197 444 871 464 903
person 0.011086314 716 -110 733 -78
person 0.011079629 791 366 807 377
person 0.011078753 370 870 390 903
person 0.01107474 1044 -264 1053 -220
person 0.011054548 241 464 253 481
person 0.011052489 772 405 789 420
person 0.011049325 720 746 735 782
person 0.011048053 264 417 378 575
person 0.011047435 917 42 929 62
person 0.01104633 781 619 805 650
person 0.011033403 770 746 785 782
person 0.011032415 -4 81 13 109
person 0.011032316 395 870 415 903
person 0.011031936 129 -18 165 89
person 0.011017181 1121 398 1153 439
person 0.0110168485 1059 870 1080 902
person 0.0110017555 429 258 443 272
person 0.010994251 475 161 570 338
person 0.010993603 146 57 172 84
person 0.010984958 942 147 956 158
person 0.010980944 419 870 439 903
person 0.010980032 0 836 7 885
person 0.010970592 1096 234 1109 250
person 0.010970328 911 19 926 84
person 0.010966381 1104 506 1129 533
person 0.010956342 671 746 686 781
person 0.010947789 117 447 145 473
person 0.010944763 791 -280 807 -271
person 0.0109429415 646 599 671 632
person 0.010934196 48 44 69 70
person 0.010933079 1244 504 1254 540
person 0.010932367 -2 170 6 188
person 0.01092291 983 799 1006 860
person 0.01091027 634 406 678 466
person 0.010908587 1020 718 1030 758
person 0.010899901 248 406 263 426
person 0.010880455 224 -280 241 -271
person 0.010873929 0 860 7 908
person 0.010873718 356 556 387 628
person 0.010872975 305 66 314 85
person 0.010868304 1138 814 1162 870
person 0.010864603 323 -280 339 -271
person 0.010864163 249 -280 266 -271
person 0.010863573 348 -280 364 -271
person 0.010862519 298 -280 315 -271
person 0.010854748 274 -280 290 -271
person 0.010851663 372 -280 389 -271
person 0.010850126 471 -280 487 -271
person 0.010848806 446 -280 462 -271
person 0.0108456295 421 -280 438 -271
person 0.010843931 397 -280 413 -271
person 0.010819903 495 -280 512 -271
person 0.0108145205 894 -261 908 -221
person 0.010814327 194 680 214 715
person 0.010806622 840 310 858 323
person 0.01078879 574 736 583 751
person 0.01078057 1168 164 1181 179
person 0.010779766 23 457 41 491
person 0.010779741 200 -280 216 -271
person 0.010779152 794 -165 823 -29
person 0.010778291 487 360 601 532
person 0.010771284 116 428 145 458
person 0.01077014 154 90 176 114
person 0.01075771 988 848 1005 880
person 0.0107568875 666 67 684 93
person 0.0107567515 1105 -88 1127 -74
person 0.010754134 982 453 1008 476
person 0.010751464 520 -280 536 -271
person 0.010747307 971 132 1007 186
person 0.010743972 54 864 72 900
person 0.010725252 864 12 882 37
person 0.010706074 502 42 519 66
person 0.010694832 160 167 171 182
person 0.010694086 245 405 267 430
person 0.010691014 638 311 666 335
person 0.010690127 983 -62 1003 -39
person 0.010681788 813 170 830 185
person 0.01068137 750 189 763 213
person 0.010679683 960 328 983 353
person 0.010678357 867 368 983 538
person 0.010671382 1141 -261 1151 -220
person 0.010660862 452 857 479 935
person 0.010658971 349 434 368 468
person 0.01065514 620 707 635 723
person 0.010652888 544 -280 561 -271
person 0.010640733 130 165 143 182
person 0.010633541 986 479 1001 492
person 0.010626259 745 746 760 782
person 0.010614927 111 855 137 934
person 0.010608317 711 310 736 333
person 0.010602878 963 848 980 880
person 0.010602694 173 871 193 903
person 0.010599563 1133 -88 1149 -72
person 0.010598012 427 746 438 779
person 0.010590356 139 399 160 423
person 0.010587113 569 -280 586 -271
person 0.010584272 -15 -204 37 -25
person 0.010578685 1150 212 1191 267
person 0.01056323 1272 694 1280 737
person 0.010558621 920 -263 931 -220
person 0.010556344 107 300 136 346
person 0.010553401 1271 523 1280 567
person 0.010533056 818 90 837 114
person 0.010511088 594 -280 610 -271
person 0.01051027 175 -280 192 -271
person 0.010510056 1232 209 1250 239
person 0.010508177 716 -87 734 -55
person 0.010506531 -1 -217 15 -117
person 0.010503597 1012 848 1030 880
person 0.010501991 791 12 802 32
person 0.010499733 -2 191 6 209
person 0.010497612 1261 -191 1282 -107
person 0.0104947835 1135 764 1157 819
person 0.010461348 1081 -63 1100 -39
person 0.010460223 766 -280 782 -271
person 0.010456256 938 848 956 881
person 0.010450884 1106 -64 1125 -37
person 0.010444939 33 520 56 557
person 0.010436627 339 -223 371 -115
person 0.010435283 606 613 649 729
person 0.0104065165 1236 205 1295 327
person 0.010402162 0 -124 7 -75
person 0.0104016615 618 -280 635 -271
person 0.010399418 206 75 234 115
person 0.01039515 352 408 371 440
person 0.0103951255 1081 -61 1098 -49
person 0.010379234 379 831 465 1020
person 0.010377349 -2 475 20 569
person 0.010376159 551 857 578 935
person 0.010367383 26 940 44 978
person 0.010365535 103 490 127 514
person 0.010365002 -4 867 11 900
person 0.010358669 115 128 144 164
person 0.010352909 911 -85 932 -63
person 0.010341341 653 -274 670 -214
person 0.010339603 667 -280 684 -271
person 0.010327909 1273 889 1281 935
person 0.010323299 518 254 543 280
person 0.010322866 282 831 367 1022
person 0.010319607 643 -280 659 -271
person 0.0103167435 989 212 1096 377
person 0.010307293 932 -88 956 -75
person 0.01030459 105 735 115 752
person 0.0103037385 884 -65 902 -36
person 0.010295037 692 -280 709 -271
person 0.0102742445 0 632 18 730
person 0.0102574965 885 -60 900 -47
person 0.0102240015 835 -112 855 -99
person 0.010207942 112 -57 187 153
person 0.010203023 0 468 7 511
person 0.010195899 717 -280 733 -271
person 0.010190939 451 747 463 779
person 0.01017479 407 493 432 548
person 0.010167762 175 -85 194 -54
person 0.010166835 743 736 769 818
person 0.010148574 1037 848 1054 880
person 0.010148013 392 258 416 281
person 0.010142785 476 746 488 779
person 0.010142268 495 141 564 250
person 0.010138568 869 -261 884 -221
person 0.010135142 1185 119 1211 156
person 0.0101287 320 126 388 238
person 0.0101205185 1183 132 1202 157
person 0.010112745 741 -280 758 -271
person 0.01010919 221 243 236 259
person 0.010103287 206 857 234 935
person 0.010102888 675 830 760 1021
person 0.010085487 141 562 163 585
person 0.010077054 348 -86 365 -53
person 0.010063493 490 600 512 633
person 0.010051325 914 848 931 881
person 0.010050603 1272 -93 1280 -47
person 0.010023848 151 -280 167 -271
person 0.010023426 600 -187 612 -132
person 0.01002232 757 211 773 224
person 0.010018422 886 311 913 331
person 0.010011619 967 315 981 328
person 0.010011585 -1 30 6 68
person 0.010009242 1272 -45 1280 1
person 0.010005297 1235 526 1247 564
person 0.01000102 173 872 196 956
