person 0.772585 906 142 926 168
person 0.7723472 674 105 693 129
person 0.76819456 591 109 610 132
person 0.768055 878 225 908 263
person 0.7557746 1093 169 1112 196
person 0.7556659 715 105 734 127
person 0.7553128 800 113 819 138
person 0.7531465 746 112 765 135
person 0.7491342 440 157 462 184
person 0.7418934 752 198 782 236
person 0.7400409 811 204 840 240
person 0.7371618 714 133 735 159
person 0.73642445 512 141 534 167
person 0.7318028 932 163 952 190
person 0.7252572 472 142 493 167
person 0.71355814 942 263 977 309
person 0.7074909 648 126 668 154
person 0.70676017 467 182 496 216
person 0.7064825 642 95 659 115
person 0.7023677 987 214 1015 251
person 0.7015817 316 214 346 249
person 0.6987167 694 234 729 274
person 0.69620806 1039 281 1070 321
person 0.69474846 1064 232 1091 270
person 0.69124734 1037 187 1059 217
person 0.69100493 628 115 647 140
person 0.6885013 632 269 670 310
person 0.6844419 547 112 568 138
person 0.6822191 490 160 513 188
person 0.6783144 843 160 865 189
person 0.6583339 984 152 1006 183
person 0.65662646 906 175 928 204
person 0.65491223 333 163 360 197
person 0.654559 873 149 893 178
person 0.6530935 848 273 885 317
person 0.645703 428 223 461 260
person 0.63760996 645 162 666 191
person 0.63708705 234 192 262 226
person 0.6303034 753 134 773 160
person 0.6280966 403 185 432 218
person 0.6085652 954 184 979 219
person 0.59664875 809 178 832 206
person 0.5867689 772 246 806 288
person 0.5833395 544 136 577 174
person 0.56968904 952 336 1003 406
person 0.521096 379 171 401 199
person 0.5070563 1084 195 1105 225
person 0.4971496 984 174 1005 202
person 0.49419656 403 151 425 177
person 0.49230412 597 126 617 151
person 0.44280624 757 310 805 364
person 0.4422932 912 207 935 239
person 0.4359706 592 181 614 208
person 0.37842214 1058 212 1080 241
person 0.37558416 644 119 665 144
person 0.30644587 565 155 589 181
person 0.2951024 565 171 600 208
person 0.26562673 565 143 589 171
person 0.16300094 799 159 819 186
person 0.12660834 410 152 433 176
person 0.09673112 574 177 597 203
person 0.07247638 540 157 564 184
person 0.05870842 988 150 1002 171
person 0.054854434 702 122 721 144
person 0.04407544 581 166 603 192
person 0.04104672 1046 223 1067 253
person 0.039639894 944 238 978 277
person 0.032437757 603 116 634 148
person 0.02424659 1013 181 1037 209
person 0.019921733 941 251 965 281
person 0.017179873 645 114 660 139
person 0.016320795 462 159 485 187
person 0.014880485 880 148 901 173
person 0.0146061 669 129 690 155
person 0.012502822 758 192 782 219
person 0.011649519 829 202 862 240
