person 0.7869329 717 105 736 130
person 0.7834591 906 143 926 169
person 0.7736191 879 224 909 262
person 0.7650539 665 107 684 131
person 0.76183236 585 109 604 131
person 0.754765 792 119 811 144
person 0.7540055 746 111 765 136
person 0.74746734 646 127 666 153
person 0.7367845 700 136 722 164
person 0.7314425 1057 229 1086 266
person 0.7288177 770 133 789 159
person 0.7203088 802 210 832 248
person 0.71272576 398 153 420 180
person 0.7115426 979 218 1007 253
person 0.7084443 940 265 976 309
person 0.7041019 855 163 876 193
person 0.7016326 649 157 671 186
person 0.6949785 448 157 470 184
person 0.69131815 628 114 647 139
person 0.68932825 638 95 656 115
person 0.6875631 688 231 722 270
person 0.6746557 749 308 794 363
person 0.67112577 835 265 870 310
person 0.66948205 986 150 1006 177
person 0.66742367 343 161 365 189
person 0.6636123 793 180 820 214
person 0.6527128 752 224 790 274
person 0.6485512 393 183 422 218
person 0.6359416 584 129 604 154
person 0.63429594 587 172 615 204
person 0.6319051 570 145 592 173
person 0.6307335 648 256 687 299
person 0.62416446 973 339 1019 398
person 0.623769 1037 187 1058 215
person 0.62010163 528 117 550 144
person 0.61277556 1090 174 1110 202
person 0.60739577 534 159 561 192
person 0.60668296 964 187 986 217
person 0.60158986 909 171 931 200
person 0.59612596 278 232 307 266
person 0.59503126 226 196 254 231
person 0.5881694 875 146 894 172
person 0.5741679 1036 279 1068 317
person 0.52247906 422 237 455 274
person 0.4794515 1053 199 1075 229
person 0.34665665 915 210 938 242
person 0.33580256 520 114 551 153
person 0.29429707 1004 177 1025 202
person 0.28138724 358 178 381 207
person 0.24366613 929 171 950 198
person 0.23035331 755 243 789 282
person 0.2026063 771 200 794 231
person 0.19548619 470 145 491 168
person 0.18640904 487 153 522 194
person 0.17662393 511 139 534 168
person 0.1732901 1083 201 1105 230
person 0.10950411 1036 214 1059 243
person 0.07807275 491 189 514 211
person 0.07085441 801 176 825 205
person 0.067321055 877 158 900 189
person 0.05319739 732 132 753 157
person 0.04361662 428 246 461 282
person 0.031883493 764 189 796 227
person 0.031652525 524 186 546 212
person 0.02461904 751 153 771 178
person 0.024069367 543 140 566 169
person 0.022099478 995 247 1028 284
person 0.021412218 514 155 537 184
person 0.021299405 495 161 519 190
person 0.019790528 930 222 965 261
person 0.018685885 795 209 819 240
person 0.01834961 279 209 303 235
person 0.017458886 471 183 494 206
person 0.013853626 982 177 1005 206
person 0.011321202 237 208 262 238
person 0.01113393 1081 229 1106 258
person 0.010489442 435 240 460 270
