person 0.7944383 598 120 618 146
person 0.78514093 720 105 738 129
person 0.78256917 789 119 808 146
person 0.7800876 988 153 1009 180
person 0.77104074 904 142 923 169
person 0.76426744 638 109 656 133
person 0.75941473 886 228 916 265
person 0.74232554 523 118 545 144
person 0.737525 675 105 693 131
person 0.72388417 572 139 594 167
person 0.7211586 756 112 774 137
person 0.718723 636 261 673 303
person 0.7185584 805 207 835 242
person 0.7156163 648 128 668 155
person 0.7152571 496 197 526 234
person 0.7138676 1099 169 1119 198
person 0.71327484 1060 227 1087 264
person 0.71247935 692 139 713 167
person 0.71161133 1038 274 1069 314
person 0.711281 932 168 952 196
person 0.7087234 937 263 972 306
person 0.7072193 833 266 869 308
person 0.70541126 756 133 775 160
person 0.6918052 874 146 894 174
person 0.6894547 469 138 491 164
person 0.68789834 964 351 1011 408
person 0.680617 648 93 666 113
person 0.6801519 298 210 328 248
person 0.6791009 990 207 1017 241
person 0.6766222 437 163 459 191
person 0.6695291 816 170 843 204
person 0.6690625 911 177 933 206
person 0.6690475 344 158 372 193
person 0.66355205 648 159 670 188
person 0.66264296 581 174 608 207
person 0.66241735 1036 188 1057 218
person 0.6517545 421 215 451 252
person 0.65095365 962 184 988 219
person 0.6494412 442 186 471 222
person 0.64691144 235 190 262 225
person 0.63883394 773 249 807 291
person 0.6368695 402 178 431 213
person 0.6328345 532 159 559 192
person 0.63115466 758 304 801 357
person 0.62096083 845 168 868 198
person 0.6201719 515 145 537 172
person 0.6087721 744 210 774 244
person 0.6033284 402 150 424 178
person 0.5829972 484 160 511 193
person 0.5688627 579 117 599 139
person 0.5491209 352 201 389 246
person 0.5462799 683 234 716 270
person 0.51366293 950 233 981 269
person 0.4631267 1083 193 1105 224
person 0.38621265 912 206 936 237
person 0.29992083 714 131 734 156
person 0.18694647 1005 180 1027 207
person 0.1355049 378 171 401 199
person 0.111988254 459 157 482 186
person 0.100907385 798 179 820 207
person 0.099649824 692 122 713 146
person 0.080650784 732 130 754 155
person 0.07629817 456 218 490 255
person 0.06271426 984 177 1007 207
person 0.042999193 347 193 395 265
person 0.030637005 1100 179 1121 212
person 0.025825992 1065 209 1087 238
person 0.022836935 416 155 439 182
person 0.018491559 240 196 272 236
person 0.016135855 913 165 935 195
person 0.015935102 348 261 388 303
person 0.013739755 668 131 690 159
person 0.012555208 877 151 898 179
person 0.012375856 940 258 965 289
person 0.010886194 680 246 715 284
person 0.010693807 654 155 676 183
