person 0.7843943 382 235 411 274
person 0.74374276 519 226 549 262
person 0.7409949 657 200 686 235
person 0.730414 560 188 589 224
person 0.72456014 327 225 356 262
person 0.71843183 422 243 451 283
person 0.65710646 659 320 706 377
person 0.6384795 786 275 822 320
person 0.5953377 687 252 722 293
person 0.5787231 84 319 139 390
person 0.5573627 460 198 483 229
person 0.52684623 497 204 520 233
person 0.41589183 405 200 428 230
person 0.34948903 488 235 511 264
person 0.06936305 94 322 136 367
person 0.02469963 442 236 468 268
person 0.02161 544 202 579 243
person 0.015598476 423 233 447 265
person 0.014769898 0 380 9 463
person 0.01129073 334 220 358 249
