person 0.76108825 385 204 407 230
person 0.75907505 514 164 533 186
person 0.75783396 251 227 272 254
person 0.7559017 226 206 245 230
person 0.7433861 677 135 694 158
person 0.7345879 364 149 382 167
person 0.7340416 644 134 661 156
person 0.733282 1032 266 1061 302
person 0.7327895 363 306 395 342
person 0.7284912 107 210 124 233
person 0.7276855 1041 300 1071 340
person 0.7234314 424 132 442 151
person 0.7222222 333 278 363 311
person 0.72202426 1138 300 1166 339
person 0.7154805 343 154 361 174
person 0.7083971 1114 317 1143 357
person 0.693831 439 258 470 290
person 0.6928535 785 244 817 280
person 0.69038665 612 277 644 311
person 0.6900947 424 319 458 358
person 0.6899794 544 173 565 196
person 0.6865012 615 152 633 175
person 0.68464243 165 205 184 230
person 0.67848456 949 334 985 377
person 0.6763414 531 296 564 334
person 0.67520094 329 229 351 256
person 0.67371327 856 225 885 257
person 0.6720343 998 405 1038 459
person 0.6639574 142 226 162 251
person 0.6617129 307 190 327 214
person 0.6459686 705 207 729 236
person 0.6454993 652 326 691 370
person 0.63935435 577 341 614 385
person 0.6326122 452 220 480 250
person 0.62611693 795 442 844 499
person 0.6234265 757 211 785 243
person 0.6172797 483 182 506 209
person 0.6134211 296 227 319 252
person 0.6058523 192 199 210 220
person 0.60163254 496 336 534 378
person 0.59864724 346 230 369 255
person 0.5852191 1183 244 1202 274
person 0.49338472 389 257 412 285
person 0.32622167 475 182 498 208
person 0.16914034 1165 274 1191 309
person 0.12111613 155 218 176 244
person 0.10813592 303 210 325 237
person 0.06935365 380 215 402 238
person 0.044280402 315 207 337 231
person 0.041994195 116 220 134 243
person 0.033874117 369 156 388 177
person 0.032544468 1169 297 1197 335
person 0.030883374 305 193 334 221
person 0.022244047 408 214 431 239
person 0.016779 1158 300 1182 333
person 0.015229294 426 134 439 147
person 0.015216248 635 152 654 175
person 0.012922571 131 228 153 253
person 0.011063027 178 200 196 221
