person 0.779127 228 206 247 229
person 0.76862645 254 227 275 255
person 0.7685101 564 272 595 307
person 0.7629538 552 172 571 195
person 0.7601333 371 218 393 243
person 0.74959904 316 185 335 207
person 0.7482444 1028 301 1058 341
person 0.7473812 420 323 456 363
person 0.74303657 105 210 123 234
person 0.74011105 514 166 534 189
person 0.7353325 1130 308 1163 350
person 0.7336444 785 448 832 504
person 0.7320792 662 313 696 354
person 0.7292551 405 287 436 322
person 0.72703576 372 270 401 303
person 0.7264157 149 230 169 254
person 0.7243373 328 162 346 181
person 0.71429014 394 198 415 221
person 0.70771784 441 255 471 288
person 0.7066382 369 151 386 168
person 0.6986736 786 244 817 281
person 0.697895 627 141 644 163
person 0.69523305 1003 401 1042 455
person 0.6950666 1021 269 1049 305
person 0.693114 618 280 651 316
person 0.6924085 409 214 432 240
person 0.6834797 1183 243 1203 272
person 0.66981864 762 207 785 236
person 0.66733754 649 144 667 165
person 0.652329 178 197 196 218
person 0.6353436 192 203 211 226
person 0.6339277 946 334 983 378
person 0.62393874 400 250 422 279
person 0.6224695 298 228 320 252
person 0.59740084 432 131 449 150
person 0.5896559 615 153 633 176
person 0.5867711 590 335 628 378
person 0.58485353 703 212 726 238
person 0.58482677 487 336 525 378
person 0.46244317 1116 324 1145 365
person 0.39352295 483 197 506 221
person 0.37968272 449 226 472 251
person 0.35432866 878 215 902 242
person 0.26381516 438 216 465 243
person 0.22692646 1166 267 1191 302
person 0.118317336 1143 307 1166 340
person 0.105329104 183 202 202 225
person 0.09941848 476 206 500 229
person 0.08176673 336 162 353 182
person 0.08080686 293 222 316 246
person 0.07910613 476 190 498 213
person 0.07011858 129 235 151 260
person 0.060090654 558 171 577 192
person 0.04509912 278 229 302 254
person 0.027863681 115 222 133 244
person 0.025525725 457 229 481 254
person 0.018726245 196 200 209 220
person 0.01852359 521 178 543 201
person 0.014399793 590 179 611 199
person 0.011324645 438 133 447 147
person 0.011031936 400 239 425 267
person 0.010202696 222 230 244 255
person 0.010136629 444 197 466 218
