person 0.7720728 999 283 1032 321
person 0.7684375 522 169 542 191
person 0.7671401 362 308 396 345
person 0.7577156 888 178 908 204
person 0.74657774 1144 302 1173 339
person 0.73760086 614 218 638 244
person 0.7329815 226 210 248 237
person 0.73220354 363 147 380 164
person 0.72931457 645 315 682 356
person 0.7214981 308 165 326 184
person 0.72138417 605 296 640 335
person 0.7161871 651 146 669 169
person 0.71603984 1090 274 1117 308
person 0.71563196 808 165 828 189
person 0.7122961 274 256 303 289
person 0.7096757 527 300 562 337
person 0.7055789 130 214 151 240
person 0.70212173 560 216 585 243
person 0.7018982 610 263 642 298
person 0.69715184 301 228 325 255
person 0.6878275 606 162 626 184
person 0.68692946 943 442 989 496
person 0.6851296 458 186 479 209
person 0.6796585 1028 262 1056 295
person 0.6708501 730 304 765 339
person 0.66125166 367 165 386 185
person 0.65750355 449 220 472 247
person 0.6449249 1127 252 1149 282
person 0.64300466 828 216 852 245
person 0.64203435 1085 205 1107 236
person 0.62761676 570 248 600 280
person 0.61656594 484 129 502 149
person 0.6133113 407 210 430 236
person 0.58359694 372 200 394 226
person 0.56766605 402 237 436 274
person 0.56366295 1015 351 1057 403
person 0.5511719 213 247 237 276
person 0.5433274 815 242 845 274
person 0.48563206 676 288 709 322
person 0.4777683 935 196 956 222
person 0.4596689 660 144 678 165
person 0.41012704 339 171 359 192
person 0.35690105 330 236 355 265
person 0.33409122 -1 276 12 323
person 0.3080531 856 496 910 558
person 0.2695906 955 200 977 226
person 0.14895912 218 231 247 266
person 0.13924095 569 239 596 267
person 0.12151998 582 198 603 221
person 0.1181815 0 280 6 319
person 0.06699833 410 248 435 278
person 0.061043218 350 255 374 281
person 0.041575983 272 237 297 261
person 0.040546644 945 199 973 229
person 0.035099186 295 181 314 201
person 0.032168362 331 179 351 199
person 0.031183422 552 219 576 244
person 0.03090288 344 181 367 203
person 0.02982062 992 297 1028 336
person 0.022654466 0 381 11 442
person 0.017748125 497 164 518 185
person 0.01744959 619 224 643 250
person 0.015498439 488 130 500 143
person 0.015314091 0 306 11 363
person 0.013710283 964 271 998 305
person 0.012104393 465 213 488 237
person 0.010311394 308 250 342 284
person 0.010285578 1 382 7 424
