person 0.7872433 556 257 589 293
person 0.7721345 615 160 635 184
person 0.76101327 370 205 392 230
person 0.760752 1028 280 1060 319
person 0.7506228 1141 301 1171 338
person 0.74627364 365 295 398 332
person 0.74537855 228 207 249 232
person 0.7419916 549 156 568 180
person 0.73664993 686 256 718 289
person 0.72375524 405 212 427 240
person 0.72045255 598 304 635 345
person 0.71856576 894 181 915 207
person 0.716209 803 248 834 283
person 0.7151227 653 305 690 345
person 0.71383137 750 298 785 335
person 0.7091548 122 214 141 239
person 0.7088723 308 162 325 180
person 0.7045771 1087 268 1114 302
person 0.6972846 295 230 318 256
person 0.695198 358 149 375 167
person 0.6925125 370 163 389 185
person 0.6823513 814 209 841 240
person 0.6746047 615 266 648 301
person 0.67091906 1005 352 1048 405
person 0.6701348 330 166 348 185
person 0.65938234 454 210 476 237
person 0.65906364 656 153 676 177
person 0.65521526 283 255 313 288
person 0.65299445 382 249 412 280
person 0.64925355 933 454 979 507
person 0.6406686 800 169 820 193
person 0.63403445 491 129 508 149
person 0.61678004 227 242 250 272
person 0.59605825 1128 258 1149 286
person 0.59492797 559 193 582 222
person 0.5749251 331 227 354 253
person 0.5505255 938 194 960 221
person 0.53388906 1069 203 1091 232
person 0.5337872 601 205 630 234
person 0.5198083 1038 262 1062 290
person 0.45517868 857 485 902 546
person 0.43789303 461 188 482 210
person 0.25422925 278 258 302 286
person 0.25361454 530 294 565 330
person 0.19381315 357 166 376 187
person 0.17055342 303 181 322 200
person 0.15148287 970 274 1002 308
person 0.12438559 372 274 406 311
person 0.074834116 958 201 980 226
person 0.069379225 570 219 602 252
person 0.043753263 944 200 975 232
person 0.03562319 529 127 547 144
person 0.034443587 361 191 382 214
person 0.028836459 252 232 275 258
person 0.022214793 494 129 505 143
person 0.020981258 553 189 575 213
person 0.019202406 591 194 615 220
person 0.019101312 546 150 565 170
person 0.018688124 531 130 543 150
person 0.017606286 615 228 641 254
person 0.014920401 476 144 494 162
person 0.01367417 267 235 291 258
person 0.0132453265 338 221 363 247
person 0.011542107 424 227 448 253
person 0.01031321 532 128 543 142
person 0.010112635 606 181 629 205
