person 0.7549893 525 160 544 182
person 0.75385374 1140 303 1170 340
person 0.74799675 592 278 634 322
person 0.74247396 416 202 438 228
person 0.74168915 596 193 618 220
person 0.7413045 804 231 836 264
person 0.73802745 686 275 719 310
person 0.73547006 230 202 250 227
person 0.7314299 938 178 958 203
person 0.7301644 263 253 297 289
person 0.72926474 904 172 924 197
person 0.72608006 747 277 781 312
person 0.71998084 460 187 481 210
person 0.7172768 637 304 673 344
person 0.7157089 387 253 416 286
person 0.7144767 653 146 671 169
person 0.7067969 1040 254 1066 288
person 0.70318127 811 160 833 185
person 0.7025505 307 162 324 180
person 0.6838424 1013 289 1044 327
person 0.6828902 1084 268 1111 302
person 0.6819793 366 164 385 184
person 0.6769802 537 286 570 321
person 0.6749886 134 213 155 239
person 0.67225957 992 381 1030 424
person 0.672213 376 194 398 220
person 0.66955996 330 225 352 252
person 0.6670761 1099 203 1120 232
person 0.6663978 619 147 638 168
person 0.6602503 447 211 471 239
person 0.64092994 571 238 601 271
person 0.6385498 1107 253 1128 284
person 0.62533057 243 235 265 264
person 0.62217504 307 227 328 254
person 0.6093176 331 166 349 185
person 0.59355026 479 145 496 163
person 0.58969164 946 466 998 522
person 0.5776136 487 126 503 144
person 0.5750923 369 287 402 326
person 0.5176632 621 208 644 232
person 0.5132553 512 127 529 144
person 0.49735776 598 173 618 194
person 0.47651348 965 455 1010 508
person 0.42065585 592 216 626 251
person 0.40287897 911 472 956 527
person 0.26754478 594 293 630 332
person 0.26176563 593 226 618 254
person 0.23664244 356 166 376 187
person 0.22391169 619 261 647 292
person 0.20724803 302 181 321 199
person 0.19155358 797 225 820 253
person 0.1293484 610 154 630 176
person 0.10472045 363 152 380 167
person 0.09235894 229 255 253 281
person 0.09046355 370 265 394 293
person 0.07532393 487 132 506 153
person 0.060656622 503 170 522 190
person 0.041758575 266 237 290 261
person 0.04122134 354 182 374 201
person 0.031699263 596 288 620 320
person 0.028431283 455 191 476 213
person 0.025990937 807 221 832 247
person 0.025414687 360 152 372 169
person 0.023206715 386 230 409 257
person 0.021620683 257 251 303 304
person 0.021413356 368 163 383 177
person 0.019016555 238 293 277 334
person 0.017724922 572 247 596 278
person 0.016850576 532 162 551 184
person 0.016155003 629 215 653 240
person 0.01471138 357 158 374 178
