person 0.8172263 1109 325 1139 369
person 0.79781437 989 286 1019 327
person 0.7731979 1036 254 1062 292
person 0.76683605 533 278 565 320
person 0.7666125 1104 192 1123 220
person 0.7615237 1090 258 1116 296
person 0.7437879 492 312 526 355
person 0.73276544 424 306 454 349
person 0.71196586 968 169 988 194
person 0.70772487 71 181 90 208
person 0.70569825 191 203 211 229
person 0.69957596 35 175 53 204
person 0.693348 305 220 325 248
person 0.6880651 120 203 141 231
person 0.68773067 673 122 690 145
person 0.6872947 481 260 511 299
person 0.6833054 730 158 751 184
person 0.6777881 151 215 173 246
person 0.67407846 251 275 281 312
person 0.67174244 510 234 539 270
person 0.6694196 635 209 658 239
person 0.6668728 628 134 646 157
person 0.6637839 214 206 234 232
person 0.65862906 1086 209 1106 239
person 0.6452658 952 341 988 383
person 0.6423911 1125 183 1142 210
person 0.6419449 840 167 862 193
person 0.6412423 1157 293 1184 331
person 0.6393528 1038 458 1082 514
person 0.6369978 887 153 908 179
person 0.63652486 713 122 731 145
person 0.63185114 722 198 744 226
person 0.6308984 640 156 660 182
person 0.6271365 799 214 829 248
person 0.6259435 518 164 536 189
person 0.6250313 903 399 947 451
person 0.6215034 418 202 440 233
person 0.6163083 342 225 363 255
person 0.61626834 249 235 271 264
person 0.61270714 776 130 794 153
person 0.60773814 1128 230 1148 260
person 0.60700846 645 304 689 356
person 0.6030638 844 139 865 163
person 0.60069823 803 163 824 188
person 0.5999615 370 233 392 263
person 0.596158 362 150 382 177
person 0.5912409 662 267 696 304
person 0.5859532 1003 149 1021 173
person 0.5811108 753 213 776 242
person 0.58045197 601 208 623 235
person 0.5796267 740 132 759 156
person 0.5791177 1202 228 1220 257
person 0.5743646 1145 200 1163 229
person 0.5722741 1154 262 1175 292
person 0.5679898 412 153 431 179
person 0.56419414 312 152 328 176
person 0.5638665 662 139 680 162
person 0.5562031 437 245 466 283
person 0.5556127 294 193 313 219
person 0.55422336 388 245 416 281
person 0.55093586 432 130 449 155
person 0.54952794 452 128 470 152
person 0.5397472 702 224 732 260
person 0.5246016 512 129 529 151
person 0.52127886 471 134 488 156
person 0.51345724 1181 240 1199 267
person 0.50681525 578 153 597 176
person 0.5000478 564 338 609 390
person 0.49970227 438 216 466 253
person 0.4856416 546 176 568 202
person 0.48095337 567 251 591 281
person 0.4785365 1014 181 1034 207
person 0.47022665 892 177 913 202
person 0.45514035 830 425 880 479
person 0.45306787 698 147 717 172
person 0.4428729 847 239 877 273
person 0.42979586 608 265 641 301
person 0.42953604 693 152 712 176
person 0.42852262 485 179 506 206
person 0.4163761 385 211 406 238
person 0.4139572 238 211 258 237
person 0.41331047 569 218 598 252
person 0.4086531 787 249 820 286
person 0.40138474 530 123 546 143
person 0.3890934 674 187 696 213
person 0.38027346 145 279 178 323
person 0.37940788 854 143 874 165
person 0.37663198 757 177 779 203
person 0.3762916 607 212 630 240
person 0.36720774 583 146 600 169
person 0.34854782 751 311 788 351
person 0.34051314 535 125 551 145
person 0.3367728 527 187 548 214
person 0.33178535 643 182 665 208
person 0.31361103 565 214 591 243
person 0.31276673 533 205 555 231
person 0.3075494 709 135 728 160
person 0.29469728 760 167 786 195
person 0.2901797 1116 427 1156 484
person 0.28314057 886 164 913 198
person 0.28301558 669 160 689 185
person 0.27613455 267 240 287 267
person 0.27233586 958 186 979 210
person 0.27205414 166 205 186 230
person 0.2700526 968 473 1012 527
person 0.26916358 362 213 386 240
person 0.263722 479 178 499 204
person 0.2623095 983 219 1005 242
person 0.2605829 532 125 543 139
person 0.2461239 563 324 602 367
person 0.2230348 455 129 466 142
person 0.21610965 983 194 1006 217
person 0.2148057 810 193 834 218
person 0.2126417 348 220 371 247
person 0.2096457 848 250 883 285
person 0.20646144 515 133 526 147
person 0.20613569 1059 607 1136 722
person 0.2019301 538 127 549 141
person 0.20055835 636 167 665 201
person 0.19270681 816 412 895 486
person 0.19256537 524 214 550 242
person 0.19154046 514 177 546 213
person 0.18838443 967 559 1023 627
person 0.18181725 487 171 507 195
person 0.18149202 732 256 770 295
person 0.18096076 474 135 485 151
person 0.18008743 1214 251 1233 279
person 0.17753081 313 225 336 254
person 0.17578106 624 129 650 162
person 0.16706917 477 170 498 195
person 0.16374853 843 126 862 146
person 0.16261312 -2 181 5 214
person 0.16039905 1121 188 1146 223
person 0.15914677 477 354 522 408
person 0.15868072 1006 210 1028 235
person 0.15548149 389 238 415 266
person 0.15487915 749 181 771 207
person 0.15376118 642 254 671 283
person 0.1501694 282 205 302 232
person 0.1489966 358 164 376 190
person 0.14804575 980 169 1002 193
person 0.14783233 -7 184 10 212
person 0.14649053 1112 209 1134 238
person 0.14612593 365 179 388 207
person 0.14452529 659 357 706 410
person 0.1435423 746 129 776 163
person 0.14100572 551 173 565 195
person 0.14090961 505 130 523 152
person 0.14062755 1201 221 1219 247
person 0.13796833 699 251 735 288
person 0.13795823 1150 197 1167 223
person 0.13734445 1174 322 1204 363
person 0.1369848 435 133 445 148
person 0.13623255 47 184 68 210
person 0.1354739 745 298 801 363
person 0.13426876 1151 242 1171 270
person 0.13425083 425 129 452 163
person 0.13199231 1112 443 1146 485
person 0.13080564 572 142 599 174
person 0.13073274 536 260 563 287
person 0.12753059 600 171 631 208
person 0.1256538 779 126 798 147
person 0.1254015 317 220 341 247
person 0.12529391 467 241 493 268
person 0.12382999 785 189 810 216
person 0.12296112 313 156 323 173
person 0.12255936 1127 371 1159 414
person 0.12218325 943 324 998 392
person 0.121496804 618 160 641 185
person 0.12098628 61 515 126 625
person 0.11996356 359 147 376 170
person 0.11939948 226 267 249 295
person 0.11927562 351 180 373 207
person 0.11815291 861 165 885 189
person 0.117316045 262 283 287 312
person 0.11563763 406 149 425 172
person 0.11477648 582 327 622 369
person 0.11459495 536 132 550 148
person 0.11389852 1177 346 1206 386
person 0.11384154 890 152 904 170
person 0.1136101 815 144 837 166
person 0.11122489 -1 163 6 194
person 0.11084008 872 310 910 348
person 0.110534064 118 193 145 226
person 0.11040402 1110 236 1133 267
person 0.11015536 1007 156 1018 170
person 0.109730765 462 127 480 145
person 0.1093324 368 252 399 288
person 0.10795418 1171 422 1202 465
person 0.10680492 447 124 475 157
person 0.10650508 801 163 815 187
person 0.10585101 654 313 683 341
person 0.105741054 142 208 180 259
person 0.105698295 1098 260 1120 290
person 0.10561709 777 128 805 162
person 0.105583616 977 347 1016 386
person 0.10456421 585 154 599 174
person 0.10423915 665 139 677 156
person 0.102636926 145 254 170 282
person 0.10252458 665 133 685 170
person 0.10239531 743 135 756 150
person 0.10212771 819 374 871 426
person 0.10172454 1023 445 1094 525
person 0.10167719 415 239 441 268
person 0.101246804 226 198 247 220
person 0.10103991 541 240 566 267
person 0.100374736 414 294 466 359
person 0.100173935 1037 306 1074 350
person 0.099941835 693 306 731 344
person 0.09951353 915 399 967 452
person 0.0987356 123 236 148 265
person 0.09867594 478 316 532 383
person 0.098661624 858 145 871 158
person 0.098497726 221 231 246 259
person 0.098493785 596 260 622 287
person 0.09734089 468 207 495 236
person 0.097007975 487 203 512 231
person 0.09544255 505 124 534 156
person 0.09540165 319 185 340 212
person 0.095289335 631 135 642 151
person 0.0942676 814 287 841 314
person 0.09400628 580 150 593 167
person 0.09396308 1193 219 1211 246
person 0.09374977 682 124 701 146
person 0.09358012 732 255 756 280
person 0.09354126 191 193 218 226
person 0.093228415 729 161 742 183
person 0.092812784 833 189 857 215
person 0.09206376 1179 255 1200 283
person 0.09182808 1100 551 1145 606
person 0.09080513 306 144 333 176
person 0.090750575 628 199 666 248
person 0.09054302 910 181 934 205
person 0.09028362 1055 257 1079 288
person 0.08990798 800 366 850 419
person 0.08960767 1002 150 1013 169
person 0.089107536 716 124 728 138
person 0.088807486 409 154 421 176
person 0.088544175 69 208 90 234
person 0.088175416 476 262 501 292
person 0.08816148 990 212 1021 245
person 0.08799455 808 413 855 466
person 0.08793104 837 218 862 244
person 0.087782696 466 130 477 142
person 0.08740002 195 231 218 257
person 0.08691342 410 196 448 249
person 0.08632295 937 165 960 186
person 0.086225666 51 620 117 736
person 0.08571948 443 157 465 182
person 0.08565446 908 170 930 191
person 0.08442372 363 223 401 273
person 0.08423915 874 264 910 301
person 0.08395541 1168 406 1214 479
person 0.08382573 508 125 521 144
person 0.08349301 58 202 79 229
person 0.08330412 586 237 612 265
person 0.08316613 1100 421 1169 506
person 0.08296196 596 179 619 206
person 0.081941575 1139 259 1163 291
person 0.081770845 316 154 327 167
person 0.08159441 586 146 598 161
person 0.081580095 888 385 967 464
person 0.08152745 638 239 663 267
person 0.08088891 1083 235 1107 265
person 0.080805406 496 235 522 264
person 0.08059664 711 136 725 153
person 0.08032129 26 204 46 232
person 0.08020034 175 197 195 220
person 0.08004014 302 264 337 302
person 0.07963586 847 140 862 155
person 0.07890026 675 124 687 139
person 0.07813609 779 132 791 148
person 0.07724227 244 262 267 289
person 0.07703875 928 551 1011 633
person 0.076861456 998 289 1024 317
person 0.076758854 803 303 844 342
person 0.07659231 887 229 923 264
person 0.076160304 629 293 707 373
person 0.07586667 737 125 757 145
person 0.07584154 634 137 647 150
person 0.075560905 685 263 711 288
person 0.07521467 135 267 186 337
person 0.07401759 1093 542 1170 639
person 0.074008346 939 570 987 628
person 0.073947996 1110 430 1145 473
person 0.07374953 937 190 961 213
person 0.07308223 1012 264 1037 292
person 0.07302527 743 200 784 249
person 0.07278426 615 240 640 268
person 0.07207688 910 408 938 436
person 0.07154228 265 256 288 285
person 0.0712442 550 404 601 459
person 0.07120656 1025 416 1064 458
person 0.07110734 863 183 889 208
person 0.07089394 1041 229 1070 266
person 0.0708711 782 134 794 147
person 0.070724934 559 189 582 216
person 0.07069199 281 195 301 219
person 0.07032135 714 185 752 233
person 0.07017042 1268 307 1281 359
person 0.06931931 155 217 169 241
person 0.06924876 663 212 686 239
person 0.06924867 1128 186 1139 202
person 0.0692406 464 345 506 399
person 0.06876992 434 129 445 143
person 0.068750754 791 470 840 521
person 0.06866079 993 295 1045 367
person 0.068101324 850 318 891 357
person 0.067522794 807 258 833 283
person 0.06722374 1179 312 1202 340
person 0.066847995 521 164 533 182
person 0.06632109 1028 353 1065 394
person 0.06600434 581 156 593 172
person 0.065996826 628 125 645 146
person 0.06577541 650 120 669 141
person 0.06557452 593 199 633 249
person 0.06555614 846 130 859 142
person 0.06545853 998 297 1022 328
person 0.065106094 658 239 685 266
person 0.06489508 1134 282 1158 311
person 0.064739995 46 498 141 662
person 0.064612456 251 195 271 217
person 0.06449391 962 209 986 232
person 0.06438342 794 232 820 261
person 0.064347915 892 362 943 414
person 0.06433133 374 236 388 259
person 0.064181544 563 212 603 262
person 0.06344212 594 396 645 448
person 0.06314236 982 235 1005 259
person 0.06309861 422 205 435 229
person 0.06308209 640 211 653 234
person 0.062991 -1 630 8 733
person 0.062264964 726 201 740 224
person 0.06212929 957 234 990 267
person 0.06204759 394 191 415 218
person 0.06200863 616 187 641 212
person 0.06167177 241 224 279 275
person 0.061564475 721 406 767 460
person 0.061466187 803 338 865 405
person 0.061318357 0 669 8 769
person 0.061271947 124 250 155 286
person 0.060557187 1269 359 1281 417
person 0.06041121 74 496 104 524
person 0.060224693 736 237 761 264
person 0.059894957 575 122 594 143
person 0.05962824 219 141 236 163
person 0.058749724 -5 214 14 242
person 0.058635134 948 263 982 298
person 0.0585676 69 492 113 549
person 0.058196 761 259 786 284
person 0.05771174 170 235 194 262
person 0.057077233 26 163 60 219
person 0.056781482 1267 253 1281 302
person 0.056697793 1059 235 1083 264
person 0.056496516 699 140 714 164
person 0.056281764 695 214 721 242
person 0.056188762 113 193 151 245
person 0.05610879 983 261 1033 333
person 0.055440962 516 257 542 287
person 0.055381205 194 200 208 220
person 0.055287514 1273 207 1281 239
person 0.05516954 760 240 786 265
person 0.0551529 758 215 772 238
person 0.05506835 1094 194 1114 220
person 0.054940794 -5 -280 11 -251
person 0.05470728 1272 233 1280 264
person 0.054357853 684 190 698 212
person 0.054348994 996 407 1035 446
person 0.054156628 1107 329 1157 400
person 0.054072823 1018 184 1030 200
person 0.053794697 1177 286 1200 315
person 0.053703345 364 265 388 294
person 0.053654432 38 178 49 193
person 0.053577393 0 212 9 245
person 0.05342181 594 481 674 563
person 0.053320218 433 313 457 342
person 0.053188194 574 228 588 248
person 0.053176045 1233 244 1254 270
person 0.052818958 218 208 231 223
person 0.052591246 843 253 869 279
person 0.052388337 697 156 709 171
person 0.051560264 243 261 294 328
person 0.051548917 1268 -278 1281 -220
person 0.05152299 221 278 244 306
person 0.051357865 1104 350 1138 392
person 0.05131334 965 143 985 164
person 0.051166102 792 392 915 537
person 0.051060483 563 284 589 312
person 0.051030975 438 286 464 314
person 0.050665017 1256 -164 1287 -60
person 0.050067168 1270 463 1281 532
person 0.049700644 422 254 449 281
person 0.049588762 939 144 960 165
person 0.049417056 1119 219 1154 272
person 0.04933872 934 211 957 233
person 0.049291003 1205 616 1271 741
person 0.049154267 706 435 797 511
person 0.04914458 415 157 428 172
person 0.048957568 520 282 545 312
person 0.048805423 684 127 699 141
person 0.04841479 297 210 335 261
person 0.04831011 686 285 713 310
person 0.048294567 -1 -283 7 -250
person 0.04805364 571 418 665 498
person 0.047849733 57 382 77 407
person 0.04778534 1205 232 1217 248
person 0.04769961 341 255 365 283
person 0.047692996 1274 187 1281 220
person 0.047635276 568 327 596 354
person 0.047216184 955 131 985 164
person 0.04715483 -4 -269 22 -155
person 0.04707439 -5 -279 10 -271
person 0.047034238 392 287 415 314
person 0.046965417 1038 629 1119 728
person 0.04664427 566 315 592 342
person 0.046606045 2 538 17 629
person 0.04653627 817 146 835 159
person 0.046344098 807 163 821 179
person 0.046343423 1270 408 1281 472
person 0.04633752 644 159 656 175
person 0.046056006 1127 308 1151 338
person 0.04603422 68 234 89 261
person 0.045811754 362 151 373 165
person 0.045465138 1039 169 1058 192
person 0.0452908 860 211 885 237
person 0.04522151 156 196 176 219
person 0.0450019 44 174 62 196
person 0.04468149 1267 235 1284 262
person 0.044498198 444 192 466 217
person 0.04438063 799 -103 847 67
person 0.044346597 1184 238 1196 258
person 0.04424695 891 505 943 559
person 0.044184823 365 151 378 165
person 0.04407081 640 285 669 312
person 0.04396156 961 188 976 203
person 0.043742623 947 498 1000 552
person 0.043668423 104 207 126 235
person 0.043561388 749 348 798 402
person 0.043542407 1268 209 1285 237
person 0.043447442 677 356 715 394
person 0.043384556 784 225 837 298
person 0.043296617 1185 583 1279 776
person 0.043283157 740 281 765 306
person 0.043173928 736 -108 783 74
person 0.043108992 945 752 953 782
person 0.042902548 1078 197 1113 251
person 0.04280494 1080 502 1118 544
person 0.042331047 935 450 988 502
person 0.042231634 1255 -253 1288 -162
person 0.04217249 755 312 782 339
person 0.04208071 1035 185 1056 210
person 0.042033624 74 184 86 199
person 0.041905276 317 256 340 285
person 0.04160734 1 487 14 559
person 0.041485827 1085 272 1109 306
person 0.041453436 1031 243 1056 271
person 0.041269366 463 82 491 120
person 0.041217893 1065 216 1086 243
person 0.041068643 1104 280 1127 311
person 0.04100547 0 567 11 683
person 0.040913425 919 146 939 165
person 0.04074674 63 301 93 340
person 0.040694516 102 190 122 215
person 0.04067864 369 281 393 307
person 0.040648274 -6 478 12 505
person 0.040609922 1273 253 1281 285
person 0.040421665 653 323 682 348
person 0.04025939 982 264 1007 291
person 0.04018382 569 212 586 236
person 0.03998936 895 83 923 120
person 0.039985877 1042 492 1087 545
person 0.03990442 1152 206 1165 222
person 0.039787263 969 753 977 782
person 0.03968319 813 301 840 324
person 0.03950009 1050 465 1078 493
person 0.03948773 1 552 33 624
person 0.039288238 883 206 908 231
person 0.039247297 203 312 237 349
person 0.039102517 878 265 902 289
person 0.03908148 971 170 985 185
person 0.03885559 491 630 514 663
person 0.038850367 855 73 883 112
person 0.038478594 1148 205 1159 223
person 0.038441405 1269 189 1285 218
person 0.03840058 -6 500 13 528
person 0.038221143 490 169 505 187
person 0.038093206 694 208 749 280
person 0.037787985 103 323 138 364
person 0.037765313 577 125 591 139
person 0.037755802 241 213 255 228
person 0.03773377 741 454 795 508
person 0.037679415 199 263 224 288
person 0.03749221 1131 331 1156 361
person 0.03733951 819 120 839 140
person 0.037319195 297 192 310 211
person 0.03729462 1267 -280 1281 -271
person 0.037265673 1046 168 1076 205
person 0.037199803 72 175 90 196
person 0.037190747 66 385 84 408
person 0.037015837 -5 452 12 479
person 0.03681086 252 187 283 222
person 0.036803328 298 310 334 347
person 0.03678761 -5 355 10 389
person 0.036711633 -1 350 6 396
person 0.036705554 670 543 762 627
person 0.036700413 464 616 488 651
person 0.036666755 987 212 1001 235
person 0.03662096 788 481 882 565
person 0.03644479 -12 691 37 845
person 0.03633778 1270 844 1281 918
person 0.03626471 444 216 458 240
person 0.036214866 797 858 825 933
person 0.036053233 1054 280 1078 311
person 0.03604058 1266 -281 1284 -253
person 0.035903186 572 253 586 278
person 0.03557395 734 160 748 175
person 0.03556065 992 751 1000 781
person 0.035557233 0 475 7 508
person 0.035530858 -1 491 29 560
person 0.035489433 833 427 871 452
person 0.035453852 1268 255 1285 284
person 0.035401076 222 144 232 159
person 0.03533825 1168 519 1240 636
person 0.03525676 1006 334 1030 361
person 0.035180937 -1 260 10 311
person 0.035123073 1030 219 1051 245
person 0.035052676 416 85 441 120
person 0.035049316 1269 -234 1280 -167
person 0.035031773 517 239 531 263
person 0.03499664 1261 364 1284 408
person 0.03498166 808 216 822 241
person 0.034870334 959 337 980 377
person 0.034838893 174 263 198 288
person 0.034827713 880 157 919 210
person 0.034744993 206 195 245 247
person 0.034672067 0 -286 10 -223
person 0.034602262 1187 -262 1204 -213
person 0.03458972 366 156 378 171
person 0.03456939 -3 185 6 204
person 0.03439763 955 288 981 315
person 0.034311205 820 495 871 549
person 0.03425075 268 307 291 333
person 0.034133006 1262 223 1278 269
person 0.034127064 495 392 545 445
person 0.034125973 346 311 382 352
person 0.03399024 516 256 570 325
person 0.033912588 748 857 775 933
person 0.033859648 757 324 782 349
person 0.033772837 0 450 7 481
person 0.033732045 566 555 585 579
person 0.033686012 908 214 932 238
person 0.033638548 228 200 244 214
person 0.033621997 1270 132 1279 165
person 0.033591617 261 300 294 336
person 0.0334092 919 752 928 785
person 0.033350203 535 387 617 465
person 0.03329423 939 377 968 402
person 0.033262838 426 322 451 354
person 0.03307271 891 446 944 498
person 0.033028807 360 163 372 183
person 0.032994512 -3 -184 18 -47
person 0.03296828 512 329 540 358
person 0.032803386 640 255 697 325
person 0.032674145 408 151 421 166
person 0.032639347 53 -280 72 -260
person 0.032583762 591 311 616 336
person 0.032563612 968 733 978 754
person 0.03253976 983 355 1013 380
person 0.032526094 1226 254 1248 283
person 0.032270584 394 309 418 335
person 0.032253627 278 161 297 182
person 0.032204635 0 712 9 815
person 0.03218126 783 290 809 314
person 0.03213683 761 182 776 196
person 0.032101735 1126 518 1170 573
person 0.03201279 30 -280 46 -272
person 0.032002863 1083 329 1107 360
person 0.031889625 1082 398 1187 555
person 0.031760875 1097 179 1131 233
person 0.03175435 435 325 460 355
person 0.031729653 443 605 467 637
person 0.031618454 1270 799 1281 868
person 0.031592485 61 171 98 225
person 0.031585548 1027 289 1051 319
person 0.031556513 896 182 909 196
person 0.03140244 1072 507 1190 668
person 0.031369288 942 734 952 757
person 0.031215461 172 407 186 424
person 0.031154552 699 857 727 933
person 0.031008739 509 311 535 338
person 0.03089631 30 -280 49 -261
person 0.030790605 489 183 503 197
person 0.03074635 653 123 666 137
person 0.030737763 99 235 121 263
person 0.030287433 1013 229 1036 256
person 0.03027063 436 -101 484 75
person 0.030155178 723 -77 792 156
person 0.029939268 681 401 733 453
person 0.029921511 1017 751 1025 778
person 0.029911729 0 73 11 127
person 0.029875975 417 594 441 624
person 0.029875781 0 457 12 516
person 0.029838344 1086 609 1186 810
person 0.029797211 51 292 97 368
person 0.02977308 420 286 445 313
person 0.029737227 58 376 87 413
person 0.029706372 537 209 552 223
person 0.029585693 866 364 985 517
person 0.029581564 213 134 241 168
person 0.029570881 798 214 814 238
person 0.029531732 400 155 440 209
person 0.0294133 529 184 544 206
person 0.029399121 1132 233 1145 250
person 0.029387053 591 122 610 143
person 0.029347692 611 305 636 330
person 0.029341089 844 159 859 186
person 0.029325714 609 274 726 430
person 0.029161224 -1 138 6 172
person 0.02912964 1249 -89 1282 18
person 0.02909376 1139 491 1154 504
person 0.029074935 570 460 694 624
person 0.028961547 791 152 831 204
person 0.028945286 1266 180 1280 224
person 0.028853586 740 128 754 141
person 0.02879908 714 84 739 119
person 0.028727131 1193 220 1228 275
person 0.028446602 761 157 785 183
person 0.028436253 2 410 18 468
person 0.028419444 931 426 960 451
person 0.028407902 1064 160 1083 183
person 0.028400842 126 275 198 367
person 0.028370611 112 836 148 957
person 0.028369412 1234 317 1279 395
person 0.028313097 145 41 166 68
person 0.028291078 760 287 787 309
person 0.028277202 809 71 835 109
person 0.028248042 1205 226 1217 239
person 0.028218755 169 406 190 429
person 0.028212503 1035 548 1084 603
person 0.028202241 462 610 484 642
person 0.028122064 1142 -265 1159 -211
person 0.028110031 153 225 167 249
person 0.028069975 1185 451 1230 510
person 0.028025664 -1 128 11 177
person 0.027991349 783 130 795 142
person 0.027857393 1266 125 1280 172
person 0.027828678 395 252 409 277
person 0.027807131 410 230 462 301
person 0.027622126 1133 485 1159 507
person 0.027496792 50 186 66 201
person 0.02745454 537 165 577 217
person 0.027297031 938 524 1053 655
person 0.027246786 479 166 495 187
person 0.027222216 710 229 724 253
person 0.027149413 977 496 1004 523
person 0.02710584 569 351 601 382
person 0.02693223 689 316 715 340
person 0.026914766 53 -280 70 -272
person 0.026909348 1041 750 1050 777
person 0.026900768 911 243 936 266
person 0.02688487 1019 590 1134 747
person 0.026873117 1102 -271 1121 -210
person 0.026801078 1229 -280 1246 -272
person 0.026789991 242 308 267 335
person 0.026783323 645 403 698 456
person 0.026754957 933 239 959 261
person 0.026652321 630 129 642 141
person 0.026492668 713 271 826 428
person 0.026478013 1270 745 1281 825
person 0.026477695 985 185 1003 211
person 0.026454546 1268 506 1280 583
person 0.026442545 588 288 614 315
person 0.026440108 0 497 8 530
person 0.026426984 502 81 531 118
person 0.026348365 647 186 661 200
person 0.026328288 482 183 495 197
person 0.026326044 291 290 315 314
person 0.026210463 9 404 29 433
person 0.026186401 1031 309 1056 336
person 0.02610143 900 -263 934 -170
person 0.026064117 801 -264 833 -167
person 0.026029112 292 257 317 285
person 0.025998248 1046 -274 1065 -211
person 0.025932703 669 360 694 384
person 0.025873326 1211 278 1234 307
person 0.025645114 1195 223 1208 239
person 0.02563347 372 109 392 134
person 0.025566805 169 208 183 222
person 0.025536492 929 413 958 436
person 0.025469976 342 281 366 305
person 0.02543158 567 873 591 953
person 0.025234742 994 -274 1012 -211
person 0.02522012 596 913 623 996
person 0.025219351 813 872 837 954
person 0.02521008 1130 504 1155 526
person 0.025197236 1153 202 1164 216
person 0.025177069 958 158 997 210
person 0.025153713 645 912 672 996
person 0.025143696 1045 144 1062 166
person 0.025136098 911 171 928 185
person 0.02512819 1151 487 1254 680
person 0.025100697 616 873 640 953
person 0.025034953 994 134 1030 185
person 0.02502629 -7 807 17 952
person 0.025024112 858 243 873 265
person 0.024922565 468 168 507 220
person 0.024917321 1133 356 1155 385
person 0.024915218 282 197 299 212
person 0.024890244 694 912 721 997
person 0.024879377 991 736 1001 757
person 0.024876399 -5 141 10 170
person 0.02484338 747 161 789 213
person 0.02484204 976 476 1004 504
person 0.024830492 1191 858 1214 919
person 0.024805257 1060 183 1079 206
person 0.024758857 1270 683 1281 786
person 0.024715668 43 198 88 275
person 0.024687689 547 913 573 996
person 0.024666334 744 912 770 997
person 0.024659155 846 858 874 933
person 0.024611106 193 286 218 311
person 0.024578167 621 639 699 733
person 0.024520515 517 873 542 953
person 0.024476271 793 912 819 997
person 0.024457892 999 419 1112 559
person 0.024443943 117 365 148 402
person 0.02434589 465 313 490 343
person 0.024344735 368 84 395 121
person 0.024323696 600 858 629 933
person 0.02430042 1268 77 1280 127
person 0.024290174 -3 614 12 629
person 0.024235038 998 886 1038 992
person 0.024224203 1122 445 1150 474
person 0.024216482 862 872 887 954
person 0.02417265 842 912 869 997
person 0.024150917 1061 -279 1076 -271
person 0.02414594 1152 330 1176 358
person 0.024123203 414 347 449 390
person 0.024096098 891 912 918 997
person 0.024092678 447 94 471 120
person 0.024081787 990 912 1016 996
person 0.02407549 606 487 654 545
person 0.024071395 941 912 967 997
person 0.024049874 1269 -184 1281 -117
person 0.024045996 764 872 788 954
person 0.024028689 87 506 118 534
person 0.023993496 714 873 739 954
person 0.023943665 497 913 524 996
person 0.02391776 885 415 912 439
person 0.0239032 352 135 390 185
person 0.023880448 1010 212 1024 227
person 0.023873921 609 536 638 554
person 0.023858428 318 292 373 360
person 0.02385136 1002 -271 1037 -182
person 0.023845619 1039 913 1066 996
person 0.02382803 253 233 267 254
person 0.023803486 908 544 1029 706
person 0.023801833 863 160 883 182
person 0.023781562 -1 295 9 351
person 0.02376929 -4 462 21 506
person 0.023755964 272 435 358 524
person 0.023750149 8 389 26 417
person 0.023733642 706 -263 738 -164
person 0.023732668 284 181 321 232
person 0.023715613 138 613 217 818
person 0.023641406 1037 -280 1054 -255
person 0.0236155 1133 171 1150 197
person 0.02354089 258 281 272 305
person 0.0235394 1061 -280 1079 -255
person 0.02353341 59 280 90 320
person 0.02352624 1004 171 1041 224
person 0.023508618 -4 428 14 455
person 0.023491068 912 873 936 954
person 0.023483139 230 171 249 193
person 0.02347844 1036 -280 1052 -271
person 0.023469841 417 -262 450 -163
person 0.023442104 470 92 492 116
person 0.023357276 124 207 138 222
person 0.023289395 422 197 436 219
person 0.023268018 1229 -280 1248 -260
person 0.023264607 511 -264 543 -165
person 0.023154005 1085 -280 1101 -271
person 0.023140423 1012 -280 1030 -256
person 0.023131711 1260 414 1284 461
person 0.023093771 677 185 693 205
person 0.023061208 60 383 73 401
person 0.023050603 1084 310 1107 340
person 0.023028916 791 642 876 728
person 0.022958614 871 43 892 66
person 0.022939801 193 361 227 400
person 0.022934938 539 329 566 354
person 0.022923326 0 -268 9 -175
person 0.022917323 65 630 90 655
person 0.022885181 1102 877 1141 984
person 0.022875581 1088 912 1115 996
person 0.022864675 448 913 475 996
person 0.022854567 13 401 24 435
person 0.022840802 -1 106 6 144
person 0.022840148 515 636 536 666
person 0.022831352 1107 193 1119 210
person 0.022800704 665 873 690 954
person 0.022793192 1162 292 1176 317
person 0.022780837 502 858 530 934
person 0.02274918 828 -71 893 161
person 0.022747466 468 872 492 953
person 0.02274096 837 416 865 438
person 0.022647547 12 385 21 421
person 0.02264111 683 185 699 205
person 0.022539474 1038 460 1067 490
person 0.022531396 1086 -280 1103 -255
person 0.022484742 786 -181 816 -59
person 0.022475133 1039 472 1068 502
person 0.022424527 6 205 23 253
person 0.022234647 444 227 458 249
person 0.022180455 761 448 903 615
person 0.022075977 1006 353 1030 374
person 0.022008216 1011 80 1038 116
person 0.021994898 831 152 872 205
person 0.021991953 1011 -280 1027 -271
person 0.021976177 950 -273 969 -210
person 0.021966293 1049 462 1069 509
person 0.021964673 1268 283 1285 312
person 0.021952022 791 490 843 542
person 0.021950824 326 -260 359 -163
person 0.021877369 987 -280 1005 -257
person 0.021864893 399 912 426 997
person 0.02184118 536 304 561 332
person 0.021804053 884 240 910 264
person 0.021775879 752 209 768 234
person 0.021745885 70 386 81 402
person 0.021727448 1183 839 1219 943
person 0.021712946 1209 81 1226 108
person 0.02165313 1256 462 1284 530
person 0.021644961 807 225 821 249
person 0.021607153 66 647 97 670
person 0.021483604 1117 177 1150 232
person 0.021480653 925 235 981 308
person 0.021477781 254 198 269 211
person 0.021472743 117 630 187 738
person 0.021370303 365 214 384 229
person 0.021364037 961 873 985 954
person 0.021261204 219 307 244 332
person 0.021256456 671 752 680 775
person 0.021248592 907 420 939 450
person 0.021214949 968 147 982 160
person 0.02120179 579 357 612 384
person 0.02116582 619 120 655 173
person 0.021162782 1042 171 1055 186
person 0.021137685 210 82 239 120
person 0.021092106 1208 -280 1227 -260
person 0.021068411 546 386 692 542
person 0.021060063 1273 280 1281 313
person 0.021041516 940 357 969 384
person 0.021001969 1152 -69 1187 33
person 0.020981649 350 912 376 997
person 0.0209507 1014 736 1023 757
person 0.020944238 47 405 67 429
person 0.020937365 0 426 9 457
person 0.020917004 212 878 250 995
person 0.020913381 609 -263 641 -163
person 0.02091062 217 290 272 361
person 0.02090253 -5 109 10 140
person 0.020887781 915 404 935 449
person 0.0208539 1193 175 1221 212
person 0.020802138 1010 873 1034 954
person 0.020792399 67 852 91 932
person 0.020756323 70 554 114 613
person 0.020754851 837 128 876 180
person 0.020700196 463 335 488 362
person 0.02068587 1112 308 1136 340
person 0.020681122 1208 -280 1224 -272
person 0.020648587 49 43 69 71
person 0.020645685 1110 -280 1128 -256
person 0.02063887 419 872 443 954
person 0.02062519 1110 -280 1125 -271
person 0.020614427 714 285 741 307
person 0.02058332 319 282 342 307
person 0.02055784 1036 736 1046 755
person 0.020553503 688 336 715 359
person 0.020541556 904 -271 923 -210
person 0.020530686 152 291 171 334
person 0.02037029 77 401 106 436
person 0.02032706 1269 -138 1281 -68
person 0.020294089 1256 307 1287 370
person 0.020280356 -6 257 10 289
person 0.020247927 854 -271 872 -210
person 0.020234564 301 912 327 997
person 0.020175269 84 410 103 432
person 0.020140886 897 888 938 996
person 0.02013841 864 120 886 141
person 0.02008992 1059 874 1083 954
person 0.020082576 365 399 452 485
person 0.020015981 1268 306 1285 337
person 0.019994484 -1 253 5 293
person 0.019975536 452 858 480 934
person 0.01987913 1032 334 1056 359
person 0.019873379 1083 245 1132 320
person 0.019858748 922 149 936 162
person 0.01985382 943 579 1002 653
person 0.019813024 898 541 942 597
person 0.019779662 962 -280 980 -257
person 0.019772375 1176 429 1200 456
person 0.019732876 349 498 477 678
person 0.019715363 971 581 1015 640
person 0.019712493 384 268 493 432
person 0.019700473 1269 965 1277 1019
person 0.019699942 943 85 973 124
person 0.01969815 892 92 913 116
person 0.019687118 1268 405 1286 436
person 0.019683685 1186 815 1209 869
person 0.019649876 604 210 619 226
person 0.019645764 310 228 322 246
person 0.019644601 401 121 420 143
person 0.019636242 251 912 278 997
person 0.01961317 452 285 560 444
person 0.0196037 895 859 923 933
person 0.019598197 471 280 495 310
person 0.019577282 -10 -197 27 -31
person 0.019575758 1066 750 1074 776
person 0.019534813 120 870 156 993
person 0.019527882 403 858 431 934
person 0.019494921 70 519 112 551
person 0.019483674 642 507 788 656
person 0.019348215 1094 862 1118 923
person 0.019343205 420 122 457 176
person 0.019338872 202 912 229 997
person 0.019305404 987 -280 1003 -271
person 0.01919296 622 746 633 780
person 0.019178407 389 212 403 227
person 0.019148221 1044 862 1069 923
person 0.019135632 819 429 845 452
person 0.01912721 1191 192 1209 218
person 0.019095842 495 641 516 674
person 0.019087648 755 76 782 115
person 0.01907948 1066 776 1078 810
person 0.01903687 660 313 680 326
person 0.019023739 1017 775 1029 811
person 0.019011064 92 595 199 755
person 0.019010887 675 401 824 548
person 0.019001318 1056 302 1079 335
person 0.018964387 570 557 581 574
person 0.01888992 308 883 347 997
person 0.018889029 551 858 579 934
person 0.018888699 629 167 671 220
person 0.018878283 0 766 10 859
person 0.018859688 952 383 981 407
person 0.018847965 665 183 778 353
person 0.018813174 285 209 298 224
person 0.01880256 0 415 27 460
person 0.01878582 -1 640 18 729
person 0.018785626 219 -259 253 -163
person 0.018783905 855 417 881 438
person 0.018770061 661 82 689 117
person 0.018764455 669 456 720 512
person 0.01874205 1185 -222 1206 -165
person 0.018742042 450 616 471 650
person 0.018736316 376 99 394 122
person 0.018685644 941 147 957 160
person 0.018661397 0 864 15 964
person 0.01865909 1218 256 1229 273
person 0.018657459 -5 261 17 304
person 0.018576624 562 19 580 40
person 0.01853674 422 -71 493 160
person 0.018513774 179 427 199 452
person 0.018497925 965 210 983 225
person 0.01844228 345 231 359 246
person 0.0184359 -6 237 11 267
person 0.018432753 913 292 1021 455
person 0.018407423 0 274 6 315
person 0.018394584 119 245 160 298
person 0.018393135 1134 -280 1152 -257
person 0.018378401 1041 777 1054 811
person 0.018366905 351 -105 401 72
person 0.018347481 1103 562 1130 589
person 0.018336818 1108 874 1132 955
person 0.018333834 67 651 101 723
person 0.018323077 172 282 200 306
person 0.018264338 153 912 179 997
person 0.018241089 649 857 678 933
person 0.01822738 307 209 322 240
person 0.018223615 0 297 5 341
person 0.018137336 0 234 6 271
person 0.01809917 938 -280 956 -258
person 0.018067023 1137 912 1164 997
person 0.01802366 758 192 866 361
person 0.01800716 797 746 808 785
person 0.01799608 370 872 394 954
person 0.017937519 354 857 382 934
person 0.017928466 799 889 839 1000
person 0.017921189 417 623 443 658
person 0.017909383 -1 605 11 638
person 0.017899984 869 278 894 301
person 0.017893238 795 259 809 283
person 0.017888067 350 220 368 236
person 0.01780459 803 -271 821 -210
person 0.01775065 856 68 880 92
person 0.017731316 833 446 873 475
person 0.017730702 0 -246 6 -197
person 0.01764819 993 774 1004 810
person 0.017646588 0 -270 6 -224
person 0.017589124 125 -258 160 -160
person 0.017588621 762 606 900 755
person 0.01751703 1089 211 1102 228
person 0.017444855 646 748 658 781
person 0.017432583 715 576 797 667
person 0.017410552 151 255 164 280
person 0.01740132 1268 429 1286 461
person 0.017382482 1089 749 1101 776
person 0.017364515 655 126 694 178
person 0.017357422 1158 259 1172 281
person 0.017351704 508 172 552 224
person 0.017343203 596 602 716 751
person 0.017333202 1205 876 1243 988
person 0.01729311 -7 609 17 635
person 0.01727648 47 178 60 192
person 0.01727555 820 749 831 784
person 0.017241945 1118 172 1136 197
person 0.017240055 1199 472 1222 501
person 0.017239925 111 124 139 160
person 0.017232923 155 748 167 779
person 0.017221523 832 288 860 308
person 0.017210994 1118 552 1154 596
person 0.017188014 111 855 137 934
person 0.017096853 1272 498 1280 538
person 0.01709106 308 63 335 101
person 0.017088162 1134 -280 1150 -271
person 0.017075751 933 264 960 288
person 0.017057458 762 300 894 456
person 0.017054172 594 126 608 139
person 0.017046308 55 911 81 998
person 0.016999304 0 813 10 910
person 0.016949719 177 201 193 212
person 0.01690972 1041 123 1071 160
person 0.016908206 821 123 836 137
person 0.01689941 918 736 928 759
person 0.016848737 649 253 664 280
person 0.01683739 0 959 10 1015
person 0.016803544 617 560 632 574
person 0.016784633 199 436 222 463
person 0.016784562 191 624 285 823
person 0.016749218 1120 63 1137 89
person 0.016722947 516 645 539 678
person 0.016713627 1178 83 1196 110
person 0.016705817 252 61 279 98
person 0.016684156 53 238 75 264
person 0.016677555 1056 335 1080 360
person 0.016671393 526 99 545 121
person 0.016670126 1273 933 1280 986
person 0.016666204 962 -280 978 -271
person 0.016665408 987 526 1013 550
person 0.01665066 1087 162 1105 186
person 0.016590051 995 863 1020 923
person 0.01656989 1101 362 1125 392
person 0.016541561 1082 357 1106 382
person 0.016498912 590 463 647 519
person 0.01646179 1271 238 1280 254
person 0.01645705 1273 303 1281 339
person 0.01644428 108 254 213 420
person 0.016437588 913 -280 932 -258
person 0.016434304 253 168 272 190
person 0.016432509 797 754 806 776
person 0.016403003 1087 -180 1103 -128
person 0.016393112 1186 912 1213 997
person 0.016389899 960 313 988 340
person 0.016379839 617 276 631 299
person 0.016379116 688 548 812 726
person 0.01637506 367 306 391 331
person 0.01637486 1272 475 1280 513
person 0.016333645 1274 691 1281 735
person 0.016317694 241 401 321 493
person 0.016316416 987 559 1019 585
person 0.016284868 459 40 479 60
person 0.016267715 225 -280 243 -256
person 0.016251834 596 542 610 557
person 0.016243268 611 211 627 228
person 0.016239863 473 94 488 111
person 0.016231202 757 210 773 230
person 0.016219618 250 -280 268 -256
person 0.016166087 946 863 971 923
person 0.01616256 576 343 596 386
person 0.016124366 274 -280 293 -257
person 0.016102588 204 746 215 779
person 0.016086059 861 93 885 118
person 0.016085273 696 751 705 775
person 0.016083319 58 625 80 652
person 0.016081953 398 595 424 628
person 0.016060855 765 -87 785 -58
person 0.016055048 598 745 609 780
person 0.01604958 280 164 294 178
person 0.016040327 200 -280 219 -257
person 0.01601201 1273 159 1281 192
person 0.016005963 1272 213 1281 229
person 0.015984895 299 -280 317 -257
person 0.015974015 1039 -183 1055 -131
person 0.01595141 1209 190 1228 217
person 0.015941983 320 872 344 954
person 0.015910475 1184 -170 1205 -115
person 0.015853753 443 252 456 277
person 0.015834605 1033 426 1059 453
person 0.015825268 323 -280 342 -257
person 0.015805867 738 310 766 334
person 0.015800096 305 857 332 935
person 0.01578554 104 911 130 999
person 0.015752444 523 -69 592 165
person 0.015712438 1016 81 1034 107
person 0.01570878 888 -187 920 -73
person 0.015696635 291 309 314 333
person 0.015695464 348 -280 367 -257
person 0.015687525 932 288 959 313
person 0.0156058865 71 -103 101 18
person 0.015599537 373 -280 391 -257
person 0.015590276 838 64 862 88
person 0.015567979 417 582 440 613
person 0.015559132 1268 379 1285 411
person 0.015554304 1183 313 1197 337
person 0.015533859 397 -280 416 -257
person 0.015510774 152 618 179 649
person 0.015505233 176 -280 194 -257
person 0.015502381 984 -176 1017 -70
person 0.01549846 1158 -280 1177 -258
person 0.015493615 573 747 585 780
person 0.01548486 787 190 808 206
person 0.015484124 405 885 444 999
person 0.015479461 647 774 660 810
person 0.015454743 422 -280 440 -257
person 0.015442832 1065 137 1084 162
person 0.0154387215 1042 260 1056 287
person 0.015437702 -5 302 10 335
person 0.015411023 688 92 785 278
person 0.015410235 80 -267 94 -211
person 0.015410199 889 -280 908 -258
person 0.0153660495 586 338 614 362
person 0.0153444195 1273 402 1281 438
person 0.015344075 849 239 864 263
person 0.015338478 447 -280 465 -257
person 0.0153360795 390 332 414 356
person 0.015330549 622 262 639 288
person 0.015314068 980 640 1094 816
person 0.0153127145 1216 59 1232 85
person 0.0153095955 0 523 26 551
person 0.015304715 661 650 690 682
person 0.015284808 107 165 125 186
person 0.015275709 1202 218 1245 299
person 0.015268353 1122 436 1151 465
person 0.015258017 548 747 560 779
person 0.015248665 941 263 988 315
person 0.015247526 1270 137 1277 157
person 0.015236625 1271 870 1281 961
person 0.015235789 471 -280 490 -257
person 0.015225813 1066 68 1085 92
person 0.0152246095 968 774 980 809
person 0.015193465 1219 626 1297 852
person 0.015188264 215 256 259 308
person 0.015173793 1190 537 1211 563
person 0.015167688 319 309 342 335
person 0.015130558 722 750 731 778
person 0.015127347 1107 -268 1145 -180
person 0.015111959 496 -280 514 -257
person 0.015081961 358 560 459 756
person 0.015077945 557 78 586 113
person 0.015050014 130 -189 145 -123
person 0.015007126 1207 874 1230 958
person 0.015002801 205 93 226 116
person 0.0149974385 520 -280 539 -257
person 0.014983489 -1 482 7 498
person 0.014977728 484 356 511 381
person 0.014964555 877 134 916 185
person 0.014961696 0 -223 6 -172
person 0.01495783 1095 262 1108 291
person 0.014956678 1065 513 1079 526
person 0.014946011 1132 401 1158 427
person 0.014942024 1273 720 1280 764
person 0.014939632 771 120 811 174
person 0.014913655 545 -280 564 -257
person 0.014901239 314 508 334 538
person 0.014879696 616 -58 690 172
person 0.014871424 1090 734 1099 750
person 0.0148605015 909 455 936 476
person 0.014858232 570 -280 588 -257
person 0.014853774 1234 673 1292 820
person 0.01484743 998 560 1025 583
person 0.014845444 1272 83 1280 118
person 0.014817171 1060 82 1086 120
person 0.014814518 1108 569 1139 599
person 0.01480062 685 132 724 183
person 0.014794098 843 419 867 473
person 0.014787541 594 -280 613 -257
person 0.014779747 921 772 932 808
person 0.014769877 390 356 411 382
person 0.014761804 1058 504 1085 525
person 0.014731167 151 -280 170 -257
person 0.014726765 814 193 830 210
person 0.014707834 154 212 170 232
person 0.01470014 1143 861 1167 923
person 0.014694449 223 101 268 182
person 0.014692917 619 -280 637 -257
person 0.014682372 247 409 384 564
person 0.014676034 1079 377 1101 405
person 0.014673504 864 -280 883 -258
person 0.014634128 1092 121 1121 158
person 0.014627246 738 255 750 278
person 0.014623027 508 364 635 525
person 0.014555524 605 214 727 372
person 0.014550552 1105 378 1131 406
person 0.014537825 937 -280 954 -271
person 0.014524872 77 -280 96 -259
person 0.014514802 1093 -262 1102 -220
person 0.014508261 218 98 239 119
person 0.014501528 1130 -197 1165 -99
person 0.014498626 1135 533 1160 558
person 0.014498515 756 -272 774 -211
person 0.014484999 643 -280 662 -257
person 0.014481159 72 -136 95 -56
person 0.014480356 739 329 767 355
person 0.014458495 19 513 43 538
person 0.014434103 96 414 129 451
person 0.014432698 708 637 813 824
person 0.014425097 740 122 782 175
person 0.014419858 167 -274 185 -213
person 0.014415941 956 222 1064 373
person 0.014412303 -4 -283 16 -199
person 0.014398445 86 521 119 549
person 0.014350264 668 262 683 287
person 0.014338958 159 81 189 119
person 0.014328912 271 872 295 955
person 0.014326192 127 -268 141 -212
person 0.014321068 668 -280 687 -257
person 0.014298545 70 259 94 287
person 0.014270701 697 743 714 808
person 0.014257419 873 31 888 86
person 0.014248623 698 122 765 255
person 0.0142465 1273 193 1281 210
person 0.014246332 30 208 43 225
person 0.014243326 472 351 498 379
person 0.014233614 1260 -280 1284 -208
person 0.014198592 129 799 145 869
person 0.014160952 497 -104 549 82
person 0.0141462935 322 185 337 204
person 0.014144591 305 353 339 393
person 0.01412242 524 746 535 779
person 0.014112167 126 -280 145 -258
person 0.014108757 840 -280 859 -258
person 0.014095021 489 265 504 292
person 0.014086436 270 236 284 257
person 0.014040888 333 -46 407 173
person 0.014035483 982 336 1011 364
person 0.0140284635 1240 109 1277 198
person 0.014017592 803 481 828 504
person 0.01399586 1262 842 1282 926
person 0.013994524 790 -88 810 -58
person 0.013983901 708 314 733 334
person 0.013982658 1158 -280 1174 -271
person 0.013982284 446 395 492 452
person 0.013979687 890 118 910 140
person 0.0139691215 913 184 932 198
person 0.013958834 693 -280 711 -257
person 0.013919745 566 132 605 183
person 0.013919031 255 857 283 935
person 0.013917185 79 740 95 824
person 0.013905786 858 251 876 276
person 0.013887268 739 -86 760 -58
person 0.013881868 848 427 880 451
person 0.013867997 547 623 571 657
person 0.013846989 830 482 858 504
person 0.013832685 0 587 25 667
person 0.0138003025 345 111 390 197
person 0.013793478 1183 -280 1199 -271
person 0.013783473 1272 523 1280 565
person 0.013782157 268 284 283 307
person 0.0137797585 296 266 343 317
person 0.0137720425 635 355 662 378
person 0.01377124 1191 -122 1207 -68
person 0.013758331 831 528 855 549
person 0.013750628 206 857 234 935
person 0.01375044 1134 506 1150 520
person 0.013749586 589 381 619 403
person 0.0137429675 399 574 420 603
person 0.013727812 831 501 858 522
person 0.0137217445 1272 744 1280 787
person 0.013717493 622 774 635 810
person 0.013705512 1183 -280 1202 -260
person 0.0136988545 717 -280 736 -257
person 0.013697972 1044 -263 1054 -220
person 0.013668422 671 281 688 293
person 0.013653176 816 -280 834 -258
person 0.013643937 791 -280 810 -258
person 0.01363098 452 40 473 61
person 0.013603606 1186 531 1218 570
person 0.013601789 847 -240 863 -178
person 0.013590068 1245 -178 1292 -38
person 0.013589793 1006 506 1033 530
person 0.013586432 485 376 512 399
person 0.013583012 0 -22 6 25
person 0.013572609 1273 376 1281 413
person 0.013571983 302 484 426 672
person 0.0135686705 139 392 224 490
person 0.013566583 1158 455 1186 480
person 0.013563955 1030 359 1053 383
person 0.013546866 766 -280 785 -258
person 0.013539318 1068 -263 1078 -220
person 0.013500574 608 365 634 387
person 0.013497057 229 747 240 778
person 0.01349321 -4 -265 10 -230
person 0.013471311 343 308 367 332
person 0.013448087 1015 116 1035 141
person 0.013437506 406 392 450 450
person 0.013435274 1130 72 1150 97
person 0.013433953 742 -280 761 -257
person 0.013422791 150 520 172 551
person 0.0134221595 839 -111 857 -79
person 0.013419791 222 872 246 955
person 0.013415354 179 746 191 779
person 0.013407809 1073 838 1160 1014
person 0.0133842705 75 465 99 490
person 0.013383225 394 236 409 259
person 0.01337649 944 773 955 808
person 0.013371017 275 484 293 515
person 0.013367173 683 643 707 672
person 0.013357479 1117 -262 1127 -220
person 0.013353821 1268 478 1284 511
person 0.013331994 528 102 541 117
person 0.01332101 1019 -263 1030 -220
person 0.0133150695 820 285 835 310
person 0.013312677 608 81 636 115
person 0.0133112995 1090 775 1103 810
person 0.013301559 0 -198 6 -147
person 0.013300751 913 -280 929 -271
person 0.013280091 377 746 388 778
person 0.0132683925 715 -212 746 -91
person 0.013246404 935 456 960 478
person 0.013242988 912 256 939 279
person 0.013233721 601 890 640 1002
person 0.013215489 672 772 685 809
person 0.013213474 517 362 542 385
person 0.013213102 1000 826 1056 948
person 0.013210085 344 375 474 535
person 0.013206773 1272 -240 1280 -195
person 0.013194779 196 430 226 471
person 0.013187927 -1 -216 15 -118
person 0.01318357 620 502 674 558
person 0.013132989 183 429 194 448
person 0.013117567 253 747 265 779
person 0.013112927 728 675 798 786
person 0.013106849 1253 510 1283 581
person 0.013097267 695 802 719 865
person 0.013087077 428 96 448 120
person 0.013071479 564 625 592 660
person 0.013063522 1181 405 1206 431
person 0.013055852 147 385 163 403
person 0.013053168 54 259 77 288
person 0.013043189 814 -111 832 -80
person 0.013034635 778 85 873 273
person 0.013029206 353 120 373 144
person 0.013001415 981 464 1006 487
person 0.012986855 971 834 1059 1016
person 0.012969721 448 63 471 87
person 0.012962221 892 748 902 777
person 0.01295272 -1 329 5 372
person 0.012939777 -1 79 6 116
person 0.01293353 510 613 605 825
person 0.012921957 960 269 1069 437
person 0.012917001 -5 82 10 113
person 0.012906099 503 888 542 1002
person 0.0128954 130 379 150 400
person 0.012858965 75 180 87 191
person 0.012852884 913 94 935 117
person 0.012848843 115 84 143 123
person 0.012842723 48 647 76 675
person 0.012841823 790 -110 808 -79
person 0.012820212 880 291 907 313
person 0.012767648 672 90 690 116
person 0.012767538 972 569 1015 598
person 0.012754108 600 568 615 584
person 0.0127530815 659 630 685 663
person 0.012750145 192 414 207 431
person 0.012730796 819 306 834 318
person 0.01271481 674 735 683 752
person 0.012713237 982 386 1008 408
person 0.012711045 1263 881 1282 975
person 0.012688894 72 871 94 957
person 0.012685346 1268 161 1285 191
person 0.012683335 207 219 323 372
person 0.01267379 1273 426 1281 462
person 0.012667329 255 66 274 88
person 0.012664168 463 653 483 686
person 0.012662088 700 889 739 1002
person 0.012650117 806 210 825 230
person 0.0126268985 1096 199 1111 212
person 0.012617735 594 173 638 226
person 0.012609344 1261 -189 1282 -109
person 0.01260361 0 786 6 836
person 0.0125875855 128 743 143 822
person 0.012587212 369 184 384 199
person 0.012585666 1272 259 1280 276
person 0.012585547 566 22 576 37
person 0.012585405 892 -240 914 -175
person 0.012570232 141 552 162 583
person 0.012564983 131 750 142 779
person 0.012562606 799 -240 814 -180
person 0.012551083 335 214 410 311
person 0.012546155 440 116 480 169
person 0.012528745 595 76 691 263
person 0.012527685 133 380 145 397
person 0.012524146 1268 455 1286 486
person 0.01249856 1190 768 1207 825
person 0.012490747 508 799 567 918
person 0.012488953 1147 383 1238 549
person 0.012478595 -4 -239 10 -205
person 0.012450907 814 258 826 284
person 0.012448211 703 -273 721 -212
person 0.012446282 -1 30 6 70
person 0.012443476 -1 54 6 93
person 0.012440341 0 -173 6 -123
person 0.012434068 644 561 659 574
person 0.012428372 327 745 339 779
person 0.012421826 715 -86 735 -57
person 0.012412522 1181 -270 1208 -202
person 0.012386043 867 123 883 138
person 0.012379865 495 406 511 420
person 0.012377523 889 -280 905 -271
person 0.012368888 418 380 443 404
person 0.012361876 498 98 519 120
person 0.012354723 817 21 829 37
person 0.012344754 667 376 695 400
person 0.012339854 768 257 780 283
person 0.012322699 372 357 394 384
person 0.012308951 863 -111 881 -79
person 0.012299031 872 771 883 812
person 0.012297926 1066 736 1076 754
person 0.0122953355 516 381 543 404
person 0.012279342 1232 216 1251 243
person 0.012264082 276 145 297 168
person 0.012236814 656 674 682 705
person 0.012232953 69 117 97 156
person 0.012228799 1114 749 1126 776
person 0.012207138 150 411 172 434
person 0.0122000845 890 73 928 130
person 0.012193679 1057 433 1083 460
person 0.012172934 102 -280 121 -259
person 0.0121648405 1095 -120 1114 -65
person 0.012129485 1146 -232 1164 -168
person 0.012126801 74 -188 95 -105
person 0.012125298 499 746 511 778
person 0.012121568 52 368 92 425
person 0.01211731 200 490 330 677
person 0.012106196 255 127 286 159
person 0.012105979 760 654 884 836
person 0.012100048 1048 147 1059 162
person 0.0120822275 513 612 534 642
person 0.012071263 1029 410 1053 435
person 0.012061584 71 571 113 601
person 0.012060327 597 773 610 809
person 0.012044231 836 432 869 442
person 0.012032952 1158 874 1181 957
person 0.012032465 0 811 7 860
person 0.012026112 881 227 930 278
person 0.012005653 915 410 936 421
person 0.011987094 0 -171 10 -75
person 0.011971832 981 489 999 532
person 0.011971421 1062 118 1082 143
person 0.011967343 278 746 290 778
person 0.0119601 571 772 584 809
person 0.011956737 1272 -216 1280 -170
person 0.011956641 1174 448 1201 473
person 0.011952569 352 746 363 779
person 0.01194385 871 751 882 788
person 0.011936693 118 622 146 648
person 0.011923996 542 260 558 283
person 0.011900486 127 -239 142 -172
person 0.011899191 1123 65 1132 84
person 0.011898243 401 742 426 826
person 0.011889782 1078 510 1105 530
person 0.011885843 959 391 976 404
person 0.011883508 1149 127 1177 164
person 0.011867482 475 745 486 779
person 0.011865605 710 140 757 232
person 0.011864944 567 391 586 404
person 0.011856506 443 212 460 231
person 0.011855707 869 833 959 1015
person 0.011851183 1272 -191 1280 -145
person 0.01182114 188 412 211 436
person 0.011803377 0 4 6 48
person 0.011798617 458 71 496 129
person 0.011796533 197 871 218 903
person 0.011795882 1228 1 1263 100
person 0.011795683 864 -280 881 -271
person 0.011794371 0 762 6 811
person 0.011786382 797 723 808 760
person 0.011784382 1273 107 1281 141
person 0.011782989 222 871 242 903
person 0.01177042 87 410 98 428
person 0.011770053 401 747 413 779
person 0.011756434 1186 327 1200 353
person 0.011752922 345 352 367 378
person 0.011752069 1255 252 1286 314
person 0.011744279 -1 645 6 685
person 0.011737734 130 163 149 185
person 0.011733697 449 744 474 825
person 0.01173283 0 -148 6 -99
person 0.0117323045 1199 462 1225 489
person 0.0117125 1272 769 1280 812
person 0.011707119 -1 627 6 663
person 0.011704079 775 755 784 777
person 0.011686211 955 436 980 456
person 0.011676116 173 872 197 956
person 0.011674432 0 932 6 987
person 0.011672204 185 184 225 236
person 0.011645727 1142 -86 1194 54
person 0.01164477 1155 244 1169 262
person 0.011641879 -1 504 8 521
person 0.011638489 989 -184 1004 -130
person 0.011633575 836 531 851 544
person 0.011632544 500 739 519 823
person 0.0116175655 270 329 293 356
person 0.011614259 30 236 51 265
person 0.011612567 835 487 854 500
person 0.011606171 72 483 107 519
person 0.011602293 989 751 1005 786
person 0.011584662 1273 548 1281 589
person 0.011580129 835 504 853 518
person 0.011550357 247 871 267 903
person 0.011549051 482 213 604 373
person 0.011536058 850 64 888 122
person 0.0115159415 1011 357 1025 369
person 0.011512201 343 336 366 361
person 0.011498063 347 741 373 823
person 0.011487548 1273 55 1281 93
person 0.01148258 35 140 77 227
person 0.011468722 18 411 41 438
person 0.011456235 945 -242 961 -178
person 0.01145469 -6 650 10 681
person 0.0114476625 175 46 196 69
person 0.011446259 1273 0 1281 43
person 0.011436929 1012 823 1029 855
person 0.011430483 489 613 509 643
person 0.011427654 187 835 270 1025
person 0.011408515 807 409 836 431
person 0.011403058 1273 34 1280 73
person 0.011394331 -6 58 10 88
person 0.011387818 299 738 324 819
person 0.011380112 901 825 955 948
person 0.011377537 690 -86 710 -57
person 0.011365636 420 -86 440 -57
person 0.011353126 1092 828 1149 947
person 0.01133426 1100 604 1130 631
person 0.011330803 0 -48 6 1
person 0.011329419 654 -273 671 -213
person 0.01132638 55 888 74 923
person 0.011320545 882 430 910 453
person 0.011315237 1138 748 1151 776
person 0.011302766 426 746 438 779
person 0.011299511 77 -280 93 -272
person 0.011280493 -3 557 21 584
person 0.011275357 1101 811 1120 865
person 0.011269432 625 462 682 517
person 0.01126652 395 -86 416 -57
person 0.011260907 966 752 982 787
person 0.011249433 840 -280 856 -271
person 0.011245663 46 509 72 531
person 0.011237047 897 772 908 810
person 0.011234429 1076 70 1095 95
person 0.0112331575 311 819 358 956
person 0.0112256445 1270 -98 1281 -21
person 0.011219799 1038 749 1054 783
person 0.011218068 690 523 745 576
person 0.011199121 606 799 666 913
person 0.011189959 138 650 171 677
person 0.011189337 1267 355 1285 388
person 0.011188022 936 -185 958 -125
person 0.011187723 788 802 812 864
person 0.011186151 271 870 292 903
person 0.011176698 1210 311 1232 338
person 0.0111754695 302 745 314 779
person 0.011175164 813 328 841 352
person 0.011168722 322 122 343 146
person 0.011159462 1085 511 1101 523
person 0.011154354 643 823 660 856
person 0.011149506 1212 83 1221 103
person 0.011140388 801 128 847 219
person 0.011139097 -2 396 65 507
person 0.011128886 1192 129 1220 168
person 0.011122543 994 -263 1005 -220
person 0.011120246 1236 246 1250 263
person 0.011116435 124 871 147 956
person 0.011107747 73 212 87 226
person 0.011105076 71 608 99 630
person 0.0110990135 601 260 616 284
person 0.011098024 753 185 767 201
person 0.01109701 938 733 957 762
person 0.011093589 0 -124 7 -74
person 0.011091135 1014 748 1029 783
person 0.011068152 206 825 255 955
person 0.011066142 778 -191 823 -26
person 0.011065098 589 584 615 613
person 0.011061671 173 871 193 903
person 0.011055236 1272 -166 1280 -121
person 0.011051843 888 -111 906 -79
person 0.011051092 551 100 564 115
person 0.01104472 160 125 189 160
person 0.011041169 371 -86 391 -57
person 0.01103794 1037 823 1053 857
person 0.01101794 116 369 241 540
person 0.011015263 765 -110 783 -79
person 0.0110124955 1274 912 1281 962
person 0.011002399 158 856 184 935
person 0.010994459 49 490 72 513
person 0.010991514 317 332 339 358
person 0.010991275 0 -99 6 -50
person 0.010991203 450 745 462 779
person 0.01097732 372 529 459 634
person 0.010970959 547 773 560 809
person 0.010968739 867 489 882 501
person 0.010958048 0 738 7 786
person 0.010948062 296 870 316 903
person 0.010943086 0 835 7 885
person 0.010942962 95 261 118 287
person 0.0109420335 776 744 787 789
person 0.01093428 667 823 684 856
person 0.010932321 548 97 568 118
person 0.010922627 815 -89 836 -58
person 0.010906705 845 91 865 116
person 0.010904807 155 -186 170 -132
person 0.010901469 595 822 611 857
person 0.010872087 1000 677 1081 793
person 0.010868085 28 458 50 485
person 0.01086278 1235 -99 1287 43
person 0.010858385 675 363 689 376
person 0.010856761 662 311 678 335
person 0.010840085 436 587 457 614
person 0.010832833 224 -280 241 -271
person 0.010827499 833 390 862 414
person 0.0108255185 0 688 6 736
person 0.010824114 815 -280 832 -271
person 0.01081949 604 -274 620 -213
person 0.010810772 1272 -142 1280 -96
person 0.010807228 249 -280 266 -271
person 0.010781708 1165 68 1182 93
person 0.010765974 619 822 635 857
person 0.010765126 69 557 111 581
person 0.01076278 0 860 7 908
person 0.010762709 1096 -246 1113 -184
person 0.01075563 793 23 805 39
person 0.010749898 274 -280 290 -271
person 0.01074569 1273 452 1281 488
person 0.010741414 838 42 860 64
person 0.010736539 1069 234 1141 338
person 0.010729648 515 237 533 253
person 0.010724721 96 836 175 1031
person 0.010720709 691 823 709 854
person 0.0107034175 199 736 225 815
person 0.010702281 175 123 188 142
person 0.010698728 200 -280 216 -271
person 0.010684132 715 253 730 277
person 0.0106800245 911 480 936 499
person 0.01067736 1181 83 1192 104
person 0.010674322 300 134 339 185
person 0.010671248 285 618 378 827
person 0.010670366 1108 477 1137 500
person 0.010662582 35 -4 69 92
person 0.010659443 298 -280 315 -271
person 0.010654752 886 -191 910 -113
person 0.010654531 666 -86 685 -57
person 0.01064725 321 525 341 561
person 0.010645784 593 -110 611 -78
person 0.010634124 546 822 562 858
person 0.010633095 321 870 341 903
person 0.010612233 569 -109 587 -78
person 0.010606406 910 391 936 414
person 0.010594828 53 466 77 490
person 0.010593145 -6 35 10 65
person 0.01059126 805 499 828 520
person 0.010582061 206 -189 220 -135
person 0.01058205 0 -74 6 -24
person 0.010577942 1137 -272 1162 -200
person 0.010567746 471 378 496 402
person 0.010565941 570 822 586 858
person 0.010564097 323 -280 339 -271
person 0.010559787 416 356 441 382
person 0.010559717 497 823 513 858
person 0.010550424 444 -86 465 -57
person 0.010545194 1272 793 1280 837
person 0.010537724 671 276 686 299
person 0.010532097 791 -280 807 -271
person 0.010531972 369 334 393 360
person 0.010523772 1128 -7 1166 85
person 0.010523062 93 486 118 510
person 0.010521483 179 164 198 186
person 0.010520232 920 775 929 799
person 0.01051024 522 822 537 858
person 0.010510081 606 95 674 225
person 0.010508311 320 217 339 237
person 0.010503136 987 823 1004 854
person 0.010484094 348 -280 364 -271
person 0.010482007 618 -109 636 -78
person 0.010458954 544 -109 562 -78
person 0.01045522 162 628 187 659
person 0.010454242 406 796 463 920
person 0.010453276 554 -274 571 -213
person 0.01044868 885 391 910 415
person 0.010441912 1214 728 1224 750
person 0.010440524 940 344 966 367
person 0.01043805 -6 631 11 658
person 0.010435544 1048 -126 1067 -70
person 0.010429504 372 -280 389 -271
person 0.010428273 1083 625 1115 655
person 0.01042478 679 475 708 497
person 0.010418117 -14 384 90 550
person 0.010413787 80 -233 94 -165
person 0.010413783 26 940 44 978
person 0.010401995 175 -280 192 -271
person 0.010400213 154 734 182 814
person 0.010395846 372 568 392 603
person 0.0103926975 397 -280 413 -271
person 0.010392162 0 664 6 712
person 0.010391163 209 -275 227 -215
person 0.010390227 1260 691 1282 778
person 0.010385877 891 199 1011 369
person 0.010383428 937 212 954 226
person 0.010373471 1226 287 1248 315
person 0.010366646 345 870 366 903
person 0.010365906 54 864 72 900
person 0.0103595685 502 236 517 260
person 0.010349069 421 -280 438 -271
person 0.010329489 282 833 367 1022
person 0.010324567 216 384 341 553
person 0.010320138 345 -219 377 -102
person 0.01031467 766 -280 782 -271
person 0.010306068 398 -215 429 -91
person 0.010292726 446 -280 462 -271
person 0.010289573 472 823 488 858
person 0.010286345 995 -250 1012 -187
person 0.010277004 470 241 489 257
person 0.010265637 620 110 666 198
person 0.010264586 471 -280 487 -271
person 0.010263471 61 745 73 777
person 0.010242818 1272 -117 1280 -72
person 0.010239846 844 664 961 833
person 0.010227477 -4 867 11 900
person 0.0102256145 505 803 529 865
person 0.0102229845 495 -280 512 -271
person 0.010221721 845 748 856 784
person 0.010221386 346 -86 366 -56
person 0.010217789 1134 73 1146 92
person 0.010203876 -5 334 9 366
person 0.010197468 644 16 663 39
person 0.0101955375 447 606 465 621
person 0.010190352 964 712 978 730
person 0.010181746 520 -280 536 -271
person 0.010180925 125 105 171 188
person 0.010179421 520 -109 538 -78
person 0.010177686 943 752 958 787
person 0.010175971 847 448 881 473
person 0.010167897 499 117 540 170
person 0.010156025 28 194 97 297
person 0.010155483 1062 822 1078 858
person 0.010146184 544 -280 561 -271
person 0.010145777 491 76 585 264
person 0.010132917 197 590 311 765
person 0.010131004 1273 890 1281 936
person 0.010129236 569 -280 586 -271
person 0.010123538 611 -109 664 86
person 0.010118073 943 -261 957 -221
person 0.010115853 594 -280 610 -271
person 0.010112792 887 871 908 901
person 0.0101058725 1261 743 1282 825
person 0.010101318 392 379 415 403
person 0.010100733 370 870 390 903
person 0.010099388 750 -241 764 -182
person 0.010092311 618 -280 635 -271
person 0.010083845 956 677 974 691
person 0.010072004 504 -274 521 -214
person 0.010054513 410 72 445 130
person 0.010047453 703 796 765 911
person 0.010044978 645 532 669 546
person 0.010043798 522 773 535 809
person 0.010038655 667 -280 684 -271
person 0.010037271 643 -280 659 -271
person 0.010029641 863 823 880 853
person 0.010019562 495 -109 513 -78
person 0.01001811 741 -280 758 -271
person 0.010015358 838 823 856 853
person 0.010012186 983 210 1028 262
person 0.0100050755 469 -86 490 -57
