person 0.7840519 1012 283 1041 325
person 0.76372236 482 322 524 376
person 0.7635543 400 236 427 275
person 0.759779 982 319 1014 364
person 0.7577154 222 197 242 223
person 0.75024873 893 170 914 197
person 0.74886346 102 207 121 237
person 0.7480441 435 298 468 340
person 0.7434229 575 145 593 169
person 0.7428093 743 120 760 145
person 0.7425319 611 145 629 169
person 0.7388995 620 254 651 293
person 0.738154 1085 266 1112 304
person 0.7348461 1052 345 1083 389
person 0.73428893 642 297 683 350
person 0.7280054 133 214 153 245
person 0.7272432 543 340 586 396
person 0.72428566 259 180 278 204
person 0.717522 754 171 776 199
person 0.712707 519 231 547 267
person 0.7004635 635 129 652 153
person 0.69902116 709 192 732 220
person 0.6974641 1186 241 1206 269
person 0.69729924 1144 194 1162 222
person 0.6923124 717 160 737 187
person 0.6898296 979 162 997 186
person 0.6886692 931 152 951 177
person 0.68729496 303 159 321 182
person 0.6833127 954 143 971 166
person 0.6832404 710 113 727 136
person 0.6829472 1070 217 1090 247
person 0.6812794 641 210 665 242
person 0.6806466 609 204 632 233
person 0.6786859 526 283 559 324
person 0.67709684 303 218 324 248
person 0.67580825 861 176 882 205
person 0.6705547 1109 189 1127 218
person 0.6673378 806 158 826 184
person 0.664633 362 230 389 266
person 0.6621261 1008 148 1024 170
person 0.6592468 1169 183 1187 210
person 0.6580626 816 176 838 204
person 0.65173674 667 120 683 142
person 0.6489845 942 177 963 204
person 0.6488776 637 177 659 204
person 0.64699125 679 261 711 301
person 0.64435 1159 295 1187 334
person 0.64330566 1031 448 1075 504
person 0.64026725 417 136 434 159
person 0.6396939 418 203 440 233
person 0.63968074 156 207 178 237
person 0.63621116 474 183 496 211
person 0.6334979 894 407 939 463
person 0.63323575 264 257 294 294
person 0.63065654 1030 258 1057 295
person 0.62822837 854 235 883 272
person 0.6234825 292 193 313 219
person 0.62343466 443 217 470 252
person 0.6215031 443 251 473 289
person 0.6206302 702 137 720 162
person 0.62030804 1087 216 1108 245
person 0.61790264 342 220 362 249
person 0.610208 222 239 249 275
person 0.60982096 660 137 677 161
person 0.6056058 760 225 788 261
person 0.60454077 1132 223 1151 253
person 0.6038814 1154 256 1179 293
person 0.6013033 453 132 470 154
person 0.5982093 538 121 554 142
person 0.5952944 382 155 401 181
person 0.5916928 537 160 555 184
person 0.58999866 725 257 758 296
person 0.58789724 490 231 514 261
person 0.58540165 804 212 833 248
person 0.58331543 1113 325 1143 368
person 0.57801014 1113 376 1146 422
person 0.57483685 908 199 931 228
person 0.56656563 780 114 797 137
person 0.55983233 846 170 866 197
person 0.5502173 647 152 667 177
person 0.5441954 799 245 831 281
person 0.53192145 1201 208 1220 235
person 0.52321625 479 131 496 152
person 0.5182242 705 218 734 252
person 0.5132312 506 125 518 143
person 0.5125835 1185 189 1206 217
person 0.51142305 386 201 408 231
person 0.50921386 853 128 871 151
person 0.48946062 888 140 907 163
person 0.48429844 188 208 208 236
person 0.4792754 361 149 379 170
person 0.47250372 369 191 390 217
person 0.46484214 164 212 186 242
person 0.44296873 466 125 478 143
person 0.43993536 779 128 797 153
person 0.41505802 558 164 577 189
person 0.4082996 749 167 771 195
person 0.39143676 953 240 980 275
person 0.38541356 583 134 600 157
person 0.37774593 574 258 598 286
person 0.36808854 503 129 520 150
person 0.36484024 1198 195 1215 219
person 0.35422775 1195 209 1213 236
person 0.33649403 543 184 563 209
person 0.32910076 969 470 1014 525
person 0.3214586 564 206 587 233
person 0.3153394 985 485 1031 541
person 0.3126522 755 317 794 360
person 0.31160623 785 166 808 193
person 0.30817157 831 225 853 254
person 0.30513224 317 167 336 189
person 0.30501243 867 164 891 192
person 0.29596058 786 438 842 503
person 0.29311103 528 125 545 144
person 0.2897088 730 144 749 171
person 0.2763776 1007 210 1029 237
person 0.27365994 391 190 415 219
person 0.26105636 989 183 1008 207
person 0.25294653 527 132 546 154
person 0.24756812 481 133 493 148
person 0.24089836 562 214 593 249
person 0.23619977 805 227 834 258
person 0.2290013 1099 204 1118 233
person 0.22313018 966 530 1018 602
person 0.2143249 530 127 542 140
person 0.21124274 482 267 507 298
person 0.20908011 540 122 551 137
person 0.20791924 1209 300 1237 337
person 0.20060427 361 215 384 243
person 0.19430904 456 134 467 149
person 0.18997374 746 219 770 246
person 0.18803239 853 125 865 145
person 0.18512435 1140 289 1162 319
person 0.18167782 419 137 431 153
person 0.18159756 505 132 517 147
person 0.18102519 1203 286 1230 325
person 0.17971787 566 232 590 258
person 0.17267911 258 234 287 270
person 0.17093818 539 139 560 162
person 0.17084283 968 165 989 190
person 0.17041147 358 154 376 176
person 0.1678999 1146 461 1199 532
person 0.16537067 1148 200 1168 228
person 0.16225314 477 156 496 181
person 0.1614858 1077 223 1099 253
person 0.15967451 522 291 566 344
person 0.15739043 581 263 606 290
person 0.15731955 547 207 572 233
person 0.15505779 949 140 974 173
person 0.15377598 1061 610 1137 723
person 0.15149473 382 183 409 219
person 0.15016593 426 154 447 178
person 0.14825344 561 186 583 211
person 0.14810768 1156 241 1178 269
person 0.14633606 670 121 680 136
person 0.14592753 954 220 976 244
person 0.14580588 616 158 639 184
person 0.143824 742 228 770 256
person 0.14349249 793 448 835 492
person 0.13688235 1002 345 1040 389
person 0.13671215 802 354 850 407
person 0.1358916 712 115 724 130
person 0.13508834 1053 329 1087 375
person 0.13492844 593 156 614 182
person 0.13295051 636 127 649 146
person 0.13250424 1154 280 1177 308
person 0.13119094 858 213 881 241
person 0.12983315 458 128 470 142
person 0.12935877 52 193 70 218
person 0.12931141 1011 149 1021 165
person 0.12866317 609 187 636 220
person 0.1284054 847 120 873 155
person 0.12833296 699 301 735 338
person 0.1275145 361 151 372 166
person 0.12732498 1004 142 1030 175
person 0.12570496 862 315 899 353
person 0.12497447 831 254 868 294
person 0.124961585 662 155 685 180
person 0.12391659 910 263 945 304
person 0.123155504 415 195 437 222
person 0.12286464 365 151 376 165
person 0.1226118 630 260 657 290
person 0.12212087 255 243 277 271
person 0.12145049 347 189 371 216
person 0.12112366 754 216 778 243
person 0.12045052 1122 328 1146 359
person 0.11944891 1107 359 1155 427
person 0.11782257 647 136 677 171
person 0.117370464 1175 451 1222 524
person 0.117161505 883 398 952 476
person 0.11676423 912 166 936 191
person 0.11474226 456 126 473 145
person 0.1145721 471 237 498 267
person 0.112966165 617 184 641 210
person 0.112884246 243 208 268 236
person 0.11262399 962 180 984 206
person 0.11133465 526 164 547 189
person 0.11071505 689 190 714 218
person 0.1105162 779 115 791 131
person 0.110497035 275 169 295 190
person 0.11039348 776 118 803 152
person 0.11036895 798 394 847 447
person 0.109801754 265 213 287 240
person 0.10969192 4 216 13 247
person 0.10955436 168 234 192 262
person 0.10946034 527 328 595 411
person 0.10941887 595 213 621 241
person 0.108925626 1014 185 1035 210
person 0.10709492 1187 190 1203 208
person 0.106647424 872 301 910 340
person 0.10664156 691 157 715 183
person 0.106544435 813 144 835 168
person 0.104421705 436 157 457 180
person 0.10383838 739 120 769 156
person 0.101836056 789 186 814 214
person 0.100794464 423 289 475 354
person 0.10053201 315 214 338 242
person 0.100335486 700 119 719 141
person 0.09920658 592 123 612 144
person 0.09904502 402 145 421 167
person 0.09893103 306 161 318 176
person 0.098615415 663 138 674 155
person 0.09854899 578 123 596 143
person 0.09791654 628 123 646 144
person 0.09689204 540 171 561 211
person 0.0968539 51 623 118 733
person 0.09680095 322 190 344 216
person 0.09603279 487 340 521 384
person 0.095927455 546 240 571 266
person 0.095742084 1137 219 1151 244
person 0.095093995 443 192 467 220
person 0.09491748 856 132 868 146
person 0.09368308 890 122 911 143
person 0.09320764 1200 237 1219 263
person 0.09316973 542 267 568 293
person 0.092579186 957 144 968 159
person 0.09173121 516 177 547 212
person 0.0915673 289 262 322 300
person 0.09138345 1274 188 1282 218
person 0.09111142 1137 299 1163 331
person 0.09074717 63 522 127 629
person 0.09043603 793 214 817 242
person 0.09035786 1171 416 1202 460
person 0.089604035 1017 437 1085 521
person 0.08958636 634 202 672 252
person 0.08939636 1193 188 1219 224
person 0.08889383 488 161 509 184
person 0.08877311 0 218 17 244
person 0.088766225 891 141 904 156
person 0.08824871 1137 254 1162 284
person 0.088006265 489 215 514 244
person 0.08743502 490 186 513 214
person 0.08736544 1273 208 1281 239
person 0.08665078 586 136 598 150
person 0.08600685 409 242 432 270
person 0.08587486 590 350 628 391
person 0.0858619 539 162 552 177
person 0.08492881 320 167 333 182
person 0.08455229 890 232 916 260
person 0.084047 757 177 771 198
person 0.083133176 -1 179 6 211
person 0.0828115 744 297 800 366
person 0.082761794 437 212 476 262
person 0.08273585 721 261 749 290
person 0.08272531 -1 233 6 269
person 0.08245887 557 289 582 315
person 0.08238907 1182 250 1205 279
person 0.0822792 122 229 146 260
person 0.08191107 987 216 1010 241
person 0.0816245 414 133 441 166
person 0.08116918 820 115 839 136
person 0.08092584 1107 235 1130 264
person 0.080249086 296 209 332 260
person 0.07956048 982 163 994 179
person 0.079378955 1157 471 1189 517
person 0.07930463 1112 283 1135 313
person 0.079079725 470 204 495 234
person 0.079044186 980 243 1003 269
person 0.07785123 415 256 440 286
person 0.07722822 855 252 880 278
person 0.07722584 86 207 105 233
person 0.077005446 515 208 541 236
person 0.07582722 907 144 928 165
person 0.07524257 726 397 777 450
person 0.07386475 1037 400 1078 444
person 0.07362559 704 136 717 156
person 0.073252045 361 254 391 291
person 0.073121406 1175 381 1206 422
person 0.07292807 1213 260 1236 289
person 0.07244158 1211 311 1233 340
person 0.07235716 1201 198 1212 212
person 0.072331086 1092 194 1113 220
person 0.072235234 655 289 681 316
person 0.07215976 627 283 699 366
person 0.07215944 693 230 720 258
person 0.07162484 700 212 739 262
person 0.071432665 200 235 224 264
person 0.071346045 944 539 1002 610
person 0.07038742 243 255 269 287
person 0.07025702 160 209 173 233
person 0.06969095 1 554 14 630
person 0.06924467 935 204 960 231
person 0.069229536 355 143 382 175
person 0.069068566 419 302 453 342
person 0.069030605 -5 236 10 266
person 0.0685068 385 158 397 175
person 0.0683116 1268 308 1281 361
person 0.06822179 1172 185 1183 201
person 0.06798795 714 194 728 217
person 0.0679286 1269 190 1286 216
person 0.06783763 16 454 38 482
person 0.06776007 1116 386 1158 443
person 0.06767082 794 310 836 351
person 0.06761326 692 214 717 243
person 0.06759924 1268 210 1285 237
person 0.06740674 1032 275 1055 306
person 0.06730647 1205 210 1217 226
person 0.06729163 947 231 986 282
person 0.067062795 600 197 640 247
person 0.066997066 939 464 988 518
person 0.06625884 149 200 188 250
person 0.06608644 665 214 689 241
person 0.065965906 1269 361 1282 420
person 0.065446116 997 147 1015 169
person 0.06530331 1017 260 1041 288
person 0.06509968 430 123 444 142
person 0.064996384 602 300 640 342
person 0.06497928 1184 304 1207 333
person 0.06485899 613 206 627 229
person 0.064746626 562 315 589 340
person 0.06446033 795 253 822 281
person 0.06422906 646 289 672 317
person 0.06398298 1002 318 1053 390
person 0.06391789 314 230 337 260
person 0.06386643 612 249 664 319
person 0.063747674 936 153 949 166
person 0.06374396 423 205 436 229
person 0.06365203 1034 218 1055 244
person 0.06363281 950 491 1000 546
person 0.063613035 900 190 939 240
person 0.06333477 145 232 169 260
person 0.063322805 9 450 32 481
person 0.06305848 1009 157 1021 172
person 0.06291131 596 479 670 565
person 0.06272497 922 410 973 462
person 0.06178244 682 359 729 412
person 0.061782133 -1 255 5 294
person 0.061686266 727 275 758 302
person 0.061651006 634 240 659 270
person 0.06136183 360 158 372 172
person 0.061316926 1178 291 1202 318
person 0.060984213 96 235 119 264
person 0.060879864 745 118 757 139
person 0.060842786 -2 426 15 455
person 0.060808573 812 215 826 238
person 0.060653035 662 187 685 213
person 0.059906084 59 173 75 195
person 0.05967215 1011 229 1036 256
person 0.059631933 1 417 14 472
person 0.059211567 881 299 933 369
person 0.05909006 935 157 947 171
person 0.059048463 764 327 787 353
person 0.059042457 150 259 184 299
person 0.058544733 1030 242 1055 270
person 0.058347598 1272 234 1280 265
person 0.05795728 974 543 1012 589
person 0.05785009 677 411 727 466
person 0.057817195 0 158 7 190
person 0.057808753 1270 132 1279 164
person 0.057589866 1062 207 1096 260
person 0.057579488 265 184 277 198
person 0.057474427 73 498 115 555
person 0.05740874 837 259 862 286
person 0.05724585 585 395 630 449
person 0.057105854 -5 181 10 209
person 0.056793474 733 355 784 408
person 0.056780897 586 240 611 267
person 0.05638647 23 405 44 434
person 0.05627109 615 238 640 266
person 0.05618274 1052 285 1076 316
person 0.0561779 164 187 193 220
person 0.056121055 80 206 107 241
person 0.055987798 909 233 933 259
person 0.05582168 0 224 13 270
person 0.055308785 168 214 182 237
person 0.05512509 -6 258 10 290
person 0.05511199 446 125 475 158
person 0.055099525 782 133 794 147
person 0.054951675 -5 -280 11 -251
person 0.054914147 1206 614 1270 736
person 0.054323845 613 140 626 162
person 0.054236133 794 241 818 267
person 0.054217216 946 358 984 398
person 0.054081876 831 288 854 311
person 0.05397349 1160 259 1174 283
person 0.053934693 996 402 1036 443
person 0.053783637 0 668 8 769
person 0.05369437 124 203 160 254
person 0.053283814 592 186 615 211
person 0.052880112 1264 219 1279 265
person 0.05282755 607 472 653 530
person 0.052782618 1267 236 1284 264
person 0.0527383 110 315 142 354
person 0.05273723 1268 -278 1281 -220
person 0.052517287 862 240 874 265
person 0.05251068 581 126 593 139
person 0.052442938 702 121 716 135
person 0.052269906 67 309 96 349
person 0.05168572 1058 258 1081 288
person 0.051430527 812 284 837 308
person 0.051367927 936 244 961 269
person 0.051099725 1108 389 1143 435
person 0.0510248 139 301 170 337
person 0.050957106 754 307 779 330
person 0.05082831 844 424 885 464
person 0.050665993 913 202 926 225
person 0.05050626 1197 211 1210 229
person 0.050377533 369 235 382 261
person 0.05034414 977 255 1000 282
person 0.05019665 746 160 782 212
person 0.049819555 577 140 590 163
person 0.049706385 219 140 236 163
person 0.049497858 769 504 815 559
person 0.04941044 515 262 567 331
person 0.049406208 474 93 490 116
person 0.049337793 1121 480 1197 582
person 0.049184762 278 171 293 184
person 0.049136236 213 135 241 169
person 0.049056407 154 198 175 222
person 0.049029887 985 290 1009 319
person 0.048948195 1260 312 1284 355
person 0.04832605 1230 244 1251 270
person 0.048297524 -1 -283 7 -250
person 0.04802662 395 238 433 289
person 0.04797205 31 423 50 450
person 0.047900125 1094 448 1131 491
person 0.04768028 665 242 689 269
person 0.047494195 853 167 891 219
person 0.0473895 1270 403 1281 472
person 0.047333848 1267 253 1281 301
person 0.047260974 817 348 867 401
person 0.047069687 -5 -279 10 -271
person 0.046899572 1124 212 1159 265
person 0.04687834 630 127 643 140
person 0.04673507 0 558 27 629
person 0.046724543 498 120 527 151
person 0.04672294 -4 -269 22 -154
person 0.046446264 1106 260 1129 287
person 0.04641735 807 167 845 219
person 0.046274 -1 631 8 733
person 0.046172418 758 463 806 517
person 0.046025097 648 304 674 336
person 0.04593277 843 447 891 499
person 0.045911327 215 238 256 289
person 0.04590473 1257 -166 1287 -60
person 0.04570466 262 175 274 196
person 0.045647893 835 228 848 250
person 0.045626603 306 226 320 249
person 0.045599774 880 365 933 418
person 0.045592748 0 164 11 211
person 0.045396492 703 181 741 230
person 0.045283996 747 301 771 326
person 0.045213133 59 380 78 406
person 0.04520715 1160 490 1230 605
person 0.044996534 655 350 700 405
person 0.044894163 0 567 11 661
person 0.044863258 1185 586 1278 768
person 0.044803496 712 226 726 248
person 0.04467851 1091 -179 1106 -128
person 0.044656828 630 637 704 737
person 0.044623315 943 317 979 356
person 0.044557143 321 144 341 165
person 0.044540662 0 132 7 167
person 0.044397045 1055 341 1078 370
person 0.04422197 708 137 725 154
person 0.04421585 495 233 509 257
person 0.044209227 809 160 823 175
person 0.044050455 672 265 697 294
person 0.04401271 1 424 10 457
person 0.043905187 1270 459 1281 531
person 0.043787792 1123 381 1147 413
person 0.04368833 561 160 575 181
person 0.04354918 198 196 219 219
person 0.04305059 55 195 67 212
person 0.042936035 885 213 910 242
person 0.042814035 1223 255 1245 283
person 0.042762134 1179 228 1212 281
person 0.04257505 885 161 923 214
person 0.04255552 296 189 309 211
person 0.042362887 514 267 540 296
person 0.042336 1255 -253 1288 -162
person 0.041949615 980 535 1010 556
person 0.041870147 47 498 142 660
person 0.04181526 900 403 935 429
person 0.04177012 454 346 499 400
person 0.041477617 561 332 593 357
person 0.041435786 767 232 780 257
person 0.041358206 1112 190 1124 207
person 0.04118566 14 448 25 481
person 0.04113077 1043 -179 1058 -131
person 0.041126236 55 288 99 363
person 0.041055176 -12 690 37 845
person 0.040999245 714 248 768 318
person 0.040946573 585 285 611 310
person 0.040917866 897 442 943 496
person 0.040728938 657 403 705 459
person 0.04070576 718 279 747 307
person 0.040627193 581 428 668 512
person 0.040557425 1261 366 1285 411
person 0.04019983 251 243 301 313
person 0.04016023 1152 484 1191 543
person 0.040002674 1265 126 1279 172
person 0.03985252 -4 160 11 188
person 0.039770942 957 248 977 286
person 0.039634362 1052 181 1081 216
person 0.03938336 266 278 293 307
person 0.039336827 449 226 463 248
person 0.03931745 759 290 788 313
person 0.039140802 1182 399 1204 427
person 0.03907446 466 617 494 653
person 0.038820624 797 858 825 933
person 0.038809173 734 -105 780 76
person 0.038695972 293 285 317 310
person 0.03851604 1098 552 1141 609
person 0.038270168 1011 354 1036 382
person 0.038264807 895 498 947 551
person 0.038193494 373 190 387 208
person 0.038087755 118 254 150 293
person 0.037886135 62 177 72 191
person 0.037808865 296 304 331 343
person 0.037753887 835 500 871 538
person 0.03766258 0 420 22 464
person 0.037549447 306 150 324 170
person 0.03736858 1267 -280 1281 -271
person 0.0372298 230 172 249 195
person 0.037214562 171 195 192 218
person 0.03709076 214 185 251 234
person 0.037087608 912 190 933 218
person 0.036908127 265 418 342 506
person 0.036828756 871 43 891 65
person 0.036796056 -4 413 14 441
person 0.036718488 0 490 14 559
person 0.03670155 791 224 844 298
person 0.036690325 594 125 610 138
person 0.03666858 1270 844 1281 918
person 0.036650185 505 394 548 449
person 0.036561985 342 252 365 282
person 0.036494136 1272 254 1280 285
person 0.036454394 72 554 114 613
person 0.036411833 650 157 663 171
person 0.036264807 784 343 864 430
person 0.03615786 1266 -281 1284 -253
person 0.036034744 912 115 932 136
person 0.035981916 1269 -234 1280 -167
person 0.035885002 733 139 747 163
person 0.035848882 374 112 394 136
person 0.03562461 756 406 870 548
person 0.03541534 646 213 660 237
person 0.03527934 465 84 493 120
person 0.035128683 1030 193 1051 218
person 0.035086926 944 496 1041 643
person 0.035038866 1267 256 1285 284
person 0.03454881 0 -286 10 -222
person 0.034506507 882 265 906 289
person 0.03439119 65 385 84 408
person 0.034385223 55 207 74 232
person 0.034347236 114 187 141 219
person 0.034251653 999 151 1012 165
person 0.034225825 992 185 1005 201
person 0.034146175 578 260 592 282
person 0.034131616 228 243 242 268
person 0.03413039 822 117 836 131
person 0.03412173 748 858 776 933
person 0.034108296 555 214 599 265
person 0.034011565 1087 358 1112 388
person 0.033844613 772 509 859 598
person 0.03384115 1263 504 1276 589
person 0.03373236 1188 -262 1204 -213
person 0.03370582 711 393 795 472
person 0.033637498 265 301 298 339
person 0.033435263 1036 302 1060 333
person 0.03343448 981 315 1008 343
person 0.03327466 1111 311 1135 342
person 0.033243977 866 378 969 530
person 0.03320895 896 177 910 199
person 0.03288 406 350 443 392
person 0.032840244 0 274 5 316
person 0.03283252 487 627 511 660
person 0.032727953 292 257 318 287
person 0.032654986 53 -280 72 -260
person 0.032653462 1235 215 1255 241
person 0.03239162 856 69 885 108
person 0.032315295 469 313 495 343
person 0.03228876 79 240 100 266
person 0.03221259 909 147 926 159
person 0.03214809 502 102 515 118
person 0.03200366 30 -280 46 -272
person 0.031898662 465 612 488 641
person 0.0318695 740 331 765 354
person 0.031829353 1066 191 1085 217
person 0.031502653 1270 799 1281 867
person 0.03146185 -3 -185 18 -44
person 0.03140425 939 267 965 292
person 0.031359904 1057 302 1081 332
person 0.031320423 78 499 107 527
person 0.03127542 0 711 9 816
person 0.031232746 347 312 383 351
person 0.031175952 436 289 462 317
person 0.031159345 699 858 727 933
person 0.031156277 4 221 12 239
person 0.031139972 46 406 66 430
person 0.031034017 1036 456 1067 484
person 0.031003637 526 236 540 261
person 0.030929606 815 143 833 158
person 0.030896036 1038 264 1051 289
person 0.030892966 30 -280 49 -261
person 0.030767346 0 410 9 443
person 0.030699607 -5 477 13 503
person 0.030444074 846 858 874 934
person 0.0302823 761 264 787 290
person 0.029999293 1266 177 1280 221
person 0.02996126 1088 605 1184 814
person 0.029830249 675 448 724 503
person 0.029828647 59 375 86 413
person 0.029745076 1143 -265 1161 -210
person 0.029702747 716 -79 786 151
person 0.029666448 1130 355 1153 383
person 0.029469965 1055 388 1079 415
person 0.0291448 0 475 8 505
person 0.029117987 721 161 734 179
person 0.029075876 479 159 493 174
person 0.029073877 678 503 765 592
person 0.02904584 492 327 512 370
person 0.029040763 914 263 941 287
person 0.029018158 507 305 612 454
person 0.028821161 1273 194 1281 209
person 0.028814808 106 295 159 364
person 0.028742284 145 41 166 69
person 0.028570501 419 244 471 315
person 0.028567947 466 172 504 223
person 0.028499668 66 629 90 655
person 0.028376115 608 605 721 757
person 0.028317498 1146 193 1158 214
person 0.028268253 125 193 146 218
person 0.028177198 3 445 34 490
person 0.02813109 1240 191 1258 215
person 0.028130414 1083 336 1108 364
person 0.028106144 112 835 148 958
person 0.02804133 1180 335 1203 363
person 0.02799381 788 282 813 305
person 0.027901402 546 186 560 202
person 0.027901344 813 872 837 954
person 0.027858071 1146 463 1244 654
person 0.027853731 1023 593 1131 746
person 0.02784228 960 243 974 266
person 0.027828049 550 401 595 457
person 0.027781667 1031 360 1055 388
person 0.027754085 863 872 887 954
person 0.027750976 522 381 606 467
person 0.02765703 1045 141 1063 162
person 0.02758829 1037 -279 1052 -270
person 0.027562127 573 463 691 628
person 0.027547423 629 168 668 219
person 0.027544802 609 289 635 318
person 0.027484419 417 308 440 336
person 0.027359799 1061 -279 1076 -270
person 0.027331255 1269 746 1280 825
person 0.02729042 654 326 682 351
person 0.027276844 1123 397 1148 426
person 0.027230026 620 503 674 560
person 0.02719643 607 266 713 421
person 0.027189178 1152 206 1165 221
person 0.027153816 1268 307 1285 337
person 0.026976664 896 -266 930 -173
person 0.026952824 975 473 1005 503
person 0.026943054 1012 -279 1027 -270
person 0.026939996 1190 459 1226 508
person 0.026924245 53 -280 70 -272
person 0.026791869 7 437 25 498
person 0.02676343 1273 162 1281 192
person 0.026735947 1229 -280 1246 -272
person 0.026733454 411 563 435 588
person 0.026710818 1104 -270 1123 -209
person 0.026684335 933 167 971 219
person 0.026667757 -5 279 10 311
person 0.026595527 895 859 923 933
person 0.026529873 105 210 118 227
person 0.026441773 -5 134 11 164
person 0.02641499 1168 173 1185 197
person 0.026405131 764 872 788 954
person 0.026380483 1272 214 1281 229
person 0.026347987 104 198 123 222
person 0.026345508 912 873 936 954
person 0.026340807 -6 501 14 527
person 0.026260238 428 157 443 173
person 0.0262379 1191 858 1214 919
person 0.026054515 82 196 101 219
person 0.025984969 946 182 959 198
person 0.025955537 0 348 6 392
person 0.025909405 866 284 891 307
person 0.025877472 1037 163 1057 185
person 0.02587103 226 199 239 214
person 0.02585689 783 627 863 723
person 0.025817007 390 207 404 222
person 0.02579818 1065 68 1083 92
person 0.02575042 1079 504 1116 548
person 0.025747508 439 336 464 363
person 0.025710918 980 496 1021 529
person 0.02567816 -1 297 5 342
person 0.025645696 996 409 1102 559
person 0.0256327 394 188 414 206
person 0.025628872 73 -94 102 26
person 0.02561764 770 467 796 489
person 0.025597796 760 590 880 758
person 0.025547946 1079 303 1103 333
person 0.025484703 172 257 195 282
person 0.025434742 1086 -279 1101 -270
person 0.025429383 376 99 393 121
person 0.025408043 794 -103 844 71
person 0.025368277 366 277 389 306
person 0.025205676 196 261 219 285
person 0.025132086 1013 -280 1029 -253
person 0.02512715 1017 778 1029 810
person 0.0251032 1034 506 1080 561
person 0.025036972 1152 336 1176 364
person 0.025012748 744 912 770 997
person 0.025010342 1091 215 1104 234
person 0.025000084 76 402 106 439
person 0.024974687 714 872 739 954
person 0.02493769 1037 -280 1054 -253
person 0.024924168 1081 381 1103 409
person 0.024914362 694 912 721 997
person 0.024880754 713 217 731 243
person 0.024835 793 912 819 997
person 0.024829505 -4 406 33 492
person 0.024820814 119 628 187 734
person 0.024786262 869 163 889 178
person 0.024752656 84 411 103 433
person 0.024740154 319 259 341 288
person 0.024653543 988 -280 1005 -254
person 0.024599262 284 181 321 232
person 0.02456022 987 -279 1003 -271
person 0.024523772 1044 862 1069 922
person 0.024507204 487 330 519 360
person 0.024482565 -6 806 17 953
person 0.02447806 69 387 81 402
person 0.02446488 1062 -280 1079 -253
person 0.024456289 168 406 190 430
person 0.024453849 1133 170 1151 196
person 0.024423635 842 912 869 997
person 0.02434638 809 251 822 275
person 0.024335086 645 912 672 996
person 0.024324225 891 912 918 997
person 0.02422959 706 306 730 330
person 0.024195697 941 912 967 996
person 0.024186146 990 913 1017 996
person 0.024153827 68 646 99 671
person 0.024136761 802 -262 835 -166
person 0.024127254 245 282 268 309
person 0.02404756 927 414 955 436
person 0.023968617 994 -278 1029 -189
person 0.023954129 1039 913 1066 996
person 0.023925774 24 392 42 418
person 0.02391179 251 229 293 281
person 0.023885138 961 873 985 954
person 0.023873972 300 294 354 361
person 0.023756143 1041 778 1053 810
person 0.0236642 945 554 987 600
person 0.023645904 1005 255 1056 328
person 0.023551185 969 119 988 142
person 0.02351234 955 356 981 380
person 0.023415338 552 352 592 381
person 0.023407163 1269 -185 1280 -117
person 0.023403602 1015 81 1034 107
person 0.023396606 705 -263 737 -163
person 0.023350133 1229 -280 1248 -260
person 0.023271685 665 872 690 954
person 0.023226576 1179 170 1197 194
person 0.02316278 1086 -280 1103 -254
person 0.023155315 596 912 623 997
person 0.023153465 663 83 690 118
person 0.02312696 267 235 280 258
person 0.023076521 993 777 1004 811
person 0.023037227 995 863 1020 923
person 0.023031894 962 -280 980 -256
person 0.02298251 1088 913 1115 996
person 0.02295556 450 93 470 117
person 0.02276656 1137 180 1171 233
person 0.022753317 998 887 1038 994
person 0.022748359 0 -268 9 -175
person 0.022721238 250 168 288 220
person 0.022720478 904 82 933 120
person 0.022665719 1186 -80 1219 31
person 0.022640493 1215 312 1259 390
person 0.022614114 587 308 612 333
person 0.022613497 756 498 803 553
person 0.022581879 600 858 628 934
person 0.022563664 1016 116 1035 140
person 0.022477265 1270 137 1277 156
person 0.022451097 191 210 205 225
person 0.02243916 1077 209 1115 262
person 0.02243252 1072 226 1086 249
person 0.02238494 137 614 217 819
person 0.02236589 1041 749 1050 776
person 0.022335593 797 745 808 783
person 0.02231535 1066 777 1078 809
person 0.022240385 1010 874 1035 954
person 0.02222702 1103 209 1115 225
person 0.022188533 673 91 690 115
person 0.02215658 1267 282 1285 311
person 0.022104796 1110 -280 1125 -271
person 0.022103883 1268 163 1285 191
person 0.022082862 809 76 836 114
person 0.022050092 1042 452 1062 501
person 0.021991974 -1 374 6 411
person 0.021979379 1094 862 1119 923
person 0.021952206 1147 415 1248 569
person 0.0219358 848 163 862 188
person 0.021926975 1257 406 1285 475
person 0.02188657 946 863 971 923
person 0.021886177 499 99 519 121
person 0.021884259 1047 459 1077 487
person 0.021871962 811 211 827 230
person 0.021844879 1102 877 1141 986
person 0.021790806 893 95 914 118
person 0.021711431 519 185 537 208
person 0.021694226 419 330 443 355
person 0.02163593 76 570 109 600
person 0.021631211 616 872 640 954
person 0.021629477 48 240 68 265
person 0.02162304 1189 237 1202 260
person 0.021564778 406 241 419 270
person 0.021528352 513 -263 545 -163
person 0.021520061 547 912 573 997
person 0.021491464 962 -280 978 -271
person 0.021489799 356 569 446 752
person 0.021456985 452 396 498 453
person 0.021454237 760 361 785 383
person 0.021448957 492 309 522 336
person 0.021448381 893 414 922 438
person 0.02142845 419 -261 451 -162
person 0.021395708 346 229 357 245
person 0.021364052 546 333 575 357
person 0.021347817 222 143 232 159
person 0.021328475 953 279 979 304
person 0.021286547 1208 -280 1227 -260
person 0.021281442 624 460 677 517
person 0.021276357 567 209 584 224
person 0.021201834 417 593 444 624
person 0.021145884 546 97 565 119
person 0.021145662 1110 -280 1128 -255
person 0.021108313 938 -280 956 -257
person 0.021079887 218 279 243 304
person 0.021030424 329 -260 362 -162
person 0.021012407 404 124 422 144
person 0.021003723 370 85 397 121
person 0.020984638 1091 270 1105 296
person 0.02097502 -10 -197 27 -27
person 0.020859348 -5 302 9 335
person 0.02083893 979 364 1003 390
person 0.020827 1208 -280 1224 -271
person 0.02081556 856 70 878 93
person 0.02077403 415 84 443 120
person 0.020708026 995 -187 1008 -133
person 0.020706987 -4 164 18 204
person 0.020671591 478 185 492 201
person 0.02065324 722 753 731 782
person 0.020639453 1273 304 1281 338
person 0.020631406 37 236 54 264
person 0.02060293 97 253 120 282
person 0.020554554 1136 229 1147 246
person 0.020496562 914 95 936 118
person 0.02046428 752 162 767 184
person 0.02045785 398 527 423 559
person 0.020441191 -2 492 27 561
person 0.020424891 -1 239 6 257
person 0.020410376 1270 681 1281 787
person 0.02038266 1016 749 1025 776
person 0.020347223 744 93 762 118
person 0.020341096 1267 77 1280 127
person 0.020335227 1045 -274 1065 -212
person 0.020320246 968 777 980 812
person 0.020292848 1268 405 1286 437
person 0.020261496 968 753 976 780
person 0.020229759 772 94 790 117
person 0.020227946 610 307 636 332
person 0.02022706 247 401 361 552
person 0.020222308 609 -263 641 -163
person 0.020218892 1186 816 1209 869
person 0.020175606 1010 332 1035 362
person 0.02017268 447 605 474 638
person 0.020166388 1099 451 1212 634
person 0.02015936 345 219 359 239
person 0.020148916 497 912 524 997
person 0.020124335 502 857 529 934
person 0.020099007 991 750 1000 778
person 0.020088397 1059 874 1084 954
person 0.020076573 1040 546 1087 603
person 0.020066874 944 -273 962 -212
person 0.020052232 516 644 539 676
person 0.02002047 418 582 443 613
person 0.019958915 153 618 179 648
person 0.019935472 451 255 463 282
person 0.019884761 62 382 74 399
person 0.019872703 1118 63 1136 88
person 0.019857258 1064 139 1084 162
person 0.019849032 94 592 200 753
person 0.019847019 1188 -220 1204 -168
person 0.019832367 854 -271 873 -210
person 0.019831896 905 411 926 459
person 0.019828152 234 294 290 363
person 0.019822141 1087 -120 1102 -73
person 0.019799488 775 745 785 786
person 0.019780498 641 182 655 197
person 0.019766912 71 608 98 632
person 0.019750992 -14 399 44 512
person 0.019716427 1269 965 1277 1019
person 0.019688927 898 889 938 997
person 0.019653538 318 215 370 286
person 0.01964277 841 65 862 89
person 0.01962422 211 878 250 996
person 0.01962351 1101 176 1135 230
person 0.019606799 670 495 721 551
person 0.019591294 995 208 1039 260
person 0.019507831 998 500 1026 527
person 0.019458376 -5 353 10 386
person 0.019442506 1057 404 1083 430
person 0.019397033 67 852 91 932
person 0.019311978 89 210 101 225
person 0.019281346 903 -272 922 -210
person 0.019249953 400 572 421 604
person 0.019247599 391 280 415 308
person 0.01924275 525 102 540 117
person 0.019212184 867 93 890 117
person 0.019104108 200 623 291 823
person 0.019089246 448 912 475 997
person 0.019036384 650 858 678 934
person 0.019023616 860 235 876 256
person 0.018995365 225 205 238 220
person 0.018991891 171 407 185 424
person 0.018972892 0 576 24 656
person 0.01896559 1105 359 1132 390
person 0.01895331 81 491 104 516
person 0.018946238 227 250 240 274
person 0.018945677 506 82 535 119
person 0.018937385 913 -280 931 -258
person 0.018911302 363 211 382 232
person 0.018879086 1134 -280 1152 -257
person 0.01884799 -1 498 8 528
person 0.018838162 944 754 951 782
person 0.018777493 1183 837 1219 945
person 0.018771073 -6 377 10 407
person 0.018767318 747 77 775 115
person 0.018759416 820 182 834 196
person 0.018745087 1106 562 1130 589
person 0.018728493 561 20 579 40
person 0.018709715 146 259 171 284
person 0.018683026 1256 459 1284 529
person 0.018640311 787 163 806 184
person 0.018581793 53 465 77 490
person 0.01858112 120 870 156 994
person 0.018566748 1166 303 1180 330
person 0.01856365 86 504 117 533
person 0.01852557 348 186 369 206
person 0.01847044 1211 296 1225 317
person 0.018461937 567 872 591 954
person 0.018453259 -2 641 18 732
person 0.018416042 309 154 320 167
person 0.01841364 399 912 425 997
person 0.018405644 804 -271 822 -210
person 0.018376885 698 92 716 116
person 0.018328866 1272 280 1280 312
person 0.01831829 273 259 286 287
person 0.018274223 -1 481 8 497
person 0.018260002 77 518 110 550
person 0.018241988 1117 172 1136 197
person 0.018209923 0 864 15 964
person 0.018183947 500 733 518 814
person 0.018175872 200 315 234 354
person 0.01816485 774 753 783 776
person 0.01815506 553 345 574 392
person 0.018150816 1134 -280 1150 -271
person 0.018146042 621 746 633 779
person 0.01812209 551 857 579 934
person 0.018099383 748 229 764 252
person 0.018086102 1268 379 1285 411
person 0.01808396 1108 874 1132 955
person 0.018065186 418 278 441 310
person 0.018060649 1137 912 1164 997
person 0.018057458 1035 333 1058 363
person 0.018031253 992 -275 1010 -211
person 0.018023914 971 547 1015 570
person 0.018017324 937 -280 953 -271
person 0.018016927 64 268 95 307
person 0.018007582 1066 750 1074 775
person 0.018006567 693 303 718 330
person 0.018002173 1049 639 1107 721
person 0.017974708 350 912 376 997
person 0.017968735 1035 -123 1052 -81
person 0.017941643 0 766 10 859
person 0.017915666 1065 158 1083 181
person 0.017903792 932 430 963 455
person 0.017860604 799 891 839 1001
person 0.017836021 810 311 837 334
person 0.01780463 -1 294 9 348
person 0.017797904 1095 198 1110 212
person 0.017795345 644 565 662 578
person 0.01775994 1270 -138 1281 -67
person 0.0177359 202 912 228 997
person 0.017735269 0 -246 6 -197
person 0.017717136 301 912 327 997
person 0.01768017 549 101 562 116
person 0.017659446 1001 81 1030 118
person 0.01764815 0 -270 6 -224
person 0.01763601 828 -71 893 163
person 0.017623829 671 748 683 780
person 0.017596425 68 649 101 723
person 0.017592773 697 80 724 117
person 0.017588817 251 912 278 997
person 0.017575368 914 164 934 182
person 0.017562645 307 883 346 998
person 0.017490963 837 218 851 242
person 0.017481737 1153 -70 1186 38
person 0.017462231 1017 187 1032 202
person 0.017385144 452 857 480 935
person 0.017360087 889 -280 907 -258
person 0.017344063 221 -259 255 -163
person 0.017340692 765 -87 785 -58
person 0.017326357 970 156 1006 210
person 0.01727809 251 133 282 170
person 0.017261144 944 775 955 812
person 0.017234642 377 115 391 131
person 0.017228432 1223 280 1243 307
person 0.017174518 -6 599 18 630
person 0.017159587 759 311 775 323
person 0.017141752 119 621 148 649
person 0.017121816 372 553 394 587
person 0.017106358 153 912 179 998
person 0.017092174 403 857 430 935
person 0.017085453 1273 376 1281 413
person 0.017018503 301 135 331 168
person 0.016996723 50 43 69 72
person 0.016956575 997 489 1017 535
person 0.016953103 802 551 847 610
person 0.016892355 1206 876 1243 989
person 0.016889399 1271 239 1280 256
person 0.016875234 324 187 342 206
person 0.016866827 1114 399 1140 430
person 0.0168607 657 613 726 720
person 0.01684073 575 406 587 419
person 0.01683739 557 81 585 115
person 0.016818859 0 959 10 1015
person 0.016803585 1089 748 1101 776
person 0.016793597 -3 223 34 309
person 0.016786426 125 -258 159 -160
person 0.016778424 392 309 416 333
person 0.016726438 906 222 959 297
person 0.016691646 1268 429 1286 461
person 0.01668174 1273 933 1280 986
person 0.016675835 76 463 100 489
person 0.016632885 1274 692 1281 736
person 0.016627207 749 752 759 780
person 0.016620886 55 911 81 998
person 0.016596196 0 104 6 143
person 0.01659356 497 642 519 674
person 0.016583782 429 97 447 120
person 0.016555134 898 420 935 450
person 0.016509872 748 471 880 639
person 0.016505845 0 68 10 127
person 0.016493024 0 122 11 173
person 0.016478002 1273 402 1281 439
person 0.01646948 103 621 129 650
person 0.016459305 743 333 761 348
person 0.016452713 604 81 633 115
person 0.01645056 0 813 10 910
person 0.016439848 910 396 937 416
person 0.016412675 1186 912 1213 997
person 0.01638856 49 258 70 289
person 0.016338594 1082 247 1131 323
person 0.016333131 250 -280 268 -256
person 0.016328627 225 -280 243 -256
person 0.016321652 274 -280 293 -256
person 0.01629435 839 44 860 65
person 0.016288139 931 599 1016 699
person 0.016274888 299 -280 317 -256
person 0.016240904 180 426 200 452
person 0.016233006 556 395 693 549
person 0.016229734 805 401 838 425
person 0.016216643 797 752 806 774
person 0.016207928 352 120 373 143
person 0.016201116 155 749 167 780
person 0.016188558 324 -280 342 -257
person 0.016122105 448 71 467 94
person 0.016121894 88 573 116 597
person 0.016111935 353 -105 401 74
person 0.016110854 864 -280 883 -258
person 0.016106924 1087 159 1105 183
person 0.016102014 200 -280 219 -257
person 0.016064277 361 350 395 392
person 0.01604607 348 -280 367 -257
person 0.016036129 981 472 1001 518
person 0.016010793 461 337 488 365
person 0.015992923 712 269 824 435
person 0.015992697 363 180 402 233
person 0.015972488 1065 86 1084 112
person 0.015954899 583 209 695 371
person 0.015940651 400 737 424 822
person 0.015921835 565 187 581 203
person 0.015919631 373 -280 391 -257
person 0.015913103 448 737 473 819
person 0.015906444 314 509 334 538
person 0.015890405 517 872 541 954
person 0.015868682 1158 -280 1177 -258
person 0.015825624 398 557 420 587
person 0.01581961 985 378 1012 404
person 0.015819162 761 307 887 463
person 0.015818749 -1 645 6 686
person 0.015812661 -6 250 19 318
person 0.015790593 397 -280 416 -257
person 0.015777962 696 752 706 777
person 0.015741246 319 284 342 308
person 0.015734015 757 -272 774 -211
person 0.015729224 342 281 365 307
person 0.015715543 1082 411 1106 435
person 0.01568327 -23 386 66 555
person 0.015648467 507 618 600 831
person 0.01564752 787 -181 817 -56
person 0.015637511 422 -280 440 -257
person 0.015606019 143 403 227 496
person 0.015595583 341 530 361 562
person 0.01556402 176 -280 194 -257
person 0.01556304 234 396 316 485
person 0.015558475 376 177 415 230
person 0.015539854 354 856 381 935
person 0.015526416 111 855 137 934
person 0.015518131 96 608 122 632
person 0.015503357 514 335 543 362
person 0.015500438 1143 861 1167 923
person 0.015497464 447 -280 465 -257
person 0.015476373 194 356 232 397
person 0.015455215 721 97 739 121
person 0.015453284 790 95 808 118
person 0.015443681 746 772 758 807
person 0.015441021 912 -280 929 -271
person 0.015414193 471 -280 490 -257
person 0.015409714 452 616 475 650
person 0.0153534785 840 -280 859 -258
person 0.015352549 396 594 425 629
person 0.015327938 496 -280 514 -257
person 0.015317843 991 93 1012 120
person 0.01531734 381 395 468 483
person 0.015312034 646 748 658 779
person 0.015307712 1271 870 1281 961
person 0.015298624 1159 244 1175 260
person 0.015298436 80 -267 94 -211
person 0.015263917 821 747 832 783
person 0.01526229 1011 212 1026 227
person 0.015257674 610 534 642 550
person 0.015237284 520 -280 539 -257
person 0.015223124 549 735 567 817
person 0.015221537 1117 -262 1126 -220
person 0.015212954 955 340 979 366
person 0.015209898 405 886 443 1000
person 0.015201502 -6 650 11 682
person 0.01520058 0 595 12 632
person 0.015160139 545 -280 564 -257
person 0.015144171 686 369 815 527
person 0.015139612 1097 -240 1113 -179
person 0.015127034 104 911 130 999
person 0.015106808 570 -280 588 -257
person 0.015085489 1076 318 1184 469
person 0.015070433 1047 472 1077 499
person 0.015063924 722 771 735 808
person 0.015052601 621 -62 694 170
person 0.015020801 740 -86 760 -58
person 0.015012295 594 -280 613 -257
person 0.014995347 859 442 885 463
person 0.014993438 1273 720 1280 764
person 0.014990423 1100 604 1130 635
person 0.014973042 565 130 602 181
person 0.0149683105 0 -223 6 -172
person 0.01494538 752 307 765 320
person 0.014945007 87 411 99 429
person 0.014944496 1019 119 1032 136
person 0.014903618 819 609 833 625
person 0.014881828 204 747 216 780
person 0.014878033 619 -280 637 -257
person 0.01487748 393 263 501 427
person 0.014849628 1207 874 1230 958
person 0.014836778 178 163 197 185
person 0.014823659 52 607 77 632
person 0.01480094 529 173 571 225
person 0.014772389 151 -280 170 -257
person 0.014769302 0 -22 6 25
person 0.0147314435 1061 119 1082 143
person 0.014713073 550 747 561 779
person 0.014703502 278 147 298 170
person 0.01469447 1189 770 1207 824
person 0.014688223 1047 144 1059 159
person 0.014664744 597 745 609 779
person 0.014664268 943 130 980 183
person 0.014636203 958 219 973 236
person 0.014626264 873 33 888 84
person 0.014625321 681 208 799 369
person 0.01462168 -1 262 5 280
person 0.014619248 1182 518 1220 580
person 0.014604054 691 127 729 180
person 0.014589199 815 -280 834 -258
person 0.014582516 734 460 762 483
person 0.01456589 865 181 878 197
person 0.014565355 643 -280 662 -257
person 0.014543463 77 -280 96 -259
person 0.014500949 1158 -280 1174 -271
person 0.01447003 1272 744 1280 787
person 0.014458849 574 746 586 779
person 0.014453373 986 626 1096 815
person 0.014451742 918 751 927 783
person 0.014440731 1260 -280 1284 -208
person 0.014438519 -1 27 6 68
person 0.014435439 909 182 936 207
person 0.014407435 1143 -88 1193 62
person 0.014403623 378 747 389 779
person 0.014401484 1040 92 1060 117
person 0.014401321 1187 -168 1203 -117
person 0.01439758 550 209 568 224
person 0.014393947 407 128 419 141
person 0.014392546 1106 570 1132 598
person 0.014361862 1075 69 1095 95
person 0.0143618155 -4 -283 16 -199
person 0.014348341 668 -280 687 -257
person 0.014345699 1272 497 1280 538
person 0.014301527 1147 -235 1165 -168
person 0.014298813 525 746 537 779
person 0.014294553 846 89 865 113
person 0.014286546 761 306 773 330
person 0.014283929 0 328 6 372
person 0.014272403 167 -274 185 -213
person 0.014270171 1090 734 1099 750
person 0.014269224 404 -106 455 79
person 0.014265316 765 191 874 362
person 0.014265255 34 -9 68 91
person 0.014240379 962 500 989 525
person 0.014239295 130 -189 145 -122
person 0.0141977705 127 -268 141 -212
person 0.014180582 299 735 324 816
person 0.014174085 323 524 343 559
person 0.014160946 503 888 541 1001
person 0.014158189 126 -280 145 -258
person 0.014101703 468 872 492 955
person 0.014095796 1183 -280 1199 -271
person 0.014074897 791 -280 810 -258
person 0.014066775 601 889 640 1002
person 0.014065458 305 856 332 935
person 0.014058789 1121 -272 1159 -184
person 0.014058576 1090 776 1103 809
person 0.01402884 1262 842 1282 926
person 0.014018059 888 -280 905 -271
person 0.013956006 144 263 190 316
person 0.013952876 1183 -280 1201 -259
person 0.013946874 63 -106 109 45
person 0.013933767 569 235 586 249
person 0.013925171 26 404 40 424
person 0.013909225 210 79 240 118
person 0.013887248 797 726 808 762
person 0.013884486 693 -280 711 -257
person 0.01387493 0 3 6 48
person 0.013856552 612 492 650 536
person 0.013845999 366 548 447 644
person 0.013833927 368 232 384 251
person 0.013819408 672 775 685 810
person 0.013818062 497 352 623 520
person 0.013778339 324 122 346 146
person 0.013771817 671 568 717 626
person 0.013758894 895 23 914 45
person 0.013747686 787 800 811 862
person 0.013744337 535 655 556 687
person 0.013741668 684 641 709 673
person 0.013725799 467 655 488 688
person 0.013715563 778 476 814 501
person 0.013713159 646 775 659 810
person 0.013701418 689 338 715 358
person 0.013697721 1220 623 1296 853
person 0.013694662 998 132 1034 184
person 0.013671642 37 215 54 240
person 0.01363962 1204 240 1216 256
person 0.013633354 717 -280 736 -257
person 0.013619683 766 -280 785 -258
person 0.013618171 1245 -179 1292 -37
person 0.013594045 1239 112 1276 201
person 0.013566475 995 -263 1004 -221
person 0.013559477 371 536 395 567
person 0.013554948 74 257 95 288
person 0.013520899 1205 329 1229 358
person 0.013514382 1272 -240 1280 -195
person 0.013511618 819 284 831 307
person 0.013498054 -4 -265 10 -230
person 0.013466761 44 648 70 677
person 0.013452408 159 81 188 119
person 0.013451249 602 181 643 233
person 0.013433821 595 746 622 823
person 0.013432956 1031 406 1056 430
person 0.013428204 646 42 663 64
person 0.013420725 771 110 808 165
person 0.013420019 348 736 373 818
person 0.013410042 742 -280 761 -257
person 0.013409051 584 363 611 387
person 0.013391381 757 166 773 190
person 0.013380625 921 772 932 811
person 0.0133679155 1018 83 1029 103
person 0.013348169 475 746 490 781
person 0.013347855 843 -239 864 -174
person 0.0133365 1084 627 1115 657
person 0.013332635 655 472 788 632
person 0.013331638 1246 513 1276 584
person 0.013322922 291 581 397 761
person 0.01332244 203 133 248 215
person 0.01332165 978 462 1005 487
person 0.013314952 791 -88 811 -57
person 0.013313279 772 478 797 502
person 0.013311156 0 -198 6 -147
person 0.013308751 944 79 974 117
person 0.013296702 311 818 358 958
person 0.013282077 683 631 708 663
person 0.0132557945 0 665 6 710
person 0.013236735 715 -86 735 -57
person 0.013214823 908 562 1032 729
person 0.013213703 498 -109 549 84
person 0.013204934 108 161 126 184
person 0.013190625 196 281 220 305
person 0.013182683 -2 573 19 601
person 0.013181393 -1 53 6 93
person 0.013179737 1068 69 1079 87
person 0.013174324 1121 65 1131 84
person 0.013174299 101 435 121 458
person 0.013173946 0 629 7 664
person 0.01314637 695 802 720 864
person 0.013140179 -1 77 6 117
person 0.013132662 58 626 80 654
person 0.013132075 596 159 611 175
person 0.013131043 251 60 279 97
person 0.013130666 1072 217 1086 236
person 0.013130548 509 797 566 916
person 0.013129258 30 168 49 193
person 0.0131101 889 425 922 454
person 0.013097446 130 798 146 870
person 0.013068546 1105 812 1124 865
person 0.013052547 864 -280 880 -271
person 0.013052517 -2 505 8 520
person 0.01304947 696 773 709 809
person 0.013046927 970 -263 981 -221
person 0.013044939 890 216 966 319
person 0.013033739 1026 41 1046 66
person 0.013032604 419 872 443 955
person 0.01303063 207 824 255 956
person 0.013012244 704 -273 721 -212
person 0.012992186 1008 535 1035 553
person 0.012987551 941 115 960 137
person 0.012970343 988 630 1002 643
person 0.012967834 1191 112 1218 151
person 0.012947058 685 89 779 275
person 0.012919938 299 283 311 310
person 0.012913159 501 746 512 779
person 0.012911177 838 20 853 36
person 0.012906815 1035 380 1058 405
person 0.012898533 160 123 190 159
person 0.012893366 79 739 95 825
person 0.012885928 712 335 737 356
person 0.012860751 700 889 739 1002
person 0.012850706 860 451 885 474
person 0.012848903 402 747 414 779
person 0.0128439395 155 408 176 431
person 0.012825736 222 871 242 903
person 0.012822602 565 22 575 38
person 0.012800705 372 568 392 602
person 0.012796 344 521 468 672
person 0.0127953915 985 539 1006 549
person 0.012784013 427 746 438 779
person 0.0127807325 276 486 294 515
person 0.012776522 615 560 632 574
person 0.012776282 648 20 658 37
person 0.012775799 1235 670 1291 822
person 0.0127576925 247 871 267 903
person 0.012735556 611 333 638 355
person 0.012732379 394 615 482 830
person 0.012728782 1263 881 1282 975
person 0.012711984 450 746 465 781
person 0.0126928855 896 162 911 188
person 0.012673289 1035 468 1071 500
person 0.01265673 0 -49 6 1
person 0.012654656 785 449 823 476
person 0.012651958 254 747 266 779
person 0.012648837 519 -69 589 168
person 0.012642485 197 871 218 903
person 0.012632464 1042 126 1072 163
person 0.0126241455 1216 515 1228 532
person 0.0126205105 271 871 292 903
person 0.012618845 587 264 601 286
person 0.012618002 1039 798 1051 833
person 0.012611243 988 606 1004 619
person 0.012607652 712 187 729 210
person 0.012593786 296 871 316 903
person 0.012590443 425 -67 495 166
person 0.0125901755 789 -111 807 -80
person 0.012552962 320 871 341 903
person 0.012551502 -1 -216 15 -118
person 0.012534995 1074 838 1160 1016
person 0.012534009 566 627 593 661
person 0.012526274 1063 631 1088 659
person 0.012524805 619 186 639 199
person 0.012524535 0 786 6 836
person 0.012522766 592 388 607 400
person 0.012518868 745 775 756 797
person 0.012515286 20 456 34 472
person 0.012500915 128 742 143 823
person 0.012496217 738 361 764 382
person 0.012489188 1222 223 1264 305
person 0.0124853775 0 -173 6 -123
person 0.012484636 1090 124 1120 163
person 0.012482097 -4 -239 10 -205
person 0.012475093 951 557 982 582
person 0.012475022 808 231 832 247
person 0.012473459 345 871 365 903
person 0.0124682225 1173 -89 1226 54
person 0.012454027 798 -240 813 -178
person 0.012442767 514 637 590 746
person 0.012436159 684 530 712 551
person 0.01243079 229 747 241 779
person 0.012430286 764 364 781 377
person 0.012423925 760 217 774 240
person 0.0124194855 1092 -263 1102 -220
person 0.012417937 206 857 233 935
person 0.012405954 370 871 390 903
person 0.012391957 255 857 283 935
person 0.0123897465 442 352 468 377
person 0.012383807 1006 380 1029 405
person 0.012376725 1185 511 1200 527
person 0.012376416 31 183 50 209
person 0.012370799 1214 59 1231 85
person 0.012370495 1272 -216 1280 -170
person 0.012363674 1272 -191 1280 -145
person 0.012362493 698 748 715 811
person 0.01236158 839 -280 856 -271
person 0.0123497145 769 327 782 351
person 0.012333429 1272 523 1280 565
person 0.012333126 394 871 415 903
person 0.012332748 1273 34 1280 73
person 0.012323576 819 42 831 60
person 0.012319356 73 -136 95 -55
person 0.012310459 732 260 755 273
person 0.012309682 1272 769 1280 812
person 0.012302675 179 746 192 779
person 0.012296506 841 113 879 167
person 0.012283701 233 176 246 191
person 0.012244695 1261 -190 1282 -109
person 0.012234767 419 871 439 903
person 0.012215242 23 482 48 508
person 0.012210622 134 382 146 399
person 0.012202274 102 -280 121 -259
person 0.012194845 413 816 460 957
person 0.012188023 327 745 342 781
person 0.012185508 443 871 464 903
person 0.012183029 -6 57 10 88
person 0.012179535 370 872 393 955
person 0.01217926 972 835 1058 1017
person 0.0121659 543 352 577 378
person 0.012148463 1131 433 1154 459
person 0.012138659 277 746 292 781
person 0.012137442 164 628 189 659
person 0.012135068 711 211 733 234
person 0.01213276 1182 -271 1208 -201
person 0.012126023 -5 81 10 113
person 0.012122768 1036 737 1047 756
person 0.012117047 1114 748 1126 776
person 0.012103641 131 751 143 781
person 0.0120999 788 531 800 544
person 0.012093451 601 132 639 183
person 0.012092573 691 190 712 207
person 0.012084806 1000 487 1028 510
person 0.012077145 468 871 488 903
person 0.0120771 135 101 180 182
person 0.012059561 545 559 567 582
person 0.012050475 0 811 7 860
person 0.0120387925 1015 798 1027 833
person 0.012036009 -5 671 10 704
person 0.01200808 941 557 967 585
person 0.011971031 72 871 94 957
person 0.011962839 -2 604 13 622
person 0.011950322 493 871 513 903
person 0.011942044 737 798 762 861
person 0.01194088 1089 89 1105 114
person 0.0119386 783 528 805 549
person 0.011924327 889 394 913 415
person 0.011908383 353 746 364 779
person 0.011864179 -5 107 10 139
person 0.011862345 799 454 833 480
person 0.01185459 117 360 150 399
person 0.011850736 0 -148 6 -98
person 0.01184767 1138 747 1151 777
person 0.011845935 816 21 828 37
person 0.011845309 874 41 887 60
person 0.011844009 1003 553 1032 571
person 0.011832234 306 204 321 238
person 0.011820292 1213 167 1229 190
person 0.0118146185 -6 32 10 63
person 0.011808573 61 77 90 119
person 0.011805636 765 -111 783 -79
person 0.011797084 1184 737 1194 755
person 0.01179446 989 212 1007 231
person 0.0117935985 809 571 837 599
person 0.011773498 690 -86 710 -57
person 0.011751144 737 517 761 536
person 0.011747822 813 -111 831 -81
person 0.01174309 452 688 470 780
person 0.011738757 127 -239 142 -172
person 0.011737353 815 -280 832 -271
person 0.01173252 118 380 247 548
person 0.0117271915 1243 196 1255 209
person 0.011716613 173 871 193 903
person 0.0117092775 1272 474 1280 513
person 0.011679192 332 -52 405 170
person 0.011674845 1214 729 1225 750
person 0.011671467 1158 874 1181 957
person 0.011670091 517 871 538 903
person 0.011665329 351 543 370 578
person 0.011663702 0 762 6 811
person 0.011650678 1273 426 1281 463
person 0.0116501665 882 66 908 90
person 0.011649151 420 -86 440 -57
person 0.011645216 621 774 634 809
person 0.0116341 688 266 703 292
person 0.011633053 0 932 6 987
person 0.011626088 1272 -166 1280 -121
person 0.01161497 627 258 641 284
person 0.01161335 131 380 152 401
person 0.01161294 53 367 91 425
person 0.011611725 587 341 614 363
person 0.011607326 609 817 659 953
person 0.011598783 371 510 397 542
person 0.01157026 320 872 344 955
person 0.011567774 107 191 180 292
person 0.0115615865 395 -86 416 -57
person 0.011546018 50 406 62 425
person 0.011545566 801 788 861 909
person 0.011539464 870 834 959 1017
person 0.011534345 1273 548 1281 589
person 0.011533182 1272 -142 1280 -96
person 0.011525325 489 614 513 641
person 0.0115240915 380 102 389 118
person 0.011516977 416 567 432 582
person 0.011482661 0 688 6 736
person 0.0114795435 1017 353 1031 381
person 0.011463478 1273 0 1281 43
person 0.011439992 1131 -12 1167 84
person 0.011434201 655 -273 672 -213
person 0.011426701 302 746 317 782
person 0.011421181 445 -86 465 -57
person 0.011390761 1000 824 1055 949
person 0.011387431 1234 3 1248 58
person 0.0113770645 1190 -122 1206 -68
person 0.011361967 1039 166 1054 180
person 0.011361805 121 606 148 630
person 0.01136149 771 770 783 806
person 0.0113518685 74 -188 95 -105
person 0.011349856 0 -124 7 -74
person 0.011346117 199 96 221 118
person 0.011341941 55 888 74 923
person 0.011338417 269 304 292 328
person 0.011326487 371 -86 391 -57
person 0.0113074025 704 -213 735 -88
person 0.011307376 77 -280 93 -272
person 0.011303981 1055 430 1083 455
person 0.011302341 1039 -185 1062 -117
person 0.011302324 1188 748 1201 778
person 0.011298589 175 45 196 69
person 0.0112878075 542 870 562 903
person 0.011280881 1019 -264 1029 -221
person 0.011277217 591 82 689 269
person 0.011276128 904 407 933 418
person 0.011258157 204 165 222 187
person 0.011249036 75 269 188 439
person 0.011248527 506 489 591 588
person 0.011244582 222 872 246 955
person 0.011243268 1268 454 1286 487
person 0.011227508 120 81 148 121
person 0.011219544 271 872 295 955
person 0.011217867 -6 632 12 661
person 0.0112176025 227 234 243 259
person 0.011209799 1272 -117 1280 -72
person 0.011209783 1199 80 1225 123
person 0.011207367 391 358 414 383
person 0.0112042185 451 74 462 91
person 0.011203754 21 144 40 170
person 0.011194582 642 -111 693 85
person 0.011188502 1207 81 1225 108
person 0.011177489 1267 330 1285 362
person 0.011170254 1274 912 1281 962
person 0.011166353 1234 27 1251 60
person 0.011141524 0 -99 6 -50
person 0.011140215 1268 477 1285 511
person 0.011130911 1127 329 1141 355
person 0.011130617 784 481 811 496
person 0.011128848 988 823 1004 856
person 0.011124479 1272 793 1280 837
person 0.011117222 23 93 63 182
person 0.01111373 594 541 611 555
person 0.011111294 294 306 317 331
person 0.011103605 897 800 959 914
person 0.011102735 879 128 917 182
person 0.011087584 791 -280 807 -271
person 0.011082963 -5 333 10 366
person 0.011081804 1018 60 1036 84
person 0.011054892 802 445 824 496
person 0.011046409 958 252 973 274
person 0.011036208 186 834 269 1025
person 0.011035662 1238 217 1252 233
person 0.01103278 706 628 805 825
person 0.011012693 143 555 164 584
person 0.011002991 446 38 467 60
person 0.011000532 74 558 108 586
person 0.010997238 91 487 116 512
person 0.010995283 803 86 897 276
person 0.0109895645 206 -189 220 -134
person 0.010982669 760 733 773 758
person 0.010974478 854 274 959 445
person 0.010972578 0 835 7 885
person 0.010968899 310 66 338 103
person 0.010968672 586 384 612 404
person 0.0109550245 1013 823 1029 857
person 0.010953278 416 355 440 380
person 0.010950489 666 -86 686 -57
person 0.01094484 806 428 837 449
person 0.010927218 469 -86 490 -57
person 0.010918491 1183 -227 1207 -154
person 0.010894139 1271 260 1280 276
person 0.010891463 649 43 659 61
person 0.010881583 1042 90 1055 113
person 0.010867839 705 793 765 911
person 0.010863908 1188 305 1203 328
person 0.010863261 224 -280 241 -271
person 0.010862349 249 -280 266 -271
person 0.0108614685 1145 121 1173 160
person 0.010858937 274 -280 290 -271
person 0.010851632 690 870 711 902
person 0.010844945 58 211 71 226
person 0.010834427 298 -280 315 -271
person 0.010833824 211 486 338 670
person 0.010833211 0 738 7 786
person 0.010817167 1037 748 1054 782
person 0.010815673 1188 179 1223 233
person 0.01080915 567 870 587 903
person 0.0107971905 1268 355 1285 388
person 0.010796381 1255 116 1284 181
person 0.010795994 112 123 140 159
person 0.010795728 985 404 1010 428
person 0.010788337 1185 354 1208 383
person 0.010783672 323 -280 339 -271
person 0.010778403 1063 798 1076 833
person 0.010776797 0 860 7 908
person 0.01076243 255 -188 269 -135
person 0.010746441 750 -241 764 -181
person 0.010733881 482 218 600 376
person 0.010733264 200 -280 216 -271
person 0.010726587 945 -263 956 -220
person 0.0107259145 552 452 599 511
person 0.010720351 0 -74 6 -24
person 0.010702358 1128 71 1148 97
person 0.010698183 818 511 832 524
person 0.010697598 348 -280 364 -271
person 0.010686657 837 -110 855 -82
person 0.010684102 1068 -264 1078 -220
person 0.010676801 747 732 761 758
person 0.010664197 346 -86 366 -56
person 0.010663648 1190 538 1210 563
person 0.010655989 96 836 174 1031
person 0.010652757 715 870 736 902
person 0.010649019 1034 432 1061 458
person 0.010647205 -5 8 10 42
person 0.010640507 665 870 686 902
person 0.010625688 491 800 515 861
person 0.010622316 372 -280 389 -271
person 0.010617184 1182 -177 1206 -104
person 0.010613995 1141 -261 1151 -220
person 0.010610155 200 733 225 812
person 0.0106055355 542 392 564 405
person 0.010599579 1103 430 1127 455
person 0.010589527 990 797 1002 833
person 0.010582505 918 -261 933 -221
person 0.010569976 1081 432 1105 457
person 0.0105690025 156 -186 170 -132
person 0.010564282 0 -171 10 -74
person 0.0105553735 784 506 798 519
person 0.01055499 1273 109 1281 142
person 0.010541965 397 -280 413 -271
person 0.010539712 617 -109 636 -78
person 0.0105352225 1044 118 1058 137
person 0.010533419 766 -280 782 -271
person 0.010531222 739 870 760 902
person 0.010525982 164 664 205 777
person 0.010521652 157 161 174 184
person 0.010521439 1254 252 1286 315
person 0.010517076 -5 215 23 278
person 0.010514922 573 95 592 117
person 0.010514475 973 284 1079 459
person 0.010513414 604 -274 620 -213
person 0.0105118565 1244 541 1260 640
person 0.0105057135 1198 471 1223 502
person 0.010502725 563 290 577 313
person 0.010492115 1044 -264 1053 -220
person 0.0104853995 591 870 612 903
person 0.010471561 49 489 72 512
person 0.010453537 421 -280 438 -271
person 0.010445983 142 385 165 407
person 0.010438962 175 -280 192 -271
person 0.010438514 140 648 173 676
person 0.010437449 593 -109 611 -78
person 0.010433279 769 645 886 841
person 0.010432925 27 274 123 439
person 0.010418963 368 307 391 331
person 0.010417896 641 870 661 903
person 0.01040937 911 478 936 498
person 0.010403737 287 422 326 486
person 0.010396033 26 940 44 978
person 0.010390079 290 486 315 516
person 0.0103896335 1048 -241 1063 -183
person 0.010388344 688 274 701 299
person 0.010384163 54 864 72 900
person 0.010381909 929 456 957 477
person 0.010376208 153 732 181 812
person 0.010374152 409 621 438 656
person 0.010372062 460 73 497 130
person 0.010371822 446 -280 462 -271
person 0.010342375 1273 -44 1281 1
person 0.010329445 471 -280 487 -271
person 0.010324567 252 736 278 816
person 0.01031616 40 582 63 607
person 0.010310057 259 244 273 267
person 0.010308894 371 355 393 383
person 0.010301113 1224 -5 1258 97
person 0.010300651 495 -280 512 -271
person 0.010295693 798 213 812 237
person 0.010293503 228 371 272 429
person 0.010292711 963 823 979 855
person 0.010289447 816 115 882 248
person 0.010281837 896 541 941 600
person 0.010279376 1084 608 1112 636
person 0.010278774 764 870 785 902
person 0.010278454 644 17 663 39
person 0.010276688 80 -233 94 -165
person 0.010270245 1064 735 1075 753
person 0.010268011 520 -280 536 -271
person 0.010266678 1273 890 1281 936
person 0.010263351 209 -275 227 -215
person 0.01025906 -4 523 19 552
person 0.0102511365 616 870 637 903
person 0.010249308 252 143 272 167
person 0.010248549 1176 82 1194 109
person 0.010243317 -4 867 11 900
person 0.010242558 548 267 562 290
person 0.010238323 657 658 684 686
person 0.010236552 1038 822 1054 858
person 0.010234976 544 -280 561 -271
person 0.010219515 1272 169 1280 185
person 0.010219067 569 -280 586 -271
person 0.010214231 892 143 937 228
person 0.010199115 894 -261 908 -221
person 0.010197588 594 -280 610 -271
person 0.010197271 1007 461 1034 484
person 0.010194081 880 291 906 312
person 0.0101833325 1033 531 1059 548
person 0.010181699 892 -241 914 -174
person 0.010178849 569 -109 587 -78
person 0.010176947 741 -280 758 -271
person 0.0101740565 175 123 188 142
person 0.010172951 61 745 73 776
person 0.010170527 546 72 566 95
person 0.010162288 493 -86 514 -57
person 0.010161386 618 -280 635 -271
person 0.0101605905 1272 83 1280 117
person 0.010155292 70 300 94 332
person 0.010150327 788 870 809 902
person 0.010140626 965 609 980 621
person 0.010139678 461 39 482 61
person 0.010131813 587 677 608 710
person 0.010131358 173 872 196 956
person 0.01012957 1273 -17 1281 26
person 0.010121422 343 310 366 335
person 0.010116946 1114 735 1124 751
person 0.010101233 521 407 533 420
person 0.01010058 667 -280 684 -271
person 0.010098863 887 871 908 901
person 0.010094942 225 849 242 882
person 0.010093012 988 749 1005 784
person 0.010092721 717 -280 733 -271
person 0.010085834 830 132 875 223
person 0.010085358 786 310 812 332
person 0.0100794565 643 -280 659 -271
person 0.01005966 218 205 326 370
person 0.010057889 250 849 267 882
person 0.010054357 642 -109 660 -78
person 0.010054282 1240 164 1258 188
person 0.010046069 641 -87 661 -58
person 0.010043404 1142 284 1158 304
person 0.010036547 403 395 446 454
person 0.0100289965 200 849 218 882
person 0.010028681 408 124 446 178
person 0.010023881 811 710 825 734
person 0.010023285 692 -280 709 -271
person 0.010019893 323 849 341 882
person 0.010019283 1093 826 1148 949
person 0.010018058 598 95 617 118
person 0.010006988 707 137 752 230
person 0.010003295 299 849 316 882
person 0.0100015 274 849 291 882
