person 0.8147828 422 309 451 355
person 0.78240687 1054 349 1086 394
person 0.7545073 745 123 763 149
person 0.7500799 99 209 118 237
person 0.7405714 991 288 1019 327
person 0.73748845 663 269 696 309
person 0.7302188 697 144 716 170
person 0.7297454 511 317 544 362
person 0.72774184 535 284 568 326
person 0.72506315 1027 260 1053 298
person 0.7143614 1102 375 1140 430
person 0.71235543 154 215 175 243
person 0.7082998 1089 276 1117 316
person 0.70673466 1026 452 1069 511
person 0.7050293 1110 327 1140 370
person 0.70293295 1114 185 1133 215
person 0.7015292 732 285 764 323
person 0.70054424 254 185 274 209
person 0.70039845 882 133 900 155
person 0.6954927 169 191 188 215
person 0.69477856 944 337 978 377
person 0.68871325 649 155 670 181
person 0.6837776 134 218 154 246
person 0.6765578 514 237 543 274
person 0.6753502 643 124 661 147
person 0.67520446 711 110 728 133
person 0.6735258 673 122 690 145
person 0.67320234 736 154 756 182
person 0.67208254 880 395 924 449
person 0.6718871 386 236 414 276
person 0.66645473 1169 189 1187 216
person 0.6633198 475 263 505 304
person 0.6619766 852 193 875 221
person 0.66120726 906 201 929 228
person 0.6609002 1075 222 1096 253
person 0.6606235 612 148 631 173
person 0.65911627 1200 212 1218 241
person 0.658715 692 217 719 253
person 0.6527008 217 202 238 227
person 0.6506825 847 167 868 193
person 0.6477788 714 202 736 230
person 0.6476624 426 135 445 164
person 0.64595723 620 179 644 207
person 0.6366845 264 257 294 293
person 0.63490164 301 158 320 182
person 0.63488054 932 189 953 214
person 0.62065583 937 154 956 176
person 0.6129831 1165 311 1192 351
person 0.60851854 656 320 691 363
person 0.6070784 803 215 832 250
person 0.60246056 303 224 324 252
person 0.60089594 883 178 904 205
person 0.5910042 386 200 407 230
person 0.5864084 762 233 791 268
person 0.5838373 614 256 645 293
person 0.58139884 776 116 793 141
person 0.577695 1143 195 1162 223
person 0.57732534 952 140 969 162
person 0.57477707 1203 197 1220 220
person 0.5746031 552 169 572 195
person 0.56817317 216 251 246 286
person 0.5672531 363 152 383 182
person 0.5632945 805 162 825 189
person 0.5536055 571 150 590 172
person 0.55083895 449 134 467 159
person 0.54884255 850 129 868 153
person 0.54875535 1149 257 1171 286
person 0.5483239 605 201 628 230
person 0.5452077 1084 217 1106 247
person 0.54017395 335 224 355 255
person 0.5399895 747 186 769 214
person 0.5365389 526 185 547 212
person 0.53504485 854 236 883 272
person 0.53101295 495 221 518 249
person 0.527797 436 217 464 253
person 0.5251574 1133 223 1153 252
person 0.5231355 414 208 435 237
person 0.49691328 998 150 1015 171
person 0.49465647 978 164 1003 188
person 0.49330035 295 194 315 220
person 0.4925193 1176 210 1194 237
person 0.48947576 972 171 992 193
person 0.4893629 632 227 661 262
person 0.48096457 698 124 716 146
person 0.46890157 561 199 585 227
person 0.44937214 505 126 518 145
person 0.44140458 1181 242 1200 268
person 0.43896973 474 132 491 154
person 0.43309078 675 146 694 170
person 0.4305987 551 230 574 257
person 0.42473894 968 540 1022 614
person 0.42059386 797 167 820 195
person 0.4177452 547 225 580 264
person 0.41760075 539 129 557 151
person 0.38262883 888 157 909 181
person 0.3801892 360 233 380 262
person 0.37852064 779 128 797 153
person 0.3728759 527 126 540 143
person 0.3659856 190 212 210 237
person 0.35729283 357 217 377 246
person 0.3542117 953 244 976 268
person 0.3522687 533 181 555 208
person 0.33524314 915 192 942 220
person 0.33095363 1148 201 1168 230
person 0.3219862 522 170 541 193
person 0.30577913 690 193 714 219
person 0.30510318 439 253 464 284
person 0.29690897 267 187 287 210
person 0.286432 567 233 595 261
person 0.28490275 355 220 384 257
person 0.27920455 566 250 591 280
person 0.27646834 329 219 350 248
person 0.26058793 527 135 547 158
person 0.25738055 965 185 986 209
person 0.25209448 785 468 845 531
person 0.24515842 982 191 1003 213
person 0.24064745 477 134 488 149
person 0.23009413 665 155 688 180
person 0.22808383 781 482 829 540
person 0.22613819 1210 286 1236 322
person 0.22321117 543 129 554 142
person 0.22218569 798 419 844 474
person 0.21647878 1065 606 1138 725
person 0.21640517 984 220 1007 243
person 0.21581765 770 163 793 191
person 0.21490169 853 126 865 145
person 0.20695455 632 182 656 209
person 0.20051104 1176 191 1189 212
person 0.19783667 709 194 733 222
person 0.19645023 807 189 831 216
person 0.19446714 830 232 855 260
person 0.19043292 827 211 852 240
person 0.18762916 828 253 865 292
person 0.18745962 726 130 745 156
person 0.17977175 1160 192 1186 226
person 0.1758163 955 142 967 157
person 0.17218365 1006 215 1029 239
person 0.17033376 804 251 840 289
person 0.16784476 1001 153 1012 167
person 0.16714747 173 214 196 240
person 0.1670972 490 163 511 188
person 0.1655501 533 361 577 416
person 0.16300617 660 255 687 284
person 0.16153115 911 278 944 315
person 0.15993994 787 188 812 216
person 0.1596965 1039 307 1076 354
person 0.15862606 364 188 386 218
person 0.15495825 51 193 69 216
person 0.15262489 757 214 782 241
person 0.14902224 1154 239 1177 267
person 0.14521052 478 154 497 178
person 0.14195468 1004 157 1015 170
person 0.13951352 637 120 666 154
person 0.13925637 885 135 897 149
person 0.13897552 444 130 471 164
person 0.13489187 646 127 657 141
person 0.13409045 686 156 709 183
person 0.13353501 951 145 964 159
person 0.13318703 260 237 289 272
person 0.13094462 1043 333 1092 404
person 0.12867668 1178 227 1206 265
person 0.12730247 315 164 335 188
person 0.12699398 597 153 618 178
person 0.12534867 246 205 270 231
person 0.12489566 1071 219 1092 246
person 0.12322355 860 320 895 357
person 0.12286133 794 207 820 235
person 0.12246647 864 385 933 465
person 0.12194508 973 514 1019 572
person 0.12143135 139 228 163 256
person 0.12130603 941 265 973 301
person 0.12105645 546 205 572 233
person 0.120397665 957 220 981 242
person 0.120173745 734 296 769 334
person 0.1200573 975 165 988 189
person 0.11980612 939 239 965 264
person 0.1196562 856 132 867 146
person 0.11861081 501 178 523 205
person 0.117375724 983 229 1005 254
person 0.11726926 1021 412 1064 468
person 0.11669243 218 237 242 263
person 0.11593036 878 130 904 164
person 0.11470966 650 305 704 371
person 0.11423044 714 112 725 127
person 0.11408176 1013 441 1079 526
person 0.11329022 1143 253 1165 283
person 0.11319957 268 237 294 264
person 0.112493984 220 200 234 219
person 0.11187028 847 122 873 157
person 0.11118236 358 147 377 171
person 0.110943004 998 291 1023 320
person 0.11045581 692 261 728 300
person 0.10885572 915 146 936 167
person 0.10816338 4 216 12 246
person 0.10805809 416 234 441 264
person 0.1078385 978 182 1006 217
person 0.10765258 452 135 464 151
person 0.106493995 413 298 463 363
person 0.10617308 636 215 662 243
person 0.10597701 913 169 937 194
person 0.10586431 1146 483 1197 564
person 0.10502427 248 244 273 270
person 0.1037928 637 262 663 289
person 0.10097269 813 145 835 169
person 0.10037047 1273 188 1282 218
person 0.09967763 934 323 987 392
person 0.09964451 252 257 278 286
person 0.099511035 995 143 1021 175
person 0.09949606 -1 234 6 268
person 0.09945796 136 280 170 319
person 0.099119626 590 188 615 215
person 0.09856535 701 126 713 140
person 0.09856007 474 127 493 146
person 0.09779831 946 140 971 173
person 0.096733354 1176 444 1223 520
person 0.096082896 512 218 537 245
person 0.095848195 412 255 437 284
person 0.09574795 599 310 639 351
person 0.09570766 1206 200 1217 215
person 0.09514961 935 212 959 236
person 0.0948788 283 165 302 186
person 0.09441606 417 156 440 185
person 0.09313569 1139 281 1162 311
person 0.092518315 676 123 687 139
person 0.0918887 989 349 1027 391
person 0.091583624 0 179 7 211
person 0.09148858 809 253 834 278
person 0.09107982 940 157 952 171
person 0.090774536 287 267 320 306
person 0.09040124 587 148 607 170
person 0.09023786 1167 420 1205 478
person 0.09003024 1090 385 1139 458
person 0.08963552 466 166 496 204
person 0.0891141 1100 286 1124 316
person 0.08893741 1158 284 1183 312
person 0.088832065 468 238 496 267
person 0.08858736 880 364 922 406
person 0.08858263 298 202 312 224
person 0.08815566 1199 190 1224 225
person 0.08784472 1105 211 1129 242
person 0.08733731 592 262 617 289
person 0.08705996 892 202 917 229
person 0.086712696 646 131 658 146
person 0.086572245 1181 254 1203 281
person 0.086380966 476 129 490 143
person 0.086231045 501 300 553 368
person 0.085828386 618 240 646 268
person 0.08557265 1273 207 1281 237
person 0.08526596 52 625 119 731
person 0.08506232 95 235 117 262
person 0.08504092 1202 242 1223 267
person 0.084722504 430 304 465 345
person 0.0845756 339 227 351 252
person 0.084205315 1208 254 1230 282
person 0.08399149 363 250 394 287
person 0.083953716 804 353 844 391
person 0.08334707 664 190 688 216
person 0.0831334 951 253 974 278
person 0.08283128 170 240 194 265
person 0.082749955 889 127 908 146
person 0.08263318 206 195 227 217
person 0.08146402 356 192 377 220
person 0.08138927 747 230 771 257
person 0.08125857 304 161 317 175
person 0.08077037 978 469 1025 525
person 0.080692336 1176 357 1207 396
person 0.080683246 -5 236 10 266
person 0.08058381 1269 190 1286 217
person 0.08034075 0 218 17 244
person 0.07912673 778 117 790 133
person 0.07879416 717 166 741 193
person 0.078627124 497 121 526 154
person 0.0783005 491 355 526 398
person 0.07825683 712 233 735 261
person 0.078017816 743 203 767 231
person 0.07742064 664 216 688 243
person 0.07718796 85 242 105 267
person 0.07713805 266 213 287 238
person 0.076914564 321 192 342 219
person 0.07635083 584 241 608 268
person 0.076285794 890 549 975 638
person 0.07614985 158 193 178 216
person 0.07607277 830 265 854 289
person 0.07577637 659 239 685 266
person 0.07562455 1269 363 1282 420
person 0.07527605 -1 255 5 293
person 0.074980974 86 210 104 234
person 0.07436028 885 302 924 341
person 0.07431967 465 213 490 241
person 0.074289255 678 142 691 165
person 0.07420713 197 233 221 259
person 0.07342244 883 401 916 430
person 0.07339069 784 262 810 288
person 0.07280856 108 317 141 355
person 0.07254199 1176 286 1199 312
person 0.07231413 1179 211 1191 229
person 0.07217461 574 152 587 168
person 0.07183733 138 298 169 334
person 0.07173465 984 262 1008 288
person 0.07150483 1152 466 1194 527
person 0.07050661 270 188 284 202
person 0.07041041 1006 191 1027 214
person 0.070370294 625 181 639 204
person 0.07030445 758 265 783 294
person 0.070125476 59 173 76 194
person 0.07002983 595 358 632 397
person 0.0699114 573 122 593 142
person 0.06949682 595 193 634 243
person 0.069229074 403 144 423 170
person 0.06914607 818 115 837 136
person 0.06874759 783 118 794 132
person 0.0675673 364 235 377 259
person 0.0672741 1268 208 1285 235
person 0.06703204 1269 408 1281 472
person 0.06699541 1172 323 1196 352
person 0.06688646 538 262 567 291
person 0.066398986 1029 241 1054 268
person 0.06636002 888 237 913 263
person 0.06622111 1132 311 1155 340
person 0.066215366 1058 285 1081 314
person 0.06618199 1 417 14 473
person 0.066160776 -6 258 10 289
person 0.06609087 856 254 882 279
person 0.06547357 445 156 466 183
person 0.0648553 673 405 718 463
person 0.06422828 1069 211 1104 263
person 0.063137606 739 267 764 294
person 0.06302247 1082 257 1106 286
person 0.06279012 691 315 727 354
person 0.062286638 1267 309 1281 360
person 0.06208374 172 192 185 207
person 0.06196121 419 186 441 216
person 0.06189316 1125 348 1157 390
person 0.061682872 294 213 331 264
person 0.061332084 943 402 983 443
person 0.06119838 669 420 729 487
person 0.06103465 1018 266 1044 292
person 0.060850963 0 159 7 191
person 0.060726646 658 350 704 404
person 0.060685463 -5 181 11 209
person 0.06062128 67 313 98 353
person 0.060283042 347 258 368 286
person 0.060054634 0 669 8 766
person 0.059997186 54 194 66 211
person 0.059921518 -1 635 9 734
person 0.05903631 907 411 937 438
person 0.058306057 -3 426 14 456
person 0.058170095 844 181 882 231
person 0.058019474 1210 314 1231 341
person 0.057558436 1093 193 1114 219
person 0.05739735 803 315 842 355
person 0.057360068 950 285 976 310
person 0.056806583 969 631 1051 742
person 0.056804743 658 311 683 336
person 0.056746848 61 515 127 625
person 0.056531653 14 543 32 622
person 0.056476664 641 288 667 313
person 0.056358084 15 454 39 482
person 0.056341287 837 404 886 458
person 0.056322355 218 140 236 163
person 0.056230795 1016 228 1038 253
person 0.055851545 448 194 470 221
person 0.05571293 724 393 769 449
person 0.05570142 608 279 635 309
person 0.055666834 749 510 798 564
person 0.05538704 909 234 935 257
person 0.05512782 1111 381 1131 424
person 0.055066444 62 177 72 191
person 0.054984376 898 190 937 240
person 0.05492403 -5 -280 11 -251
person 0.054841217 1141 246 1179 298
person 0.05466795 429 124 448 147
person 0.054660052 400 157 421 185
person 0.054540873 1079 225 1092 250
person 0.05444745 1110 231 1134 261
person 0.054128937 1270 459 1281 531
person 0.054031465 23 405 43 434
person 0.053982843 288 301 322 340
person 0.053961657 6 449 32 480
person 0.053852536 566 202 580 224
person 0.05363966 470 190 492 217
person 0.05360903 442 350 475 390
person 0.053581066 769 240 783 263
person 0.0534791 76 504 111 546
person 0.05313431 855 172 869 193
person 0.052974217 891 160 906 173
person 0.05281148 676 371 712 410
person 0.052462596 1268 -278 1281 -220
person 0.052391376 465 83 492 120
person 0.052117907 1034 318 1081 373
person 0.05209162 687 283 715 309
person 0.051859308 1104 261 1126 290
person 0.051842324 1088 218 1102 242
person 0.051729877 625 120 645 141
person 0.051063936 986 404 1034 456
person 0.050885208 350 217 389 270
person 0.050726958 1061 259 1087 289
person 0.050672982 0 227 13 272
person 0.050671224 811 219 825 243
person 0.050667483 298 190 312 212
person 0.050328925 838 505 885 560
person 0.050234593 931 447 980 501
person 0.050199334 30 423 50 449
person 0.0499361 1162 489 1230 603
person 0.04988502 449 124 468 145
person 0.049677093 758 313 782 338
person 0.049661607 492 160 510 180
person 0.049654324 791 234 816 260
person 0.049441267 524 168 538 186
person 0.04942603 1270 132 1278 164
person 0.04916154 714 286 739 314
person 0.048817866 1127 395 1162 440
person 0.048734132 510 317 537 343
person 0.04866254 825 455 871 508
person 0.048562914 1257 -165 1287 -58
person 0.048295747 -1 -283 7 -250
person 0.04803774 0 132 7 166
person 0.048020154 683 255 710 283
person 0.047806304 758 186 773 211
person 0.04771668 748 124 759 143
person 0.04767357 1204 616 1268 742
person 0.047512442 1272 234 1280 265
person 0.047377385 285 168 299 181
person 0.04720336 -4 -269 22 -155
person 0.047109537 1108 312 1131 342
person 0.04709115 -5 -279 10 -271
person 0.04692157 145 204 185 255
person 0.0469142 81 225 108 259
person 0.046810415 948 508 1045 648
person 0.0467554 1261 368 1285 412
person 0.046533033 212 133 240 166
person 0.046457954 355 141 392 194
person 0.04640883 1266 254 1280 302
person 0.046235576 609 204 623 227
person 0.04621776 875 570 954 660
person 0.046026796 266 285 290 313
person 0.04596156 436 277 464 306
person 0.04595751 1139 331 1164 360
person 0.045821432 12 557 48 624
person 0.045722637 257 186 270 202
person 0.045597564 936 282 966 309
person 0.045553673 1171 190 1183 207
person 0.045442432 840 539 883 597
person 0.045410153 443 218 457 242
person 0.04535717 1170 302 1214 380
person 0.04478689 224 255 238 280
person 0.044692148 202 263 227 288
person 0.04443706 1150 206 1165 223
person 0.044342637 976 544 1015 591
person 0.043822274 429 136 442 154
person 0.043790247 1126 212 1163 265
person 0.04374675 944 232 984 282
person 0.04358598 119 260 152 298
person 0.043355294 555 164 568 187
person 0.04321606 1203 209 1215 232
person 0.0431796 1146 204 1159 221
person 0.04313938 1255 -253 1288 -161
person 0.043088127 1031 220 1052 243
person 0.043047465 986 188 1000 207
person 0.04284205 521 262 574 330
person 0.04281529 1267 236 1284 263
person 0.042794913 -1 420 22 465
person 0.04276074 881 267 906 289
person 0.042611763 502 226 515 248
person 0.042412784 417 125 453 178
person 0.0423545 936 184 950 207
person 0.042335488 893 574 938 631
person 0.04219174 394 242 408 268
person 0.041718636 782 132 794 147
person 0.04159325 862 238 875 264
person 0.04153599 255 172 273 193
person 0.041460607 831 352 872 390
person 0.0414409 1184 586 1276 770
person 0.04139716 725 375 771 429
person 0.041300848 1089 356 1114 387
person 0.0411592 318 252 341 281
person 0.041155674 1184 239 1197 261
person 0.04106469 638 429 724 513
person 0.040893078 0 491 13 564
person 0.04053065 57 291 102 364
person 0.040423587 1032 426 1058 451
person 0.040180713 614 146 628 164
person 0.04015856 77 500 106 528
person 0.040085986 748 453 861 598
person 0.039883707 -4 161 11 189
person 0.039883003 1085 354 1153 441
person 0.03966128 0 424 9 457
person 0.03961583 -12 692 37 841
person 0.039580207 378 183 416 234
person 0.039276432 102 211 114 228
person 0.039146714 54 208 74 232
person 0.039139483 110 185 138 218
person 0.038982417 294 256 319 285
person 0.03884335 1265 125 1279 172
person 0.03877588 442 226 456 248
person 0.038773127 364 152 378 164
person 0.038745396 555 231 568 254
person 0.03852041 748 131 760 146
person 0.03851933 452 128 465 141
person 0.038357135 -1 276 5 316
person 0.038269743 1084 332 1110 364
person 0.03821678 193 212 207 228
person 0.038156312 715 263 740 292
person 0.03801145 18 568 34 655
person 0.037575126 647 252 701 322
person 0.037527446 1041 165 1061 186
person 0.037431993 1267 -280 1281 -271
person 0.037375297 217 287 242 312
person 0.037181567 491 629 514 662
person 0.03706833 896 453 943 508
person 0.037054367 1205 278 1241 331
person 0.03693512 124 257 148 284
person 0.03690784 740 179 779 230
person 0.03686603 917 117 936 137
person 0.036781427 465 618 486 650
person 0.036755037 668 448 717 505
person 0.03664804 734 -105 780 75
person 0.036499064 345 311 380 354
person 0.03647004 938 559 981 622
person 0.036413714 37 599 136 744
person 0.036263574 265 417 340 507
person 0.036262676 361 154 373 176
person 0.03623429 929 498 979 554
person 0.0362183 1266 -281 1284 -253
person 0.03613164 292 289 316 315
person 0.035905693 798 304 856 374
person 0.03584987 392 279 416 308
person 0.035841055 542 330 567 358
person 0.035821248 1269 -234 1280 -167
person 0.03582029 1089 445 1134 502
person 0.035660066 1057 307 1082 337
person 0.035614494 1270 843 1281 918
person 0.03550775 808 162 823 179
person 0.035481345 0 165 11 213
person 0.03539864 1264 223 1278 269
person 0.035290685 1229 243 1250 269
person 0.035257265 480 157 493 173
person 0.035256796 87 201 127 253
person 0.035211947 318 166 332 179
person 0.03513532 266 300 298 337
person 0.034909144 813 282 839 306
person 0.03480117 209 201 249 253
person 0.034758624 -5 413 14 441
person 0.034738183 721 499 809 586
person 0.03469324 762 285 788 311
person 0.03455865 0 -286 10 -223
person 0.0345036 1046 171 1076 206
person 0.034418374 1080 315 1103 345
person 0.0342942 47 185 74 217
person 0.03418939 1216 293 1229 315
person 0.034168277 699 131 713 166
person 0.034112316 1188 -262 1204 -213
person 0.034061592 1098 552 1140 611
person 0.034058053 -3 -184 19 -46
person 0.03403407 58 381 78 407
person 0.033952724 304 150 323 171
person 0.033868626 -5 280 10 311
person 0.033750653 874 173 912 226
person 0.033731114 3 221 11 238
person 0.033675715 1223 256 1244 284
person 0.03367257 504 84 533 121
person 0.03361659 851 370 949 517
person 0.033447746 1260 415 1284 462
person 0.033390626 786 626 869 724
person 0.03332799 44 489 143 655
person 0.033146095 711 304 772 373
person 0.033093225 604 206 617 230
person 0.033080876 58 377 87 413
person 0.032711558 829 279 853 301
person 0.032664686 53 -280 72 -260
person 0.032613076 452 238 503 309
person 0.03260897 989 260 1040 333
person 0.032350566 171 261 195 286
person 0.03232396 1234 214 1253 240
person 0.032296 12 446 25 480
person 0.03215054 642 231 656 256
person 0.032059193 133 291 174 344
person 0.032058813 1240 190 1258 213
person 0.03204474 30 -280 46 -272
person 0.031968255 1043 142 1062 162
person 0.03193659 49 241 70 264
person 0.031824246 690 336 715 361
person 0.03159534 613 156 625 170
person 0.03156821 563 288 590 314
person 0.031531733 418 281 444 310
person 0.031517863 273 262 287 286
person 0.03151402 143 257 169 282
person 0.031471897 1106 174 1140 228
person 0.031406883 763 590 887 752
person 0.03136975 128 193 149 216
person 0.031239007 1270 799 1281 868
person 0.031215074 654 84 681 119
person 0.031134645 515 174 554 224
person 0.031124664 611 174 651 225
person 0.031105913 551 185 591 233
person 0.030985322 850 161 864 185
person 0.030954938 537 184 552 199
person 0.030913394 30 -280 49 -261
person 0.030897107 1273 194 1281 210
person 0.030847853 640 304 665 330
person 0.03077488 686 365 712 388
person 0.03077212 719 258 774 327
person 0.030760782 113 837 149 956
person 0.030735038 1148 468 1244 657
person 0.030674974 317 147 337 168
person 0.030515157 1145 197 1158 213
person 0.03050932 528 183 544 203
person 0.030477976 627 123 642 136
person 0.030466892 887 182 900 198
person 0.030404251 416 83 442 120
person 0.030150583 1030 458 1062 484
person 0.030098777 992 415 1096 561
person 0.029920971 230 173 249 195
person 0.029853871 242 284 266 310
person 0.029748268 393 196 406 220
person 0.029693669 65 630 90 657
person 0.029631432 593 118 612 138
person 0.029605666 799 -104 848 69
person 0.029580832 361 152 373 165
person 0.029571224 0 712 9 815
person 0.029545052 1031 303 1056 333
person 0.029530548 145 41 166 69
person 0.02947031 852 194 865 217
person 0.02928405 418 210 432 226
person 0.029211037 980 536 1010 560
person 0.029118 89 213 101 227
person 0.02906515 652 158 666 174
person 0.02893657 913 161 937 185
person 0.028922673 1032 408 1057 433
person 0.028461594 -5 134 11 163
person 0.028369507 1267 180 1281 224
person 0.028313223 1270 746 1281 824
person 0.028092595 1007 336 1032 362
person 0.028087595 566 308 594 335
person 0.028080149 1035 499 1080 556
person 0.028047398 1190 460 1226 509
person 0.027934976 1269 522 1281 622
person 0.027782341 0 410 9 443
person 0.027752798 1055 339 1080 368
person 0.027719159 908 422 941 449
person 0.027670952 392 311 416 338
person 0.027633226 1257 460 1284 529
person 0.027631257 1064 68 1084 92
person 0.027525151 368 482 487 679
person 0.027514944 661 359 687 384
person 0.027497385 1268 306 1286 336
person 0.027412672 785 278 809 302
person 0.027360292 986 213 1004 235
person 0.027344162 1143 -265 1160 -210
person 0.027256386 444 604 467 636
person 0.027211322 1244 506 1258 586
person 0.027202152 102 295 157 363
person 0.02710572 37 236 54 263
person 0.027089454 1044 861 1070 923
person 0.027023258 -15 405 46 514
person 0.02696845 1183 837 1218 944
person 0.026964013 920 120 933 134
person 0.02693843 53 -280 70 -272
person 0.026926156 446 255 459 280
person 0.026786018 1229 -280 1246 -272
person 0.02675472 72 555 113 614
person 0.02671362 698 221 712 246
person 0.026623657 898 -265 932 -171
person 0.026530592 1064 140 1083 162
person 0.026327174 1191 858 1214 919
person 0.02622635 712 88 738 124
person 0.026084177 856 67 884 108
person 0.026015457 1137 230 1149 246
person 0.025926968 623 264 636 290
person 0.025926253 864 281 890 303
person 0.025902823 624 636 704 738
person 0.025871601 590 309 614 332
person 0.025800884 894 500 943 556
person 0.02579654 688 315 712 340
person 0.025677124 572 232 590 255
person 0.025660392 801 -263 834 -166
person 0.025624488 223 243 276 313
person 0.025520409 366 281 389 308
person 0.025487635 417 594 442 623
person 0.025393777 104 197 122 220
person 0.02536379 208 198 224 211
person 0.025305437 160 196 175 209
person 0.025273683 -7 808 17 952
person 0.025247578 1061 -279 1076 -271
person 0.025188996 793 157 833 209
person 0.025021791 578 397 623 453
person 0.025005337 7 434 26 498
person 0.025001425 706 -263 738 -164
person 0.024997393 907 389 934 413
person 0.024982834 440 331 463 360
person 0.02495618 548 393 597 450
person 0.024907451 -6 477 14 503
person 0.024889752 95 255 118 282
person 0.024863442 294 292 348 360
person 0.024833621 1090 606 1187 817
person 0.024821391 943 119 962 139
person 0.02480703 946 862 971 923
person 0.024740972 287 180 326 232
person 0.024714656 1033 189 1054 212
person 0.024604687 0 474 9 505
person 0.024587423 1050 383 1078 413
person 0.024577612 1036 -279 1052 -271
person 0.024529055 1272 212 1281 228
person 0.024450997 990 913 1017 996
person 0.024367856 136 216 150 236
person 0.02434755 1273 162 1281 193
person 0.024336303 742 289 756 314
person 0.02431472 835 233 850 256
person 0.024304943 1181 389 1204 416
person 0.024291016 245 173 283 226
person 0.024278611 417 -262 450 -164
person 0.024278436 481 391 526 448
person 0.024273569 957 239 973 260
person 0.024266884 916 185 941 205
person 0.024265723 74 402 105 438
person 0.02425221 -1 298 5 342
person 0.02422811 791 548 841 604
person 0.024225514 915 632 931 645
person 0.024210837 1200 -83 1233 29
person 0.024196258 1014 83 1033 108
person 0.024195539 1063 159 1082 181
person 0.024184851 1037 -280 1054 -254
person 0.024171442 941 913 967 996
person 0.024168922 67 273 99 309
person 0.024157306 511 -264 543 -165
person 0.024137875 1039 913 1066 996
person 0.024101654 707 -80 779 153
person 0.02406808 1062 -280 1079 -254
person 0.024061456 1086 -279 1101 -271
person 0.024044279 752 76 771 123
person 0.024040021 815 253 828 278
person 0.024012137 587 284 612 310
person 0.023881704 800 165 816 186
person 0.023859039 797 211 849 285
person 0.023837663 1082 253 1129 327
person 0.02383761 1102 -271 1120 -210
person 0.023797728 560 80 589 116
person 0.023795601 982 359 1010 383
person 0.023736075 891 912 918 996
person 0.023715684 891 400 912 446
person 0.023703007 1273 253 1280 285
person 0.023682836 611 304 637 328
person 0.023630299 1012 -280 1029 -255
person 0.023600578 600 602 721 756
person 0.023593174 344 280 367 306
person 0.023562476 811 74 838 112
person 0.02353473 1008 356 1033 379
person 0.023511784 1101 359 1129 391
person 0.023452051 729 133 741 151
person 0.023346664 1229 -280 1248 -260
person 0.023300761 638 334 662 360
person 0.02329824 1153 259 1167 275
person 0.023235587 414 348 448 390
person 0.023181306 1269 -185 1280 -117
person 0.02316727 152 618 178 648
person 0.023143115 842 912 869 997
person 0.023136273 75 571 108 600
person 0.02313332 959 381 985 404
person 0.023113977 515 636 536 667
person 0.023108196 436 312 460 340
person 0.02310335 1082 509 1129 566
person 0.023077877 291 304 313 330
person 0.023053057 1012 -280 1027 -271
person 0.023024116 640 145 679 197
person 0.023010982 541 364 566 388
person 0.022982765 960 873 985 953
person 0.02296663 296 137 325 171
person 0.022965744 87 505 117 534
person 0.022925302 1086 -280 1103 -254
person 0.022901041 1088 913 1115 996
person 0.022864917 911 872 936 953
person 0.022864131 360 556 452 753
person 0.022863684 960 216 979 235
person 0.02285445 995 862 1021 922
person 0.022822328 65 386 85 408
person 0.022794925 0 -268 9 -175
person 0.02271744 196 282 221 305
person 0.022599205 1033 267 1047 292
person 0.02256583 793 912 819 997
person 0.022496158 987 -280 1005 -256
person 0.022488473 2 438 40 503
person 0.022487888 1041 547 1086 605
person 0.02248517 19 577 49 648
person 0.022380518 326 -260 359 -163
person 0.02237933 771 91 789 115
person 0.022375494 77 196 96 219
person 0.022339439 529 383 614 471
person 0.022277087 369 82 396 119
person 0.022266869 993 -274 1011 -211
person 0.022266468 1002 -274 1038 -185
person 0.022251332 1147 254 1160 279
person 0.022202518 68 646 98 671
person 0.022151742 1009 873 1034 953
person 0.022144344 922 177 960 228
person 0.022109767 330 223 383 294
person 0.022085497 739 158 752 174
person 0.022024386 1267 78 1280 128
person 0.022006413 744 912 770 997
person 0.0219774 609 -263 641 -164
person 0.021973383 686 184 726 233
person 0.021956211 46 405 68 430
person 0.021942057 1268 256 1285 285
person 0.021940835 862 872 887 953
person 0.021939915 138 615 219 818
person 0.021879962 520 244 535 268
person 0.021814507 498 358 522 386
person 0.021768795 998 887 1038 993
person 0.021717489 393 249 405 274
person 0.021716857 698 858 727 934
person 0.021716181 856 202 871 223
person 0.021698102 1094 861 1119 923
person 0.021695077 888 391 915 415
person 0.021680411 432 129 444 142
person 0.021675223 694 912 721 997
person 0.021647315 1058 403 1084 427
person 0.021582535 364 212 378 235
person 0.021581668 1089 -180 1104 -129
person 0.02156756 518 280 545 310
person 0.021504384 750 184 765 205
person 0.021480918 797 859 825 934
person 0.021451116 544 293 564 333
person 0.021383263 964 120 985 143
person 0.021354383 1110 -280 1125 -271
person 0.021306822 1102 878 1141 985
person 0.021294685 390 206 403 221
person 0.021238677 645 912 672 997
person 0.021231234 1208 -280 1227 -260
person 0.021212963 910 264 937 285
person 0.021192832 1273 304 1281 337
person 0.021072377 718 100 736 124
person 0.021045666 1010 194 1024 208
person 0.021042489 1187 816 1210 869
person 0.020999365 652 400 703 456
person 0.020994572 434 -103 484 75
person 0.020942153 1110 -280 1128 -255
person 0.020939875 -6 500 14 526
person 0.020922383 1058 874 1083 953
person 0.020914286 670 92 689 117
person 0.020886356 1268 406 1286 438
person 0.020864734 236 289 292 358
person 0.020851232 603 514 693 610
person 0.020843035 962 -280 980 -257
person 0.020820912 596 912 622 997
person 0.020819414 0 348 6 392
person 0.020798486 1208 -280 1224 -272
person 0.020777559 813 872 837 954
person 0.020773863 67 852 91 932
person 0.020759208 81 491 104 516
person 0.020752773 904 -272 923 -210
person 0.020744728 853 552 972 710
person 0.020686217 710 308 733 332
person 0.020673646 203 306 239 344
person 0.02062351 -6 303 9 336
person 0.020581715 683 381 706 405
person 0.020555247 987 -280 1003 -271
person 0.0205527 542 374 565 400
person 0.02052484 118 631 188 734
person 0.020489497 808 448 842 475
person 0.020488488 222 142 232 158
person 0.02047181 1268 164 1285 192
person 0.020410633 -24 391 69 555
person 0.020410594 9 453 26 473
person 0.02036433 577 481 715 654
person 0.020354986 907 82 936 120
person 0.02029308 248 401 359 553
person 0.020285942 948 -273 966 -210
person 0.020277023 910 206 925 220
person 0.020252042 547 912 573 997
person 0.020240119 1028 360 1053 388
person 0.020224059 1062 189 1082 213
person 0.020219587 638 387 760 538
person 0.020200826 1269 137 1277 156
person 0.020181004 1046 -273 1064 -211
person 0.02013768 747 859 776 934
person 0.02012781 1052 811 1078 866
person 0.02012534 -2 501 23 551
person 0.02009587 136 226 151 249
person 0.02007109 758 512 785 538
person 0.020054314 372 110 392 135
person 0.020049222 1036 456 1057 508
person 0.019926636 212 878 250 996
person 0.019911027 561 20 579 40
person 0.019895837 913 241 966 315
person 0.019866336 76 257 98 287
person 0.019853542 692 465 825 628
person 0.019844195 497 912 524 997
person 0.019806033 1269 965 1277 1019
person 0.019796768 472 268 580 437
person 0.01970374 621 277 729 440
person 0.019635687 855 -271 873 -210
person 0.01960496 1188 -220 1204 -168
person 0.019599022 83 411 103 432
person 0.019598655 71 608 98 632
person 0.019528564 -1 375 6 413
person 0.019502595 737 327 763 351
person 0.019481111 448 912 475 997
person 0.019401051 886 367 913 390
person 0.019376192 1117 187 1130 203
person 0.019343367 871 43 891 66
person 0.019343 983 482 1009 509
person 0.01933751 1118 63 1136 89
person 0.0193167 938 -280 956 -258
person 0.019310659 335 229 349 246
person 0.019303907 68 651 102 722
person 0.019224102 399 912 425 997
person 0.019211587 1075 220 1087 242
person 0.019193983 1042 -182 1057 -134
person 0.01918405 513 643 533 675
person 0.019179357 862 515 1001 662
person 0.01907492 -1 296 9 350
person 0.019056696 49 43 69 72
person 0.01900698 350 912 376 997
person 0.018982513 307 230 320 245
person 0.018968834 0 498 8 528
person 0.018967591 236 401 320 491
person 0.018950624 1182 400 1205 428
person 0.018926773 1095 284 1109 311
person 0.018920263 764 872 788 954
person 0.018915445 254 230 295 282
person 0.018902108 219 -259 253 -163
person 0.018898722 1036 380 1062 404
person 0.01887615 0 104 6 143
person 0.018866673 1166 167 1183 192
person 0.018852822 1152 -71 1185 37
person 0.018814562 301 912 327 997
person 0.018807273 1132 404 1159 431
person 0.018805997 115 362 148 400
person 0.018804291 846 859 875 934
person 0.018801868 526 101 541 118
person 0.018798983 438 121 476 175
person 0.018784229 120 870 156 993
person 0.018752282 734 463 783 518
person 0.018733557 1061 118 1082 141
person 0.018679477 972 217 1016 269
person 0.018676212 1134 -280 1152 -257
person 0.018670842 202 912 228 997
person 0.018663073 946 122 959 136
person 0.018653769 251 912 278 997
person 0.018651599 799 891 839 999
person 0.018650044 50 258 72 287
person 0.018583851 640 355 665 379
person 0.018556032 999 82 1028 120
person 0.01853705 0 864 15 964
person 0.018535836 898 890 938 997
person 0.018520502 496 640 516 675
person 0.018507456 142 402 229 493
person 0.018496186 768 234 784 255
person 0.018453924 451 616 471 650
person 0.018446648 787 -184 817 -61
person 0.018417314 -1 645 19 731
person 0.018405408 1176 313 1190 338
person 0.01838317 37 215 54 239
person 0.018381525 86 520 117 549
person 0.018369991 600 857 628 934
person 0.018357469 72 -103 101 17
person 0.018350147 670 376 695 402
person 0.018309683 810 230 824 244
person 0.018284224 1108 874 1132 954
person 0.018283334 204 167 223 188
person 0.018250946 543 407 559 422
person 0.01824321 1015 116 1035 140
person 0.01823011 976 627 1081 807
person 0.018166391 352 -105 402 70
person 0.018152406 943 775 956 808
person 0.018140972 118 622 148 651
person 0.01813584 1100 811 1124 865
person 0.018049473 759 522 783 546
person 0.018041223 962 -280 978 -271
person 0.018039977 1255 307 1286 370
person 0.017993975 1137 912 1164 997
person 0.017988607 1155 182 1191 234
person 0.017954512 803 -271 821 -210
person 0.017944181 0 767 10 858
person 0.017929876 155 749 167 779
person 0.017889768 603 79 632 114
person 0.017877784 1180 519 1218 582
person 0.01787036 502 857 529 935
person 0.017840741 1157 493 1189 539
person 0.017797168 -1 481 9 497
person 0.017788012 153 912 179 997
person 0.017781014 920 775 932 810
person 0.017773138 771 113 807 168
person 0.017745374 897 862 922 923
person 0.017720032 0 -246 6 -197
person 0.017712846 913 -280 932 -258
person 0.017710846 307 883 346 997
person 0.017710216 1134 -280 1150 -271
person 0.01770072 1205 876 1243 987
person 0.017696228 714 872 738 954
person 0.017644174 0 -270 6 -224
person 0.01764276 884 452 909 473
person 0.017599616 1151 408 1250 570
person 0.017594108 331 218 346 237
person 0.017552946 197 623 291 822
person 0.017548079 991 92 1011 118
person 0.017545441 623 746 634 779
person 0.017542358 810 214 827 234
person 0.017523155 549 98 563 114
person 0.01747875 1157 240 1175 258
person 0.017461333 1270 -138 1281 -67
person 0.017452016 69 388 81 403
person 0.017445665 125 -258 160 -160
person 0.017424792 1010 215 1026 230
person 0.01738952 102 621 128 650
person 0.01735481 687 131 725 182
person 0.017311975 1206 82 1224 108
person 0.017259229 907 367 933 388
person 0.01725558 385 273 491 438
person 0.017235378 1032 337 1057 362
person 0.017184753 -6 378 10 409
person 0.017158614 -1 262 5 280
person 0.017088424 693 91 711 116
person 0.017076688 359 214 373 236
person 0.017012235 24 392 42 418
person 0.016948273 157 213 172 232
person 0.016915325 1270 682 1281 788
person 0.016896702 0 813 10 910
person 0.016879307 1273 376 1281 413
person 0.016872814 571 253 586 276
person 0.01684804 55 911 81 998
person 0.016818449 0 959 10 1015
person 0.016798802 -5 353 10 387
person 0.016768815 92 595 203 754
person 0.016745236 1064 87 1084 112
person 0.01672595 492 308 516 337
person 0.016713485 903 594 929 622
person 0.016689157 735 112 773 166
person 0.01667617 1273 933 1280 986
person 0.016673552 1134 382 1159 412
person 0.01666318 111 855 137 934
person 0.016657274 1106 562 1129 590
person 0.016618961 1268 282 1285 311
person 0.016608512 1274 691 1281 735
person 0.016587786 889 -280 907 -258
person 0.016577063 1236 671 1291 823
person 0.016565517 672 500 720 556
person 0.016562099 1227 513 1259 583
person 0.016560793 954 316 983 341
person 0.016553713 671 748 683 780
person 0.016550314 1142 861 1167 923
person 0.016533813 858 408 885 430
person 0.016517956 1268 331 1286 362
person 0.016422585 765 -87 785 -58
person 0.016412223 89 573 118 599
person 0.016388975 258 176 270 188
person 0.016340014 1186 912 1213 997
person 0.016323468 403 857 430 935
person 0.016305162 1268 429 1286 461
person 0.016298272 1273 402 1281 439
person 0.016272629 826 -73 892 162
person 0.016267462 665 872 689 954
person 0.016252428 52 465 77 489
person 0.01619898 97 610 124 634
person 0.01619854 204 746 216 779
person 0.016197568 671 275 800 438
person 0.016169433 225 -280 243 -257
person 0.0161552 616 872 640 954
person 0.016120533 376 98 394 122
person 0.016106267 390 331 413 359
person 0.016094945 250 -280 268 -257
person 0.016079742 1065 324 1174 468
person 0.016074274 941 590 981 652
person 0.016068304 584 528 613 552
person 0.016065529 986 711 1005 729
person 0.016058866 1043 166 1057 180
person 0.016057963 775 496 825 528
person 0.016051559 860 235 877 254
person 0.01604577 168 407 190 431
person 0.016037453 117 171 135 194
person 0.016020184 443 377 466 402
person 0.01601633 502 102 516 118
person 0.015989013 200 -280 219 -257
person 0.015986575 718 206 732 221
person 0.01598278 943 83 972 121
person 0.01598266 274 -280 293 -257
person 0.0159676 664 317 679 328
person 0.01596175 1040 93 1061 118
person 0.015948873 155 406 175 429
person 0.015935512 160 178 198 229
person 0.015876012 452 857 480 935
person 0.015857866 299 -280 317 -257
person 0.015830096 250 132 281 165
person 0.015803693 449 93 470 119
person 0.015796285 495 375 517 403
person 0.015785584 31 168 50 192
person 0.015784614 646 747 659 779
person 0.015763825 177 169 196 191
person 0.015762161 365 407 452 502
person 0.015737627 1158 -280 1177 -258
person 0.015727615 915 94 937 118
person 0.01572022 406 147 420 162
person 0.015718097 323 -280 342 -257
person 0.015707845 937 -280 954 -271
person 0.015702993 318 285 341 308
person 0.015687017 864 -280 883 -258
person 0.015679905 500 734 518 818
person 0.015640281 967 124 982 139
person 0.01563992 980 333 1008 360
person 0.015620083 423 -65 496 166
person 0.015614225 829 208 851 229
person 0.015612951 348 -280 367 -257
person 0.015605857 602 135 641 185
person 0.015603967 762 327 786 352
person 0.0155863175 649 858 677 934
person 0.01555527 31 185 51 210
person 0.015549114 130 -189 145 -123
person 0.015544525 567 872 591 955
person 0.015537761 1027 469 1066 500
person 0.015535472 373 -280 391 -257
person 0.015520829 499 98 520 121
person 0.015518308 104 911 130 999
person 0.0154931275 1102 394 1132 427
person 0.015483225 397 -280 416 -257
person 0.015479531 176 -280 194 -257
person 0.015452276 1042 124 1073 160
person 0.015448874 200 364 237 402
person 0.015439418 967 776 980 808
person 0.015427629 746 93 764 119
person 0.015418073 422 -280 440 -257
person 0.015414287 1271 870 1281 960
person 0.015390815 495 -105 548 79
person 0.015349406 80 -267 94 -211
person 0.015317901 595 121 610 134
person 0.0153027605 491 336 514 363
person 0.015296073 903 292 1011 458
person 0.01529229 447 -280 465 -257
person 0.015249438 -4 166 18 206
person 0.015233156 252 59 279 96
person 0.015220715 783 482 818 508
person 0.015218893 511 364 535 388
person 0.015178754 471 -280 490 -257
person 0.015178227 1141 -88 1192 60
person 0.015150118 764 490 791 511
person 0.015143132 354 857 381 935
person 0.015126722 509 473 636 654
person 0.015120025 1268 355 1286 387
person 0.015090483 840 -280 859 -258
person 0.015081118 796 746 807 779
person 0.015078094 1207 874 1230 958
person 0.015073875 933 379 960 403
person 0.015071226 -1 504 9 519
person 0.0150685785 128 214 182 286
person 0.015050636 0 120 11 172
person 0.01504633 338 347 371 389
person 0.015043279 782 205 858 308
person 0.015032875 959 405 984 426
person 0.015030927 1206 243 1220 261
person 0.015028485 496 -280 514 -257
person 0.015019093 1214 59 1230 85
person 0.015003701 405 886 443 999
person 0.014989317 460 72 497 129
person 0.014948243 0 -223 6 -172
person 0.0149465455 1112 -272 1149 -184
person 0.014936601 517 872 541 955
person 0.0149328755 453 399 497 457
person 0.014924375 -1 28 6 68
person 0.01491914 472 91 489 114
person 0.014912455 551 857 578 934
person 0.014906686 1190 771 1207 823
person 0.01490633 75 464 100 489
person 0.014894899 -1 53 6 94
person 0.014887477 520 -280 539 -257
person 0.014871137 909 626 936 648
person 0.014869551 861 364 887 387
person 0.014859544 757 -272 774 -211
person 0.014853661 789 186 810 206
person 0.014849092 442 214 458 232
person 0.014843074 58 625 81 653
person 0.014808958 0 330 6 373
person 0.014765673 545 -280 564 -257
person 0.014753484 57 212 71 227
person 0.014724456 151 -280 170 -257
person 0.014721522 397 594 424 628
person 0.014720056 740 -86 760 -58
person 0.014692695 392 354 415 383
person 0.014688167 445 357 468 387
person 0.014682117 570 -280 588 -257
person 0.01467573 0 -22 6 25
person 0.014657579 0 67 10 125
person 0.014655679 208 79 239 118
person 0.014653977 61 382 74 400
person 0.01464441 367 309 390 334
person 0.01464117 1017 84 1028 104
person 0.01463311 -1 78 6 116
person 0.014630952 468 872 492 955
person 0.014620863 1245 -179 1292 -36
person 0.0146203395 133 382 146 399
person 0.014608426 1041 730 1052 749
person 0.014604344 991 750 1001 777
person 0.014587382 1044 120 1057 138
person 0.014574393 594 -280 613 -257
person 0.014573042 1228 231 1269 312
person 0.0145564005 653 610 731 712
person 0.014546349 77 -280 96 -259
person 0.014546032 464 307 488 336
person 0.014526101 772 162 790 182
person 0.014523365 -1 646 6 685
person 0.014495362 -7 250 19 317
person 0.014485583 167 -274 185 -213
person 0.014474125 672 277 686 300
person 0.0144675365 444 258 460 272
person 0.014463028 1052 461 1081 484
person 0.014447058 619 -280 637 -257
person 0.014439199 878 424 914 456
person 0.014417127 117 377 250 545
person 0.014401119 1260 -280 1284 -208
person 0.014386386 873 32 888 85
person 0.014377307 598 745 610 779
person 0.014376584 74 558 108 586
person 0.014366818 -4 -283 16 -199
person 0.014354953 931 436 956 456
person 0.014351289 1075 69 1095 95
person 0.014347256 1271 239 1280 255
person 0.014343493 815 -280 834 -258
person 0.014338398 1080 377 1105 408
person 0.014318673 1158 -280 1174 -271
person 0.014307822 419 872 443 955
person 0.014300434 127 -268 141 -212
person 0.014290261 244 305 267 329
person 0.014289999 811 713 828 733
person 0.014283303 550 747 561 779
person 0.014280149 1117 -262 1127 -220
person 0.014278417 1243 194 1255 207
person 0.014258848 643 -280 662 -257
person 0.014227432 566 22 576 38
person 0.014226338 644 262 657 286
person 0.01422034 913 -280 929 -271
person 0.014218595 -1 666 6 709
person 0.014216143 472 596 592 766
person 0.014214131 409 621 436 657
person 0.014206676 771 746 784 784
person 0.014176209 507 608 603 828
person 0.0141358385 126 -280 145 -258
person 0.0141354725 275 147 296 170
person 0.014134449 612 334 637 357
person 0.014116546 668 -280 687 -257
person 0.014115412 996 654 1070 772
person 0.014072655 873 121 909 176
person 0.014031833 377 747 389 778
person 0.014003674 791 -280 810 -258
person 0.014001724 574 747 586 779
person 0.013999098 1183 -280 1199 -271
person 0.0139897335 1092 -263 1102 -220
person 0.013984696 305 857 332 935
person 0.013977394 965 89 985 114
person 0.013967408 796 209 817 225
person 0.013965892 -6 529 14 557
person 0.0139182545 990 776 1006 811
person 0.0139161525 1187 -168 1203 -117
person 0.013914884 1272 279 1280 311
person 0.013909793 1273 720 1280 764
person 0.013896726 525 746 537 779
person 0.013874533 73 -136 95 -56
person 0.013870063 1183 -280 1202 -259
person 0.013851013 700 890 740 1002
person 0.01384512 512 -68 584 166
person 0.013837354 503 888 542 1001
person 0.013824823 693 -280 711 -257
person 0.013819609 312 819 359 957
person 0.013814268 1262 842 1282 926
person 0.013809099 1019 -263 1029 -220
person 0.013792874 982 499 1009 525
person 0.013783153 148 387 166 403
person 0.013779284 1150 123 1178 160
person 0.013775858 1186 169 1204 194
person 0.013765457 918 458 932 470
person 0.013755408 370 872 393 955
person 0.013733644 236 122 283 202
person 0.013708981 1272 744 1280 787
person 0.013704017 601 889 640 1001
person 0.013700202 841 62 862 87
person 0.013696426 766 -280 785 -258
person 0.0136874765 630 117 672 171
person 0.013671545 1272 497 1280 539
person 0.013659688 710 331 735 354
person 0.013651453 717 -280 736 -257
person 0.013623693 1175 430 1199 459
person 0.013566009 0 4 6 49
person 0.013565696 465 654 485 687
person 0.0135602355 309 63 336 101
person 0.013535594 790 -88 811 -58
person 0.013528126 229 747 241 778
person 0.01352322 666 365 683 380
person 0.013503237 1100 603 1129 635
person 0.01348288 -4 -265 10 -230
person 0.013478441 400 739 425 824
person 0.013470017 1272 -240 1280 -195
person 0.013462967 641 234 657 248
person 0.013460213 162 627 188 659
person 0.013457902 1153 354 1179 381
person 0.013457812 180 746 192 779
person 0.013454382 254 747 266 779
person 0.013449844 1055 477 1084 502
person 0.0134377275 -5 107 11 138
person 0.013437203 314 508 334 538
person 0.013431793 742 -280 761 -257
person 0.013427831 997 802 1063 920
person 0.013421643 366 157 379 173
person 0.013415102 24 213 67 295
person 0.013402567 992 -186 1007 -133
person 0.0133925835 621 260 638 280
person 0.013381576 888 -280 905 -271
person 0.013369243 -6 651 11 682
person 0.013368141 -6 57 10 89
person 0.013358454 310 353 344 395
person 0.013346115 502 360 630 528
person 0.013344139 1016 776 1029 807
person 0.013341144 963 731 975 752
person 0.013334912 23 145 41 170
person 0.013333463 331 -42 407 175
person 0.013323618 992 117 1011 141
person 0.013312465 681 216 806 372
person 0.013308031 393 235 409 258
person 0.01330495 392 611 485 825
person 0.0133042615 508 795 566 914
person 0.013301058 317 480 431 668
person 0.013296922 0 -198 6 -147
person 0.013294745 88 246 101 260
person 0.01327776 1186 -92 1238 53
person 0.013264746 764 872 785 902
person 0.0132516045 503 182 519 197
person 0.013229661 320 872 344 955
person 0.013221752 788 872 809 902
person 0.013213025 1044 -263 1053 -221
person 0.013203692 87 411 98 429
person 0.013192971 803 427 837 456
person 0.0131922215 49 607 76 633
person 0.013185077 739 872 760 902
person 0.013174151 715 -86 735 -57
person 0.013164724 -5 81 10 112
person 0.0131355245 1016 750 1026 776
person 0.013110365 915 282 940 306
person 0.01310736 129 799 145 869
person 0.013106077 33 -7 68 90
person 0.01309052 1273 34 1280 74
person 0.013077232 48 649 75 677
person 0.013073129 813 871 834 902
person 0.013068842 942 571 967 601
person 0.0130667575 1170 314 1184 342
person 0.013032236 -1 -216 15 -118
person 0.012999812 640 588 744 739
person 0.012991048 805 401 834 423
person 0.012987668 619 -61 692 170
person 0.012955591 839 -111 857 -80
person 0.012948324 1175 82 1193 109
person 0.01292428 967 752 976 778
person 0.012892681 1015 728 1026 748
person 0.0128893675 814 -111 832 -80
person 0.012889234 0 525 9 559
person 0.012886923 402 122 420 145
person 0.012870979 848 658 957 832
person 0.012859418 53 244 67 258
person 0.012858687 802 481 835 510
person 0.012854663 257 258 271 282
person 0.0128491875 1116 172 1134 198
person 0.012847645 307 154 319 166
person 0.012838462 973 582 1012 646
person 0.012833249 665 311 678 333
person 0.0128322095 564 187 582 210
person 0.01282774 206 857 234 935
person 0.012814578 714 871 735 903
person 0.012787202 837 871 858 902
person 0.012780511 1202 333 1226 361
person 0.012766561 208 184 247 235
person 0.012765173 705 -210 737 -87
person 0.012752354 1243 118 1280 208
person 0.012745146 1263 881 1282 975
person 0.012740083 904 341 929 363
person 0.012736971 1090 734 1099 750
person 0.012733055 233 377 267 418
person 0.012718037 1074 839 1160 1015
person 0.012706456 864 -280 880 -271
person 0.012694009 1147 -233 1165 -169
person 0.012668539 271 872 295 955
person 0.0126639 449 740 474 822
person 0.012651267 704 -273 721 -212
person 0.0126383845 858 67 881 92
person 0.012635855 790 -111 807 -79
person 0.012621021 1068 -263 1078 -221
person 0.012614818 799 -240 814 -180
person 0.012613607 817 284 834 299
person 0.012599593 912 453 937 474
person 0.012598614 131 751 143 780
person 0.012594552 1272 84 1280 119
person 0.012592162 1137 169 1154 195
person 0.012586383 1093 827 1149 949
person 0.01257372 811 191 827 207
person 0.012571896 847 -239 863 -177
person 0.012565499 764 312 777 337
person 0.0125586195 324 192 340 210
person 0.012558076 70 268 186 436
person 0.012547951 255 857 283 935
person 0.012545328 0 786 6 836
person 0.012507244 28 277 129 439
person 0.012504717 944 752 953 778
person 0.012502928 -5 672 10 704
person 0.012499043 181 427 201 453
person 0.012486066 865 92 888 118
person 0.01247208 990 636 1004 647
person 0.012470402 349 123 395 208
person 0.012469056 -4 -239 10 -205
person 0.012464395 0 -173 6 -123
person 0.01245506 692 192 711 209
person 0.012452238 272 258 288 278
person 0.012447033 402 747 413 779
person 0.012432112 934 317 961 343
person 0.012429672 206 825 255 955
person 0.012428893 35 169 47 187
person 0.012417504 862 871 883 902
person 0.01241513 1272 523 1280 566
person 0.012411751 276 486 294 516
person 0.012403764 222 872 246 955
person 0.0123927165 942 239 962 254
person 0.0123828165 1011 501 1038 525
person 0.012381867 895 774 908 810
person 0.012376573 72 871 94 957
person 0.012371498 1273 110 1281 143
person 0.01237095 1060 359 1164 528
person 0.012370536 25 403 39 424
person 0.01235822 880 289 907 310
person 0.012356992 -6 32 10 64
person 0.012355217 855 182 873 212
person 0.012345759 690 871 711 903
person 0.012333736 911 480 936 499
person 0.012332417 1272 -191 1280 -145
person 0.0123322895 278 746 290 778
person 0.012312923 995 120 1007 137
person 0.012306947 892 -240 913 -174
person 0.012306267 1272 -216 1280 -170
person 0.012302976 174 456 195 485
person 0.0123027675 791 95 810 118
person 0.012292771 165 666 206 774
person 0.012292024 971 836 1059 1017
person 0.012281694 1090 -120 1107 -69
person 0.012280538 159 81 189 119
person 0.012280179 1182 -271 1208 -201
person 0.01226455 546 96 566 118
person 0.012258134 959 702 970 718
person 0.01225728 21 92 62 178
person 0.012254272 567 332 591 356
person 0.0122445505 968 547 1021 569
person 0.012242054 53 368 92 425
person 0.01223947 342 338 364 364
person 0.012233182 328 745 339 779
person 0.0122283315 894 93 914 117
person 0.012220508 980 459 1006 484
person 0.012218879 1013 296 1113 463
person 0.01221858 1261 -190 1282 -109
person 0.012218125 348 739 373 821
person 0.012213004 344 351 365 378
person 0.012201653 907 529 932 555
person 0.012193191 102 -280 121 -259
person 0.012170629 1095 119 1124 158
person 0.012151749 41 240 50 255
person 0.012150214 704 794 765 911
person 0.012135436 1065 750 1075 776
person 0.012129827 765 275 885 445
person 0.01212403 840 -280 856 -271
person 0.012112447 148 111 194 193
person 0.012104239 74 -188 95 -105
person 0.012096807 787 553 813 573
person 0.0120957745 500 746 512 779
person 0.012084938 1068 240 1138 343
person 0.012072965 995 -263 1005 -220
person 0.012063766 1074 227 1087 251
person 0.012051406 476 745 487 779
person 0.012049153 488 612 508 641
person 0.01200139 288 422 327 486
person 0.011999609 646 42 664 64
person 0.011995318 0 811 7 860
person 0.0119911935 0 -49 6 1
person 0.011990731 942 809 968 865
person 0.011988307 819 43 832 60
person 0.01198029 0 688 6 736
person 0.011978682 1040 750 1050 775
person 0.011975076 1157 874 1181 957
person 0.011973266 1013 797 1029 834
person 0.011971279 551 735 570 818
person 0.011970913 300 737 325 819
person 0.011966848 352 746 364 779
person 0.011955993 1273 0 1281 43
person 0.011954151 1067 68 1079 87
person 0.011951662 427 746 438 779
person 0.01194788 1026 41 1046 66
person 0.0119443 -5 335 10 367
person 0.011942628 412 815 460 957
person 0.011941824 690 -86 710 -57
person 0.011939579 1041 776 1054 808
person 0.011933512 940 92 961 116
person 0.011909235 1084 627 1115 657
person 0.011906744 1157 299 1223 403
person 0.0118587855 109 161 126 184
person 0.011842497 223 458 244 488
person 0.011840472 813 311 839 333
person 0.011821473 127 -239 142 -172
person 0.011819706 222 871 242 903
person 0.011815882 428 96 447 121
person 0.011812492 1273 548 1281 589
person 0.011807939 665 254 680 278
person 0.011802971 595 646 617 679
person 0.011801692 198 871 218 903
person 0.01179754 0 -148 6 -99
person 0.011797456 817 21 829 37
person 0.011792716 321 151 335 164
person 0.011787787 390 509 473 622
person 0.011773254 171 408 186 425
person 0.011756594 92 487 116 512
person 0.011750552 1121 65 1131 83
person 0.011748414 158 120 188 155
person 0.011741701 534 489 618 590
person 0.011732712 887 870 908 902
person 0.011721964 368 194 383 210
person 0.011707543 567 532 587 551
person 0.011705095 1097 -244 1113 -183
person 0.011694012 665 871 686 903
person 0.011690998 1272 -142 1280 -96
person 0.011684687 547 366 562 380
person 0.011682556 1193 180 1229 234
person 0.011661565 0 762 6 811
person 0.01165823 841 115 878 169
person 0.011657741 247 871 267 903
person 0.011653955 1272 -166 1280 -121
person 0.011650348 792 480 816 541
person 0.011646867 863 702 939 817
person 0.011644068 343 309 367 334
person 0.011631898 654 -273 671 -213
person 0.011631332 0 932 6 987
person 0.01162976 1067 141 1079 158
person 0.011623519 1042 90 1056 114
person 0.011621278 27 148 37 166
person 0.011604415 395 -86 416 -57
person 0.011592259 614 209 728 373
person 0.011560754 1132 -203 1166 -102
person 0.011559397 869 834 960 1016
person 0.011527231 322 524 343 560
person 0.011507406 1065 775 1078 807
person 0.011506679 1272 -117 1280 -72
person 0.0115055945 127 744 143 821
person 0.0114994515 815 -280 832 -271
person 0.011497489 982 383 1009 405
person 0.011488074 1129 71 1149 97
person 0.011482206 248 209 266 223
person 0.011463056 721 750 733 787
person 0.0114623485 1223 286 1244 314
person 0.011456678 271 871 292 903
person 0.011452039 1273 352 1281 388
person 0.011448796 156 -186 170 -132
person 0.011443336 647 93 665 118
person 0.011420583 562 134 601 183
person 0.011413631 1273 426 1281 463
person 0.011407623 1273 328 1281 363
person 0.011398478 73 294 95 320
person 0.011395358 296 871 316 903
person 0.011390015 897 802 960 917
person 0.01137344 1255 115 1284 180
person 0.011368857 451 745 463 779
person 0.011368219 988 750 1005 782
person 0.0113624325 420 -86 441 -57
person 0.011352259 794 41 806 59
person 0.011347641 834 282 848 295
person 0.011346342 345 380 474 551
person 0.011344936 887 407 914 417
person 0.011338348 0 -171 10 -75
person 0.0113375075 939 730 953 751
person 0.0113247195 886 -191 917 -73
person 0.011318107 416 98 460 186
person 0.0113176275 55 888 74 923
person 0.01131459 122 605 149 630
person 0.011312266 77 -280 93 -272
person 0.0113042 321 871 341 903
person 0.01130008 589 80 685 267
person 0.01129672 1038 797 1053 834
person 0.0112923635 641 871 661 903
person 0.011280605 79 741 95 823
person 0.011278509 131 197 146 210
person 0.011278456 1018 60 1037 84
person 0.011266291 929 415 956 436
person 0.011261448 1009 711 1028 729
person 0.011250563 1202 80 1227 121
person 0.011250103 206 -189 220 -135
person 0.011246597 370 -86 391 -57
person 0.011246577 1272 769 1280 811
person 0.011243448 765 -110 783 -79
person 0.011223083 599 158 614 171
person 0.011218231 345 871 366 903
person 0.01121296 1140 815 1165 869
person 0.01119917 490 402 513 426
person 0.011196303 20 456 35 472
person 0.011194065 1184 737 1194 755
person 0.011189744 484 218 606 374
person 0.011180788 209 480 336 667
person 0.011172609 0 -124 7 -74
person 0.011165642 1268 454 1286 487
person 0.011165562 646 774 659 809
person 0.011148023 370 871 390 903
person 0.011135464 441 41 464 62
person 0.01112687 972 176 1011 229
person 0.0111260945 988 733 1000 754
person 0.011125627 444 870 464 903
person 0.011120829 394 870 415 903
person 0.011118599 186 834 269 1025
person 0.011118421 220 305 245 330
person 0.011118338 468 871 489 903
person 0.0111083705 608 529 631 551
person 0.011103259 419 870 439 903
person 0.011098527 1066 735 1076 753
person 0.011097936 23 480 48 506
person 0.011096193 493 870 513 903
person 0.011077143 173 871 193 903
person 0.011051123 604 -273 620 -213
person 0.0110506965 173 872 197 956
person 0.011050649 98 388 115 405
person 0.011045867 120 658 152 728
person 0.011044152 1089 749 1102 776
person 0.011043767 518 870 538 903
person 0.011039321 811 88 902 278
person 0.011034657 518 371 531 385
person 0.011014413 617 674 639 706
person 0.011014376 1062 631 1087 660
person 0.011010829 820 749 832 781
person 0.011008165 605 795 664 909
person 0.011004231 1183 -227 1207 -154
person 0.011004049 845 90 864 115
person 0.011003166 616 870 636 903
person 0.010987782 665 -86 685 -57
person 0.01096226 542 870 562 903
person 0.0109587815 960 479 984 502
person 0.010950128 989 797 1005 834
person 0.010949906 705 77 797 270
person 0.010945027 769 182 880 358
person 0.010942271 173 45 195 69
person 0.010934945 838 20 853 36
person 0.010925187 761 217 779 233
person 0.010924929 0 835 7 885
person 0.010924667 791 -280 807 -271
person 0.010921951 1039 822 1054 858
person 0.010921111 1014 822 1030 858
person 0.010920015 591 870 612 903
person 0.010917218 1237 217 1250 232
person 0.010908753 917 749 927 783
person 0.010891832 0 -99 6 -50
person 0.010889906 303 745 315 779
person 0.01088796 213 664 280 801
person 0.010881522 61 744 73 776
person 0.010878664 801 790 862 911
person 0.0108739035 567 870 587 903
person 0.010855497 839 44 860 65
person 0.010852609 0 738 7 787
person 0.010840939 349 543 367 578
person 0.010839707 1254 253 1286 316
person 0.010814041 742 848 759 880
person 0.010808518 957 431 983 452
person 0.010806386 1189 120 1217 158
person 0.010793473 548 208 569 223
person 0.010789376 747 545 791 602
person 0.010787432 232 177 246 191
person 0.010784893 1182 -177 1206 -104
person 0.010780956 960 459 985 481
person 0.010775409 224 -280 241 -271
person 0.0107745 1274 912 1281 962
person 0.010758192 993 90 1006 113
person 0.010752206 0 860 7 908
person 0.010750999 911 870 932 902
person 0.01075035 717 848 734 880
person 0.010729153 249 -280 266 -271
person 0.010727367 766 848 784 880
person 0.010726785 -5 9 10 43
person 0.010726441 1001 486 1027 510
person 0.010720026 1233 3 1247 59
person 0.010694736 61 -113 109 37
person 0.010685554 1272 474 1280 514
person 0.0106846355 106 695 136 768
person 0.010681607 494 406 508 420
person 0.010677889 124 871 147 956
person 0.010669742 200 -280 216 -271
person 0.010665061 684 643 711 673
person 0.010665031 791 848 808 880
person 0.0106608765 274 -280 290 -271
person 0.010623714 1180 287 1197 301
person 0.010621423 586 677 608 711
person 0.010613609 1237 164 1256 190
person 0.010605371 555 -274 571 -213
person 0.01060461 989 822 1005 858
person 0.01060381 625 241 640 266
person 0.0106014935 770 833 861 1015
person 0.010591231 98 412 131 448
person 0.010590081 593 -109 611 -78
person 0.010587438 863 -111 881 -81
person 0.010583913 298 -280 315 -271
person 0.010575961 59 144 78 166
person 0.010567472 1268 477 1285 511
person 0.010564322 96 836 175 1031
person 0.010556619 569 -109 587 -78
person 0.010554314 809 420 831 468
person 0.010542359 837 710 854 730
person 0.010535864 597 262 611 286
person 0.01053566 1063 822 1079 858
person 0.01053072 914 482 931 494
person 0.010528187 444 63 466 88
person 0.010511628 1190 -122 1205 -68
person 0.0105067985 209 -275 227 -215
person 0.010503988 323 -280 339 -271
person 0.010485607 766 -280 782 -271
person 0.010480686 618 -109 636 -78
person 0.010465169 635 185 654 200
person 0.01046008 343 533 363 566
person 0.01044836 778 -193 824 -27
person 0.0104433615 673 620 714 679
person 0.010437366 348 -280 364 -271
person 0.010432034 63 147 73 164
person 0.010432009 631 507 681 564
person 0.010423463 746 771 759 807
person 0.010419129 169 283 196 306
person 0.010414244 671 774 684 810
person 0.010411572 544 -109 562 -78
person 0.010410333 548 380 560 394
person 0.010408009 0 -74 6 -24
person 0.010395386 671 282 688 293
person 0.010392825 372 -280 389 -271
person 0.010392752 1273 -44 1281 2
person 0.0103916135 26 940 44 978
person 0.010390182 175 -280 192 -271
person 0.010378108 815 848 833 880
person 0.010376619 692 848 710 881
person 0.0103739165 464 337 488 361
person 0.010373799 1274 -18 1281 26
person 0.010373402 938 212 955 229
person 0.010367188 44 510 70 532
person 0.010366919 1092 603 1135 669
person 0.010364453 -15 -204 38 -29
person 0.010364453 397 -280 413 -271
person 0.01034838 750 -241 764 -182
person 0.010348053 1000 813 1026 865
person 0.010344254 255 -188 269 -136
person 0.010341481 940 129 977 182
person 0.010339789 641 217 656 239
person 0.01033891 54 864 72 900
person 0.010336109 774 95 786 110
person 0.010333998 444 -86 465 -57
person 0.010332277 318 311 341 337
person 0.010328889 421 -280 438 -271
person 0.010328416 1088 821 1104 858
person 0.010328157 1213 166 1231 191
person 0.0103244055 398 573 419 605
person 0.010321696 80 -233 94 -165
person 0.010318414 816 -89 836 -58
person 0.010313979 1062 797 1078 834
person 0.010312889 567 628 592 663
person 0.010298872 936 438 951 451
person 0.010297156 520 -109 538 -78
person 0.010295796 119 81 148 121
person 0.010294538 495 -109 513 -78
person 0.010292861 538 404 564 426
person 0.010290094 40 218 50 233
person 0.010289715 647 20 659 37
person 0.010286699 641 -109 692 86
person 0.010279686 970 -263 981 -220
person 0.010277585 446 -280 462 -271
person 0.010272844 1141 -261 1151 -220
person 0.010272684 1221 -6 1255 95
person 0.010269135 853 548 876 573
person 0.010260168 158 856 184 935
person 0.010256779 838 264 849 287
person 0.010248805 471 -280 487 -271
person 0.010235536 290 619 381 828
person 0.0102227535 1167 801 1235 945
person 0.010218122 154 165 172 187
person 0.010216184 -4 867 11 900
person 0.010204604 938 637 955 651
person 0.010198199 495 -280 512 -271
person 0.010187755 866 330 891 353
person 0.010187663 418 256 431 281
person 0.010186058 145 607 173 639
person 0.010182587 34 186 48 204
person 0.010182025 1039 -125 1057 -75
person 0.010179503 505 -274 521 -214
person 0.010177518 -2 640 8 652
person 0.010176299 1233 27 1250 59
person 0.010174556 945 -246 961 -181
person 0.010170147 155 733 183 813
person 0.010169994 -5 217 23 280
person 0.01016878 918 -261 933 -221
person 0.01016012 281 832 367 1021
person 0.01014753 1272 -93 1280 -47
person 0.010147267 520 -280 536 -271
person 0.01013926 111 210 189 310
person 0.010138113 1056 436 1082 458
person 0.010123481 346 -86 366 -57
person 0.010120395 569 408 586 424
person 0.010115671 838 135 881 227
person 0.010115599 894 -261 908 -221
person 0.010104967 590 337 613 360
person 0.010099463 544 -280 561 -271
person 0.010092082 964 751 981 784
person 0.010080757 569 -280 586 -271
person 0.010073027 741 -280 758 -271
person 0.010072365 470 -109 488 -78
person 0.010061982 1163 67 1181 93
person 0.010058245 594 -280 610 -271
person 0.010056237 1126 -12 1163 84
person 0.010052834 936 869 957 903
person 0.010051704 840 848 857 880
person 0.010044452 1188 362 1200 387
person 0.010041945 157 359 193 397
person 0.010036447 48 489 72 512
person 0.010023692 69 300 95 331
person 0.010023166 618 -280 635 -271
person 0.010020688 326 486 350 515
person 0.010020342 964 822 980 858
