person 0.78569514 620 135 639 157
person 0.7733244 1168 189 1187 217
person 0.770048 503 278 541 320
person 0.7575718 615 255 646 292
person 0.75616735 691 232 720 267
person 0.75579363 845 137 863 158
person 0.7524792 1125 185 1143 212
person 0.7484395 672 120 689 141
person 0.74287933 661 280 694 318
person 0.74095124 598 154 618 180
person 0.7405399 898 145 916 168
person 0.7392597 570 153 589 174
person 0.7388628 714 115 731 136
person 0.73876756 1101 330 1134 374
person 0.7383901 642 180 664 207
person 0.73706245 743 133 761 157
person 0.73449105 1108 193 1128 221
person 0.7342024 418 136 436 156
person 0.73195267 666 144 685 166
person 0.73025376 219 207 240 232
person 0.72973037 546 180 568 206
person 0.72667676 931 187 951 213
person 0.7251836 777 119 794 140
person 0.725099 1154 300 1182 338
person 0.7197922 557 250 588 285
person 0.7197302 1027 258 1054 294
person 0.7188387 1207 218 1225 247
person 0.7120721 159 203 178 228
person 0.706949 438 312 474 352
person 0.70692617 644 317 681 360
person 0.7063573 760 237 790 274
person 0.7050025 1086 412 1129 469
person 0.70145446 249 197 268 216
person 0.6992589 881 177 901 203
person 0.6927221 366 150 384 169
person 0.69087774 800 227 829 262
person 0.69018716 353 178 373 200
person 0.6899133 409 204 431 231
person 0.6796053 446 138 465 160
person 0.67833585 633 220 661 253
person 0.6735094 385 251 415 283
person 0.6662236 472 265 505 301
person 0.6655589 292 191 314 214
person 0.6638513 626 170 647 197
person 0.6609456 724 299 756 336
person 0.66035444 696 143 715 168
person 0.66006786 848 166 868 192
person 0.6590583 860 192 882 220
person 0.6554236 449 242 480 273
person 0.6542532 1187 235 1207 266
person 0.65396285 976 164 993 191
person 0.6524833 479 375 516 417
person 0.6515141 904 204 925 233
person 0.6483097 182 207 202 230
person 0.64121324 1005 286 1036 328
person 0.6397809 938 332 975 376
person 0.6344969 1161 250 1186 285
person 0.6339191 933 148 952 173
person 0.63062114 527 172 547 192
person 0.62707734 591 207 614 236
person 0.6259214 916 394 959 448
person 0.6178029 463 135 481 153
person 0.61725706 1136 212 1158 242
person 0.61425644 757 180 779 206
person 0.60711926 110 221 128 244
person 0.59721285 781 468 829 525
person 0.5964497 806 167 827 195
person 0.58461297 521 137 541 156
person 0.58224654 389 206 411 231
person 0.5701663 306 173 325 192
person 0.55271095 360 217 385 244
person 0.55199146 113 231 133 257
person 0.54892164 207 254 235 284
person 0.54678184 1025 381 1061 425
person 0.543362 289 204 310 228
person 0.5286238 1013 432 1056 491
person 0.5184577 505 134 523 152
person 0.507018 715 190 743 223
person 0.5028989 813 175 834 202
person 0.49736807 775 147 795 173
person 0.48547095 1001 148 1018 174
person 0.4848708 245 253 267 280
person 0.4834484 407 165 426 186
person 0.47616374 799 248 830 284
person 0.46607116 253 276 286 308
person 0.44886106 743 181 765 207
person 0.43211976 1067 244 1089 273
person 0.40478897 847 239 877 274
person 0.38529915 349 251 372 277
person 0.38073754 952 149 969 171
person 0.3759384 475 162 494 181
person 0.33367118 326 236 350 264
person 0.33160472 88 222 105 247
person 0.32836276 469 236 496 264
person 0.326311 961 536 1014 607
person 0.31512362 551 161 571 181
person 0.29553008 496 173 518 193
person 0.2928475 498 179 519 200
person 0.27643374 525 250 549 280
person 0.27536198 1148 218 1166 247
person 0.24490622 187 212 207 234
person 0.24154548 1091 300 1112 328
person 0.23257165 164 226 183 250
person 0.21765266 853 250 876 275
person 0.21716662 1100 226 1122 251
person 0.20311967 568 193 592 219
person 0.17833652 528 127 545 142
person 0.17597039 882 160 904 188
person 0.17389576 527 188 550 212
person 0.16572815 112 321 143 357
person 0.16423702 779 152 800 177
person 0.14845437 584 190 607 214
person 0.13624488 506 235 543 271
person 0.12913269 722 129 742 152
person 0.12804917 902 190 926 217
person 0.12514308 312 190 333 212
person 0.12221691 746 216 770 244
person 0.10288208 344 236 371 264
person 0.101449974 701 125 719 146
person 0.09993538 570 232 603 267
person 0.09856566 732 159 754 184
person 0.09636145 1013 404 1058 464
person 0.09119626 840 233 865 262
person 0.08569094 722 165 745 190
person 0.0794288 238 203 262 228
person 0.076931156 364 184 387 207
person 0.07341069 857 145 876 167
person 0.06651897 1101 212 1124 244
person 0.063305385 368 154 381 173
person 0.060024697 526 204 550 227
person 0.057755012 241 244 265 269
person 0.05729144 844 252 870 280
person 0.05651347 1079 226 1104 255
person 0.05455751 157 213 183 243
person 0.05425191 762 249 786 280
person 0.04516652 1141 223 1163 252
person 0.042173136 1150 225 1172 253
person 0.03936622 533 135 551 154
person 0.03699989 467 255 495 286
person 0.03671149 739 133 768 164
person 0.033313785 1090 217 1113 245
person 0.03261971 648 141 668 162
person 0.030910525 319 212 344 236
person 0.030877588 908 167 928 193
person 0.030423313 348 176 378 205
person 0.029753603 847 176 868 202
person 0.029356908 1023 231 1046 259
person 0.027070213 514 183 546 214
person 0.026837569 764 205 789 233
person 0.02445156 362 227 387 256
person 0.022482326 1017 394 1054 441
person 0.021155752 114 226 126 250
person 0.020821534 474 181 496 200
person 0.020055119 632 159 653 184
person 0.01652669 697 153 717 175
person 0.0158031 793 181 818 208
person 0.015713956 354 175 367 195
person 0.015184421 487 237 514 264
person 0.0146635445 570 202 593 227
person 0.014518096 281 207 304 229
person 0.013620925 420 137 434 150
person 0.013529234 447 136 463 151
person 0.01319432 802 216 827 246
person 0.011113411 521 232 547 260
person 0.011065334 1083 280 1115 318
person 0.010811016 796 213 820 241
