person 0.78511924 1737 288 1767 328
person 0.7792452 933 198 966 237
person 0.7697903 1108 211 1138 254
person 0.76759654 875 269 918 323
person 0.7599608 829 201 861 242
person 0.75964165 1376 352 1422 412
person 0.7565489 1541 247 1570 287
person 0.7559509 1259 172 1286 207
person 0.75243205 1253 339 1300 395
person 0.75102067 1628 289 1659 333
person 0.74480635 1172 400 1227 463
person 0.7435118 1410 604 1474 690
person 0.7424268 1521 215 1547 252
person 0.7418732 768 266 809 319
person 0.73891646 523 303 566 357
person 0.7379053 1596 422 1642 486
person 0.7375289 988 262 1029 313
person 0.73356193 595 324 640 379
person 0.73172003 1615 356 1656 411
person 0.73058003 1086 165 1113 202
person 0.7305766 1671 304 1702 347
person 0.7277269 1695 377 1736 433
person 0.7259346 1512 278 1544 321
person 0.72550386 1711 467 1758 532
person 0.72305316 1297 193 1325 230
person 0.71094555 1182 162 1214 202
person 0.70274085 1388 483 1441 550
person 0.7017453 1306 402 1357 465
person 0.6938003 652 358 701 416
person 0.6921016 732 211 764 254
person 0.69095665 1152 143 1177 175
person 0.6907479 1011 154 1040 190
person 0.6904477 986 207 1018 246
person 0.68988883 1072 143 1098 174
person 0.6878938 1533 440 1583 509
person 0.68234414 1114 490 1181 572
person 0.6807306 1061 218 1094 260
person 0.67633 1159 233 1191 278
person 0.67416054 1429 262 1461 305
person 0.67241514 462 284 503 335
person 0.6681761 1499 365 1543 424
person 0.66574407 1856 457 1916 542
person 0.65978235 710 250 743 295
person 0.64980096 1648 515 1697 581
person 0.6456858 1185 214 1216 253
person 0.6384034 1295 533 1359 617
person 0.6360725 764 365 812 423
person 0.6346469 1462 234 1493 277
person 0.63073945 1512 355 1555 413
person 0.6161681 944 295 987 347
person 0.60895765 919 236 955 282
person 0.59644145 1384 315 1432 374
person 0.5944691 1663 337 1694 384
person 0.58529 1759 338 1799 391
person 0.5788856 798 223 830 269
person 0.5700496 1008 419 1072 502
person 0.56426054 617 263 657 310
person 0.51783 1568 302 1600 344
person 0.47515944 1584 647 1650 732
person 0.41767484 313 193 343 237
person 0.39890727 1262 214 1291 251
person 0.37678775 1396 304 1432 348
person 0.34376758 1344 298 1378 347
person 0.32648635 1430 307 1466 351
person 0.28869677 1747 327 1786 380
person 0.2874864 901 226 934 268
person 0.23565312 1696 340 1729 383
person 0.2036984 1523 341 1561 389
person 0.19122924 0 687 17 807
person 0.1637766 1191 154 1218 184
person 0.14908873 1535 336 1568 381
person 0.110071555 -1 694 32 807
person 0.108351424 1604 371 1648 435
person 0.07875036 1155 180 1185 217
person 0.061263684 1476 282 1512 324
person 0.048862897 955 236 990 273
person 0.04654248 1586 336 1620 380
person 0.037793566 743 339 777 380
person 0.02824263 5 859 120 1029
person 0.022462633 1159 200 1191 237
person 0.020408364 1047 165 1078 203
person 0.01556784 1277 192 1321 241
person 0.015319498 1518 231 1549 273
person 0.013507722 1417 284 1453 325
person 0.0133834835 1660 503 1711 566
person 0.013018002 460 297 506 354
person 0.012830844 1687 324 1722 370
person 0.012262326 958 207 995 247
person 0.012122898 1530 321 1564 365
person 0.011872075 1049 204 1082 242
person 0.011610969 1155 145 1173 166
person 0.011539153 796 339 850 398
person 0.010231499 1558 290 1592 336
