person 0.76814634 1313 419 1360 478
person 0.75065213 788 213 820 257
person 0.74190265 1053 462 1118 547
person 0.739474 669 237 710 294
person 0.7242985 1200 363 1249 426
person 0.71801645 1484 372 1517 420
person 0.6873431 855 288 895 344
person 0.6805465 1649 320 1680 363
person 0.6790273 746 364 796 426
person 0.6729473 975 264 1009 310
person 0.66566765 1019 221 1051 263
person 0.64085627 1768 392 1811 457
person 0.63777745 1598 145 1625 186
person 0.6218438 1113 235 1144 277
person 0.5895162 331 491 394 578
person 0.5552047 107 308 158 364
person 0.5448926 1390 136 1419 174
person 0.5264563 1760 224 1785 267
person 0.52606463 1156 318 1199 373
person 0.5113328 940 87 968 125
person 0.5040894 370 526 452 627
person 0.49674204 1309 145 1339 187
person 0.42923498 1404 154 1433 190
person 0.4246461 1133 239 1164 281
person 0.41956475 148 383 215 450
person 0.40684932 1071 253 1112 304
person 0.3857141 109 626 168 712
person 0.3730764 -3 305 38 372
person 0.34074733 559 280 589 322
person 0.3342754 19 556 82 649
person 0.32292226 1023 424 1074 485
person 0.3093575 156 469 229 553
person 0.30740297 1711 289 1739 327
person 0.254488 1590 176 1626 222
person 0.21695414 76 431 139 512
person 0.20579106 1122 230 1152 285
person 0.2039087 19 397 83 484
person 0.19332983 -2 423 24 579
person 0.18568641 919 121 949 158
person 0.1802532 1356 430 1389 473
person 0.179287 1436 431 1481 483
person 0.17662133 1380 136 1418 190
person 0.17602524 132 327 194 388
person 0.16908458 736 342 807 450
person 0.16216196 926 198 955 232
person 0.15811016 1302 155 1343 209
person 0.15224 140 464 245 588
person 0.14770454 1338 458 1392 517
person 0.1445277 385 543 442 615
person 0.142176 36 923 138 1098
person 0.14149784 0 660 21 775
person 0.13974759 1369 252 1397 287
person 0.13724914 1259 204 1289 244
person 0.13316959 1595 192 1625 228
person 0.13243479 1425 445 1474 502
person 0.13219826 774 239 819 292
person 0.13089381 1014 230 1047 271
person 0.12965989 1189 349 1263 456
person 0.12945813 158 506 229 594
person 0.12355786 30 560 58 678
person 0.122752756 1036 446 1135 566
person 0.12143916 -3 456 47 560
person 0.12032811 1291 411 1358 491
person 0.11950959 719 526 800 629
person 0.11433352 1614 175 1642 212
person 0.11403835 202 650 262 738
person 0.112422585 1723 252 1770 316
person 0.10869508 954 201 987 238
person 0.108304076 9 360 47 406
person 0.106785595 1315 264 1359 318
person 0.106582165 868 303 914 356
person 0.10632835 1594 350 1636 401
person 0.10622717 -7 520 85 659
person 0.10542713 1317 306 1344 341
person 0.10517149 474 640 595 767
person 0.1047076 1712 303 1741 342
person 0.1045373 1317 293 1344 327
person 0.10299869 913 243 959 298
person 0.10162891 693 242 729 284
person 0.10075526 123 635 179 699
person 0.10004028 -2 669 42 772
person 0.099962 1761 224 1777 258
person 0.09891747 1473 360 1530 435
person 0.09869192 966 249 1023 326
person 0.09603122 924 189 963 240
person 0.095960006 1650 323 1667 357
person 0.094870344 1307 385 1379 493
person 0.094162956 -5 376 37 420
person 0.09347203 56 675 122 763
person 0.092910334 776 196 831 272
person 0.09164986 1116 222 1148 258
person 0.090424575 615 414 666 476
person 0.08999405 1300 241 1342 294
person 0.08848697 986 311 1034 365
person 0.08788153 925 127 943 150
person 0.08676104 1025 228 1045 261
person 0.086579785 22 362 58 406
person 0.086148515 1322 250 1357 287
person 0.085943066 794 217 813 252
person 0.083430216 945 92 963 114
person 0.0819457 467 582 533 664
person 0.08127626 600 428 681 530
person 0.080878265 1168 336 1207 383
person 0.080115594 795 209 836 257
person 0.07973217 1022 220 1039 253
person 0.07942662 198 406 257 465
person 0.077594124 1758 372 1820 490
person 0.0757035 1317 308 1365 362
person 0.07568178 1023 327 1074 385
person 0.07566636 1237 443 1290 502
person 0.07553325 145 317 185 353
person 0.07510206 1130 388 1187 452
person 0.07420112 906 453 987 556
person 0.07408064 7 310 22 365
person 0.07398526 487 608 562 692
person 0.073390484 659 264 698 312
person 0.07301016 1213 447 1269 508
person 0.07268053 1389 917 1473 1134
person 0.07247774 1065 219 1098 257
person 0.07246769 1104 272 1141 315
person 0.072259255 1196 374 1232 420
person 0.071645476 800 250 833 290
person 0.071201496 1308 423 1342 466
person 0.07091075 1202 179 1246 230
person 0.070791274 1190 255 1235 306
person 0.07078276 175 618 294 747
person 0.07033216 1331 448 1402 551
person 0.069743715 1903 477 1922 561
person 0.06960367 1664 353 1697 393
person 0.06945055 1584 385 1629 437
person 0.06902408 1701 301 1742 356
person 0.068194665 1325 405 1361 444
person 0.06814566 3 323 68 445
person 0.06781626 1008 202 1062 276
person 0.067737274 1286 307 1336 362
person 0.06768257 82 583 182 730
person 0.06755558 1587 311 1619 346
person 0.06729698 122 653 192 736
person 0.06708508 1615 193 1644 229
person 0.06655008 1906 1111 1921 1242
person 0.06639799 1769 338 1809 392
person 0.0660474 1659 293 1691 329
person 0.0659557 1303 285 1339 325
person 0.06569299 1456 387 1489 430
person 0.06527851 1623 355 1655 394
person 0.06504894 1321 148 1341 182
person 0.06466762 859 242 893 282
person 0.06456682 639 238 671 278
person 0.06435607 1656 383 1701 439
person 0.06432532 607 311 655 367
person 0.06420867 1436 448 1468 489
person 0.063984096 1361 472 1398 512
person 0.06382001 1138 280 1173 323
person 0.06381496 1156 336 1193 384
person 0.06316903 1491 377 1510 415
person 0.06255065 1215 433 1292 538
person 0.06252888 1736 271 1768 310
person 0.06235052 634 249 677 301
person 0.062243003 884 246 918 283
person 0.062237624 1596 837 1683 1063
person 0.062193915 923 235 958 272
person 0.06151133 71 319 110 361
person 0.059767235 1900 237 1921 307
person 0.059639346 1641 265 1685 320
person 0.059093934 -10 290 19 331
person 0.059072282 1082 266 1102 300
person 0.058959827 174 390 216 432
person 0.058847353 1371 163 1405 201
person 0.058684558 981 268 1000 305
person 0.05831005 1319 148 1346 205
person 0.058272164 447 522 537 626
person 0.057929758 1099 465 1170 546
person 0.0578184 761 366 798 407
person 0.05773353 1094 529 1161 613
person 0.05763567 676 320 725 379
person 0.05621855 1396 138 1415 159
person 0.05603855 98 275 150 327
person 0.055980552 449 563 521 649
person 0.05587159 1108 221 1166 299
person 0.055836696 1901 383 1921 462
person 0.055495914 1375 254 1391 278
person 0.0553311 1062 244 1120 320
person 0.055075787 -1 255 19 326
person 0.05494021 -8 -420 17 -377
person 0.054647993 1305 307 1338 346
person 0.054158054 512 671 593 755
person 0.053689014 829 375 883 435
person 0.053615887 484 719 597 862
person 0.053609703 1030 276 1064 318
person 0.053506784 211 464 282 547
person 0.053344183 699 273 735 316
person 0.053189132 1406 332 1453 384
person 0.05318446 1903 -417 1921 -330
person 0.05317865 832 241 899 359
person 0.05216309 1636 299 1690 377
person 0.051892523 344 570 468 698
person 0.05186781 952 91 972 122
person 0.051664222 901 389 953 447
person 0.051211324 770 451 824 512
person 0.051168974 146 361 189 400
person 0.05104361 929 174 962 211
person 0.050763153 547 305 593 359
person 0.05013115 1243 434 1282 472
person 0.049913652 1469 459 1517 516
person 0.04963927 1390 140 1409 164
person 0.04945718 1510 382 1542 426
person 0.049225494 -6 259 30 317
person 0.04915845 -6 -404 33 -231
person 0.0488269 1715 289 1733 313
person 0.048805244 140 384 190 429
person 0.048516557 115 429 271 665
person 0.04829781 -1 -425 11 -375
person 0.04792043 1256 184 1289 218
person 0.047470678 1749 198 1799 281
person 0.04739288 1410 161 1427 183
person 0.047252998 771 268 809 311
person 0.04721106 1299 205 1333 243
person 0.04707927 -7 -419 15 -407
person 0.047038246 1713 61 1737 100
person 0.04701965 1693 362 1726 400
person 0.046928413 1758 461 1803 524
person 0.046788838 1469 423 1504 467
person 0.046653274 807 275 841 318
person 0.046193685 883 217 915 252
person 0.046038844 1904 537 1922 631
person 0.045804054 1268 233 1300 271
person 0.045724552 1767 276 1797 316
person 0.045629717 863 215 896 251
person 0.04535534 182 34 218 101
person 0.045338895 5 369 25 425
person 0.045102764 1572 48 1596 91
person 0.04495691 1243 453 1277 487
person 0.044865128 453 682 625 942
person 0.044707082 1900 328 1922 401
person 0.044628847 1399 283 1431 318
person 0.044536594 967 182 998 218
person 0.044417534 1733 326 1766 364
person 0.04436436 995 321 1029 360
person 0.044285994 1315 155 1334 189
person 0.04427551 1045 351 1123 461
person 0.04419019 1591 288 1624 323
person 0.04417432 1552 274 1582 308
person 0.04378291 214 644 268 710
person 0.043695863 952 462 1022 545
person 0.04355435 609 443 661 504
person 0.04351395 1593 171 1622 201
person 0.043473806 910 317 987 429
person 0.04343248 533 83 570 142
person 0.043375168 956 311 991 352
person 0.043267027 793 457 850 520
person 0.04295022 605 374 684 487
person 0.04291033 1555 345 1587 384
person 0.042891223 1891 482 1926 548
person 0.042686224 1708 252 1740 288
person 0.04232432 1620 244 1652 279
person 0.04230891 1410 260 1457 315
person 0.0421906 1136 209 1168 245
person 0.042070065 1381 282 1410 317
person 0.042046316 988 270 1007 306
person 0.04191783 1030 324 1064 361
person 0.041889157 1889 389 1925 452
person 0.041772928 1766 232 1780 258
person 0.041449394 1360 401 1393 439
person 0.04134415 1326 460 1366 502
person 0.041331 951 131 981 168
person 0.041318804 1884 -250 1929 -96
person 0.041268513 1730 481 1776 540
person 0.041205503 745 210 777 247
person 0.041083694 589 285 622 324
person 0.04101902 1872 483 1934 606
person 0.040876158 1323 293 1340 318
person 0.04073867 35 325 71 366
person 0.04066558 927 273 962 311
person 0.040573332 737 250 772 290
person 0.04043922 844 341 882 384
person 0.040349785 217 675 252 711
person 0.040314507 1179 285 1215 327
person 0.04028655 0 722 16 840
person 0.040281527 -9 203 16 244
person 0.040281314 183 419 232 457
person 0.04021573 669 197 714 249
person 0.0401049 580 859 616 901
person 0.040094223 1909 234 1921 284
person 0.039919466 1221 425 1259 461
person 0.03990775 306 593 364 662
person 0.03990449 323 483 492 688
person 0.039872643 492 751 577 840
person 0.03967951 874 292 907 329
person 0.039634656 676 222 708 259
person 0.039596904 733 275 766 315
person 0.03958814 1400 313 1430 347
person 0.039509963 1737 390 1783 447
person 0.039440118 317 402 373 456
person 0.039143197 903 459 959 521
person 0.039018627 478 311 523 362
person 0.038872495 945 95 987 149
person 0.03876611 1830 131 1855 172
person 0.03846935 169 262 220 313
person 0.038444314 1326 786 1391 927
person 0.03803184 305 323 356 371
person 0.03801739 170 465 218 500
person 0.03800784 1248 391 1287 432
person 0.037944194 1554 319 1585 356
person 0.03786168 1570 917 1656 1147
person 0.037828576 638 277 673 317
person 0.037805866 96 124 138 180
person 0.037770476 1325 199 1359 237
person 0.037672702 213 529 279 611
person 0.037557118 1106 313 1142 353
person 0.037494414 1901 -420 1921 -406
person 0.037313063 1911 202 1922 254
person 0.037248287 -2 200 9 248
person 0.037122924 1631 281 1663 315
person 0.036834337 1601 198 1618 222
person 0.036759038 437 597 625 831
person 0.03651009 1903 -351 1921 -250
person 0.0364294 965 391 1023 449
person 0.03639496 1691 392 1725 433
person 0.036389053 -1 160 10 207
person 0.036284346 1899 -421 1926 -380
person 0.03618591 673 384 729 444
person 0.036152817 1882 -378 1931 -240
person 0.036108922 1905 1195 1922 1303
person 0.03608028 0 286 11 336
person 0.035945024 1883 -123 1930 29
person 0.035811882 100 362 143 405
person 0.035788137 1053 512 1118 599
person 0.035738267 1249 357 1288 399
person 0.035715178 500 304 579 414
person 0.035592593 659 217 725 342
person 0.035200316 1327 248 1352 275
person 0.035192546 937 77 966 110
person 0.035145607 1452 139 1481 171
person 0.035024583 1323 311 1339 333
person 0.03494956 544 265 601 343
person 0.034931887 1906 1040 1920 1185
person 0.034894235 1505 365 1534 404
person 0.03481558 120 343 232 487
person 0.034460153 1590 240 1625 275
person 0.034298386 -8 163 17 203
person 0.034196544 393 320 440 369
person 0.034166463 1440 360 1472 399
person 0.034082253 1216 204 1249 240
person 0.034061592 243 324 297 374
person 0.03405246 864 296 884 332
person 0.03402518 1413 356 1445 393
person 0.03400923 -1 -429 15 -334
person 0.033818465 1734 345 1768 384
person 0.0336688 1906 1262 1922 1377
person 0.033297155 1358 489 1394 528
person 0.033267967 1900 188 1921 256
person 0.03323848 1487 128 1517 163
person 0.033174094 1854 67 1878 109
person 0.033117622 1491 261 1537 311
person 0.03299095 1373 120 1424 203
person 0.032759856 142 415 185 452
person 0.032719962 1602 151 1620 174
person 0.032695856 80 -420 109 -391
person 0.032653794 1782 -393 1807 -320
person 0.032587416 1518 280 1549 315
person 0.032520924 1273 534 1324 594
person 0.032494195 283 673 354 755
person 0.03233876 1797 397 1831 440
person 0.03233036 1368 211 1403 248
person 0.03231133 373 396 425 451
person 0.032102574 804 216 824 249
person 0.032028932 46 -420 70 -408
person 0.032027666 1902 237 1927 282
person 0.031879865 1903 350 1929 395
person 0.03180026 1725 537 1771 602
person 0.031712037 1187 247 1219 285
person 0.031614915 1421 529 1471 591
person 0.031511076 1618 388 1651 427
person 0.031505745 624 420 657 463
person 0.03145545 931 203 949 223
person 0.031373125 -1 162 17 237
person 0.031339128 1584 257 1627 311
person 0.031189099 1194 200 1224 236
person 0.03114268 918 318 954 359
person 0.03108724 1737 430 1773 471
person 0.03101182 1331 356 1366 394
person 0.030979715 111 293 148 328
person 0.030920016 78 293 113 331
person 0.030910183 311 331 392 440
person 0.030908095 45 -420 74 -391
person 0.030777918 1487 254 1516 288
person 0.030761331 1011 419 1162 644
person 0.030697964 354 501 398 544
person 0.030639268 698 215 729 251
person 0.030585082 448 79 487 139
person 0.030582378 1221 459 1259 493
person 0.030569345 1192 921 1309 1253
person 0.030556034 17 354 35 409
person 0.03045204 69 549 134 633
person 0.030325904 1068 308 1105 347
person 0.03029066 1903 89 1922 167
person 0.030124832 1118 239 1139 262
person 0.030027822 207 430 244 467
person 0.03000069 1334 492 1370 531
person 0.029899962 388 590 453 676
person 0.029888395 1619 177 1638 199
person 0.029877817 -9 417 32 457
person 0.029843135 457 179 472 207
person 0.029841263 1351 522 1404 584
person 0.029834388 1557 465 1605 522
person 0.029774396 233 264 284 311
person 0.029703524 809 316 846 357
person 0.029645877 -10 246 16 288
person 0.029590571 1511 431 1543 473
person 0.029530276 1617 801 1716 995
person 0.029495148 1559 249 1591 283
person 0.029415144 430 672 503 755
person 0.029403547 402 128 441 184
person 0.02935773 0 126 11 175
person 0.029348865 1221 328 1256 369
person 0.029332455 582 896 627 936
person 0.029257348 419 181 436 210
person 0.029130122 1062 468 1108 507
person 0.029095571 1776 1248 1821 1421
person 0.02909221 1363 432 1382 469
person 0.029056871 1403 387 1438 427
person 0.028907374 485 304 515 346
person 0.02890366 1519 238 1550 273
person 0.028870821 -4 724 36 836
person 0.028865948 1116 176 1148 213
person 0.028684191 678 241 699 280
person 0.028679581 -5 -277 28 -55
person 0.028669175 172 193 220 245
person 0.028648576 -8 130 19 170
person 0.028555935 109 378 154 414
person 0.028544346 0 103 17 189
person 0.028533364 1294 146 1351 228
person 0.028385345 1402 435 1438 476
person 0.02835389 -28 484 123 691
person 0.02828718 136 564 320 810
person 0.028284574 1453 820 1511 970
person 0.028279984 1217 176 1249 212
person 0.028129498 582 590 714 718
person 0.02784648 1404 196 1437 234
person 0.027833078 1379 309 1409 341
person 0.027768886 1622 200 1639 222
person 0.027720625 1555 -419 1578 -406
person 0.027686432 -10 532 42 572
person 0.027616216 539 685 584 717
person 0.027463071 1217 241 1250 278
person 0.027442621 1294 462 1328 500
person 0.027347237 1592 -419 1615 -406
person 0.027228266 1518 -419 1541 -406
person 0.027218193 329 126 369 181
person 0.027189545 1910 51 1922 108
person 0.027148822 1561 208 1593 243
person 0.02695806 80 -420 105 -408
person 0.026942601 101 1278 137 1398
person 0.026941145 1478 315 1509 353
person 0.026888939 882 352 917 394
person 0.026810782 1844 -420 1869 -408
person 0.026782988 1911 346 1922 396
person 0.02674333 1264 206 1283 230
person 0.026606051 623 310 655 350
person 0.026554758 59 554 200 793
person 0.026537217 323 261 369 308
person 0.026534624 135 650 177 691
person 0.026500994 1909 268 1921 316
person 0.026491033 1192 180 1223 215
person 0.026434414 -27 995 74 1253
person 0.026341762 1481 -419 1504 -406
person 0.026325988 1910 171 1922 222
person 0.026293753 1206 106 1249 162
person 0.026289066 1656 1308 1711 1478
person 0.026187545 1498 175 1543 230
person 0.026153428 1069 469 1100 541
person 0.02606933 1715 -401 1742 -313
person 0.02598914 1904 207 1928 252
person 0.02591643 -12 576 29 612
person 0.025824014 1304 402 1339 441
person 0.025768876 1147 177 1178 212
person 0.025703322 1606 361 1626 393
person 0.0256143 773 313 811 354
person 0.025580056 1027 350 1062 389
person 0.025519568 1444 -419 1467 -406
person 0.02548435 1138 243 1159 265
person 0.025464075 1556 -421 1581 -380
person 0.025419923 469 857 637 1112
person 0.025382133 167 767 236 854
person 0.02533435 1519 -421 1544 -381
person 0.025331428 1179 421 1218 457
person 0.025300039 1629 -419 1651 -406
person 0.025251497 1528 1125 1542 1164
person 0.0252355 1770 322 1802 361
person 0.02521966 -9 538 39 555
person 0.025175828 1446 279 1477 313
person 0.025159983 1312 150 1333 172
person 0.025133973 452 461 507 523
person 0.025109245 1033 398 1069 437
person 0.025016993 1300 249 1328 285
person 0.025002053 1482 -421 1507 -381
person 0.024979576 1547 389 1580 431
person 0.024968866 60 30 97 99
person 0.024923401 447 391 500 449
person 0.024896435 1593 -421 1618 -380
person 0.024830682 116 641 157 686
person 0.02482005 -11 607 20 644
person 0.02479312 1600 1122 1617 1173
person 0.024772389 817 347 855 389
person 0.024742937 1911 119 1922 172
person 0.024740567 565 283 583 307
person 0.024710605 1406 256 1438 291
person 0.024705041 1595 758 1739 1040
person 0.024701089 477 263 521 315
person 0.024668548 1903 -278 1921 -176
person 0.02456935 1782 -187 1801 -99
person 0.024552094 1445 -421 1470 -382
person 0.024543788 1709 462 1782 570
person 0.024492485 63 731 131 870
person 0.024454754 1498 933 1616 1238
person 0.02438418 1300 353 1337 393
person 0.024346586 1662 254 1694 288
person 0.02433145 1902 383 1929 430
person 0.024322273 1085 171 1115 207
person 0.024228243 1407 -420 1430 -406
person 0.02417724 1565 1126 1578 1166
person 0.024127964 1484 282 1515 317
person 0.024107246 94 163 139 214
person 0.024078723 308 403 381 484
person 0.02405541 1654 319 1676 346
person 0.024042165 1874 615 1936 743
person 0.024034625 1408 -421 1434 -382
person 0.023949448 1261 133 1291 170
person 0.023915224 1635 465 1686 524
person 0.023895072 334 497 381 539
person 0.023859682 1556 277 1578 299
person 0.02384577 1485 1369 1525 1495
person 0.023771336 123 805 248 952
person 0.023706215 957 527 1006 590
person 0.023576384 1500 1322 1557 1494
person 0.023567563 183 295 215 325
person 0.023546228 183 363 224 398
person 0.023537219 1559 1369 1599 1495
person 0.02352969 1518 1107 1532 1138
person 0.02351526 1902 271 1927 315
person 0.023502592 1371 -421 1397 -383
person 0.023498826 998 351 1034 390
person 0.02344828 926 72 979 158
person 0.0234464 733 538 788 610
person 0.023384841 1844 -420 1873 -391
person 0.023363795 1411 1369 1451 1495
person 0.023357851 1444 257 1475 291
person 0.023286436 1630 -421 1655 -381
person 0.023280364 826 107 869 161
person 0.023160836 134 671 176 710
person 0.023039013 203 1095 218 1143
person 0.023037843 1654 -411 1684 -312
person 0.02288821 1183 528 1254 611
person 0.022882206 1370 356 1402 391
person 0.022876725 1787 1286 1821 1379
person 0.02282302 532 173 576 227
person 0.022807833 1782 396 1803 432
person 0.022716288 1370 -420 1393 -406
person 0.02270804 93 453 144 496
person 0.022614924 1638 1124 1654 1173
person 0.02260658 1337 1369 1377 1495
person 0.022600217 1517 311 1547 346
person 0.02251441 589 252 621 286
person 0.022507884 -8 87 17 131
person 0.022493195 1446 315 1476 350
person 0.022381468 74 385 113 425
person 0.022354322 704 292 846 540
person 0.02235231 1633 1369 1672 1495
person 0.022344679 605 174 648 226
person 0.02233682 1488 1129 1502 1166
person 0.022334285 1333 -421 1360 -385
person 0.022320291 957 204 983 226
person 0.022298938 203 1106 215 1136
person 0.022258218 1817 530 1858 593
person 0.022241646 0 -402 14 -263
person 0.022214286 381 211 399 238
person 0.02219548 1669 53 1695 96
person 0.02209363 1655 294 1726 404
person 0.022069888 1665 -420 1688 -406
person 0.02203559 588 427 623 471
person 0.021997241 1787 120 1825 180
person 0.02199377 1410 103 1437 139
person 0.021982562 382 179 399 208
person 0.021971857 146 293 181 324
person 0.021956928 1892 545 1926 618
person 0.021934379 520 284 551 322
person 0.021885866 1488 99 1517 136
person 0.02182227 1263 1369 1303 1495
person 0.0218212 0 1070 14 1224
person 0.021795008 1745 462 1780 502
person 0.021779558 390 259 434 309
person 0.021747034 394 536 444 575
person 0.021732945 -1 83 10 138
person 0.021709446 -2 42 9 99
person 0.021683633 1782 -333 1806 -250
person 0.021638066 -23 290 117 538
person 0.021627704 1901 313 1927 356
person 0.021603612 535 381 586 438
person 0.021602899 1805 417 1843 461
person 0.021575103 1784 1139 1811 1240
person 0.021564784 70 347 109 387
person 0.021548755 31 573 70 616
person 0.021546153 1306 283 1333 310
person 0.021530244 775 430 813 466
person 0.02149541 564 45 594 85
person 0.021437306 883 392 918 429
person 0.02143582 4 319 24 340
person 0.021424875 1872 17 1924 160
person 0.021421151 1782 -256 1802 -170
person 0.02138862 91 436 121 508
person 0.02130905 1812 -421 1840 -391
person 0.021290887 1106 610 1129 631
person 0.021260181 1415 -257 1457 -158
person 0.021202724 1044 1120 1062 1166
person 0.021198515 1194 -389 1245 -240
person 0.021183487 -2 242 9 292
person 0.021166597 1190 1369 1229 1495
person 0.021164235 1904 -207 1920 -101
person 0.021162685 1666 -421 1692 -383
person 0.021130882 -2 5 8 65
person 0.021108486 508 314 541 355
person 0.021068476 975 1286 1015 1402
person 0.02099564 1698 204 1727 238
person 0.02093235 660 309 696 349
person 0.020915803 704 391 741 431
person 0.020908536 1909 898 1922 962
person 0.020882655 1812 -420 1836 -407
person 0.020872105 1358 1222 1429 1438
person 0.020816218 123 629 152 711
person 0.0208017 765 240 828 318
person 0.020794433 569 26 591 110
person 0.020785311 1489 103 1533 160
person 0.020738494 1116 1369 1155 1495
person 0.020711387 1115 101 1159 154
person 0.020708093 0 995 10 1073
person 0.020677617 1555 158 1625 277
person 0.02065707 1269 269 1302 307
person 0.02062444 1515 1309 1551 1430
person 0.020569835 1563 250 1585 272
person 0.020549582 1042 1368 1082 1496
person 0.020539558 1441 1309 1477 1431
person 0.020536307 1490 -253 1535 -160
person 0.020516632 1326 427 1348 465
person 0.020480499 1400 467 1436 506
person 0.020477496 1492 258 1509 280
person 0.0204702 1909 310 1921 358
person 0.020422783 1766 455 1805 494
person 0.02040935 1048 1285 1089 1402
person 0.020402307 968 1368 1008 1496
person 0.020393535 1105 356 1140 393
person 0.020353992 1527 466 1604 572
person 0.02032031 1295 -421 1323 -386
person 0.020289572 346 505 374 579
person 0.020270173 610 104 652 165
person 0.020266829 1367 1309 1403 1431
person 0.020253384 210 401 247 437
person 0.020251077 1022 448 1062 490
person 0.020243142 1674 1123 1690 1174
person 0.020241883 1057 111 1101 161
person 0.020206867 1904 1448 1916 1529
person 0.020182379 894 1368 934 1496
person 0.020162316 1589 1309 1626 1431
person 0.020123526 586 311 621 352
person 0.02012293 1449 1125 1467 1169
person 0.020119747 301 784 433 920
person 0.020114666 1333 -420 1356 -407
person 0.020089148 -6 165 27 225
person 0.020075615 1707 1136 1734 1237
person 0.020027226 762 112 804 166
person 0.020011988 1232 176 1306 291
person 0.020003643 91 813 244 1084
person 0.020000473 919 353 951 392
person 0.019982714 1082 1121 1098 1167
person 0.019921953 180 325 217 358
person 0.019916153 1762 916 1847 1148
person 0.01986292 183 122 229 181
person 0.019853976 957 135 977 159
person 0.019830408 1513 463 1546 504
person 0.019827679 1910 6 1922 72
person 0.01980756 -1 1035 9 1107
person 0.019798532 670 457 723 517
person 0.019788627 1908 965 1921 1030
person 0.01976213 815 656 845 693
person 0.019738419 820 1368 860 1496
person 0.019727122 1792 125 1817 164
person 0.019722229 1293 1308 1330 1431
person 0.019718096 1904 939 1927 991
person 0.019693557 1026 901 1146 1258
person 0.019622685 -9 48 16 92
person 0.01961726 1910 932 1922 997
person 0.01961613 813 216 909 384
person 0.019578459 1266 1120 1283 1167
person 0.019532235 1741 761 1831 965
person 0.01952481 449 -176 522 114
person 0.019497791 1910 89 1922 142
person 0.019451309 951 73 978 106
person 0.019425673 1561 132 1590 171
person 0.019403927 43 134 108 261
person 0.019363819 1502 1223 1573 1436
person 0.019347234 251 120 294 175
person 0.019333871 1339 1121 1356 1166
person 0.019317573 176 1312 232 1490
person 0.019312054 1586 122 1634 205
person 0.019309383 373 49 404 84
person 0.019268136 1910 379 1922 432
person 0.019255405 1210 1219 1279 1439
person 0.019210983 1034 178 1065 216
person 0.01918746 820 29 848 64
person 0.019187164 746 1368 786 1496
person 0.019179625 40 892 68 941
person 0.019168505 1296 722 1422 1035
person 0.019168211 1122 1285 1163 1402
person 0.019143322 901 1285 941 1402
person 0.019116811 0 385 29 407
person 0.0190823 1412 1124 1431 1167
person 0.019065207 1904 175 1928 219
person 0.019060357 1553 541 1601 602
person 0.019052388 1055 -388 1107 -241
person 0.01902984 27 532 64 568
person 0.01902931 1566 1106 1578 1138
person 0.019006755 827 1285 868 1402
person 0.018978348 1219 1308 1255 1431
person 0.018939096 1865 193 1923 324
person 0.018931072 1588 426 1622 467
person 0.018903183 1702 -421 1728 -385
person 0.018897792 340 808 415 890
person 0.0188728 1549 431 1582 472
person 0.018841175 419 210 436 238
person 0.01878059 1250 329 1284 366
person 0.01876922 40 645 73 686
person 0.018758135 332 1084 351 1133
person 0.018735338 703 357 738 395
person 0.018735014 731 420 771 459
person 0.018692877 1523 241 1544 264
person 0.018666234 -9 253 36 346
person 0.018654237 1259 -421 1287 -387
person 0.018612519 1902 971 1926 1023
person 0.018586664 1118 1120 1135 1167
person 0.018564584 1660 428 1693 468
person 0.01855566 1145 1308 1181 1431
person 0.018542832 1174 324 1194 363
person 0.018523993 234 1114 251 1171
person 0.018501708 1903 904 1927 956
person 0.018499017 1597 904 1711 1239
person 0.01848786 519 677 569 712
person 0.018466095 1561 -410 1604 -312
person 0.018460553 825 32 841 59
person 0.018444426 673 1368 712 1496
person 0.018425418 1109 -324 1155 -162
person 0.018421877 1662 1310 1699 1432
person 0.01841552 1072 1308 1108 1431
person 0.018413994 163 488 227 522
person 0.018362839 1811 1310 1864 1485
person 0.018357381 1079 246 1103 279
person 0.018318903 34 291 68 330
person 0.018314993 102 136 134 168
person 0.018244786 97 303 263 548
person 0.01824459 1626 248 1647 270
person 0.018239377 485 290 515 330
person 0.018238658 378 662 452 746
person 0.018202411 1701 -420 1725 -407
person 0.018197155 1229 1119 1246 1168
person 0.01818771 1595 286 1620 311
person 0.018178107 345 176 363 206
person 0.018172665 1052 1327 1110 1497
person 0.018170215 584 845 619 876
person 0.01812943 3 713 19 764
person 0.018122226 494 173 511 201
person 0.018108744 1570 43 1603 108
person 0.01808162 1303 1121 1320 1166
person 0.018024163 998 1308 1034 1432
person 0.018005457 0 1296 23 1447
person 0.018003384 1695 426 1730 466
person 0.017997222 1003 179 1034 215
person 0.017899742 1591 315 1615 335
person 0.01789969 682 886 831 1158
person 0.017898502 489 1123 513 1175
person 0.017895525 847 389 886 427
person 0.0178814 1166 323 1185 361
person 0.017875165 173 142 245 264
person 0.017846199 540 791 656 949
person 0.01783856 1488 533 1538 594
person 0.017833449 1706 1369 1746 1497
person 0.017817412 1218 281 1252 321
person 0.017815558 1635 1103 1649 1128
person 0.017810237 753 1286 794 1402
person 0.01777054 1141 384 1180 423
person 0.017761813 1079 608 1104 630
person 0.017750893 972 186 993 209
person 0.017732296 957 397 1032 476
person 0.017727256 -1 -370 10 -296
person 0.017692845 1376 1122 1394 1166
person 0.017648358 933 174 956 200
person 0.017646976 -1 -406 10 -336
person 0.017635267 920 391 956 428
person 0.017633226 599 1368 638 1496
person 0.017609404 313 1331 373 1497
person 0.017570626 -5 679 25 716
person 0.017570578 1337 -417 1390 -273
person 0.017557897 348 -390 398 -243
person 0.017546328 1359 617 1433 729
person 0.017540352 1199 1326 1257 1496
person 0.017540278 1615 148 1642 183
person 0.01748227 1348 1326 1406 1497
person 0.017475653 650 -385 700 -239
person 0.017471168 516 752 681 998
person 0.01746818 224 1203 251 1282
person 0.017435042 1153 297 1303 548
person 0.017419152 1711 257 1734 278
person 0.017407421 1375 161 1447 278
person 0.017407404 740 318 776 358
person 0.017399576 1834 134 1848 163
person 0.017383596 1295 -420 1319 -407
person 0.017343072 499 -387 549 -239
person 0.017336011 1568 64 1627 189
person 0.017332284 -8 649 22 690
person 0.017297884 1196 1286 1237 1403
person 0.01723016 1726 722 1849 1024
person 0.01720951 1910 1002 1921 1071
person 0.01719832 1438 23 1462 84
person 0.01716422 222 649 263 684
person 0.017156404 31 593 67 638
person 0.017141093 -4 718 28 760
person 0.017120693 188 -389 239 -239
person 0.01710955 557 900 599 934
person 0.017098736 473 752 544 836
person 0.017054724 927 -385 978 -241
person 0.017054476 953 347 990 385
person 0.017036475 114 848 224 1015
person 0.017023137 924 1308 960 1432
person 0.016992167 903 92 931 126
person 0.016969116 1663 298 1688 318
person 0.016960455 1192 1118 1209 1168
person 0.016955217 1488 1106 1502 1133
person 0.016927533 1306 256 1368 337
person 0.016913882 1810 1311 1845 1438
person 0.016889028 525 1367 564 1497
person 0.016865982 1404 317 1426 338
person 0.016855286 1909 1401 1920 1480
person 0.016854346 1554 176 1586 213
person 0.016850814 375 25 410 94
person 0.016837422 1488 1160 1507 1213
person 0.01682922 308 1288 350 1403
person 0.016827201 87 753 279 988
person 0.01682396 1252 452 1268 487
person 0.016821932 1717 63 1731 91
person 0.016821895 237 189 283 240
person 0.016821641 370 1309 401 1355
person 0.016780972 303 1367 343 1497
person 0.016776104 333 1310 364 1355
person 0.016771495 1 1438 15 1523
person 0.016748471 816 179 844 213
person 0.016743917 713 1121 731 1167
person 0.016711298 1711 96 1740 136
person 0.016671551 -1 956 8 1030
person 0.016661743 1251 460 1269 479
person 0.016657507 1441 173 1473 208
person 0.016644698 1209 -407 1236 -315
person 0.016643526 1660 10 1684 80
person 0.016637767 1291 235 1351 316
person 0.016625766 654 146 678 182
person 0.016621921 -2 602 12 649
person 0.016593156 1583 165 1638 249
person 0.016590945 1620 425 1653 464
person 0.01658763 904 1330 962 1501
person 0.016578604 1222 -421 1250 -387
person 0.016571134 557 255 587 289
person 0.016565997 1483 161 1514 198
person 0.016553419 1025 224 1047 247
person 0.016544292 1411 260 1433 284
person 0.016533805 1781 1220 1815 1304
person 0.016525667 451 1367 490 1497
person 0.016518576 377 1367 416 1497
person 0.016508602 621 450 658 491
person 0.01650676 1286 496 1322 529
person 0.016492028 785 177 813 214
person 0.016487688 1491 25 1516 88
person 0.01648407 82 1367 122 1498
person 0.016472207 166 1283 205 1401
person 0.016463047 230 1368 269 1497
person 0.01646044 1780 1369 1819 1496
person 0.016445855 1907 1305 1922 1442
person 0.016438752 88 271 160 349
person 0.0164161 975 -283 994 -201
person 0.01638929 296 1310 327 1355
person 0.016363291 1904 123 1928 170
person 0.016356692 490 897 526 940
person 0.016355041 375 -421 402 -385
person 0.01635018 1330 -119 1351 -43
person 0.016347174 338 -421 365 -385
person 0.016334472 80 437 124 476
person 0.016326698 412 -421 439 -385
person 0.016313769 677 468 844 689
person 0.016306316 449 -421 476 -385
person 0.016305897 1522 282 1544 304
person 0.016275888 485 -421 513 -385
person 0.016258987 407 1309 438 1355
person 0.016238734 894 177 922 211
person 0.01623348 546 688 578 706
person 0.016225843 456 1288 498 1403
person 0.016221238 -9 933 17 982
person 0.016213873 904 131 934 167
person 0.016181285 522 -421 550 -385
person 0.01617384 1 521 30 574
person 0.016158102 1274 -409 1301 -315
person 0.016132828 301 -421 329 -385
person 0.016130852 1551 463 1584 506
person 0.01613032 199 1117 216 1172
person 0.016126327 638 1118 657 1168
person 0.0161153 0 990 11 1171
person 0.016092377 1767 86 1795 126
person 0.01608319 506 542 579 628
person 0.016080845 559 -421 587 -385
person 0.016073264 482 345 514 387
person 0.016069086 670 119 710 175
person 0.016041426 906 512 973 599
person 0.016036768 334 147 403 275
person 0.016023958 1712 177 1781 295
person 0.016015677 701 313 735 355
person 0.016005654 1710 1122 1728 1173
person 0.015992675 0 753 13 801
person 0.015946314 596 -421 624 -385
person 0.015943052 389 466 585 688
person 0.015914552 1904 55 1927 104
person 0.015911618 638 192 735 371
person 0.015910946 26 703 180 972
person 0.01591072 1738 -421 1766 -387
person 0.015853647 1634 284 1658 306
person 0.015830763 236 1286 276 1403
person 0.015807454 751 1121 768 1167
person 0.015807053 453 1119 476 1173
person 0.015792608 786 -383 837 -239
person 0.015786221 633 -421 661 -385
person 0.015786044 446 141 470 175
person 0.015774772 676 1120 694 1167
person 0.015766453 -1 785 10 834
person 0.015761258 -1 17 16 117
person 0.015759535 662 352 699 391
person 0.015732989 820 660 837 685
person 0.015713418 1155 1118 1172 1168
person 0.015705751 1910 1038 1921 1108
person 0.015687767 512 356 544 398
person 0.015680583 1883 322 1931 414
person 0.015679302 444 1309 475 1355
person 0.015673652 352 -77 458 262
person 0.015665077 1039 576 1159 716
person 0.01566456 555 391 724 631
person 0.015657306 -8 581 24 598
person 0.015656777 1074 214 1147 327
person 0.015656415 670 -421 698 -385
person 0.0156499 -9 11 15 58
person 0.015638966 850 1308 886 1432
person 0.015608039 98 437 143 471
person 0.015605359 264 -421 292 -385
person 0.015578213 707 -421 735 -385
person 0.0155583 443 59 477 97
person 0.015558102 1428 -27 1452 34
person 0.015523814 744 -421 772 -385
person 0.015521184 1449 261 1469 284
person 0.015505482 492 144 511 175
person 0.015451152 781 -421 809 -385
person 0.015437576 526 1123 550 1175
person 0.015425 1714 1291 1750 1385
person 0.015423494 2 673 16 720
person 0.015415061 1383 313 1403 335
person 0.015412355 234 1121 260 1201
person 0.015406453 1717 311 1735 333
person 0.015369722 -1 1108 10 1179
person 0.015357198 1456 142 1477 164
person 0.015331969 457 1337 517 1501
person 0.015327959 818 -421 846 -385
person 0.0153192235 1894 1261 1924 1390
person 0.0152997 1902 422 1928 469
person 0.015298279 594 47 623 88
person 0.015268625 1909 566 1921 623
person 0.0152654 347 211 364 237
person 0.015253827 1908 -139 1921 -69
person 0.015253232 1341 -413 1368 -313
person 0.015249903 0 1219 15 1367
person 0.015247747 1218 362 1239 399
person 0.015229609 1134 -407 1161 -316
person 0.015223224 855 -421 882 -385
person 0.0152031155 1278 65 1338 193
person 0.015185255 1450 280 1472 304
person 0.015173273 1675 -393 1690 -330
person 0.015161235 1187 -421 1215 -387
person 0.015153954 587 451 623 489
person 0.015122906 481 1309 512 1355
person 0.015071977 -15 458 34 496
person 0.0150620565 459 43 494 118
person 0.015059623 1585 338 1645 417
person 0.015050084 892 -421 919 -385
person 0.015042269 1487 -410 1529 -309
person 0.015041817 1587 463 1619 505
person 0.015041202 1621 501 1653 544
person 0.015016032 1602 1105 1615 1134
person 0.015010701 495 921 612 1087
person 0.0149867 1259 -420 1283 -407
person 0.014986587 0 1147 15 1290
person 0.014962477 -1 -334 10 -258
person 0.014951832 1714 93 1754 154
person 0.014940734 755 1332 813 1502
person 0.014936264 593 -171 667 114
person 0.014931283 1911 -31 1922 37
person 0.014930778 339 942 374 978
person 0.01492078 259 1309 290 1355
person 0.014909613 1477 612 1548 722
person 0.014908169 761 572 888 703
person 0.014902303 1699 694 1731 740
person 0.014887939 966 -330 1012 -165
person 0.014886946 184 244 220 279
person 0.014886443 809 394 844 433
person 0.014883052 1227 133 1256 168
person 0.0148824295 1664 462 1696 503
person 0.014879906 967 -182 988 -105
person 0.014875788 121 -401 141 -316
person 0.0148742655 787 35 804 63
person 0.014868008 1064 394 1100 434
person 0.014835969 928 -421 956 -386
person 0.014822823 1048 -285 1067 -199
person 0.014818716 1747 1121 1765 1170
person 0.014811602 227 -421 255 -386
person 0.014770877 157 1367 195 1499
person 0.014751453 1444 436 1465 471
person 0.0147128105 1449 1161 1469 1214
person 0.01470646 604 1287 646 1402
person 0.01469478 1008 1119 1025 1169
person 0.014629357 518 1308 549 1355
person 0.014582648 116 -421 145 -389
person 0.014577598 533 839 683 1120
person 0.014573982 169 831 237 926
person 0.01457079 1233 928 1322 1138
person 0.014565281 1738 -420 1762 -407
person 0.014555996 152 466 196 497
person 0.014554373 1909 1079 1920 1148
person 0.014552671 66 939 99 988
person 0.014547626 1890 -420 1926 -312
person 0.014507581 1577 53 1590 83
person 0.014502967 745 902 878 1246
person 0.0145011665 1589 499 1621 542
person 0.01449148 678 1286 720 1402
person 0.014489498 981 743 1116 1027
person 0.0144880405 1740 277 1763 300
person 0.014485229 232 725 256 747
person 0.014461682 381 1288 424 1403
person 0.014461601 311 1099 329 1146
person 0.01446065 1805 363 1836 403
person 0.014458862 776 1308 812 1432
person 0.014453427 965 -421 993 -386
person 0.014419825 1451 1105 1465 1128
person 0.014402263 1070 362 1106 398
person 0.014368162 152 126 255 302
person 0.014348706 1451 334 1554 484
person 0.014313263 1308 303 1374 382
person 0.014304951 1728 577 1759 615
person 0.014269709 1343 1287 1386 1402
person 0.0142383855 1222 624 1300 731
person 0.014224076 629 398 662 438
person 0.014213604 190 -421 218 -387
person 0.014212334 507 643 556 680
person 0.014209877 1002 -421 1030 -386
person 0.014207116 231 1107 244 1139
person 0.01420631 23 125 121 296
person 0.014188864 -6 -425 24 -299
person 0.01416466 555 1308 586 1355
person 0.014137885 1774 -420 1798 -407
person 0.014128218 1115 30 1144 67
person 0.014098474 1149 -421 1178 -387
person 0.01409823 1908 -176 1921 -107
person 0.014080174 606 1334 664 1503
person 0.014035509 525 69 576 161
person 0.014030956 1818 289 1846 327
person 0.01402738 74 745 130 817
person 0.014017341 1100 930 1155 979
person 0.01401392 1113 497 1157 534
person 0.014012939 543 552 742 794
person 0.014010628 1639 1288 1681 1401
person 0.013999348 1893 1190 1924 1311
person 0.013991952 328 906 365 939
person 0.01398256 1774 -421 1802 -389
person 0.01398185 1423 -420 1451 -307
person 0.013964229 1894 1322 1923 1463
person 0.013954786 1438 212 1470 249
person 0.013941709 1897 1126 1923 1226
person 0.013913909 307 277 336 312
person 0.013888384 225 721 264 754
person 0.013873672 196 1198 220 1290
person 0.013854785 971 1116 989 1170
person 0.013839366 1382 -395 1397 -331
person 0.013837238 -1 1071 9 1141
person 0.01383703 598 31 621 105
person 0.013834668 564 1123 583 1171
person 0.013826655 514 722 559 740
person 0.013809053 1315 424 1333 461
person 0.013805593 1358 18 1383 80
person 0.013771201 1290 25 1316 87
person 0.013762796 1039 -421 1067 -386
person 0.013758372 251 -411 277 -319
person 0.013757924 1909 856 1921 922
person 0.013733533 678 835 711 884
person 0.013689208 1056 483 1115 528
person 0.013685346 1622 534 1653 578
person 0.01367568 1566 211 1587 234
person 0.013674233 -1 -38 9 29
person 0.013670184 1621 464 1653 505
person 0.013655275 191 -403 212 -318
person 0.013648932 1113 -421 1141 -387
person 0.013647179 592 1308 623 1355
person 0.013631731 1076 -421 1104 -386
person 0.013598489 629 219 659 253
person 0.01359671 -8 896 18 945
person 0.013589492 418 146 435 178
person 0.013573369 1850 472 1943 636
person 0.013547045 1903 601 1920 698
person 0.013537421 503 608 548 647
person 0.013521898 956 391 993 428
person 0.013515811 751 32 766 60
person 0.013511019 788 1121 805 1168
person 0.013506349 1908 -360 1921 -292
person 0.013506037 517 186 611 380
person 0.013498244 530 1287 572 1402
person 0.0134921055 -6 -397 15 -345
person 0.013487302 775 460 813 499
person 0.013481529 509 719 564 748
person 0.013471767 0 1143 10 1217
person 0.013457902 345 1121 363 1174
person 0.013456218 1674 1103 1688 1127
person 0.013445366 516 468 572 531
person 0.013423783 303 -170 379 109
person 0.013412281 1553 497 1585 540
person 0.013411341 601 1119 620 1169
person 0.013411052 646 238 664 271
person 0.013404548 1186 -322 1232 -153
person 0.013399787 51 928 81 980
person 0.013399252 665 548 731 634
person 0.0133977905 1516 140 1547 176
person 0.013377207 1904 -76 1921 32
person 0.013371885 263 731 465 976
person 0.013370972 1222 -420 1247 -407
person 0.013370386 150 -85 264 231
person 0.013368959 -1 -297 10 -221
person 0.013355807 1380 103 1406 141
person 0.013340646 138 1253 259 1543
person 0.013338124 306 310 337 346
person 0.013321162 1272 237 1294 261
person 0.013282571 518 1066 543 1093
person 0.013267906 1626 531 1674 594
person 0.01326602 1589 572 1620 617
person 0.013263749 1602 1094 1618 1145
person 0.013262844 582 789 625 825
person 0.013253698 1516 219 1548 255
person 0.013253051 270 1114 288 1171
person 0.013249634 555 1066 580 1089
person 0.013245513 1837 88 1866 133
person 0.013243743 1066 425 1108 467
person 0.013217752 562 307 734 556
person 0.013208383 1418 -395 1433 -331
person 0.013202735 1403 503 1437 539
person 0.013163473 1411 1161 1431 1214
person 0.013151983 1904 -145 1920 -34
person 0.013138237 565 843 627 933
person 0.013135153 1657 10 1672 57
person 0.013130308 1773 89 1789 119
person 0.013100523 1392 -119 1436 -54
person 0.013097139 88 111 145 197
person 0.013085902 592 352 625 394
person 0.013083586 624 243 686 324
person 0.01307121 305 1117 324 1171
person 0.013068848 356 497 386 562
person 0.013063319 597 213 626 244
person 0.013062508 1333 105 1360 145
person 0.013058433 729 611 771 642
person 0.013057216 1313 429 1336 450
person 0.013051737 1419 606 1464 677
person 0.013040507 1110 571 1128 589
person 0.0130375 931 203 1036 367
person 0.0130334385 1736 1310 1772 1436
person 0.013028048 702 1308 738 1433
person 0.013019253 75 609 113 650
person 0.013009012 1251 497 1287 529
person 0.013008553 1103 388 1138 429
person 0.013006929 629 1307 660 1355
person 0.013004065 -1 1179 10 1254
person 0.012993672 1557 570 1588 615
person 0.012990962 -7 757 20 796
person 0.012990143 1692 296 1750 378
person 0.012987276 1665 207 1696 242
person 0.012986328 1671 176 1700 211
person 0.012984337 1123 -282 1143 -199
person 0.012980163 618 145 757 419
person 0.012979754 1070 223 1094 244
person 0.0129744895 903 246 968 326
person 0.012974452 1892 -286 1923 -163
person 0.012973871 404 49 434 82
person 0.012973213 1479 495 1513 535
person 0.012962209 1908 243 1919 269
person 0.012947221 -9 789 18 829
person 0.01293635 899 1092 926 1219
person 0.01291198 825 1119 842 1169
person 0.012883096 1261 190 1283 209
person 0.012875955 1909 746 1921 811
person 0.012870391 278 1101 294 1146
person 0.012832541 1270 1286 1311 1403
person 0.012813757 13 367 39 392
person 0.012803556 1908 -213 1921 -144
person 0.012798874 411 1116 435 1171
person 0.012795885 1000 390 1037 427
person 0.012793205 1647 381 1710 461
person 0.01277947 559 203 588 234
person 0.012770353 79 143 119 178
person 0.012769223 1491 1287 1534 1401
person 0.012754702 1909 781 1921 847
person 0.012749305 181 221 219 254
person 0.012745189 -1 -260 10 -185
person 0.01272393 1910 417 1921 471
person 0.012715019 1629 64 1655 107
person 0.01271265 1908 1116 1920 1181
person 0.012702809 1639 -395 1653 -331
person 0.0127009675 33 416 80 463
person 0.012694193 493 -98 594 257
person 0.012693064 376 1119 400 1173
person 0.012690579 309 1205 400 1388
person 0.012685734 515 535 572 599
person 0.0126645975 1565 1288 1608 1401
person 0.012663292 1349 915 1393 1027
person 0.012647175 1271 332 1420 548
person 0.012638931 666 386 702 427
person 0.012638133 1001 782 1096 970
person 0.012625579 1904 92 1928 139
person 0.012622923 1057 -409 1083 -317
person 0.012621728 -1 923 9 992
person 0.012619671 1522 101 1552 138
person 0.012609421 1120 227 1143 246
person 0.012591569 1103 431 1141 469
person 0.012589856 1838 173 1867 217
person 0.012568753 495 138 630 420
person 0.012565576 -3 569 19 615
person 0.012556025 100 492 144 527
person 0.012554109 33 360 51 403
person 0.01254368 1587 535 1618 580
person 0.012541914 901 -280 921 -202
person 0.0125408815 1455 -395 1470 -331
person 0.012497229 345 275 373 312
person 0.012494488 289 55 325 92
person 0.012488335 666 1307 696 1355
person 0.0124800345 865 240 886 274
person 0.012479424 -7 -358 15 -308
person 0.012478342 1908 -287 1921 -218
person 0.012474435 1884 231 1929 326
person 0.012451225 153 316 175 349
person 0.012421568 1526 1159 1544 1212
person 0.012419212 482 648 511 669
person 0.012409103 1909 -66 1921 4
person 0.01239131 589 546 658 631
person 0.012391305 1333 204 1354 227
person 0.012367338 1908 -324 1921 -255
person 0.012360223 1000 -129 1027 -83
person 0.012355393 59 0 110 157
person 0.012338256 1498 -29 1523 33
person 0.012317088 373 -129 401 -82
person 0.012314437 528 169 547 197
person 0.012314159 174 465 208 539
person 0.012292956 154 1101 168 1128
person 0.012274311 1454 98 1481 131
person 0.012264053 87 -195 158 52
person 0.012257533 1636 1281 1717 1510
person 0.012254359 -1 -223 10 -148
person 0.012252534 1 724 19 749
person 0.012247089 153 -421 181 -388
person 0.012239598 1492 -395 1506 -331
person 0.012236658 336 -129 364 -82
person 0.012228344 629 1307 664 1433
person 0.012225216 -9 968 15 1017
person 0.01222094 182 395 209 416
person 0.012219103 1773 -407 1812 -302
person 0.012218919 103 -179 146 21
person 0.012218902 469 55 499 94
person 0.012200114 1032 807 1061 851
person 0.012189814 1140 26 1169 64
person 0.012181038 1229 435 1251 455
person 0.012147348 410 -129 438 -82
person 0.012140484 1196 -283 1217 -199
person 0.01213703 1909 212 1921 238
person 0.012132886 1775 -342 1811 -232
person 0.012117127 0 -103 17 30
person 0.012101274 1417 1287 1460 1402
person 0.012086674 1371 471 1390 509
person 0.012085488 1590 98 1620 145
person 0.012083502 1487 282 1509 306
person 0.012080993 383 1113 408 1195
person 0.01207434 62 686 100 722
person 0.01206908 699 425 735 463
person 0.012065363 1150 429 1189 467
person 0.01206318 1186 -420 1211 -407
person 0.012055267 545 662 588 693
person 0.012034409 -10 465 28 482
person 0.012029897 1908 -250 1921 -181
person 0.012024288 1424 778 1543 1014
person 0.012018239 1760 329 1817 412
person 0.0120149385 628 353 661 391
person 0.011983203 703 1307 733 1355
person 0.011978011 1728 507 1762 546
person 0.011967101 538 301 601 383
person 0.011964993 305 349 340 390
person 0.0119615495 210 910 248 946
person 0.011955921 1303 206 1326 232
person 0.011954659 1179 253 1245 331
person 0.011952119 -1 890 11 951
person 0.011950649 -5 108 28 176
person 0.011949433 222 1308 253 1355
person 0.011942477 -1 1216 10 1291
person 0.011919204 785 241 810 279
person 0.011913506 1043 1085 1071 1221
person 0.011907703 551 347 585 390
person 0.011905359 403 876 443 909
person 0.011893799 1232 424 1249 461
person 0.011876707 1442 452 1462 485
person 0.011871039 788 169 929 424
person 0.011861742 1904 1010 1927 1063
person 0.011850412 1344 -395 1360 -331
person 0.011845902 1483 206 1514 243
person 0.011844679 -1 860 11 917
person 0.011831142 1491 132 1511 154
person 0.011828773 108 1306 142 1436
person 0.0118262535 468 1197 554 1368
person 0.011825686 175 -32 231 129
person 0.011809591 1392 136 1446 219
person 0.011806799 438 468 473 511
person 0.011802309 1686 13 1745 138
person 0.0117750745 706 -128 731 -80
person 0.011765024 447 -129 475 -82
person 0.011760623 592 853 612 870
person 0.011745172 135 102 280 377
person 0.011743268 404 508 445 548
person 0.01173592 0 824 12 877
person 0.011735401 859 176 888 210
person 0.011720478 945 621 1000 714
person 0.011715006 447 1203 474 1283
person 0.011697275 1310 312 1332 336
person 0.011691753 665 754 844 1023
person 0.011687753 -1 -186 10 -112
person 0.01168463 1902 461 1928 510
person 0.011684554 1616 868 1659 913
person 0.0116746295 1062 1218 1131 1440
person 0.011668036 -19 1192 36 1438
person 0.011664633 1226 462 1251 484
person 0.011657306 1564 -256 1609 -167
person 0.011647646 1855 605 1946 783
person 0.0116465045 1529 -396 1543 -331
person 0.01164257 740 1306 770 1355
person 0.011635565 1905 17 1922 108
person 0.011626351 1825 545 1854 584
person 0.011623924 1820 240 1847 279
person 0.011597816 1770 71 1800 109
person 0.011594613 1551 538 1582 581
person 0.011589903 999 1019 1027 1069
person 0.011586081 299 -129 327 -82
person 0.011580872 257 44 294 109
person 0.011562977 743 -129 768 -80
person 0.0115546305 1620 572 1651 617
person 0.011553427 932 1117 955 1173
person 0.011545566 -9 501 27 516
person 0.011538506 1823 217 1850 255
person 0.011536836 841 34 868 68
person 0.011532666 1116 54 1146 91
person 0.011531807 0 1399 9 1481
person 0.011528172 1215 494 1253 527
person 0.011517103 1462 388 1482 423
person 0.011511567 273 1251 404 1531
person 0.011489417 1892 1041 1920 1179
person 0.011486087 1860 992 1928 1254
person 0.011481199 516 387 549 430
person 0.011466359 1865 -271 1938 -65
person 0.011462516 1644 1231 1713 1437
person 0.011461253 861 1118 878 1170
person 0.011456121 -8 865 18 912
person 0.01144886 203 -174 280 98
person 0.011433387 1628 1236 1654 1283
person 0.011423481 1909 -104 1921 -33
person 0.011418226 890 904 1015 1262
person 0.011414033 287 505 327 542
person 0.0113873985 184 936 231 971
person 0.011360322 483 -128 511 -82
person 0.011357216 669 -128 695 -80
person 0.011352927 475 576 516 615
person 0.011350237 777 1306 807 1355
person 0.0113499 291 684 331 716
person 0.011345651 0 -334 15 -184
person 0.011344652 1657 500 1690 542
person 0.011331091 1710 1222 1746 1307
person 0.011331039 1558 603 1605 670
person 0.011328228 116 -421 140 -408
person 0.011327385 82 1332 111 1385
person 0.011317845 319 190 363 242
person 0.011315039 942 84 960 103
person 0.01131138 1566 -396 1580 -331
person 0.0113019515 555 1307 590 1434
person 0.011297422 1602 -396 1617 -331
person 0.011296405 1630 88 1660 131
person 0.011291486 333 1308 368 1435
person 0.011288052 1477 611 1523 680
person 0.011286877 1475 541 1508 580
person 0.011277488 672 168 702 207
person 0.011276255 -14 495 33 531
person 0.011276138 914 180 972 261
person 0.011268847 1041 277 1057 317
person 0.011260302 1903 500 1928 547
person 0.011252363 1360 530 1395 564
person 0.011227921 315 129 415 316
person 0.011210334 232 323 306 401
person 0.011202925 1411 202 1431 225
person 0.011186983 977 264 1001 286
person 0.011183409 1574 387 1639 465
person 0.01115931 1910 819 1921 887
person 0.011138219 895 1117 918 1173
person 0.011137253 814 1306 844 1355
person 0.011136013 526 683 561 703
person 0.011123771 910 1181 990 1373
person 0.011112284 300 1205 326 1278
person 0.011107256 1555 1235 1581 1283
person 0.011098177 1149 -420 1174 -407
person 0.011089467 1496 -348 1531 -230
person 0.01108162 407 1307 442 1435
person 0.011079452 1701 504 1736 543
person 0.011076333 1514 499 1547 540
person 0.011069821 370 870 399 894
person 0.011053463 1880 1026 1924 1220
person 0.011047888 -23 -302 57 -39
person 0.011037197 1713 -391 1771 -254
person 0.011026464 224 682 244 701
person 0.011026376 1463 1248 1586 1532
person 0.011023157 1908 1153 1921 1218
person 0.011020591 1777 -268 1809 -157
person 0.011020035 593 395 627 436
person 0.011015498 355 769 430 854
person 0.011013847 830 543 881 606
person 0.011012038 1785 1099 1800 1127
person 0.0110114105 0 643 13 693
person 0.011003053 856 415 1032 657
person 0.011002514 1592 1236 1618 1283
person 0.010987565 453 266 618 528
person 0.010972102 1892 -215 1922 -88
person 0.010967726 179 469 212 485
person 0.010962147 1911 1368 1922 1444
person 0.010960974 520 -128 548 -82
person 0.010960244 1402 -185 1449 -100
person 0.010951016 829 1101 857 1223
person 0.010934095 -1 1254 10 1327
person 0.010927713 1700 466 1734 506
person 0.010923595 1909 707 1921 770
person 0.010921416 851 1306 881 1355
person 0.010917863 1037 -129 1063 -81
person 0.010916715 299 99 438 385
person 0.010909477 481 1307 516 1435
person 0.010902375 632 -128 658 -81
person 0.0108984355 850 706 1030 1029
person 0.010890919 1080 938 1117 983
person 0.010888596 1120 1092 1148 1228
person 0.010883631 887 220 912 240
person 0.010880849 476 599 520 636
person 0.010878254 337 -420 362 -407
person 0.010874134 374 -420 399 -407
person 0.010867023 529 142 548 172
person 0.010866116 459 187 503 239
person 0.010856541 411 -420 436 -407
person 0.010855 447 350 477 391
person 0.010851574 184 389 207 429
person 0.010847487 448 -420 472 -407
person 0.010835939 262 -129 290 -82
person 0.010832312 485 -420 509 -407
person 0.010824048 1667 259 1690 280
person 0.010823967 1859 72 1872 99
person 0.010815806 119 317 147 337
person 0.010815535 -1 1291 10 1363
person 0.010804719 336 357 369 398
person 0.010783499 522 -420 546 -407
person 0.01077141 191 -360 214 -257
person 0.010765736 -6 1008 17 1058
person 0.010761679 887 1306 918 1355
person 0.010758953 594 -128 621 -81
person 0.010758578 1336 -269 1373 -160
person 0.010756614 300 -420 325 -407
person 0.010736944 557 -128 585 -81
person 0.010723607 558 -420 583 -407
person 0.010719849 120 1117 141 1233
person 0.010714643 615 1185 698 1361
person 0.010712262 1343 489 1361 531
person 0.01069577 -3 297 12 318
person 0.01068825 1519 1235 1544 1284
person 0.010666681 826 -279 847 -202
person 0.010635594 595 -420 620 -407
person 0.01063315 1711 -392 1727 -330
person 0.010622871 1903 571 1927 619
person 0.010616619 1742 1102 1758 1129
person 0.010611257 282 535 321 574
person 0.010610801 441 66 492 157
person 0.0105850855 983 -410 1009 -319
person 0.010582784 710 274 729 313
person 0.0105775725 120 1205 142 1302
person 0.010576614 189 426 225 447
person 0.010568674 463 936 625 1234
person 0.0105635235 338 310 368 348
person 0.010558377 902 604 1026 738
person 0.0105556175 449 313 477 352
person 0.010549722 150 322 179 339
person 0.0105455965 763 1178 844 1366
person 0.010542707 1787 1298 1872 1520
person 0.010541528 1438 495 1473 533
person 0.01054015 444 422 477 466
person 0.010539568 632 -420 657 -407
person 0.010535705 266 285 435 540
person 0.010517621 925 1305 955 1355
person 0.01050377 1566 31 1590 74
person 0.010497122 564 761 631 848
person 0.01049673 1221 207 1244 229
person 0.010492586 1216 366 1242 385
person 0.010483619 -1 -251 23 -101
person 0.010482228 1041 -187 1065 -100
person 0.010481878 439 498 478 539
person 0.010473755 1482 1234 1507 1285
person 0.01047335 477 388 510 431
person 0.010469525 263 -420 288 -407
person 0.01046832 1557 321 1581 342
person 0.0104681235 1112 -420 1137 -407
person 0.010463397 1335 1235 1360 1287
person 0.01046076 669 -420 694 -407
person 0.010460523 81 1297 108 1351
person 0.010460159 1143 537 1161 555
person 0.010459868 907 158 1061 418
person 0.010453182 1910 495 1922 550
person 0.010446259 337 1335 370 1383
person 0.010436051 633 1273 659 1322
person 0.0104313595 1706 48 1739 119
person 0.010417277 706 -420 731 -407
person 0.010401936 81 767 104 789
person 0.010401077 1409 1234 1433 1286
person 0.010394267 1910 528 1921 583
person 0.010391639 1720 -355 1756 -249
person 0.010389903 743 -420 768 -407
person 0.010388726 1373 1234 1397 1287
person 0.010388279 456 204 473 232
person 0.01038262 596 1274 622 1322
person 0.010379058 961 1305 992 1355
person 0.010372453 1373 211 1398 236
person 0.010366342 782 32 810 67
person 0.010362702 1907 604 1919 662
person 0.010358611 40 1410 67 1467
person 0.010349874 780 -420 805 -407
person 0.010349376 374 1335 407 1384
person 0.0103491265 478 424 512 466
person 0.0103375055 1588 607 1618 653
person 0.010335046 534 817 609 904
person 0.010327675 1373 1159 1393 1214
person 0.010309204 1188 142 1217 176
person 0.010300899 1183 1305 1214 1355
person 0.010298138 817 -420 842 -407
person 0.010295709 1146 1305 1177 1355
person 0.010289078 -7 1301 16 1351
person 0.010280497 656 622 694 658
person 0.010278445 1910 129 1921 159
person 0.01027781 174 502 209 594
person 0.010275859 1112 -194 1136 -108
person 0.010271864 854 -420 879 -407
person 0.010271336 1513 167 1546 205
person 0.010270904 178 1052 200 1080
person 0.0102704 1664 1197 1689 1247
person 0.010266713 1012 1247 1142 1530
person 0.010264188 1267 -391 1289 -331
person 0.010263737 1662 532 1694 575
person 0.010263336 1075 -420 1100 -407
person 0.0102565475 1512 540 1544 580
person 0.010255879 781 -340 827 -167
person 0.010253938 380 274 407 312
person 0.010252526 559 1274 585 1322
person 0.010251277 538 715 593 747
person 0.010247156 158 261 231 338
person 0.0102408035 1160 1247 1289 1530
person 0.010232763 1446 540 1479 577
person 0.010230683 189 611 214 629
person 0.010223963 1109 1305 1140 1355
person 0.010222574 891 -420 916 -407
person 0.010220133 1446 1234 1470 1286
person 0.010218272 394 196 436 249
person 0.010217143 998 1305 1029 1355
person 0.010215808 1003 525 1186 799
person 0.010213768 300 1335 333 1384
person 0.010211493 456 1107 479 1194
person 0.010210374 670 1273 695 1322
person 0.010205113 755 367 776 404
person 0.010201034 -1 -149 10 -75
person 0.010200515 -1 763 12 788
person 0.010197487 309 767 383 853
person 0.010193686 9 109 149 368
person 0.0101832505 1369 488 1386 527
person 0.010180646 567 865 604 898
person 0.010180536 1035 1305 1066 1355
person 0.010178777 1220 1305 1251 1355
person 0.010177658 1909 62 1920 91
person 0.010174646 121 313 144 350
person 0.010170402 1059 918 1157 1140
person 0.010167124 547 387 581 429
person 0.010165665 1066 591 1116 659
person 0.010163694 1072 1305 1103 1355
person 0.010160993 558 13 598 123
person 0.010158695 954 432 991 470
person 0.010153946 928 -420 952 -407
person 0.010146653 195 1113 219 1212
person 0.0101460405 411 1335 444 1384
person 0.010136027 919 427 957 464
person 0.010129265 394 111 447 199
person 0.010115327 1743 1161 1767 1216
person 0.010112931 1709 1103 1724 1129
person 0.010085987 1001 -420 1026 -407
person 0.010085848 1103 469 1147 508
person 0.010082626 1910 1334 1922 1403
person 0.010080147 1308 1248 1438 1530
person 0.010058012 1038 -420 1063 -407
person 0.010055373 1230 -391 1252 -332
person 0.010052069 1716 1039 1740 1189
person 0.01004846 68 646 107 688
person 0.010048298 965 -420 989 -407
person 0.0100434795 1775 283 1792 308
person 0.010039399 1307 -395 1324 -331
person 0.0100350445 248 725 290 758
person 0.010031535 342 245 370 280
person 0.010019769 1798 130 1810 158
person 0.010015987 1090 582 1148 677
person 0.010013316 769 378 788 417
person 0.010005788 1780 -126 1799 -37
person 0.010001534 1812 327 1843 366
person 0.010001071 1270 -209 1289 -125
