person 0.7793481 834 131 854 158
person 0.75051886 1048 227 1079 268
person 0.7492704 541 229 575 268
person 0.74109524 755 138 775 166
person 0.7375469 598 205 629 241
person 0.7280508 788 129 807 154
person 0.72343385 666 159 688 186
person 0.71685094 582 146 602 172
person 0.7159169 904 122 924 148
person 0.7109839 735 110 752 132
person 0.7084359 942 170 968 205
person 0.7058715 831 209 862 247
person 0.70459604 384 206 412 240
person 0.70384616 478 217 509 253
person 0.7023512 718 141 739 167
person 0.69837266 1128 265 1159 307
person 0.6977527 885 180 913 217
person 0.6974507 780 177 808 211
person 0.68391067 709 162 732 190
person 0.6778867 1028 164 1049 193
person 0.6729006 343 200 369 234
person 0.6691432 1076 163 1097 192
person 0.6688102 815 151 836 179
person 0.66585106 1099 221 1127 258
person 0.6635268 899 328 943 383
person 0.6554679 716 197 747 232
person 0.6553795 791 232 827 275
person 0.6542108 1104 300 1144 354
person 0.65179276 496 161 519 188
person 0.65145534 417 178 440 208
person 0.64421016 1149 168 1169 196
person 0.6432163 533 167 557 196
person 0.63250005 875 236 910 281
person 0.63100505 968 195 995 232
person 0.63082576 803 133 823 158
person 0.6222964 634 127 654 152
person 0.6193144 933 270 975 323
person 0.60098773 617 150 638 177
person 0.578987 463 180 491 212
person 0.5730618 591 169 619 201
person 0.5567194 1098 163 1118 191
person 0.53701425 1193 190 1213 220
person 0.53395456 1171 207 1196 244
person 0.5333983 782 284 827 340
person 0.51226526 1049 178 1071 207
person 0.5045318 684 130 705 152
person 0.502428 59 388 128 480
person 0.49911037 1154 240 1182 276
person 0.4967095 1005 174 1027 204
person 0.3392486 496 171 525 202
person 0.32502759 1032 214 1054 245
person 0.30752522 1119 195 1141 225
person 0.2970634 499 190 523 218
person 0.2959605 721 124 740 145
person 0.12060624 762 181 792 213
person 0.10475673 1049 154 1070 181
person 0.09484114 517 202 541 229
person 0.08264757 1044 150 1064 173
person 0.07756381 1196 201 1216 230
person 0.04365647 852 142 872 166
person 0.03940375 691 127 710 147
person 0.035674673 676 132 697 155
person 0.026796881 750 215 789 255
person 0.02130027 743 130 765 158
person 0.017191293 511 193 536 221
person 0.015900211 576 152 599 181
person 0.012867412 902 164 924 193
person 0.0120908525 1152 178 1174 207
