person 0.7780358 891 127 912 155
person 0.7731608 584 144 604 170
person 0.76685286 1049 224 1081 266
person 0.75452554 1035 157 1056 186
person 0.7473535 688 122 707 146
person 0.7439798 546 166 568 194
person 0.7427761 833 214 864 250
person 0.741334 595 207 625 242
person 0.73922354 540 228 573 266
person 0.7303054 636 132 655 157
person 0.7280173 732 105 750 127
person 0.7239275 1095 305 1137 361
person 0.7238705 800 122 818 145
person 0.7208668 840 128 860 155
person 0.71725595 793 223 827 266
person 0.7164322 679 184 707 218
person 0.7134979 401 201 431 237
person 0.71228385 1087 165 1107 194
person 0.70627713 891 175 919 210
person 0.705022 650 160 672 189
person 0.6988994 1093 219 1120 257
person 0.6891158 1152 234 1180 272
person 0.68312234 959 167 982 195
person 0.68211776 952 271 990 316
person 0.673817 331 205 360 242
person 0.6732825 1125 253 1156 295
person 0.6711551 704 159 727 188
person 0.663993 617 147 638 175
person 0.6636771 808 137 828 163
person 0.63492525 772 159 794 189
person 0.6346604 966 190 994 226
person 0.62263304 417 175 438 204
person 0.61725456 867 243 900 285
person 0.61610997 1165 207 1186 236
person 0.6074999 475 217 505 253
person 0.5987693 506 191 534 224
person 0.5985161 1054 189 1076 219
person 0.58906513 606 174 629 203
person 0.58889925 504 160 526 187
person 0.57321864 851 141 872 168
person 0.54214185 790 285 833 339
person 0.5412354 1005 174 1027 203
person 0.5380996 462 180 489 213
person 0.53426963 1189 190 1210 219
person 0.52893937 1199 179 1219 207
person 0.5243648 1157 171 1177 198
person 0.5206586 719 143 741 169
person 0.51867425 866 344 910 396
person 0.5032588 1124 204 1145 234
person 0.48846588 381 244 418 289
person 0.38573724 1107 164 1126 189
person 0.33669737 1049 152 1068 177
person 0.33398053 1032 213 1055 244
person 0.30204973 799 156 821 184
person 0.23541324 732 129 754 155
person 0.11468553 764 144 786 169
person 0.10407161 971 197 1000 233
person 0.06699714 499 190 524 219
person 0.06270011 748 153 771 179
person 0.033372093 707 135 738 168
person 0.031606156 1186 200 1209 229
person 0.02918693 727 112 747 136
person 0.024375064 675 181 698 211
person 0.01908814 454 182 477 209
person 0.017254014 845 151 869 178
person 0.015848344 1030 179 1054 210
person 0.015235424 900 178 925 207
person 0.014162224 735 103 747 122
person 0.013658236 600 164 623 193
