person 0.7958675 763 260 797 303
person 0.7318632 689 116 709 142
person 0.7285319 876 239 907 277
person 0.7226206 307 197 339 235
person 0.7104029 653 227 688 269
person 0.7096121 575 109 594 137
person 0.70754486 778 128 799 155
person 0.7020007 746 114 766 141
person 0.6797002 499 210 534 251
person 0.6763994 1013 202 1036 232
person 0.6717661 222 203 249 239
person 0.6684585 500 152 523 180
person 0.6623316 625 137 646 165
person 0.64972603 878 155 899 184
person 0.6422493 852 166 874 196
person 0.62413293 397 163 421 192
person 0.6240838 1046 253 1078 295
person 0.6196609 987 292 1029 347
person 0.6146372 662 109 681 133
person 0.6140746 436 202 469 237
person 0.6055726 904 189 926 217
person 0.60157895 527 129 547 156
person 0.59802324 958 188 980 216
person 0.5759775 566 182 595 217
person 0.57428646 338 242 372 284
person 0.5723123 562 141 583 170
person 0.5670281 728 151 750 179
person 0.5630284 341 169 370 203
person 0.5578827 867 195 896 231
person 0.54207677 580 260 624 313
person 0.5362898 1073 214 1095 243
person 0.52728415 1089 181 1113 209
person 0.5259249 444 177 467 205
person 0.5220316 371 186 394 216
person 0.5112381 657 191 688 226
person 0.5085205 515 176 539 204
person 0.50530064 398 169 427 204
person 0.48629847 660 128 681 153
person 0.4586119 944 78 961 106
person 0.44003743 946 160 966 185
person 0.43583867 615 122 634 147
person 0.41936916 941 177 962 203
person 0.35522404 582 162 603 189
person 0.348828 1111 264 1140 303
person 0.34813517 718 156 749 191
person 0.33772418 402 190 425 220
person 0.33086777 654 98 671 121
person 0.30842644 535 130 559 157
person 0.30406964 507 155 532 183
person 0.3030798 1049 235 1072 263
person 0.30146793 631 134 656 162
person 0.26917627 711 122 731 145
person 0.26560882 1011 266 1045 304
person 0.2509661 951 156 972 180
person 0.22457145 612 226 650 266
person 0.22267322 876 193 898 222
person 0.22111668 398 197 431 233
person 0.21452871 934 139 955 166
person 0.20650642 699 164 722 189
person 0.2060448 598 119 621 146
person 0.20488195 600 128 622 156
person 0.19957732 303 196 326 224
person 0.19855449 415 163 438 191
person 0.19236155 1013 192 1041 226
person 0.19176461 251 214 284 249
person 0.1902772 711 135 736 164
person 0.18534823 711 183 736 208
person 0.18153848 1098 182 1118 206
person 0.17420478 647 176 672 204
person 0.16500592 652 111 673 135
person 0.16293265 775 123 795 149
person 0.16286537 788 174 820 208
person 0.16105065 1074 257 1097 285
person 0.15681247 1107 217 1128 244
person 0.1539492 493 196 543 263
person 0.15202941 416 190 442 220
person 0.14704816 542 181 568 208
person 0.14468494 797 159 819 187
person 0.14441156 725 208 759 245
person 0.14306061 45 609 108 736
person 0.13974944 1051 297 1084 340
person 0.13974085 979 212 1002 238
person 0.13941206 651 250 688 289
person 0.13839175 641 171 665 196
person 0.13765876 547 169 571 196
person 0.13251738 804 165 825 191
person 0.13144666 268 214 292 243
person 0.12810571 1005 193 1043 244
person 0.12548432 954 203 985 237
person 0.12441068 1065 192 1092 225
person 0.12426841 754 254 806 322
person 0.12254319 912 296 948 335
person 0.122253016 711 202 746 241
person 0.121019736 910 168 933 194
person 0.11296987 1078 232 1103 261
person 0.11080156 792 185 814 210
person 0.11049796 495 179 522 207
person 0.10922941 1070 211 1089 249
person 0.108047456 359 243 384 268
person 0.10754395 216 197 254 248
person 0.10726312 732 189 756 214
person 0.10698536 879 203 903 232
person 0.10592914 335 162 376 213
person 0.10542022 780 129 792 152
person 0.1050928 540 123 560 148
person 0.10453458 495 297 543 354
person 0.1038083 840 299 879 339
person 0.10378719 1092 176 1112 197
person 0.10293204 845 174 867 204
person 0.09984796 656 101 667 116
person 0.09946419 418 205 446 234
person 0.0993796 1107 226 1129 253
person 0.09910791 688 251 726 291
person 0.097784415 917 293 964 345
person 0.09654659 550 255 589 295
person 0.09587747 1066 201 1103 254
person 0.095809124 694 137 717 164
person 0.09513026 392 166 432 217
person 0.09169318 895 177 935 227
person 0.09141717 665 111 678 125
person 0.09088921 731 212 754 237
person 0.090467334 328 228 378 297
person 0.09019994 434 167 475 218
person 0.08881914 549 203 585 239
person 0.08838579 1037 212 1061 238
person 0.088220686 778 254 814 292
person 0.08418606 465 183 492 211
person 0.08330239 155 320 205 394
person 0.08287929 945 77 957 98
person 0.0812584 859 252 898 292
person 0.079260856 495 258 535 300
person 0.07498332 804 228 837 266
person 0.07468315 923 283 961 324
person 0.0738219 614 163 637 190
person 0.07308045 907 211 930 238
person 0.07238497 809 141 832 168
person 0.07198535 585 185 608 212
person 0.071346104 880 149 901 174
person 0.07113984 660 159 685 185
person 0.07077638 465 210 490 238
person 0.0698774 1040 264 1066 294
person 0.06966365 640 238 673 266
person 0.069426686 712 151 755 202
person 0.0691816 262 230 284 257
person 0.06864433 381 278 418 315
person 0.06838771 953 149 972 172
person 0.06764996 346 206 373 235
person 0.06709612 569 248 636 334
person 0.066839166 502 163 545 214
person 0.06674499 207 206 228 233
person 0.06671256 951 177 990 227
person 0.06655498 577 289 622 345
person 0.06579731 986 192 1009 217
person 0.06571163 448 179 462 201
person 0.06535718 249 235 273 264
person 0.06509421 318 250 353 289
person 0.06499224 694 184 722 210
person 0.0638715 949 162 963 176
person 0.062373165 458 125 487 159
person 0.062014747 479 286 553 367
person 0.061378863 732 153 746 177
person 0.06112663 1036 250 1085 323
person 0.06071985 614 218 639 243
person 0.060693998 1120 259 1150 297
person 0.059298355 649 93 675 127
person 0.059025437 237 463 257 489
person 0.05845035 856 168 870 192
person 0.058251582 871 216 921 290
person 0.057705343 762 163 784 189
person 0.056882013 852 169 864 193
person 0.0563991 422 187 474 256
person 0.054970775 -5 -280 11 -251
person 0.054544635 399 123 428 158
person 0.054312784 934 203 958 230
person 0.054029934 1186 828 1215 945
person 0.053560216 1268 -278 1281 -220
person 0.053557497 1027 194 1049 218
person 0.052905485 573 187 587 211
person 0.05265563 685 215 712 239
person 0.05264834 467 170 490 196
person 0.05245288 317 236 343 264
person 0.05242126 860 231 887 261
person 0.052288696 611 184 637 210
person 0.052157022 500 224 525 253
person 0.052114114 565 153 579 175
person 0.05208716 371 168 394 194
person 0.051567607 955 159 969 173
person 0.051168624 520 178 534 201
person 0.050749388 367 207 392 236
person 0.05058365 402 165 416 188
person 0.049948283 617 125 654 177
person 0.049813148 972 283 1040 366
person 0.049495157 1269 264 1281 316
person 0.049352307 909 238 935 264
person 0.049317688 807 188 831 214
person 0.04906206 618 124 631 139
person 0.049058933 229 207 242 232
person 0.048309494 -1 -283 7 -250
person 0.048107997 909 264 936 290
person 0.04774467 621 233 646 260
person 0.047736503 1273 181 1281 218
person 0.047694944 851 139 880 171
person 0.047618676 221 188 249 220
person 0.04761538 981 233 1005 259
person 0.047508467 640 211 669 237
person 0.047069672 -5 -279 10 -271
person 0.04691589 589 240 615 266
person 0.0467872 1095 297 1126 338
person 0.04639969 750 298 795 352
person 0.046209175 -4 -269 22 -154
person 0.04603855 654 112 670 128
person 0.045888796 835 203 889 275
person 0.045883536 370 320 449 406
person 0.0457839 260 185 290 218
person 0.045628753 938 112 961 141
person 0.045463923 659 104 672 116
person 0.045253124 791 301 829 341
person 0.045028653 913 289 941 317
person 0.045023777 918 302 943 327
person 0.0449739 1274 205 1281 243
person 0.044653106 694 98 713 120
person 0.04460789 555 131 593 182
person 0.044189557 1268 216 1281 264
person 0.04384295 788 281 815 309
person 0.043736845 1031 278 1060 308
person 0.0434074 217 238 240 267
person 0.043252453 1073 213 1086 237
person 0.043158952 771 118 807 170
person 0.0430678 375 188 389 212
person 0.043048333 450 260 487 297
person 0.042689748 1147 215 1177 250
person 0.042573698 1006 234 1031 262
person 0.04241911 635 300 676 344
person 0.042322386 560 214 585 242
person 0.04218588 294 230 320 260
person 0.04216898 942 353 987 407
person 0.041900557 1102 186 1115 198
person 0.041740187 1085 45 1104 69
person 0.041319825 588 217 613 243
person 0.041077405 1139 326 1169 368
person 0.040654663 361 253 387 278
person 0.04060526 1048 275 1076 302
person 0.0403877 1054 236 1068 258
person 0.039905414 870 148 892 174
person 0.03981996 1273 156 1281 192
person 0.03975504 983 260 1008 287
person 0.039646864 0 661 7 780
person 0.039578006 694 302 733 344
person 0.03951121 230 462 258 500
person 0.039487675 892 139 921 173
person 0.039290436 664 132 677 147
person 0.03910498 838 140 860 166
person 0.039086815 945 181 958 197
person 0.038809374 544 301 590 355
person 0.03842301 539 217 564 243
person 0.03819149 835 234 859 263
person 0.038125046 1267 -280 1281 -271
person 0.037976224 1270 844 1281 919
person 0.03790355 731 304 789 371
person 0.03786648 158 213 188 247
person 0.037859865 1274 230 1281 268
person 0.037061803 1251 327 1291 408
person 0.037003152 1266 -281 1284 -253
person 0.03682431 692 116 705 132
person 0.03676941 303 120 332 152
person 0.036695365 691 238 717 261
person 0.03658034 1106 -104 1154 72
person 0.03646973 1269 -234 1280 -167
person 0.036463868 733 266 759 293
person 0.036228918 349 237 370 278
person 0.036018614 1269 694 1280 769
person 0.035955265 1235 606 1245 641
person 0.035946768 446 207 459 233
person 0.035617996 712 229 739 254
person 0.03554672 587 256 618 285
person 0.035416212 145 42 165 68
person 0.03540618 986 170 1008 193
person 0.0350227 918 141 938 166
person 0.034627493 418 144 439 167
person 0.034583535 1268 167 1281 215
person 0.034576394 1256 -253 1287 -159
person 0.03433028 989 302 1018 334
person 0.03432715 997 302 1033 334
person 0.03427527 809 213 832 240
person 0.034140475 763 190 786 212
person 0.034126814 413 161 461 237
person 0.03409565 537 133 557 148
person 0.03408901 530 133 543 148
person 0.03402697 937 141 951 157
person 0.033998013 0 -286 10 -222
person 0.033923317 43 606 65 637
person 0.03388264 1016 42 1033 65
person 0.033705175 1269 751 1280 818
person 0.033662442 1188 -262 1204 -213
person 0.033573877 1012 165 1034 189
person 0.033434894 689 264 716 287
person 0.03310863 835 264 858 290
person 0.03303085 862 258 888 285
person 0.032920197 518 122 555 175
person 0.032841727 348 171 363 194
person 0.032716677 53 -280 72 -260
person 0.0325612 737 113 777 166
person 0.03248193 762 215 785 239
person 0.03247179 931 234 956 258
person 0.03223201 837 211 862 239
person 0.032035775 1095 180 1108 192
person 0.032027464 1273 253 1281 293
person 0.03200871 30 -280 46 -272
person 0.031890854 1020 -110 1065 76
person 0.031444483 565 136 580 157
person 0.031378984 621 94 640 119
person 0.03133116 539 237 565 262
person 0.03118357 162 307 193 355
person 0.031174866 400 146 421 170
person 0.030937158 352 126 381 160
person 0.03090281 30 -280 49 -261
person 0.03086209 994 857 1021 934
person 0.030754264 786 208 810 234
person 0.0306714 680 107 718 159
person 0.030644236 355 858 382 934
person 0.030276665 697 85 725 121
person 0.030060738 649 112 689 163
person 0.030026212 385 317 430 375
person 0.029977027 -11 509 42 645
person 0.029947821 304 738 320 805
person 0.029643977 1143 -266 1161 -209
person 0.029600328 395 233 420 257
person 0.029577438 713 123 728 138
person 0.029574508 958 231 983 256
person 0.029492155 1269 799 1281 867
person 0.02949117 504 150 518 171
person 0.029454289 783 126 797 146
person 0.029338518 936 64 969 122
person 0.029319722 829 305 886 373
person 0.02922534 1191 858 1213 920
person 0.02916486 404 105 421 129
person 0.029102286 1043 857 1070 934
person 0.029054556 785 239 811 265
person 0.029040312 246 350 302 421
person 0.02900545 1155 168 1184 202
person 0.028997798 305 858 332 935
person 0.028950049 715 133 731 157
person 0.028872771 887 349 936 405
person 0.028735945 1273 131 1281 168
person 0.02854112 1092 857 1119 935
person 0.02841002 260 255 294 293
person 0.028325811 404 857 431 934
person 0.028314954 945 858 972 934
person 0.02829277 1253 -9 1281 113
person 0.028270736 813 873 837 953
person 0.028242076 856 311 881 335
person 0.028220888 896 858 923 934
person 0.02807389 573 159 618 210
person 0.027914092 216 251 247 290
person 0.027908517 666 195 681 218
person 0.027845275 749 115 763 131
person 0.027757116 764 873 788 953
person 0.027754903 846 153 890 237
person 0.027736615 1253 429 1292 517
person 0.027666986 809 262 835 289
person 0.027600378 1012 -279 1027 -270
person 0.027509514 797 858 825 934
person 0.027503246 992 122 1022 156
person 0.027485779 -3 -185 18 -43
person 0.027427766 1263 541 1273 586
person 0.027400915 1037 -279 1052 -270
person 0.027163647 1061 -279 1076 -270
person 0.027138326 714 873 739 953
person 0.027106417 564 237 590 262
person 0.027096163 440 237 463 262
person 0.026982408 1080 257 1092 284
person 0.02696933 53 -280 70 -272
person 0.026945041 578 112 591 128
person 0.026932405 1229 -280 1246 -272
person 0.026900558 988 -279 1003 -270
person 0.026898947 712 264 738 287
person 0.026852593 847 857 875 934
person 0.026775723 635 260 662 284
person 0.026681568 317 156 363 235
person 0.026666738 862 872 887 953
person 0.026623167 -1 293 9 366
person 0.026598418 248 191 270 216
person 0.026551124 665 873 690 953
person 0.026520152 591 263 611 308
person 0.02647883 1054 346 1096 404
person 0.026402116 844 349 891 405
person 0.026388967 678 432 731 504
person 0.026355512 325 168 348 191
person 0.026338058 601 121 618 136
person 0.026237004 1104 -271 1123 -209
person 0.026045708 1272 501 1280 545
person 0.02604025 1071 197 1084 218
person 0.026015086 -16 660 49 832
person 0.025960714 748 858 776 934
person 0.02589041 616 873 640 953
person 0.025868615 641 150 690 226
person 0.025829952 873 201 887 225
person 0.025795195 -1 250 8 307
person 0.02564391 1273 32 1281 73
person 0.025607966 1086 -279 1101 -270
person 0.025593612 575 99 593 124
person 0.025587875 884 280 909 304
person 0.025562475 1249 226 1288 312
person 0.025544137 -5 549 12 581
person 0.025428325 152 172 180 204
person 0.02535225 963 -279 978 -271
person 0.025276566 567 872 591 953
person 0.025104221 340 283 365 305
person 0.02509984 988 -280 1005 -253
person 0.025052002 699 858 726 934
person 0.02496535 114 583 143 609
person 0.02495437 745 75 773 112
person 0.024946034 912 872 936 954
person 0.024940513 1013 -281 1029 -253
person 0.024938155 1102 174 1120 194
person 0.024896296 194 233 217 260
person 0.024777967 517 872 542 953
person 0.024745123 963 -280 980 -254
person 0.024729406 468 139 489 161
person 0.02470627 453 858 480 934
person 0.024641303 1269 208 1284 240
person 0.024632215 468 872 492 954
person 0.024614455 953 305 979 332
person 0.02461343 793 912 820 996
person 0.024530286 536 143 586 219
person 0.024461476 54 621 80 655
person 0.024456812 541 -251 575 -156
person 0.024413383 1037 -281 1054 -253
person 0.024347583 1079 283 1105 308
person 0.024331322 1084 171 1122 224
person 0.024310976 1098 309 1149 381
person 0.024310706 815 115 835 138
person 0.02430261 744 912 770 996
person 0.024226291 -6 404 25 500
person 0.024191812 1227 619 1242 657
person 0.024180481 842 912 869 997
person 0.024158556 694 912 721 996
person 0.024124624 1270 520 1279 563
person 0.024114456 0 708 9 820
person 0.02411383 1062 -281 1079 -253
person 0.024020186 600 858 628 934
person 0.02400993 645 912 672 996
person 0.023966875 1019 45 1028 61
person 0.023952156 596 912 623 996
person 0.023899239 938 -280 956 -255
person 0.023863835 1037 167 1058 189
person 0.023862848 650 858 677 934
person 0.023832994 547 912 573 996
person 0.023802694 352 736 369 812
person 0.023792773 346 289 360 302
person 0.023790343 -1 604 9 744
person 0.023777738 -1 270 5 318
person 0.023764089 1097 84 1122 124
person 0.02372165 497 912 524 996
person 0.023720343 502 858 530 934
person 0.023683477 891 912 918 997
person 0.023656245 1103 877 1137 989
person 0.023616903 119 404 141 431
person 0.023607664 1229 -280 1248 -260
person 0.023589173 118 404 144 448
person 0.023525532 1257 -88 1284 47
person 0.023510335 763 238 787 264
person 0.023453042 -5 524 12 556
person 0.023391465 97 569 144 635
person 0.02336885 0 546 7 585
person 0.023343518 1097 255 1145 328
person 0.023314504 1051 116 1080 151
person 0.02331149 419 872 443 954
person 0.023299698 448 912 475 997
person 0.023286646 255 858 283 935
person 0.023269767 551 857 579 934
person 0.023212515 943 734 959 808
person 0.023172896 1272 572 1281 615
person 0.023158241 941 912 967 997
person 0.023079017 881 159 896 174
person 0.023071546 446 140 467 163
person 0.02305078 67 851 91 933
person 0.023040054 1020 199 1035 219
person 0.023018133 1086 -280 1103 -253
person 0.02296225 611 86 640 121
person 0.022955714 -1 319 6 370
person 0.0229528 1269 587 1280 664
person 0.022847379 926 288 953 315
person 0.022759113 1273 278 1281 319
person 0.022739649 938 -280 953 -271
person 0.022679344 593 95 612 119
person 0.022643643 990 912 1016 997
person 0.02263116 352 299 471 451
person 0.022612628 165 259 195 298
person 0.02257811 1061 168 1081 189
person 0.022563074 1273 80 1281 119
person 0.022526996 959 263 985 289
person 0.022525206 913 -280 931 -256
person 0.022506095 399 912 426 997
person 0.022414535 992 738 1008 810
person 0.022390684 893 736 910 808
person 0.022389257 1110 -280 1125 -271
person 0.022382276 961 872 985 955
person 0.022376591 961 187 977 205
person 0.02233907 406 192 420 215
person 0.022327164 0 -268 9 -175
person 0.022296527 1273 55 1281 96
person 0.02225757 627 130 643 157
person 0.022232596 892 289 971 372
person 0.022196643 1273 107 1281 144
person 0.022154262 809 166 821 188
person 0.022029143 0 343 6 387
person 0.022026215 1077 212 1093 231
person 0.02199938 1056 301 1081 327
person 0.021986028 586 164 600 179
person 0.021961257 1039 912 1065 997
person 0.021944487 -1 295 5 343
person 0.021857914 415 232 439 256
person 0.021844527 1141 857 1168 934
person 0.021821247 908 184 923 207
person 0.021795178 1268 118 1281 169
person 0.021757552 568 279 647 364
person 0.02175704 1269 309 1281 368
person 0.021750733 1269 233 1284 266
person 0.021748196 77 548 152 653
person 0.02173633 29 593 51 628
person 0.02165215 129 292 229 458
person 0.02162796 61 537 154 720
person 0.021621525 308 281 393 371
person 0.021551259 1208 -280 1227 -260
person 0.021511715 450 312 498 367
person 0.021507101 166 -92 196 33
person 0.02149189 923 82 942 106
person 0.02148267 718 96 736 119
person 0.02147211 260 118 290 154
person 0.02146721 20 563 41 592
person 0.021450277 564 91 592 126
person 0.021432346 234 328 266 369
person 0.021384088 350 912 376 997
person 0.021382004 728 158 743 173
person 0.021372823 1043 732 1059 807
person 0.02136126 119 872 154 994
person 0.021350548 225 454 263 513
person 0.021325564 459 266 573 423
person 0.021307293 1269 158 1284 190
person 0.021276524 735 238 760 264
person 0.021269029 1051 82 1076 121
person 0.02124303 610 261 639 286
person 0.021233939 1006 71 1033 111
person 0.02117759 1243 655 1256 720
person 0.021167155 1110 -280 1128 -255
person 0.02115033 1088 912 1115 997
person 0.021136751 1188 -220 1204 -168
person 0.021134373 1208 -280 1224 -271
person 0.021050474 841 309 867 335
person 0.021033185 -1 248 5 294
person 0.020984352 1045 -275 1066 -212
person 0.020880744 947 200 992 250
person 0.020849654 888 -280 907 -257
person 0.02078808 370 872 394 954
person 0.020779926 555 220 655 366
person 0.02077825 319 260 345 286
person 0.020774825 273 215 286 240
person 0.020700857 372 141 392 163
person 0.020630304 443 -253 477 -159
person 0.020585647 349 141 369 164
person 0.020541396 999 -79 1065 152
person 0.020510433 1269 -186 1280 -116
person 0.020462418 759 452 836 542
person 0.020422762 0 521 7 559
person 0.020382993 732 148 748 164
person 0.020352276 546 -220 578 -117
person 0.020332681 836 285 860 310
person 0.02032546 510 159 529 172
person 0.02028996 913 -280 929 -271
person 0.020266894 102 550 128 576
person 0.020245444 140 101 182 186
person 0.020230463 301 912 327 997
person 0.020164425 1010 873 1034 955
person 0.020155488 714 186 732 200
person 0.020092119 45 38 68 81
person 0.020073825 117 259 145 301
person 0.020013988 246 254 268 282
person 0.020012291 207 120 217 138
person 0.020010948 211 883 249 998
person 0.019969571 999 886 1035 999
person 0.019959737 97 595 134 624
person 0.01990344 1272 5 1280 49
person 0.019853318 798 -263 828 -158
person 0.019850284 731 283 756 308
person 0.01984869 131 142 143 160
person 0.01982842 711 -258 743 -158
person 0.019800808 1186 764 1207 822
person 0.01979148 117 214 145 249
person 0.019789858 1058 183 1098 234
person 0.019775739 1269 965 1277 1019
person 0.019712303 584 273 615 302
person 0.019683719 931 265 956 290
person 0.019670647 1095 115 1124 151
person 0.019639337 651 178 666 200
person 0.019568572 103 573 133 598
person 0.019553298 782 170 826 221
person 0.019426318 22 575 43 608
person 0.019396076 1256 -167 1285 -44
person 0.019348579 1207 873 1241 991
person 0.019328095 251 912 278 997
person 0.019301744 629 -252 663 -155
person 0.019270012 1207 220 1235 256
person 0.019149367 146 637 172 661
person 0.019122055 320 279 345 302
person 0.019121852 701 353 742 414
person 0.01909564 -5 573 11 605
person 0.01904918 1092 -182 1105 -125
person 0.018986179 256 214 270 237
person 0.018957675 516 254 541 279
person 0.018950624 206 858 234 935
person 0.018938394 1134 -280 1152 -256
person 0.018918443 809 67 836 104
person 0.018879507 202 912 228 997
person 0.018877069 1030 802 1054 862
person 0.018866478 848 72 876 110
person 0.018766133 794 355 839 413
person 0.01871953 1269 257 1284 290
person 0.018692942 745 346 790 406
person 0.01867468 863 -280 882 -258
person 0.018663999 543 127 558 140
person 0.018639544 0 864 15 964
person 0.01863337 -1 163 6 197
person 0.018625328 643 -220 675 -114
person 0.018586272 697 102 710 115
person 0.018557765 138 202 187 276
person 0.01855328 245 -256 278 -159
person 0.018538006 1186 813 1208 870
person 0.018517137 -1 183 6 219
person 0.018445773 1089 28 1104 89
person 0.018435705 1272 472 1280 517
person 0.018432776 1249 120 1283 222
person 0.018417822 983 292 1010 320
person 0.018410776 1134 -280 1150 -271
person 0.018396175 472 171 569 341
person 0.01839082 -2 289 33 379
person 0.01835977 515 214 530 238
person 0.018202955 810 286 835 311
person 0.018185081 256 736 272 798
person 0.018183205 1110 825 1139 960
person 0.018177355 860 281 887 307
person 0.018118007 307 888 345 1001
person 0.01807705 153 912 179 998
person 0.018042067 111 594 147 623
person 0.018022377 844 733 863 816
person 0.017979953 1059 872 1083 955
person 0.017966194 232 97 275 182
person 0.017957395 603 886 641 1000
person 0.017891712 1111 218 1125 234
person 0.017882137 505 887 543 1000
person 0.017809335 603 132 619 149
person 0.01780414 321 872 345 955
person 0.017780889 182 124 194 141
person 0.017759966 268 231 279 255
person 0.017759508 1273 188 1280 207
person 0.017747242 155 190 175 212
person 0.01773713 0 -246 6 -197
person 0.017660951 -1 228 5 271
person 0.01765291 0 -270 6 -224
person 0.017618448 854 -272 873 -210
person 0.017549401 981 804 1004 864
person 0.017471978 927 -128 973 74
person 0.017441342 35 89 71 178
person 0.017425887 888 -280 904 -271
person 0.0174185 1273 301 1281 343
person 0.017396985 1216 646 1230 683
person 0.017318271 701 886 739 1000
person 0.017293336 988 352 1034 407
person 0.017271308 743 95 762 118
person 0.017269155 1015 16 1027 38
person 0.017267425 959 265 1058 424
person 0.017217787 299 195 405 361
person 0.017200947 955 292 980 319
person 0.017200142 844 746 856 780
person 0.017196821 1262 842 1282 927
person 0.01716554 0 400 6 444
person 0.017088441 55 911 81 998
person 0.017068118 839 -280 858 -258
person 0.017061528 170 211 190 236
person 0.01706095 1268 505 1283 540
person 0.017013406 400 145 469 253
person 0.01700261 1220 634 1234 668
person 0.01694565 1034 339 1049 352
person 0.016897472 0 370 6 415
person 0.016881706 -15 395 35 518
person 0.016875472 0 959 10 1015
person 0.016869009 1092 734 1108 805
person 0.016851677 541 -121 566 -80
person 0.016827747 1138 912 1164 998
person 0.016820962 1106 43 1126 68
person 0.016756648 155 -109 201 59
person 0.016754858 1245 -101 1289 77
person 0.016746188 1265 534 1277 610
person 0.016729888 1273 934 1280 986
person 0.016729746 222 873 243 903
person 0.01666919 896 -273 915 -210
person 0.016610382 406 888 443 1001
person 0.016579863 1111 -72 1176 152
person 0.016566448 1273 163 1280 182
person 0.016559582 1269 83 1284 117
person 0.0165426 951 423 1027 518
person 0.016496358 897 146 941 236
person 0.016495887 237 464 249 479
person 0.016466971 1063 47 1083 69
person 0.016455637 549 747 561 778
person 0.01642465 491 -123 518 -83
person 0.016422346 559 262 587 288
person 0.01639521 33 169 50 196
person 0.016379116 1078 803 1100 862
person 0.016373225 496 -280 514 -256
person 0.016373087 348 -280 367 -256
person 0.016369225 151 122 165 141
person 0.016364794 324 -280 342 -256
person 0.016359184 471 -280 490 -256
person 0.016357811 299 -280 317 -256
person 0.016351614 373 -280 391 -256
person 0.016349757 250 -280 268 -256
person 0.016348869 520 -280 539 -256
person 0.016347427 274 -280 293 -256
person 0.016347103 225 -280 243 -256
person 0.016333913 943 -275 961 -209
person 0.016332865 397 -280 416 -256
person 0.016329639 447 -280 465 -256
person 0.016329464 422 -280 440 -256
person 0.016325964 246 872 267 903
person 0.016300207 197 873 218 903
person 0.016282607 545 -280 563 -256
person 0.016282493 1097 -241 1112 -177
person 0.016273271 590 -121 614 -77
person 0.01627034 774 457 874 680
person 0.0162617 820 746 831 779
person 0.016241591 570 -280 588 -256
person 0.016233731 145 646 168 670
person 0.016221125 294 801 317 861
person 0.016205875 762 33 778 77
person 0.016202576 531 129 544 142
person 0.016201373 335 -253 369 -157
person 0.016196657 908 75 935 111
person 0.016185597 151 140 165 158
person 0.016179828 514 212 531 228
person 0.016168838 200 -280 219 -256
person 0.016165596 594 -280 613 -257
person 0.016138889 397 736 421 819
person 0.016125517 525 747 537 778
person 0.01610347 115 171 143 206
person 0.016072141 459 0 475 40
person 0.016066885 957 153 969 166
person 0.016055748 36 173 45 191
person 0.016034156 806 32 822 80
person 0.016033893 111 855 136 935
person 0.016017983 1167 166 1186 189
person 0.016000878 0 812 10 911
person 0.015982436 619 -280 637 -257
person 0.0159793 125 -258 159 -159
person 0.0159793 725 212 831 370
person 0.015967939 1273 212 1280 231
person 0.015966745 834 134 896 257
person 0.015965894 1147 -236 1165 -167
person 0.015943037 1158 -280 1177 -258
person 0.015939513 1245 582 1255 617
person 0.015880639 65 631 91 661
person 0.015854988 301 64 319 89
person 0.015848879 -5 327 10 362
person 0.015830288 363 525 380 564
person 0.0157926 1109 873 1132 956
person 0.015789289 804 -271 822 -210
person 0.015789103 343 801 366 862
person 0.01576415 418 165 436 179
person 0.015762443 1128 244 1148 269
person 0.015754646 632 68 651 95
person 0.015746774 1186 912 1212 997
person 0.015733033 104 911 130 999
person 0.015662398 176 -280 194 -257
person 0.015638312 643 -280 662 -257
person 0.015609321 994 -277 1013 -210
person 0.015556212 736 211 749 235
person 0.015547662 574 747 585 778
person 0.015543064 1 64 13 121
person 0.015542481 461 4 483 34
person 0.015511167 815 -280 834 -258
person 0.015510797 1119 261 1132 288
person 0.015477447 446 174 461 195
person 0.015465891 -6 597 11 629
person 0.015448607 297 165 320 189
person 0.015422264 271 872 292 903
person 0.015421683 799 887 837 1001
person 0.0154171735 271 872 295 955
person 0.015416227 377 501 388 536
person 0.015412508 668 -280 687 -257
person 0.015386848 462 236 487 261
person 0.015360573 581 301 612 328
person 0.015360336 1269 36 1284 70
person 0.01535402 1116 -262 1126 -220
person 0.015312724 0 765 10 861
person 0.015311414 121 424 144 449
person 0.015309588 0 569 7 610
person 0.015300613 1258 260 1286 328
person 0.015271594 666 473 756 676
person 0.015271393 1271 869 1281 962
person 0.015271299 0 419 7 463
person 0.015254709 -10 -197 26 -28
person 0.015218365 -5 80 12 107
person 0.015196625 842 800 866 862
person 0.015184386 405 100 417 120
person 0.015177149 153 213 173 237
person 0.015175652 200 528 232 565
person 0.015169503 1015 20 1030 80
person 0.015153733 915 -69 983 170
person 0.015143062 770 92 788 116
person 0.015133642 863 -280 879 -271
person 0.0151278 124 703 134 724
person 0.015117426 0 670 14 775
person 0.015107334 1206 874 1229 959
person 0.015079928 913 168 930 185
person 0.015055366 1017 206 1032 222
person 0.01503423 932 803 956 863
person 0.0150314495 1040 -183 1063 -126
person 0.01499217 367 242 378 268
person 0.014979986 888 802 912 863
person 0.014964555 0 -223 6 -172
person 0.014957881 497 116 515 140
person 0.014930632 1270 596 1279 641
person 0.014897796 142 35 163 80
person 0.014873266 151 -280 170 -257
person 0.014868524 132 122 143 140
person 0.014849678 1147 80 1173 124
person 0.014846783 80 -267 94 -211
person 0.014842913 693 -280 711 -257
person 0.014830241 898 888 935 1003
person 0.01482538 1269 59 1284 93
person 0.014823395 241 465 253 479
person 0.014823311 777 126 791 140
person 0.014800953 -5 424 11 458
person 0.01475758 791 -280 810 -258
person 0.01475112 114 834 147 959
person 0.014737971 500 745 512 779
person 0.014689989 1235 649 1257 728
person 0.014661534 1089 46 1100 63
person 0.014649743 1158 -280 1174 -271
person 0.014649436 368 285 395 308
person 0.0146493865 1260 -280 1284 -208
person 0.014642064 954 96 973 120
person 0.01461872 307 202 322 226
person 0.014607609 1273 326 1281 369
person 0.014606209 -5 277 9 311
person 0.014605688 1256 705 1284 825
person 0.0146056665 77 -280 96 -259
person 0.014603802 400 89 426 124
person 0.014580304 172 872 193 903
person 0.014572524 869 745 881 781
person 0.014546798 945 -263 956 -220
person 0.014522969 1269 109 1284 142
person 0.014512264 1209 264 1236 302
person 0.014458943 -1 201 5 241
person 0.014453468 22 198 37 248
person 0.0144345695 -1 135 6 169
person 0.014422962 296 872 316 903
person 0.014421966 52 50 80 91
person 0.014411641 55 229 81 267
person 0.014409263 796 187 810 202
person 0.014384106 1184 169 1212 206
person 0.014365785 245 683 263 718
person 0.014305024 211 207 224 229
person 0.01430376 1183 -280 1199 -271
person 0.014290717 405 201 421 227
person 0.014251818 126 -280 145 -258
person 0.014250901 717 -280 736 -257
person 0.0142463995 -5 349 10 381
person 0.014218964 -4 -283 16 -199
person 0.014210451 286 259 412 427
person 0.014159887 229 159 247 182
person 0.014124266 766 -280 785 -258
person 0.014107518 302 306 338 347
person 0.014105348 1183 -280 1201 -259
person 0.01406179 845 43 856 61
person 0.014057744 869 20 879 39
person 0.014021698 1272 -240 1280 -195
person 0.014015147 949 412 991 474
person 0.014003783 402 746 413 780
person 0.013986177 222 872 246 955
person 0.013896765 200 188 269 284
person 0.013869262 318 198 334 219
person 0.013861523 1273 695 1281 740
person 0.013854069 451 -221 482 -114
person 0.013834623 797 802 822 864
person 0.013819849 157 857 184 935
person 0.013814568 155 165 174 186
person 0.013811015 1269 359 1281 424
person 0.013790201 839 -280 856 -271
person 0.013767749 267 235 280 248
person 0.013748641 742 -280 760 -257
person 0.013708625 209 123 239 157
person 0.013707439 796 746 807 779
person 0.013700028 1136 191 1156 213
person 0.01368232 1241 418 1299 538
person 0.013676016 1241 -28 1286 146
person 0.013663054 72 -137 94 -56
person 0.013644651 0 166 12 217
person 0.01363098 844 21 854 39
person 0.013595143 1044 -240 1067 -178
person 0.013568721 21 221 60 306
person 0.013544504 898 -275 930 -173
person 0.013534478 1263 881 1282 975
person 0.013507435 388 283 413 309
person 0.0135051925 -4 -265 10 -230
person 0.013491642 -5 405 10 439
person 0.01347758 662 237 681 250
person 0.013477009 127 -268 141 -212
person 0.013474821 819 105 912 283
person 0.013437272 799 600 878 833
person 0.013430175 291 260 314 284
person 0.01342775 167 -274 184 -213
person 0.013427687 269 258 291 284
person 0.013404207 1055 259 1070 285
person 0.013403362 -5 253 9 288
person 0.013389774 866 41 884 64
person 0.013385215 -6 805 16 960
person 0.013373174 314 377 337 403
person 0.013357465 377 746 388 780
person 0.013347277 313 43 330 70
person 0.013341313 1163 727 1174 765
person 0.013322214 -5 501 12 533
person 0.013311411 198 195 218 218
person 0.013297109 0 -198 6 -148
person 0.013236597 0 -74 6 -24
person 0.013219997 -1 405 10 477
person 0.013165363 320 871 341 903
person 0.013146822 -1 -216 15 -118
person 0.013136334 842 41 861 64
person 0.013100794 757 -272 774 -211
person 0.013097408 -1 714 6 760
person 0.013071948 1062 332 1077 346
person 0.013059299 230 134 249 155
person 0.013058698 0 78 7 109
person 0.013048885 1273 237 1280 256
person 0.013037444 983 212 999 228
person 0.013015326 970 -263 980 -221
person 0.012999331 205 309 331 461
person 0.012968542 1273 722 1281 765
person 0.012965888 1016 357 1028 371
person 0.012957469 206 742 222 800
person 0.01294649 -5 302 9 336
person 0.012918722 763 -86 781 -57
person 0.012896419 686 604 766 843
person 0.012890458 546 -9 563 20
person 0.012886571 0 -47 6 3
person 0.012881246 491 256 517 281
person 0.012860115 1272 -191 1280 -145
person 0.012856132 874 97 968 278
person 0.012855044 72 871 94 957
person 0.012842833 1272 -216 1280 -170
person 0.012833182 504 74 532 109
person 0.012819754 71 363 96 413
person 0.01280537 1134 746 1157 828
person 0.012787889 789 303 814 329
person 0.0127775995 150 650 163 665
person 0.012769943 1238 317 1298 430
person 0.012744792 1015 136 1035 158
person 0.012723198 813 -65 883 165
person 0.012722924 627 136 696 244
person 0.012707348 598 746 610 778
person 0.012693824 442 -123 468 -82
person 0.012689401 771 746 782 779
person 0.012675849 115 619 148 648
person 0.012665851 1027 48 1046 69
person 0.012655009 810 572 898 770
person 0.0126523925 989 195 1006 209
person 0.012591438 28 577 58 657
person 0.012579333 1273 138 1280 158
person 0.012579125 305 694 322 778
person 0.01257912 1130 215 1150 239
person 0.0125701325 938 397 1042 558
person 0.012542305 869 42 880 61
person 0.012529325 168 239 189 266
person 0.012526534 392 525 406 567
person 0.012524239 883 312 909 332
person 0.0125215445 815 -280 831 -271
person 0.012518226 304 141 370 254
person 0.012492683 663 280 689 301
person 0.012492141 743 42 761 66
person 0.012488794 -4 -239 10 -205
person 0.0124786245 255 235 268 261
person 0.01246912 923 130 961 183
person 0.012464699 351 746 366 782
person 0.012461531 962 210 978 233
person 0.012454468 1116 719 1126 761
person 0.01241174 0 -173 6 -123
person 0.01240901 61 175 70 192
person 0.012404979 959 111 980 138
person 0.012395646 581 610 663 839
person 0.012390132 1270 -141 1280 -64
person 0.012389216 848 184 946 352
person 0.012374614 1121 686 1133 735
person 0.012373105 920 731 929 750
person 0.012365219 0 -171 10 -75
person 0.012326843 1164 185 1183 210
person 0.01231097 0 786 6 836
person 0.012305769 -5 65 14 94
person 0.0122846635 130 -190 144 -122
person 0.012282331 1174 169 1191 192
person 0.012281533 174 196 194 217
person 0.012278375 102 -280 121 -258
person 0.012270917 840 114 860 138
person 0.012258464 1271 618 1280 663
person 0.012255317 441 257 466 280
person 0.012228257 33 619 54 653
person 0.012219045 448 737 473 822
person 0.012214424 0 -60 10 13
person 0.01219075 934 -88 955 -75
person 0.012175325 962 329 988 352
person 0.0121741025 1182 -271 1208 -201
person 0.012159439 1272 -117 1280 -72
person 0.012154147 1272 -166 1280 -121
person 0.012147977 345 870 366 902
person 0.01214491 761 -87 780 -74
person 0.012142486 612 282 642 306
person 0.012137755 723 42 740 66
person 0.012128885 390 159 500 330
person 0.01212724 522 133 593 240
person 0.012119519 921 -263 931 -220
person 0.012111768 886 240 900 268
person 0.012107188 1272 -142 1280 -96
person 0.012060549 1273 -21 1281 25
person 0.012052258 746 746 758 779
person 0.012037998 542 264 569 288
person 0.012034386 1148 121 1176 158
person 0.012026486 1268 477 1283 513
person 0.012024486 426 746 438 780
person 0.012022328 406 500 417 534
person 0.0120194005 957 -88 980 -75
person 0.012003205 801 176 913 346
person 0.011994115 884 126 949 257
person 0.01195489 204 119 222 140
person 0.011943765 211 320 244 362
person 0.011935091 1269 501 1280 572
person 0.011934585 546 96 565 122
person 0.011934006 1029 338 1054 357
person 0.011919743 278 58 298 85
person 0.011900306 1079 58 1104 86
person 0.0118971225 1031 51 1043 66
person 0.0118820015 270 667 293 705
person 0.011870748 0 -99 6 -50
person 0.011860663 1010 337 1029 351
person 0.011858031 254 699 271 775
person 0.01185711 451 745 462 780
person 0.011852009 786 -88 807 -74
person 0.011837035 252 164 271 186
person 0.011830958 738 192 752 206
person 0.011828282 641 344 682 406
person 0.011827034 0 811 7 860
person 0.011825863 1092 -263 1102 -220
person 0.011813009 713 -52 789 164
person 0.011801915 231 119 243 137
person 0.011790826 588 308 607 323
person 0.011787216 1108 -85 1129 -63
person 0.011786388 922 307 938 321
person 0.011783434 1106 -87 1127 -74
person 0.011783083 0 932 6 987
person 0.011781801 181 745 192 785
person 0.011779587 996 -186 1009 -129
person 0.011774453 1130 814 1152 870
person 0.011763743 -5 375 10 409
person 0.011757349 990 141 1009 163
person 0.011727406 0 -148 6 -99
person 0.011723622 740 -86 758 -55
person 0.01171357 -6 622 11 653
person 0.011710717 123 405 137 423
person 0.011708449 347 297 393 354
person 0.011698676 300 438 325 464
person 0.0116975615 561 643 585 674
person 0.0116971815 602 407 676 498
person 0.011695021 644 -122 658 -72
person 0.011693881 864 454 969 667
person 0.011687511 -5 301 16 388
person 0.011659053 690 279 716 300
person 0.011644267 1003 329 1034 353
person 0.011642532 1272 793 1280 837
person 0.011641633 1274 912 1281 962
person 0.011600867 1183 -227 1207 -154
person 0.011587877 1047 235 1061 259
person 0.011587173 791 -280 807 -271
person 0.011579175 1004 209 1111 377
person 0.011567098 74 -189 95 -105
person 0.011561713 720 745 735 781
person 0.011554702 162 339 194 392
person 0.011554201 956 10 973 69
person 0.011546949 182 386 315 567
person 0.011545584 664 192 683 209
person 0.011543331 -1 688 6 737
person 0.0115254875 0 738 7 786
person 0.0115253795 253 401 378 568
person 0.011521088 837 619 863 649
person 0.011518063 695 745 710 781
person 0.011514888 1261 794 1283 874
person 0.011502504 148 872 168 903
person 0.011486667 994 -264 1004 -221
person 0.0114726145 1159 873 1182 958
person 0.011472171 0 497 7 537
person 0.011470532 81 739 95 826
person 0.011458314 856 28 873 81
person 0.011428952 1272 745 1280 788
person 0.0114117265 849 177 862 200
person 0.011406519 389 265 414 287
person 0.011402037 1082 241 1153 342
person 0.011393515 1115 730 1123 747
person 0.011384194 466 257 489 282
person 0.011373371 0 -124 7 -74
person 0.011371654 1260 583 1280 668
person 0.011369141 1270 402 1281 472
person 0.011363723 1272 769 1280 812
person 0.011355605 1272 -93 1280 -47
person 0.011350803 1269 64 1281 125
person 0.011348188 55 888 74 923
person 0.011348144 909 -88 930 -74
person 0.011337071 77 -280 93 -272
person 0.011334415 -1 591 6 634
person 0.01132377 0 -118 10 -31
person 0.011321452 249 802 266 855
person 0.011318113 721 561 802 762
person 0.011316207 347 497 360 530
person 0.011304775 528 351 570 411
person 0.011290395 370 870 390 903
person 0.011289074 348 848 365 881
person 0.0112870205 789 -85 808 -60
person 0.011281568 131 -14 165 93
person 0.011279961 880 192 895 211
person 0.011277771 1111 231 1126 245
person 0.011245521 1165 744 1176 784
person 0.011240607 1273 -44 1281 2
person 0.011235928 504 212 518 238
person 0.011230313 981 -88 1006 -75
person 0.011226127 95 835 172 1032
person 0.011224115 52 527 78 557
person 0.011218793 395 800 419 863
person 0.011209038 868 268 988 430
person 0.011204156 649 -186 662 -132
person 0.011196456 475 745 487 780
person 0.011187438 1258 211 1287 276
person 0.011169395 173 872 196 956
person 0.0111692585 1030 -64 1053 -38
person 0.01116352 1262 690 1282 773
person 0.011157264 0 639 6 688
person 0.011149527 323 849 340 881
person 0.011125916 778 620 806 650
person 0.011122899 650 392 760 568
person 0.011114213 0 762 7 811
person 0.011110628 -5 233 9 267
person 0.011107025 0 431 10 502
person 0.011089592 1109 357 1140 402
person 0.011082905 895 745 906 782
person 0.011077508 616 595 641 627
person 0.01106552 -1 105 7 140
person 0.011055304 271 657 291 691
person 0.0110292155 324 283 340 296
person 0.011016522 716 34 732 74
person 0.011005824 820 44 831 63
person 0.010991597 702 163 718 179
person 0.010991171 701 123 769 241
person 0.010978039 75 253 92 294
person 0.010970964 992 -281 1025 -185
person 0.010944815 909 807 952 963
person 0.0109278355 817 43 835 66
person 0.010914876 1141 -261 1151 -220
person 0.010911531 1080 -88 1105 -75
person 0.010898209 945 692 963 785
person 0.010892459 940 114 957 132
person 0.010891108 1261 -191 1282 -108
person 0.010882256 -1 170 6 188
person 0.01087674 495 -280 512 -271
person 0.010870438 348 -280 364 -271
person 0.010869878 323 -280 339 -271
person 0.010868985 0 835 7 885
person 0.0108675305 224 -280 241 -271
person 0.010867218 471 -280 487 -271
person 0.010867197 520 -280 536 -271
person 0.010866404 298 -280 315 -271
person 0.010864701 45 504 72 533
person 0.010861996 249 -280 266 -271
person 0.010860244 274 -280 290 -271
person 0.010853818 372 -280 389 -271
person 0.010851484 609 620 641 656
person 0.010844887 446 -280 462 -271
person 0.010842597 397 -280 413 -271
person 0.010840812 646 745 661 781
person 0.010839672 421 -280 438 -271
person 0.010837693 544 -280 561 -271
person 0.010837381 800 163 815 179
person 0.010818382 569 -280 586 -271
person 0.01079851 394 869 415 903
person 0.010793111 415 263 440 285
person 0.010792032 1252 524 1288 631
person 0.010791849 501 209 522 228
person 0.0107913045 871 185 890 209
person 0.010787259 0 860 7 909
person 0.010781332 1273 890 1281 936
person 0.010775735 454 73 484 109
person 0.010773057 -5 448 11 481
person 0.010772827 594 -280 610 -271
person 0.01077116 200 -280 216 -271
person 0.010770989 623 746 634 779
person 0.010767377 610 814 654 959
person 0.010758415 192 256 214 285
person 0.01073616 1273 261 1280 281
person 0.010734939 127 -240 142 -171
person 0.010730762 107 295 135 342
person 0.010727447 766 -280 782 -271
person 0.010709504 76 350 190 541
person 0.010709085 -1 6 6 49
person 0.010705327 702 -273 718 -213
person 0.01069665 245 -105 295 75
person 0.010683824 91 375 167 481
person 0.010672692 44 560 68 588
person 0.010662305 1117 427 1140 460
person 0.010655311 907 332 933 353
person 0.010653435 618 -280 635 -271
person 0.010647793 813 187 825 212
person 0.010641958 185 834 269 1026
person 0.010635317 298 849 316 881
person 0.010629971 713 284 738 307
person 0.010629519 467 49 480 69
person 0.010628842 1133 374 1155 402
person 0.010625633 269 352 293 379
person 0.010624676 644 824 660 858
person 0.010621273 693 824 709 858
person 0.010618778 1059 872 1081 900
person 0.010610771 668 824 685 858
person 0.010609173 422 207 443 225
person 0.010608302 1056 -64 1077 -38
person 0.010606712 497 740 523 822
person 0.010604004 124 870 147 956
person 0.010602689 0 444 6 487
person 0.010595003 567 869 587 903
person 0.010589686 55 582 80 613
person 0.010586689 742 824 758 858
person 0.010578751 542 870 563 903
person 0.010571959 718 824 734 858
person 0.010571865 1084 872 1106 901
person 0.010563334 -3 428 19 510
person 0.010554542 517 870 538 903
person 0.010546891 912 210 925 234
person 0.010546303 217 80 244 119
person 0.010545183 767 824 783 858
person 0.010541812 671 746 686 782
person 0.010526593 1141 746 1152 786
person 0.010520411 72 -108 100 21
person 0.010517268 1262 312 1284 363
person 0.010515975 225 889 247 922
person 0.010512195 792 824 808 858
person 0.010505514 619 824 635 858
person 0.010502849 175 -280 192 -271
person 0.010501288 144 404 156 419
person 0.01049736 847 -246 864 -177
person 0.010496715 591 869 612 903
person 0.010485013 26 940 44 978
person 0.010484722 595 739 621 820
person 0.010484197 0 109 12 163
person 0.010482273 643 -280 659 -271
person 0.010481536 894 -261 908 -220
person 0.010466167 128 211 148 235
person 0.0104658855 140 401 160 422
person 0.010465455 -6 187 10 216
person 0.010461911 759 304 784 328
person 0.0104617085 54 864 72 900
person 0.01045809 1082 -85 1105 -66
person 0.010456034 1272 349 1280 393
person 0.010449351 273 163 293 185
person 0.010449287 667 -280 684 -271
person 0.010440662 1135 352 1160 383
person 0.010424446 279 -105 348 92
person 0.010416229 373 848 390 881
person 0.010416087 1006 -63 1028 -37
person 0.0104062855 499 44 517 68
person 0.010402874 309 -54 384 166
person 0.010374083 822 85 839 108
person 0.010369493 108 141 120 159
person 0.010368337 594 824 611 858
person 0.010352356 893 18 903 37
person 0.01034879 326 747 341 782
person 0.010345763 819 20 830 39
person 0.010340663 985 645 1005 679
person 0.010324332 793 -125 866 92
person 0.0103186285 -5 476 11 507
person 0.01031505 267 476 390 675
person 0.010311025 80 801 94 867
person 0.010301361 692 -280 709 -271
person 0.01028616 -6 166 11 194
person 0.010285364 1238 513 1293 652
person 0.010284122 616 869 637 903
person 0.010278954 447 824 463 858
person 0.010269382 493 870 513 903
person 0.010268447 356 524 372 560
person 0.010260333 -4 867 11 900
person 0.010258198 419 869 440 903
person 0.010257883 249 889 271 922
person 0.010254249 1005 -88 1031 -75
person 0.010247026 285 441 296 457
person 0.010239778 200 889 222 922
person 0.010233841 989 173 1005 186
person 0.010232421 736 -110 785 69
person 0.01021791 1271 667 1279 711
person 0.010217384 768 42 785 66
person 0.010207527 640 869 661 903
person 0.010203756 708 812 753 960
person 0.01020119 -6 32 11 62
person 0.010199562 422 824 439 858
person 0.010198282 1019 -264 1029 -221
person 0.010197992 555 -70 579 -17
person 0.010193666 714 869 735 903
person 0.010192174 739 869 760 903
person 0.010188866 788 869 809 903
person 0.010176134 763 869 784 903
person 0.010173403 690 869 710 903
person 0.010169787 -1 28 6 66
person 0.010163584 471 824 488 858
person 0.0101605365 444 869 464 903
person 0.010159669 869 -261 884 -220
person 0.0101595875 468 870 489 903
person 0.010158835 366 258 382 271
person 0.010157018 741 -280 758 -271
person 0.010152162 -5 -40 10 -5
person 0.010150289 665 869 686 903
person 0.010145968 130 797 146 864
person 0.010139836 717 -280 733 -271
person 0.010138769 114 449 145 493
person 0.010124518 302 64 328 102
person 0.010118766 34 149 45 168
person 0.010118561 1068 -264 1078 -220
person 0.01011663 50 148 63 168
person 0.010112587 841 64 861 88
person 0.010107204 -6 108 11 137
person 0.010106187 68 609 93 634
person 0.010103618 689 94 789 277
person 0.010096428 175 413 189 428
person 0.010095474 890 396 932 458
person 0.010095408 502 45 512 64
person 0.0100855725 132 163 144 180
person 0.010083388 1118 264 1133 278
person 0.010082055 274 889 296 922
person 0.010079389 840 824 857 857
person 0.010077844 570 824 586 858
person 0.010074011 813 869 834 903
person 0.010050077 645 736 671 819
person 0.010048009 1269 305 1284 339
person 0.010042191 1273 -70 1281 -22
person 0.010034974 397 824 414 858
person 0.010028671 -1 615 6 660
person 0.010023478 151 -280 167 -271
person 0.010023011 -2 190 5 208
person 0.010014341 1104 688 1120 791
person 0.010013911 816 824 833 858
person 0.010012077 576 379 695 562
person 0.010010626 198 682 217 714
