person 0.73127896 803 151 829 184
person 0.72283405 816 68 831 89
person 0.7220811 561 137 585 165
person 0.7218779 878 142 902 172
person 0.7210144 527 173 560 209
person 0.7130147 796 215 832 260
person 0.71260506 666 117 690 144
person 0.712557 715 51 730 69
person 0.70337373 772 144 798 176
person 0.6997678 675 53 689 70
person 0.6900459 372 104 387 120
person 0.6875809 438 118 455 141
person 0.68076396 838 169 865 204
person 0.67859846 654 52 668 68
person 0.674683 941 106 957 128
person 0.66946846 912 168 938 203
person 0.6691181 752 173 787 217
person 0.6668062 932 143 955 173
person 0.65824044 837 77 852 97
person 0.6572775 920 75 934 93
person 0.65197974 615 114 632 136
person 0.65083456 848 70 863 90
person 0.6479615 756 95 774 117
person 0.6355508 553 88 569 107
person 0.6338589 593 87 608 106
person 0.6322179 883 68 897 87
person 0.629618 924 222 958 266
person 0.62759995 79 169 104 198
person 0.6239159 753 116 777 145
person 0.62021583 490 100 507 121
person 0.6177351 836 106 858 134
person 0.6133023 671 160 705 202
person 0.6084577 616 70 631 87
person 0.60795456 946 83 961 102
person 0.60202503 977 57 990 78
person 0.58601433 503 157 529 187
person 0.5851923 472 88 487 109
person 0.5825313 793 105 810 127
person 0.57984984 794 83 810 102
person 0.5590326 392 142 415 168
person 0.5559996 622 155 650 188
person 0.5258556 697 95 715 116
person 0.5239137 573 72 587 90
person 0.51771504 277 142 294 163
person 0.5099716 879 102 900 129
person 0.50581425 530 70 546 88
person 0.50066537 528 99 547 123
person 0.4993237 628 50 642 67
person 0.49898788 260 144 276 165
person 0.4751286 614 135 639 164
person 0.4716082 659 68 675 87
person 0.46899804 567 58 581 74
person 0.46421263 818 137 842 166
person 0.45709938 597 55 612 74
person 0.42881423 593 69 608 87
person 0.42191884 890 101 908 125
person 0.42166668 512 80 530 101
person 0.41686684 473 83 488 100
person 0.40435255 409 96 426 115
person 0.37394732 899 101 915 124
person 0.3521011 530 61 546 78
person 0.3170542 560 71 575 88
person 0.31246558 793 88 812 113
person 0.30340922 631 77 648 96
person 0.29479516 470 106 486 126
person 0.28369614 617 94 633 114
person 0.2785884 861 76 879 98
person 0.27576083 561 36 575 55
person 0.27085644 136 200 182 256
person 0.25864843 935 135 958 165
person 0.23918305 412 107 429 126
person 0.22747396 615 57 631 76
person 0.22294621 539 178 566 210
person 0.20115817 599 39 613 56
person 0.19569616 401 102 417 119
person 0.18168154 942 129 960 152
person 0.17913125 876 89 893 113
person 0.13121618 399 116 417 136
person 0.110270225 361 135 379 154
person 0.10212216 515 87 533 107
person 0.09158842 79 202 110 236
person 0.08988997 562 61 577 79
person 0.064530045 367 134 383 153
person 0.05229711 858 65 872 83
person 0.050558515 609 70 634 96
person 0.050385986 656 54 666 65
person 0.050094865 630 52 639 63
person 0.047756825 523 65 538 82
person 0.04519635 879 67 901 93
person 0.04489809 907 233 943 277
person 0.042020004 599 55 609 67
person 0.041579593 399 108 425 134
person 0.041321028 689 108 708 129
person 0.040577654 569 59 578 71
person 0.03973675 606 45 620 62
person 0.028192695 366 102 391 126
person 0.027392276 139 205 171 243
person 0.026818033 616 53 629 67
person 0.02497617 677 55 687 65
person 0.024574956 532 62 543 74
person 0.024541944 599 114 617 135
person 0.02183818 610 161 639 193
person 0.021142 601 40 610 52
person 0.021010902 521 68 547 94
person 0.019317623 497 162 524 192
person 0.018896224 650 113 677 142
person 0.018201414 555 92 581 119
person 0.017652655 836 102 852 123
person 0.017163087 933 185 961 220
person 0.016421393 935 110 953 131
person 0.01629773 458 81 474 97
person 0.01558102 863 65 877 84
person 0.01480978 529 177 550 201
person 0.014691232 916 73 937 98
person 0.014206235 633 72 659 100
person 0.0141258 576 115 595 136
person 0.013146976 631 47 641 62
person 0.012466654 712 131 741 161
person 0.01241572 454 108 472 128
person 0.012136127 160 250 201 294
person 0.011820614 562 72 572 83
person 0.011738951 532 73 543 84
person 0.011577117 595 72 606 82
person 0.01130121 341 132 359 148
person 0.011242504 513 72 528 89
person 0.010861996 563 38 572 51
person 0.010296369 771 113 790 136
person 0.010274482 672 97 691 117
person 0.010174377 434 126 460 152
