person 0.69383895 787 118 809 146
person 0.6814585 702 137 725 167
person 0.6810038 827 210 858 256
person 0.6744874 721 127 746 157
person 0.6658275 773 190 805 234
person 0.65505904 683 99 700 120
person 0.6345354 564 80 580 101
person 0.59443253 635 123 659 151
person 0.5680422 695 177 726 219
person 0.5679001 511 97 527 118
person 0.565574 647 107 665 129
person 0.54026395 717 110 734 130
person 0.48181129 223 164 260 207
person 0.47508198 640 94 656 114
person 0.41363415 597 109 619 135
person 0.3903485 583 100 599 122
person 0.3497304 196 167 221 197
person 0.30586532 577 89 603 119
person 0.21380244 626 120 650 150
person 0.11460731 731 129 749 150
person 0.09897881 681 93 698 113
person 0.04375426 228 134 257 164
person 0.019571636 652 110 669 131
person 0.015304442 645 150 672 180
person 0.0128069185 642 141 663 166
person 0.011460193 652 143 670 166
