person 0.72675276 586 111 609 137
person 0.7132334 380 123 402 150
person 0.66819316 287 91 308 117
person 0.6551399 483 62 497 78
person 0.65054315 318 99 341 129
person 0.6258789 546 118 568 143
person 0.61989367 608 45 620 60
person 0.5702581 470 107 487 128
person 0.56945837 407 101 428 125
person 0.5629016 548 47 560 62
person 0.55428785 580 53 593 67
person 0.5247541 569 46 581 61
person 0.44069442 373 108 390 128
person 0.09711145 571 47 579 58
person 0.066145 370 104 387 124
person 0.064402565 550 49 558 59
person 0.05670011 422 113 439 133
person 0.036925215 465 110 488 135
person 0.033246066 393 112 411 133
person 0.03125159 482 64 491 79
person 0.01783774 480 62 501 83
