person 0.72239083 1165 130 1183 157
person 0.72118396 731 199 764 240
person 0.7189371 1051 183 1077 220
person 0.7057139 512 163 543 197
person 0.70479524 953 88 971 111
person 0.70289767 659 106 679 134
person 0.7019194 666 185 696 221
person 0.6997209 790 93 809 117
person 0.6996898 1086 219 1114 261
person 0.697304 766 61 783 84
person 0.69730127 1064 124 1083 149
person 0.6916068 722 64 740 87
person 0.69150037 516 97 538 124
person 0.69127727 744 154 771 189
person 0.6896457 870 218 904 261
person 0.68477064 1163 234 1192 278
person 0.6793992 699 67 717 90
person 0.67874265 571 89 590 113
person 0.67786497 914 98 933 123
person 0.67550635 989 154 1015 190
person 0.6690881 732 88 750 113
person 0.66659164 928 148 954 182
person 0.6642519 671 69 689 92
person 0.6641234 462 99 482 122
person 0.6630435 863 146 889 179
person 0.6598845 1124 174 1148 211
person 0.6566736 801 133 827 167
person 0.6553968 986 98 1005 122
person 0.654698 425 109 445 134
person 0.6485355 947 235 987 287
person 0.64597034 1095 139 1115 168
person 0.645263 946 109 965 135
person 0.64520663 597 76 615 96
person 0.64495766 701 104 720 130
person 0.64343494 598 109 618 133
person 0.64243627 302 128 323 154
person 0.6421515 1056 273 1093 327
person 0.63592756 357 128 377 155
person 0.6339446 368 110 388 135
person 0.63342565 1105 118 1124 143
person 0.62721676 835 72 856 100
person 0.6271935 73 292 130 359
person 0.6221151 1199 140 1216 166
person 0.61812264 474 123 496 150
person 0.6173406 746 105 766 131
person 0.60346943 868 111 887 139
person 0.5945709 1002 111 1021 136
person 0.59371746 790 220 823 261
person 0.5767183 867 78 886 103
person 0.5753169 639 82 657 105
person 0.57273084 572 128 600 161
person 0.57163036 903 115 924 145
person 0.56505495 986 121 1006 149
person 0.54721916 1147 148 1166 175
person 0.5441068 433 142 462 173
person 0.53873056 1193 198 1219 234
person 0.53643966 548 87 567 109
person 0.5300981 1147 193 1172 230
person 0.5248808 962 139 982 168
person 0.52297187 1196 162 1213 190
person 0.49922895 398 128 418 156
person 0.4261411 662 85 681 109
person 0.39713982 792 41 812 69
person 0.37731132 785 69 803 92
person 0.34880376 1189 181 1208 211
person 0.31099305 587 105 619 141
person 0.30714574 528 81 547 101
person 0.30563408 911 127 930 155
person 0.26762372 795 30 814 54
person 0.21433195 998 133 1019 160
person 0.20917895 745 79 764 101
person 0.20026825 438 102 457 123
person 0.1948356 397 136 428 168
person 0.17019881 831 82 850 104
person 0.13556841 580 113 601 138
person 0.095040835 644 120 667 146
person 0.090413496 966 133 988 164
person 0.08959167 763 57 790 92
person 0.07887905 409 152 432 181
person 0.07815334 696 63 722 95
person 0.06817519 1072 128 1092 153
person 0.06722349 1090 377 1127 434
person 0.061050568 754 85 775 112
person 0.051518936 817 73 837 96
person 0.05037619 707 98 727 124
person 0.040988 827 119 856 153
person 0.039939325 885 100 906 126
person 0.039569717 1231 134 1238 169
person 0.037221182 718 62 745 93
person 0.031765006 1164 212 1186 242
person 0.03174365 511 98 531 119
person 0.026691128 800 42 818 68
person 0.025495756 597 93 618 117
person 0.025226673 923 116 945 144
person 0.024238916 505 166 527 194
person 0.02205367 592 73 619 102
person 0.019672956 1228 366 1237 430
person 0.01781878 599 135 622 162
person 0.0177445 1229 179 1236 218
person 0.01764333 1224 137 1241 164
person 0.016842837 825 130 848 157
person 0.016794441 1231 154 1238 193
person 0.016010318 1220 198 1228 239
person 0.0151350135 1058 126 1077 148
person 0.012731863 1174 180 1194 209
person 0.01223901 1123 143 1144 171
person 0.01218928 1209 204 1228 233
person 0.012101914 1015 122 1036 145
person 0.011036765 1126 168 1146 198
person 0.010868293 1166 227 1188 259
person 0.010809354 635 75 663 105
person 0.010554477 817 84 837 106
person 0.010456981 1039 357 1076 412
person 0.010360825 1168 163 1189 193
person 0.010156701 1064 135 1092 170
