person 0.7260553 623 121 648 149
person 0.72313166 621 61 636 78
person 0.7162462 711 130 739 163
person 0.6806988 828 103 850 130
person 0.6677451 555 45 571 64
person 0.66049784 829 173 856 206
person 0.6594931 925 78 938 97
person 0.62972033 183 119 208 148
person 0.6180256 570 102 593 127
person 0.5897001 502 49 518 71
person 0.58403325 905 142 928 170
person 0.5751838 418 111 435 133
person 0.5332465 541 92 558 114
person 0.52610755 169 154 206 198
person 0.5149579 346 107 364 126
person 0.5071274 471 91 493 116
person 0.49365893 899 57 913 77
person 0.4385981 558 118 582 144
person 0.24210855 539 67 556 84
person 0.23391022 158 221 196 265
person 0.121769115 737 159 765 188
person 0.09304131 915 143 933 165
person 0.06056034 557 82 574 101
person 0.05682226 152 209 191 254
person 0.053917333 617 60 640 83
person 0.029239528 149 213 203 274
person 0.028830566 557 65 575 84
person 0.02587279 161 159 211 224
person 0.021065678 512 78 529 99
person 0.017264606 921 75 941 102
person 0.016207607 585 124 614 152
