person 0.7341612 1012 253 1050 312
person 0.63472193 605 129 625 157
person 0.55719805 1092 85 1109 106
person 0.54726213 478 127 497 153
person 0.48836315 1130 80 1146 103
person 0.38401777 624 96 642 117
person 0.26294395 705 70 717 89
person 0.21196479 693 42 710 65
person 0.20886454 717 137 736 164
person 0.20208547 1095 87 1105 102
person 0.18738787 1134 84 1143 99
person 0.18358423 1191 159 1208 186
person 0.16941549 699 87 716 108
person 0.16635808 0 131 33 219
person 0.15320168 627 97 639 110
person 0.14819135 695 44 706 60
person 0.14331628 1189 140 1205 164
person 0.13826354 616 88 642 123
person 0.1265479 630 117 649 140
person 0.12381486 1178 203 1197 230
person 0.120448515 479 129 490 151
person 0.11509103 503 141 522 164
person 0.113265015 999 242 1062 330
person 0.11276645 57 280 118 391
person 0.11260117 378 519 417 578
person 0.11046141 780 39 799 61
person 0.107221335 1163 550 1240 741
person 0.10550655 703 89 714 104
person 0.09765374 1255 742 1266 817
person 0.09606915 54 248 99 334
person 0.09390504 689 37 715 73
person 0.09333203 1259 134 1266 167
person 0.08543675 696 86 709 107
person 0.08103338 1259 160 1266 192
person 0.079265535 1139 85 1152 105
person 0.07875217 1159 294 1205 371
person 0.07675186 364 468 389 499
person 0.07648094 1170 204 1197 240
person 0.07465615 1259 112 1266 144
person 0.07348198 624 116 653 151
person 0.07324338 1126 107 1145 130
person 0.07191193 701 44 713 58
person 0.069637716 608 217 642 255
person 0.0694948 1187 177 1205 204
person 0.068823956 43 270 132 438
person 0.06825389 1097 107 1116 130
person 0.06793367 63 57 101 144
person 0.06663458 850 111 869 134
person 0.06619164 122 226 141 257
person 0.06537666 1082 92 1101 113
person 0.065159954 783 41 795 57
person 0.0646928 597 118 633 170
person 0.06323352 764 120 782 142
person 0.063085854 693 72 711 93
person 0.061912946 1126 73 1151 107
person 0.06187851 607 125 621 145
person 0.06071759 879 100 898 121
person 0.060513556 731 130 761 164
person 0.060091052 276 278 345 384
person 0.059936933 0 238 9 321
person 0.058523875 1088 80 1113 115
person 0.058328975 752 39 772 62
person 0.058176156 729 89 749 110
person 0.05762505 1015 229 1047 271
person 0.057118323 1255 136 1270 166
person 0.056339942 482 132 493 147
person 0.05619937 177 459 268 659
person 0.056107137 1255 793 1266 858
person 0.05581377 1259 181 1266 215
person 0.055699646 760 74 774 89
person 0.055621054 539 120 569 154
person 0.054993626 -5 -274 11 -245
person 0.05497905 1254 162 1270 191
person 0.054786418 1192 142 1202 157
person 0.053739693 1253 -272 1266 -215
person 0.053496536 239 110 265 146
person 0.052276317 602 162 633 197
person 0.050829027 1168 478 1253 690
person 0.050828382 518 120 538 142
person 0.05060659 579 47 596 67
person 0.05050722 740 77 754 93
person 0.05048206 492 162 513 189
person 0.050416693 214 350 287 449
person 0.04937707 1195 162 1205 178
person 0.048627716 997 258 1037 316
person 0.048440948 1254 267 1267 324
person 0.048421327 964 649 986 680
person 0.04831504 -1 -277 7 -244
person 0.047244444 663 111 683 133
person 0.047098137 725 112 745 134
person 0.04705728 -4 -273 10 -265
person 0.046897586 818 163 849 199
person 0.046860468 606 158 627 185
person 0.046769287 764 88 783 109
person 0.046696346 -4 -262 23 -153
person 0.046692092 1184 136 1209 170
person 0.046624683 683 121 703 143
person 0.04636523 464 167 485 192
person 0.046185084 664 91 683 112
person 0.046179287 529 138 550 161
person 0.045755036 1254 693 1264 774
person 0.045740534 984 292 1024 350
person 0.04572979 1259 88 1266 120
person 0.04555853 701 161 733 196
person 0.04546206 1146 112 1165 135
person 0.045354817 1184 159 1211 196
person 0.045313302 448 160 480 195
person 0.045260936 618 224 650 262
person 0.045260224 533 116 554 137
person 0.045214158 775 67 795 88
person 0.04507095 594 133 614 158
person 0.045053937 1021 259 1041 307
person 0.044623703 1255 114 1270 142
person 0.044495665 844 111 873 145
person 0.044316124 1254 294 1265 360
person 0.044096705 582 48 592 64
person 0.044007506 212 384 313 566
person 0.043583464 122 207 141 236
person 0.043387476 436 163 458 189
person 0.04330938 353 507 387 553
person 0.042856205 1048 87 1068 107
person 0.042827055 538 164 571 199
person 0.04279038 262 269 360 442
person 0.04246234 588 119 610 140
person 0.042392273 266 463 366 660
person 0.042102024 858 98 878 120
person 0.04195205 228 421 303 539
person 0.041718006 1210 178 1227 205
person 0.041477893 67 335 137 442
person 0.04140649 754 159 784 193
person 0.041225 96 30 134 121
person 0.041100156 238 -9 277 77
person 0.040857103 1160 393 1258 588
person 0.04082901 627 139 647 164
person 0.04068967 1167 264 1201 305
person 0.040638197 494 159 525 193
person 0.04058036 647 159 677 195
person 0.04036966 1169 828 1203 934
person 0.0403689 803 125 833 159
person 0.04032634 1254 183 1270 213
person 0.040291212 1253 217 1266 267
person 0.040143874 0 125 12 190
person 0.04004995 0 343 9 427
person 0.03990999 755 41 769 57
person 0.039614696 282 425 305 451
person 0.03948129 1095 79 1108 99
person 0.03910962 286 453 319 495
person 0.0390864 67 71 95 123
person 0.038954467 254 158 280 192
person 0.038837645 127 -51 151 0
person 0.038740437 575 38 601 75
person 0.03873387 794 155 826 191
person 0.038523305 137 89 181 169
person 0.03838838 1178 193 1198 220
person 0.038378544 543 64 571 99
person 0.03832266 695 69 723 103
person 0.03821319 725 139 737 161
person 0.038204357 380 497 403 526
person 0.038179368 292 451 315 479
person 0.03809946 365 497 394 528
person 0.037919607 1024 88 1044 109
person 0.03785724 1252 -274 1266 -265
person 0.03774851 1050 421 1116 533
person 0.037473068 949 87 969 109
person 0.037331298 877 108 897 132
person 0.03726896 891 115 921 150
person 0.037092812 760 138 780 164
person 0.036993 1240 -161 1271 -63
person 0.036871668 1169 230 1190 259
person 0.036710873 1251 -275 1269 -247
person 0.036553174 357 454 394 514
person 0.036550917 767 89 780 104
person 0.036547743 106 65 133 109
person 0.036406405 1254 -229 1265 -162
person 0.03638361 1251 171 1265 217
person 0.0363109 1086 227 1134 299
person 0.03623917 -4 -180 18 -57
person 0.03609854 982 851 1010 925
person 0.036053065 771 155 791 181
person 0.03596646 885 851 913 925
person 0.035954583 1255 836 1266 909
person 0.035868928 1140 73 1157 96
person 0.03582144 771 357 823 430
person 0.03572891 243 -48 279 49
person 0.03562352 1239 -248 1272 -158
person 0.035599466 878 165 910 201
person 0.035488028 836 110 855 131
person 0.03545271 587 26 599 41
person 0.03541196 925 88 945 110
person 0.03505097 0 -279 10 -217
person 0.03495902 712 113 733 137
person 0.034927648 297 469 322 497
person 0.034896735 1085 443 1177 651
person 0.034882292 934 850 962 925
person 0.034811124 1085 95 1098 108
person 0.034751624 430 617 458 645
person 0.034592442 361 450 384 481
person 0.03455438 1076 112 1097 134
person 0.03450009 1005 90 1025 112
person 0.03444377 465 665 488 696
person 0.034417015 776 139 796 164
person 0.034382723 438 141 459 163
person 0.034043156 929 163 962 200
person 0.03396031 776 86 797 107
person 0.033935584 470 115 506 168
person 0.033930358 1163 231 1208 306
person 0.03382324 709 157 731 185
person 0.03382284 229 98 273 174
person 0.033784624 533 1 575 83
person 0.033692412 835 94 854 115
person 0.033650033 990 122 1020 156
person 0.033569697 527 -84 564 13
person 0.033520985 -11 371 59 549
person 0.033474166 294 515 339 574
person 0.03344383 507 143 519 157
person 0.033373646 609 134 622 149
person 0.03332594 1246 272 1270 314
person 0.03312042 1174 -256 1190 -208
person 0.03310026 1004 297 1058 376
person 0.033061977 636 -50 661 -5
person 0.03305242 897 88 916 109
person 0.03299125 72 -125 93 -67
person 0.032969616 810 123 830 145
person 0.03288291 1179 424 1247 555
person 0.032741793 1178 167 1197 194
person 0.03271738 1024 166 1056 202
person 0.03268765 53 -274 72 -255
person 0.03267609 653 50 673 71
person 0.032672342 1021 297 1061 357
person 0.032593533 666 93 680 107
person 0.032551974 1036 120 1066 154
person 0.03248951 977 88 997 109
person 0.032480188 331 561 378 619
person 0.032479107 905 210 956 280
person 0.03246298 1015 254 1045 283
person 0.03241114 1252 128 1266 171
person 0.032396987 111 -120 133 -62
person 0.03237102 53 35 78 81
person 0.03236912 1088 251 1121 292
person 0.032360695 633 118 647 133
person 0.032320462 584 162 607 188
person 0.032257944 1129 110 1142 125
person 0.03214685 130 -76 164 21
person 0.031978115 30 -274 46 -266
person 0.031934045 113 213 149 272
person 0.031908922 507 164 528 189
person 0.03190059 777 119 797 141
person 0.031804074 1259 63 1266 96
person 0.03169404 495 661 515 693
person 0.03167238 311 484 336 512
person 0.03162658 558 120 579 142
person 0.031544186 384 482 408 509
person 0.031517774 942 120 972 155
person 0.031433173 804 86 824 107
person 0.03142715 611 78 647 132
person 0.03132692 882 103 895 116
person 0.031085398 1258 140 1266 157
person 0.030980876 445 -84 481 13
person 0.030886503 30 -274 49 -255
person 0.030857163 808 136 829 162
person 0.030764472 539 -53 564 -3
person 0.030652193 880 314 934 390
person 0.030423129 1254 234 1271 266
person 0.030407613 1116 176 1146 211
person 0.030217072 1259 207 1266 242
person 0.030105133 986 -17 1012 25
person 0.029926399 45 220 74 263
person 0.029887758 1073 167 1105 202
person 0.02985976 681 134 702 159
person 0.029779892 1076 303 1127 379
person 0.029627606 1000 115 1020 137
person 0.029498806 587 -52 612 -4
person 0.029405896 1031 851 1059 925
person 0.029206175 0 -108 10 -33
person 0.02909017 1254 258 1271 290
person 0.02908881 453 626 475 655
person 0.029049108 938 208 972 248
person 0.028843794 664 74 678 89
person 0.028482739 299 63 327 100
person 0.028482003 951 111 971 132
person 0.028432107 1079 215 1112 256
person 0.02836177 988 162 1020 197
person 0.028313525 982 219 1079 363
person 0.02829159 1245 221 1269 261
person 0.028274812 1138 142 1156 167
person 0.028152023 1051 90 1065 103
person 0.028111069 188 172 216 208
person 0.028105272 358 517 384 547
person 0.02801959 981 418 1019 485
person 0.02790659 1259 231 1266 267
person 0.027831648 443 53 461 72
person 0.02773645 1025 -273 1039 -264
person 0.027734391 130 264 150 293
person 0.027733581 355 -80 390 19
person 0.027665395 1087 118 1116 152
person 0.027604885 311 502 336 529
person 0.027598903 906 118 926 140
person 0.027477277 191 327 312 473
person 0.02746645 1000 -273 1015 -265
person 0.02741893 1255 90 1270 118
person 0.027404329 1176 140 1195 164
person 0.027378583 1049 -273 1064 -264
person 0.027294353 547 60 565 83
person 0.02711729 1037 399 1130 568
person 0.027111862 384 521 413 549
person 0.02708023 1123 122 1152 157
person 0.026982673 1237 -81 1270 14
person 0.026944505 53 -274 69 -266
person 0.02694281 453 108 500 182
person 0.026885528 282 498 354 616
person 0.026864948 1254 210 1270 240
person 0.026862625 1215 -274 1231 -266
person 0.026829487 67 844 90 924
person 0.026777672 407 164 438 198
person 0.026666379 -7 677 32 844
person 0.026557568 488 646 511 680
person 0.026531344 798 71 827 104
person 0.026524995 1130 -261 1148 -203
person 0.026459366 788 850 815 927
person 0.026444122 1193 120 1211 144
person 0.026442522 693 28 710 49
person 0.02638553 27 216 121 369
person 0.026383797 725 159 745 185
person 0.026335832 976 410 1048 513
person 0.026307426 1177 114 1196 136
person 0.026074316 976 -273 991 -265
person 0.026025007 779 89 794 103
person 0.025948498 1224 133 1242 160
person 0.02591316 860 100 874 114
person 0.025780195 558 139 580 161
person 0.025769537 1258 278 1266 314
person 0.025747523 854 132 875 156
person 0.025728704 1048 115 1069 136
person 0.025670385 853 113 866 127
person 0.025552815 1073 -273 1088 -265
person 0.025443634 325 381 425 567
person 0.025391832 256 160 273 184
person 0.025362305 1149 115 1162 129
person 0.025339618 1001 -274 1017 -248
person 0.02531817 1051 71 1070 93
person 0.025305737 1120 210 1154 249
person 0.025264245 837 850 864 926
person 0.025241762 1185 596 1227 714
person 0.025169803 55 598 109 743
person 0.025169427 823 207 858 247
person 0.025148178 -5 796 16 950
person 0.025105305 1025 -274 1042 -247
person 0.025099669 67 276 90 306
person 0.025045888 103 588 121 620
person 0.025033293 1099 110 1113 126
person 0.025028836 976 -274 993 -248
person 0.025008643 147 203 176 240
person 0.024993481 409 615 443 643
person 0.024959033 876 209 910 248
person 0.024955029 1258 118 1266 134
person 0.024920199 609 20 619 35
person 0.024814822 708 126 745 178
person 0.024804216 978 116 998 137
person 0.024769321 969 798 992 854
person 0.024748053 1124 755 1139 812
person 0.024613323 1254 -180 1265 -113
person 0.024612624 1177 851 1199 911
person 0.024609929 465 242 571 437
person 0.024580207 1258 166 1266 183
person 0.024548475 1049 -274 1066 -247
person 0.02452172 299 531 342 589
person 0.0245158 445 115 464 136
person 0.024411567 1123 137 1143 161
person 0.024407791 982 -165 1010 -102
person 0.024395462 788 734 803 799
person 0.02431825 1063 299 1105 356
person 0.024293983 951 -274 966 -265
person 0.024236789 767 121 778 136
person 0.024231298 930 301 974 360
person 0.024218956 984 209 1019 249
person 0.024216374 952 -274 969 -249
person 0.024153981 -2 239 19 318
person 0.024111886 334 475 358 503
person 0.024077883 806 74 826 94
person 0.024063539 926 112 946 134
person 0.0240364 1089 872 1126 977
person 0.024025429 947 -11 965 28
person 0.024019236 1026 90 1041 104
person 0.024017932 150 187 177 223
person 0.023955539 605 18 623 37
person 0.023844348 738 77 768 111
person 0.023806237 546 35 573 73
person 0.023803568 1254 391 1264 474
person 0.023783127 744 205 777 245
person 0.023774654 419 160 440 186
person 0.02376346 47 588 66 624
person 0.023698263 0 -262 9 -171
person 0.02367477 793 206 844 274
person 0.023625562 738 728 753 800
person 0.023619201 1259 255 1266 292
person 0.0235929 656 52 669 68
person 0.023582743 899 -72 914 -25
person 0.02353958 1173 -122 1186 -65
person 0.023520993 1215 -274 1234 -254
person 0.023483764 1176 810 1193 856
person 0.023428408 720 140 732 155
person 0.023422278 209 542 239 568
person 0.0234083 366 391 391 438
person 0.023393594 878 89 907 122
person 0.023373159 1259 689 1266 730
person 0.023339631 1027 71 1047 93
person 0.023321003 927 -274 945 -250
person 0.023274228 47 566 64 602
person 0.023184756 824 141 845 165
person 0.023173165 1024 115 1044 136
person 0.023168257 1079 72 1097 94
person 0.023149258 1074 -274 1090 -248
person 0.023087805 1120 188 1140 216
person 0.023055311 1174 -166 1188 -110
person 0.022915091 825 179 848 207
person 0.022819921 63 337 152 547
person 0.022812935 967 359 1006 421
person 0.022806808 1028 745 1045 795
person 0.022778455 1129 853 1153 914
person 0.022736527 438 638 469 671
person 0.0225057 1073 746 1089 799
person 0.02243969 647 32 675 69
person 0.022435881 1089 -268 1110 -203
person 0.022429295 908 117 955 191
person 0.02242586 747 34 775 70
person 0.022413693 1079 851 1107 925
person 0.022327907 1097 -274 1112 -265
person 0.0223053 1000 130 1048 204
person 0.022286622 60 265 94 316
person 0.02223711 402 123 432 156
person 0.022213943 419 144 439 165
person 0.022206515 383 540 417 572
person 0.022206066 1174 -217 1190 -162
person 0.02215375 954 141 975 165
person 0.022048771 739 849 766 927
person 0.02203016 1097 138 1117 163
person 0.022021407 665 113 679 126
person 0.02200468 806 119 853 190
person 0.021996206 428 4 470 88
person 0.02197389 927 -274 942 -265
person 0.021934789 85 436 177 655
person 0.021893218 1027 904 1053 988
person 0.021873793 1073 142 1093 166
person 0.021831896 902 -274 920 -251
person 0.021825574 973 140 993 165
person 0.021780724 1143 76 1156 91
person 0.021749686 921 395 992 495
person 0.021736955 978 904 1004 988
person 0.021657435 807 88 821 102
person 0.021605765 117 195 136 219
person 0.021586794 656 141 676 166
person 0.021579668 777 34 803 70
person 0.021579351 922 797 946 854
person 0.02153021 555 51 577 71
person 0.021525554 521 123 535 137
person 0.021512633 874 794 897 852
person 0.021498358 640 74 660 96
person 0.021475129 1037 -19 1063 26
person 0.021458313 630 162 652 188
person 0.021457462 1194 -274 1212 -254
person 0.02145124 1150 743 1162 775
person 0.021439862 796 207 828 247
person 0.02141664 214 208 243 242
person 0.02140882 561 162 584 188
person 0.021375628 953 74 972 95
person 0.021368898 446 55 456 70
person 0.021320697 1076 904 1102 988
person 0.021267863 840 87 870 121
person 0.021247728 76 -93 99 -36
person 0.02118164 1097 -274 1114 -249
person 0.021170909 476 108 523 184
person 0.02110322 690 850 717 927
person 0.02107628 17 384 33 474
person 0.021055605 981 734 998 786
person 0.021048388 1007 92 1021 106
person 0.02101686 1194 -274 1209 -266
person 0.02101234 108 -148 141 -45
person 0.02101023 119 862 153 985
person 0.02099724 533 158 554 184
person 0.020990888 542 97 562 119
person 0.020983383 626 4 669 84
person 0.020983374 930 904 956 988
person 0.020957548 267 396 296 426
person 0.020948812 1253 357 1264 434
person 0.020914877 261 556 287 581
person 0.020858765 952 90 966 103
person 0.020852745 -2 122 21 195
person 0.020842914 243 131 266 156
person 0.020840764 351 470 443 660
person 0.02076626 472 252 550 351
person 0.020692566 902 137 923 163
person 0.020677028 402 606 447 667
person 0.020545859 1005 71 1024 93
person 0.020537034 302 167 333 200
person 0.020485904 837 95 851 109
person 0.02045859 0 -163 10 -74
person 0.02045701 1148 207 1170 234
person 0.020451572 -19 470 44 641
person 0.020405756 346 4 386 91
person 0.02038686 684 28 720 83
person 0.020380784 209 872 247 987
person 0.020367574 694 204 727 242
person 0.020307327 584 97 605 118
person 0.020294225 1259 40 1266 73
person 0.020265425 704 189 727 216
person 0.020257672 509 676 529 710
person 0.020214254 878 -274 896 -252
person 0.020213371 264 472 296 497
person 0.020201754 1046 139 1067 163
person 0.020167554 980 90 994 104
person 0.020164011 1254 957 1262 1010
person 0.020147866 455 644 481 674
person 0.020139672 881 904 907 988
person 0.020137973 504 74 533 108
person 0.020120207 363 429 388 461
person 0.020048585 199 -169 231 -66
person 0.020037023 344 423 415 538
person 0.020009518 1203 580 1235 651
person 0.019965129 86 359 126 422
person 0.019926593 123 -180 145 -118
person 0.01992537 833 73 852 94
person 0.019891238 1239 297 1268 365
person 0.01987545 1253 302 1270 333
person 0.019844329 933 73 951 95
person 0.019830562 1254 -133 1265 -64
person 0.01981896 112 822 143 954
person 0.019809172 214 446 248 470
person 0.019798305 931 254 966 297
person 0.01978983 1144 159 1164 187
person 0.019782178 285 406 310 433
person 0.019697344 213 624 239 648
person 0.019686041 210 472 257 501
person 0.019679772 1126 741 1137 777
person 0.019672543 194 172 212 195
person 0.019662043 997 134 1017 158
person 0.019642022 686 726 708 809
person 0.019625422 1181 207 1192 223
person 0.019611226 808 157 830 184
person 0.019550845 658 159 680 186
person 0.019490765 -13 102 58 265
person 0.019471345 902 -274 918 -265
person 0.019381955 0 649 8 774
person 0.019357773 777 792 800 852
person 0.019334592 487 207 517 244
person 0.019318238 536 118 552 131
person 0.019274842 900 91 913 104
person 0.019274432 885 744 901 801
person 0.01927147 729 114 743 128
person 0.019270714 1255 65 1270 94
person 0.019236086 986 881 1024 989
person 0.019204631 151 196 170 220
person 0.019201437 1005 729 1013 746
person 0.01919631 1224 123 1242 148
person 0.019188387 642 728 657 804
person 0.019125307 553 59 575 83
person 0.019113172 1139 275 1227 448
person 0.019086283 832 904 858 988
person 0.01905484 590 120 606 133
person 0.01902669 1126 810 1150 862
person 0.019014914 743 249 776 291
person 0.019008983 6 294 21 384
person 0.018979086 681 159 704 186
person 0.01895942 928 90 942 104
person 0.018954633 1121 -274 1139 -251
person 0.018940307 562 98 583 119
person 0.018924162 931 733 950 797
person 0.018871829 790 -254 826 -158
person 0.018857962 979 73 998 94
person 0.018833332 672 325 745 426
person 0.018810472 -1 227 6 264
person 0.01880821 1018 800 1042 856
person 0.018789278 407 551 434 578
person 0.01877736 1260 671 1266 709
person 0.018755468 1123 163 1144 191
person 0.018718276 244 113 260 130
person 0.01869792 1147 193 1167 219
person 0.018641723 1213 172 1226 195
person 0.018603723 234 383 274 446
person 0.018577721 259 467 303 527
person 0.018568076 957 378 1066 558
person 0.01854634 303 117 333 152
person 0.01851874 294 500 323 527
person 0.018517587 160 -117 182 -60
person 0.018472949 706 27 724 49
person 0.01844715 950 211 972 240
person 0.018399103 1121 -274 1136 -265
person 0.018356033 1121 209 1143 237
person 0.018318659 0 6 6 46
person 0.018296784 350 168 381 201
person 0.0182957 696 32 706 46
person 0.01822976 1022 136 1043 160
person 0.01816913 -1 -113 16 -27
person 0.018117985 126 -88 149 -30
person 0.018054746 0 856 15 956
person 0.018041886 422 613 462 675
person 0.01798816 593 731 607 797
person 0.017984029 933 -75 962 -33
person 0.01797954 881 -269 916 -173
person 0.017969314 742 -181 775 -80
person 0.017952502 938 75 967 109
person 0.017922891 621 590 675 743
person 0.017914258 544 20 562 41
person 0.017906675 1097 255 1119 285
person 0.017859725 784 904 809 989
person 0.01784904 63 -49 88 2
person 0.017787313 758 373 862 556
person 0.017784338 364 118 393 151
person 0.017776001 448 71 477 105
person 0.017758934 876 137 897 162
person 0.01774603 0 -241 6 -192
person 0.017724972 514 -96 571 36
person 0.017705962 547 22 558 38
person 0.017696757 745 -267 763 -207
person 0.017674923 304 877 342 988
person 0.017658785 873 168 894 195
person 0.017658047 0 -265 6 -218
person 0.017633226 755 211 777 238
person 0.017619867 1128 307 1172 366
person 0.017610641 732 48 753 71
person 0.017594118 998 864 1022 946
person 0.01759007 73 -182 95 -102
person 0.017580086 793 -265 811 -206
person 0.01755204 999 185 1021 213
person 0.017544223 1047 865 1071 946
person 0.017539367 -6 232 11 261
person 0.017531177 607 -83 646 12
person 0.017514965 1014 683 1022 721
person 0.017513914 321 96 366 172
person 0.017513355 837 737 852 795
person 0.017492896 454 204 484 243
person 0.01747026 832 730 855 807
person 0.017457545 64 300 104 368
person 0.017455753 1191 868 1228 979
person 0.017441267 40 -115 70 -9
person 0.017431749 853 -274 872 -252
person 0.017426778 0 702 9 814
person 0.017411035 641 850 668 928
person 0.017409615 551 264 653 459
person 0.017336402 234 579 262 600
person 0.017312625 498 32 526 70
person 0.017310742 70 569 86 603
person 0.017287007 608 184 632 212
person 0.01726231 1124 904 1150 989
person 0.017227441 1022 185 1044 214
person 0.017217625 1028 -268 1056 -203
person 0.01720826 1021 161 1043 188
person 0.017182183 581 605 652 824
person 0.017180314 693 -269 711 -209
person 0.017172363 1258 95 1266 111
person 0.017140908 1095 865 1119 947
person 0.017089596 1258 299 1266 335
person 0.017053077 0 805 10 903
person 0.01702104 1093 161 1114 188
person 0.016996961 346 444 369 474
person 0.016994316 366 262 480 451
person 0.016960233 932 -168 958 -101
person 0.01696009 735 903 761 989
person 0.01695234 165 -268 182 -208
person 0.01690587 1093 187 1114 214
person 0.016890168 1164 198 1203 253
person 0.016881278 681 189 702 216
person 0.016858075 1094 235 1116 264
person 0.01683525 1258 925 1265 978
person 0.016821546 0 950 10 1006
person 0.016821288 652 292 763 475
person 0.016819283 -1 -210 15 -115
person 0.016797636 208 -259 244 -168
person 0.016794859 685 119 700 136
person 0.016780155 1202 384 1212 400
person 0.016747726 949 160 970 187
person 0.016741375 729 793 751 852
person 0.016701564 1070 161 1092 188
person 0.016683022 123 -253 159 -160
person 0.016675131 1040 73 1068 107
person 0.01667327 878 -274 894 -265
person 0.016652988 901 864 924 946
person 0.01664024 949 864 973 946
person 0.016631683 1250 79 1264 123
person 0.016630296 200 904 226 989
person 0.016610492 147 201 165 228
person 0.016590595 990 76 1019 111
person 0.016559862 -1 202 9 283
person 0.016529294 376 116 394 138
person 0.016515331 194 179 211 204
person 0.016485902 923 138 943 162
person 0.016480174 1169 404 1181 422
person 0.016473908 924 163 945 191
person 0.016472401 1172 382 1187 401
person 0.016470045 487 -148 523 -46
person 0.016458625 309 213 339 250
person 0.01642341 686 903 712 989
person 0.016406726 593 850 620 927
person 0.016357996 587 -274 606 -251
person 0.016356377 971 -76 1004 -37
person 0.016356222 295 -274 314 -251
person 0.016353821 320 -274 338 -251
person 0.01635311 271 -274 289 -251
person 0.016353086 1069 187 1090 215
person 0.016350124 247 -274 265 -251
person 0.01634731 344 -274 362 -251
person 0.016345164 393 -274 411 -251
person 0.016345112 368 -274 387 -251
person 0.01634114 417 -274 435 -251
person 0.016335323 441 -274 460 -251
person 0.016332764 563 -274 581 -251
person 0.016331945 466 -274 484 -251
person 0.016331654 222 -274 241 -251
person 0.016331393 490 -274 508 -251
person 0.016323628 54 614 72 649
person 0.016323352 514 -274 533 -251
person 0.016322417 863 298 905 359
person 0.016312912 612 -274 630 -251
person 0.016311344 880 111 894 125
person 0.016305469 539 -274 557 -251
person 0.016304908 620 251 664 309
person 0.016291179 1046 160 1068 188
person 0.016268974 54 903 80 989
person 0.016252687 151 904 177 989
person 0.016251095 364 502 430 617
person 0.016250934 599 221 651 292
person 0.016246438 838 112 852 126
person 0.016242558 731 187 753 214
person 0.016224055 1078 114 1093 128
person 0.016219717 638 903 663 989
person 0.016213555 248 903 274 989
person 0.016208217 492 903 517 989
person 0.016201247 169 565 263 745
person 0.016200896 1095 124 1142 199
person 0.016197393 306 -261 343 -169
person 0.016172428 443 903 469 989
person 0.016171563 589 903 615 989
person 0.016165055 636 -274 654 -251
person 0.01616134 540 903 566 989
person 0.01615301 645 -269 663 -210
person 0.016150441 198 -274 216 -251
person 0.016144358 433 609 456 633
person 0.016139906 735 51 749 67
person 0.016137118 394 903 420 989
person 0.01613306 449 -270 467 -210
person 0.016125547 1254 -88 1265 -23
person 0.016124874 1172 904 1198 988
person 0.016124057 246 134 261 152
person 0.016119376 900 72 919 94
person 0.016100299 660 -274 679 -251
person 0.016032405 346 903 371 989
person 0.016027575 971 158 993 185
person 0.016023448 498 880 536 991
person 0.01602217 221 113 249 151
person 0.016021464 1191 17 1209 44
person 0.016004512 400 879 439 990
person 0.015996736 297 903 323 989
person 0.015991362 401 -270 418 -211
person 0.01598902 558 21 573 37
person 0.015968703 -1 709 6 755
person 0.015959669 1145 -274 1163 -252
person 0.015950767 349 580 391 640
person 0.015934564 842 -265 860 -204
person 0.015910378 898 -13 916 28
person 0.01589922 1175 94 1188 114
person 0.01585521 753 184 776 212
person 0.015852345 685 -274 703 -251
person 0.015843747 1030 75 1043 89
person 0.015836457 836 77 849 90
person 0.015833989 533 663 555 700
person 0.015833171 998 159 1020 186
person 0.015825557 498 -270 516 -210
person 0.01582362 291 268 323 313
person 0.015811097 827 793 849 852
person 0.015810858 1020 212 1043 241
person 0.015810436 886 254 922 297
person 0.015804576 125 -262 140 -207
person 0.015791697 1171 752 1191 814
person 0.015777519 736 -180 752 -124
person 0.015774889 422 699 444 728
person 0.01577457 1165 401 1185 428
person 0.015759543 1210 108 1251 189
person 0.01575781 643 77 657 92
person 0.015708426 1048 281 1075 308
person 0.015705604 167 428 194 454
person 0.01569089 1258 187 1266 205
person 0.01568952 -1 393 5 434
person 0.015687134 1085 -14 1102 28
person 0.015681326 950 231 972 260
person 0.015662583 17 398 46 479
person 0.015645538 79 -261 93 -206
person 0.015641594 174 -274 192 -251
person 0.015637167 -1 59 10 129
person 0.015634364 149 -181 172 -118
person 0.015611555 1256 862 1266 952
person 0.015609381 305 521 335 548
person 0.0155966515 485 700 506 732
person 0.015546159 596 -269 613 -210
person 0.015542679 586 -3 601 13
person 0.015528187 438 865 458 895
person 0.015521957 489 184 511 211
person 0.015518057 462 865 483 895
person 0.015510723 595 -263 633 -171
person 0.015505942 267 454 294 476
person 0.015464423 547 -270 565 -210
person 0.015455598 297 -191 332 -90
person 0.015448779 709 -274 727 -251
person 0.01544522 146 -50 170 -1
person 0.015444015 1196 124 1209 137
person 0.015431933 1193 866 1215 950
person 0.015408304 89 615 111 648
person 0.015386675 657 865 677 895
person 0.015374117 0 -42 5 3
person 0.015370776 781 121 795 135
person 0.015358865 947 185 968 213
person 0.015358215 414 865 434 895
person 0.015358035 1103 -256 1113 -215
person 0.015353558 352 -270 370 -211
person 0.015353457 1174 744 1187 772
person 0.015348542 1260 647 1266 682
person 0.015346942 101 3 127 50
person 0.015335337 590 68 610 91
person 0.015326081 633 865 653 895
person 0.015324599 659 187 681 214
person 0.015317513 283 242 357 346
person 0.015288971 487 865 507 895
person 0.015286316 1179 116 1192 130
person 0.015285828 1046 186 1067 214
person 0.01528188 998 258 1026 287
person 0.015256751 695 206 748 275
person 0.015253706 401 205 431 243
person 0.0152521795 681 865 702 895
person 0.015233735 885 -268 903 -203
person 0.015214185 533 141 547 154
person 0.015183452 830 -274 849 -252
person 0.015170501 1026 345 1064 411
person 0.0151639925 1093 209 1115 238
person 0.01513923 501 -261 539 -169
person 0.015139188 608 865 629 895
person 0.015130602 730 503 743 541
person 0.015122624 -11 -192 27 -41
person 0.015104245 1151 729 1160 748
person 0.01508843 389 865 410 895
person 0.015086112 346 738 368 797
person 0.015082308 739 319 854 469
person 0.01505108 926 184 948 212
person 0.015000939 1258 657 1267 670
person 0.014998008 685 404 707 437
person 0.01498677 706 865 726 895
person 0.01498432 56 527 71 562
person 0.014983109 -5 10 11 41
person 0.014952261 809 -202 843 -101
person 0.014926691 0 -217 6 -167
person 0.014911813 511 865 531 895
person 0.014895368 172 388 196 414
person 0.014891939 82 316 124 378
person 0.014882037 365 865 385 895
person 0.014879801 1222 6 1259 95
person 0.014875608 0 404 31 522
person 0.014868886 584 865 604 895
person 0.014863398 1029 -165 1060 -108
person 0.014860117 178 400 204 429
person 0.0148586165 149 -274 168 -251
person 0.014851847 -1 177 9 215
person 0.014849072 1012 494 1043 562
person 0.014826146 446 850 474 926
person 0.014824398 655 322 689 388
person 0.014818312 877 184 899 213
person 0.014816538 1258 681 1266 695
person 0.014801155 594 880 632 992
person 0.014788443 341 865 361 895
person 0.014788103 377 100 394 120
person 0.014768087 730 865 750 895
person 0.014739758 1082 77 1094 91
person 0.014736775 317 865 337 895
person 0.01473377 382 597 410 625
person 0.014722795 207 -270 224 -210
person 0.014720692 292 865 312 895
person 0.014710931 244 865 264 895
person 0.014710557 268 865 288 895
person 0.014707537 1113 255 1149 297
person 0.014703551 551 210 583 246
person 0.014683448 535 864 556 895
person 0.014683337 441 145 456 157
person 0.014676647 1245 -274 1269 -203
person 0.014662773 495 850 523 926
person 0.014659859 899 162 920 189
person 0.014653523 1145 -274 1160 -265
person 0.014652945 852 864 876 947
person 0.0146432 560 865 580 895
person 0.014640394 733 -274 752 -251
person 0.014630876 103 903 128 990
person 0.014628194 129 723 143 815
person 0.01462414 -4 -277 16 -194
person 0.014622732 1186 355 1227 419
person 0.014610719 754 865 775 895
person 0.014592908 983 -275 1002 -202
person 0.014583313 779 865 799 895
person 0.014581785 76 -274 95 -254
person 0.014571366 763 502 775 536
person 0.014569915 304 -270 321 -210
person 0.01456181 408 570 435 596
person 0.014552665 996 211 1018 240
person 0.014549512 233 455 262 478
person 0.01454714 219 865 240 895
person 0.014546886 106 157 135 198
person 0.0145204235 803 864 824 895
person 0.014515033 435 702 461 729
person 0.014512319 787 -183 802 -128
person 0.01451165 570 27 606 84
person 0.014508904 467 497 493 539
person 0.014506163 1151 723 1162 757
person 0.014504779 439 -146 474 -45
person 0.0144895045 110 847 135 926
person 0.014484555 264 568 288 590
person 0.014483603 1168 263 1191 292
person 0.014459406 -7 182 14 213
person 0.014449686 435 240 510 341
person 0.014420611 954 114 967 127
person 0.014401051 825 210 847 238
person 0.014392655 827 864 848 895
person 0.014365555 1054 74 1067 88
person 0.014351147 544 850 571 927
person 0.014338075 0 204 7 236
person 0.014288372 882 71 901 93
person 0.0142749 -1 561 6 608
person 0.014263772 398 849 426 926
person 0.014246097 1169 -274 1185 -265
person 0.014233634 1073 234 1096 262
person 0.014232651 255 -270 272 -210
person 0.014232376 68 109 96 157
person 0.014228765 125 -274 143 -252
person 0.014206377 336 555 362 580
person 0.014194093 312 461 334 487
person 0.014185429 757 -274 776 -251
person 0.014180115 473 625 551 831
person 0.01416247 699 -259 737 -166
person 0.014162283 877 211 900 240
person 0.014156339 881 259 926 316
person 0.014154005 550 62 561 79
person 0.014152799 1247 835 1267 918
person 0.014129288 1258 350 1265 387
person 0.014124571 0 -9 7 31
person 0.01411419 125 210 137 227
person 0.014112413 1008 75 1020 89
person 0.014099958 132 276 153 306
person 0.014096704 852 864 873 895
person 0.014096591 691 882 728 995
person 0.014082014 1179 142 1192 157
person 0.014079305 853 -274 869 -265
person 0.014077995 264 570 368 751
person 0.014075937 1169 -274 1187 -254
person 0.014069957 378 615 409 644
person 0.014068647 806 -274 824 -252
person 0.014066854 804 188 827 215
person 0.014064342 244 6 265 33
person 0.014024612 380 292 459 412
person 0.014011628 1176 728 1186 749
person 0.014011318 195 864 215 895
person 0.013982896 926 209 948 237
person 0.013975106 231 -63 285 67
person 0.013970902 1003 116 1017 130
person 0.01396731 898 211 921 239
person 0.013941 1205 542 1238 613
person 0.013933012 782 -274 800 -252
person 0.0139236 1258 714 1265 756
person 0.013921839 980 429 1083 626
person 0.01390521 777 417 848 519
person 0.013896216 359 35 384 74
person 0.01389159 1254 42 1270 71
person 0.013890611 -1 682 6 731
person 0.013846742 1257 -234 1265 -190
person 0.013845557 1046 261 1072 288
person 0.013843311 1198 380 1217 405
person 0.013841435 0 -69 6 -21
person 0.013813822 1255 399 1263 438
person 0.0138092935 243 521 270 548
person 0.013770683 805 212 827 239
person 0.0137678385 787 883 825 994
person 0.013750518 482 717 500 752
person 0.013749037 794 251 828 295
person 0.013735955 110 160 127 185
person 0.013735078 211 532 236 557
person 0.013731815 1258 699 1265 716
person 0.013726109 1258 70 1266 87
person 0.013693631 685 -178 701 -119
person 0.013689844 -5 135 13 164
person 0.013671192 84 16 142 141
person 0.0136420885 211 569 246 596
person 0.01362438 592 539 609 575
person 0.013620624 444 41 471 76
person 0.013619178 974 184 996 212
person 0.013615142 1051 117 1065 130
person 0.013612094 853 72 873 94
person 0.013610014 933 -272 951 -201
person 0.013605628 1257 -113 1265 -67
person 0.013581895 876 864 897 895
person 0.013570668 -5 275 11 307
person 0.013567216 433 -96 487 38
person 0.013551334 640 471 652 507
person 0.013548255 704 605 769 834
person 0.013538981 613 70 634 93
person 0.01353467 338 214 368 252
person 0.013524888 410 -260 447 -169
person 0.013524181 737 740 751 776
person 0.013514128 -4 -259 10 -224
person 0.013511908 30 541 45 578
person 0.013501935 776 185 798 212
person 0.013501351 1143 236 1165 265
person 0.013495666 580 185 603 213
person 0.01348557 -1 586 6 633
person 0.013473465 934 -257 944 -215
person 0.013472444 215 190 264 265
person 0.013450162 1117 257 1140 286
person 0.013443196 394 161 415 186
person 0.013432463 242 555 270 578
person 0.013423568 833 253 868 297
person 0.013415967 684 792 701 851
person 0.013397367 886 886 923 997
person 0.01339106 593 -143 629 -43
person 0.013389749 714 115 729 130
person 0.013359528 971 213 993 241
person 0.013358968 959 -257 968 -215
person 0.013348641 1069 210 1091 239
person 0.013327054 0 131 8 169
person 0.01330522 349 849 377 927
person 0.0132983355 394 143 413 164
person 0.0132980775 522 99 541 120
person 0.013289935 0 732 6 780
person 0.013287859 178 389 215 454
person 0.013255245 610 -5 625 11
person 0.013249877 463 182 484 208
person 0.013237363 1171 353 1190 371
person 0.0132268965 900 367 1008 545
person 0.013198064 1190 182 1202 198
person 0.013191898 1246 -185 1267 -105
person 0.013185705 880 737 904 812
person 0.013172571 603 804 646 954
person 0.0131676365 80 590 99 624
person 0.013148102 506 186 528 211
person 0.013144984 1117 235 1139 263
person 0.013071867 491 -52 517 -2
person 0.013071726 252 730 267 799
person 0.013040881 1248 873 1267 966
person 0.013027526 559 188 581 215
person 0.0130247185 -1 367 6 410
person 0.013008835 67 297 95 329
person 0.012996422 684 468 698 506
person 0.012985944 0 -193 6 -143
person 0.012969952 909 120 923 133
person 0.012957926 1259 10 1266 46
person 0.012954079 980 118 995 131
person 0.0129473 1196 435 1242 531
person 0.012936416 1006 2 1049 82
person 0.012930232 400 71 429 105
person 0.012921514 167 597 198 627
person 0.012912266 0 757 10 854
person 0.012903481 803 864 826 947
person 0.012901331 1257 -138 1265 -92
person 0.0129005 382 471 413 514
person 0.012862645 1021 -74 1052 -33
person 0.012835084 0 514 6 559
person 0.012833707 813 125 826 139
person 0.012833465 538 723 562 802
person 0.012825879 1257 -186 1265 -141
person 0.012823551 699 14 744 93
person 0.012817666 1241 214 1272 277
person 0.012817305 229 117 250 143
person 0.012798186 970 260 1083 442
person 0.012794999 130 320 169 382
person 0.012780108 1200 727 1209 745
person 0.012778748 1224 669 1278 819
person 0.012776486 1199 744 1208 769
person 0.012751375 498 278 547 361
person 0.012735341 566 292 638 405
person 0.012734795 1257 -211 1265 -165
person 0.012730078 897 186 919 214
person 0.012724104 269 573 283 586
person 0.012712249 843 -18 862 25
person 0.012682074 343 -92 396 44
person 0.012679943 901 863 921 894
person 0.012676164 171 864 191 896
person 0.012657636 437 184 457 212
person 0.01264155 561 123 576 136
person 0.01263814 492 47 511 67
person 0.012623742 532 187 553 214
person 0.012617635 288 430 301 444
person 0.012545062 260 163 269 180
person 0.012544212 95 132 123 174
person 0.012517702 0 269 7 313
person 0.012494312 -1 346 20 426
person 0.012480412 1168 -265 1194 -196
person 0.012478612 -4 -233 10 -200
person 0.012443118 0 -94 6 -46
person 0.012436417 126 -232 141 -168
person 0.012426114 0 780 6 829
person 0.012419358 468 330 567 530
person 0.012412435 562 -3 577 13
person 0.012404354 815 368 848 437
person 0.012391994 1227 136 1238 152
person 0.012387552 391 729 417 803
person 0.012380601 118 450 145 475
person 0.01235253 0 33 6 75
person 0.012345005 158 57 186 98
person 0.012332969 -1 536 6 582
person 0.012330844 983 -258 992 -215
person 0.012323226 1257 -162 1265 -116
person 0.012302552 1246 789 1268 865
person 0.012278462 -5 37 10 69
person 0.012277148 956 78 969 91
person 0.012272437 240 -22 268 47
person 0.012271438 883 571 911 614
person 0.0122696515 928 115 943 128
person 0.012252961 100 -274 119 -253
person 0.012240883 1254 -34 1266 21
person 0.012231081 1170 -222 1193 -150
person 0.012201826 1193 93 1211 116
person 0.012199987 197 174 208 190
person 0.012198275 75 517 91 551
person 0.012192783 830 -274 846 -265
person 0.012181606 230 394 269 428
person 0.01218027 1045 211 1067 239
person 0.012166244 982 77 994 90
person 0.012154977 252 850 279 928
person 0.012148486 1144 866 1167 949
person 0.012130891 517 617 540 651
person 0.012122139 93 625 177 832
person 0.012105158 1079 -258 1089 -215
person 0.01209512 728 212 750 239
person 0.012092334 64 570 148 754
person 0.012064738 972 -114 1005 -60
person 0.012041508 51 554 68 590
person 0.012007616 154 728 169 805
person 0.011999298 362 81 391 117
person 0.011993686 387 517 407 568
person 0.011965308 634 188 656 215
person 0.01195926 203 849 230 927
person 0.011956303 883 -206 915 -105
person 0.011949141 1257 -89 1265 -43
person 0.011945611 729 -97 767 -5
person 0.011922845 1257 739 1265 780
person 0.011907693 925 863 946 894
person 0.011907413 280 403 311 448
person 0.011893126 612 476 626 515
person 0.011856919 95 404 123 419
person 0.01184166 849 164 870 190
person 0.011835134 933 213 978 267
person 0.011828973 -6 207 12 232
person 0.01180924 -5 253 12 285
person 0.011805592 442 62 463 86
person 0.011799742 71 863 93 948
person 0.011793121 34 688 46 730
person 0.011788804 306 542 342 569
person 0.011775329 153 739 167 775
person 0.011763604 1196 400 1217 430
person 0.01175414 0 804 6 853
person 0.011743587 1026 117 1041 130
person 0.011732054 1081 817 1133 941
person 0.0117316395 0 755 6 804
person 0.011727119 1252 329 1271 359
person 0.01172519 411 188 432 215
person 0.011724478 137 284 159 312
person 0.0117074 156 848 182 927
person 0.011706242 980 506 1011 558
person 0.011704124 782 -125 798 -72
person 0.011700197 -1 346 6 388
person 0.011697876 506 237 530 265
person 0.011687253 1180 -77 1196 -22
person 0.011682412 0 -168 6 -119
person 0.01167633 1252 354 1270 384
person 0.011646565 629 18 650 39
person 0.01164121 0 924 6 978
person 0.011621897 1001 678 1023 711
person 0.011607789 490 679 529 792
person 0.01160715 300 730 316 797
person 0.011585184 1257 763 1265 805
person 0.011569851 633 396 656 430
person 0.011566035 850 210 872 237
person 0.011562258 -5 -36 9 -3
person 0.011550525 372 143 392 165
person 0.011550351 434 713 457 747
person 0.011545305 151 -88 177 -27
person 0.011532649 979 215 1024 270
person 0.011507622 1151 225 1217 328
person 0.011496384 205 814 253 948
person 0.011484089 124 81 188 190
person 0.011462311 54 880 73 915
person 0.011461901 941 -76 956 -29
person 0.011448056 300 849 328 928
person 0.011446761 380 102 389 118
person 0.011441858 226 -20 284 101
person 0.011440607 106 847 158 1009
person 0.011435808 924 -122 953 -63
person 0.011431921 970 235 992 264
person 0.011430602 985 -228 1007 -148
person 0.011430596 847 185 869 213
person 0.011430327 194 -179 217 -120
person 0.011421999 34 663 43 709
person 0.011419178 1167 349 1195 377
person 0.011376748 1016 271 1047 303
person 0.0113686845 1142 145 1154 159
person 0.011357548 520 -10 582 106
person 0.011345861 1007 718 1016 757
person 0.011335019 1108 260 1154 317
person 0.011322403 76 -274 92 -266
person 0.011316666 1050 571 1151 752
person 0.011316085 760 527 773 561
person 0.011311418 997 233 1020 263
person 0.011309722 1187 204 1200 226
person 0.01129328 0 293 9 339
person 0.0112923635 970 259 994 288
person 0.0112857595 910 -257 921 -215
person 0.011279765 938 344 979 408
person 0.011261321 692 499 704 540
person 0.011257059 66 261 88 289
person 0.011255944 1063 832 1144 1008
person 0.011245924 -2 188 9 204
person 0.011233831 776 212 798 238
person 0.011230912 812 163 855 217
person 0.011229886 830 299 872 361
person 0.0112209665 281 617 376 817
person 0.0112159 366 619 398 646
person 0.011212807 986 730 994 749
person 0.011210212 505 214 528 242
person 0.011192877 664 397 685 430
person 0.011188856 818 211 864 266
person 0.011181115 1246 -138 1267 -57
person 0.011174927 699 -115 722 -57
person 0.011170097 183 828 267 1015
person 0.011166912 0 -51 9 12
person 0.0111628035 -5 62 10 95
person 0.011146473 754 864 778 948
person 0.011142227 436 675 462 702
person 0.011136455 949 863 970 894
person 0.011130481 731 367 753 403
person 0.011113626 933 570 960 612
person 0.01110704 210 -116 233 -59
person 0.011105259 1007 -258 1017 -215
person 0.011104332 1128 -70 1142 -17
person 0.011097794 1186 329 1211 355
person 0.011096957 1214 182 1223 198
person 0.011091537 878 841 896 872
person 0.011091098 562 375 581 404
person 0.011052421 806 -274 822 -265
person 0.011050123 177 739 191 775
person 0.0110482415 1036 692 1046 734
person 0.011030344 388 792 410 849
person 0.011029829 445 548 475 592
person 0.011012127 351 567 440 754
person 0.010992037 726 356 747 391
person 0.010985886 564 191 680 370
person 0.010976103 633 47 655 69
person 0.010975446 1259 904 1266 954
person 0.010955077 1258 325 1266 361
person 0.010948621 253 213 283 248
person 0.0109453825 800 795 845 915
person 0.010924239 1171 277 1195 306
person 0.010916533 118 435 143 456
person 0.010913713 1075 -73 1099 -24
person 0.010901761 79 -227 93 -160
person 0.0108972015 974 728 1002 799
person 0.010894124 389 578 417 600
person 0.010891832 155 -234 170 -175
person 0.010889043 586 795 603 853
person 0.010881742 740 -235 755 -177
person 0.010881497 1021 -51 1057 36
person 0.010881455 262 149 282 170
person 0.010872893 1127 -256 1166 -166
person 0.0108715445 587 -274 603 -265
person 0.01086774 661 492 673 527
person 0.01085864 295 -274 311 -265
person 0.010857631 319 -274 335 -265
person 0.01085757 0 828 7 877
person 0.010856827 270 -274 287 -265
person 0.010855399 246 -274 262 -265
person 0.0108546205 374 635 463 836
person 0.010853766 343 -274 360 -265
person 0.010852369 368 -274 384 -265
person 0.010852071 562 -274 579 -265
person 0.010851826 392 -274 408 -265
person 0.010851187 222 -274 238 -265
person 0.010850449 1127 -255 1138 -215
person 0.010848765 416 -274 433 -265
person 0.010847082 91 400 126 425
person 0.010846192 1068 806 1091 859
person 0.010845558 611 -274 627 -265
person 0.010844437 441 -274 457 -265
person 0.010842152 870 213 916 268
person 0.010841517 465 -274 481 -265
person 0.010840663 489 -274 506 -265
person 0.010840255 0 853 7 901
person 0.010835847 514 -274 530 -265
person 0.010832808 0 551 9 675
person 0.010830716 538 -274 554 -265
person 0.01081243 1186 357 1210 382
person 0.010803721 1179 72 1207 108
person 0.01080153 1188 234 1209 262
person 0.010798586 38 20 121 179
person 0.010788826 1128 721 1139 758
person 0.010786287 246 68 276 108
person 0.01077672 635 -274 652 -265
person 0.010773366 -5 397 9 430
person 0.0107684685 202 727 219 803
person 0.0107665025 617 116 659 168
person 0.010764929 640 -119 664 -60
person 0.010754087 946 674 969 708
person 0.010753388 197 -274 214 -265
person 0.010740536 660 -274 676 -265
person 0.010737122 679 210 702 237
person 0.010734625 597 137 611 151
person 0.010733481 251 541 296 598
person 0.010726856 235 372 263 401
person 0.010721417 178 611 272 818
person 0.010719965 1260 621 1266 656
person 0.010699874 1168 327 1194 354
person 0.010695983 538 -1 553 15
person 0.010682978 230 471 264 497
person 0.010680187 897 792 947 911
person 0.010677903 237 599 265 624
person 0.010667779 422 147 435 160
person 0.010639152 0 -119 6 -71
person 0.010638836 1257 787 1265 830
person 0.010629289 1237 361 1265 433
person 0.010626907 684 -274 700 -265
person 0.010622014 706 864 729 948
person 0.01061959 1056 -258 1065 -215
person 0.010614214 717 606 767 751
person 0.010599543 -4 -4 11 26
person 0.010596318 414 604 441 628
person 0.01059115 1095 668 1114 704
person 0.010589102 596 160 638 212
person 0.010587699 194 619 223 646
person 0.01058223 1120 -70 1157 16
person 0.0105815455 415 677 438 703
person 0.010581077 266 212 381 378
person 0.010580502 1184 277 1208 305
person 0.0105706975 974 862 994 894
person 0.010567771 0 57 6 101
person 0.010564496 1031 -258 1041 -215
person 0.0105507225 53 857 71 892
person 0.010548847 495 48 506 64
person 0.010544905 1249 752 1268 806
person 0.010529281 781 -274 798 -265
person 0.01052835 1148 769 1164 805
person 0.010527934 570 570 587 604
person 0.010524055 0 -144 6 -95
person 0.010493714 854 841 872 873
person 0.010486384 708 -274 725 -265
person 0.010484064 173 -274 189 -265
person 0.010477729 936 77 948 91
person 0.010475332 0 657 6 710
person 0.0104704695 922 234 944 262
person 0.0104702525 903 841 920 872
person 0.010469115 261 622 287 650
person 0.010462864 114 412 138 432
person 0.010461862 1258 632 1267 645
person 0.010456685 1177 64 1190 86
person 0.010435815 847 283 961 453
person 0.010431118 626 218 648 244
person 0.010425656 219 627 234 641
person 0.010405064 26 932 44 969
person 0.010393311 1251 31 1265 76
person 0.010387471 1127 729 1137 747
person 0.010386506 1133 -232 1156 -162
person 0.010364033 789 -235 804 -175
person 0.010362923 538 842 556 874
person 0.010355268 26 524 36 562
person 0.010353778 120 197 133 213
person 0.010348878 594 -93 653 37
person 0.010341525 -5 -63 10 -29
person 0.010341457 534 210 556 237
person 0.010338974 455 51 474 71
person 0.010336709 262 386 286 412
person 0.01033613 657 864 680 948
person 0.010335378 987 720 995 761
person 0.010330921 -4 860 11 893
person 0.010328972 757 -274 773 -265
person 0.010319262 1014 692 1021 713
person 0.010318604 361 556 389 580
person 0.010312845 295 37 321 78
person 0.010311691 520 619 578 746
person 0.010310008 691 -235 706 -178
person 0.010306068 633 20 646 36
person 0.010293342 146 864 166 896
person 0.010283908 514 842 531 874
person 0.01027489 1102 741 1113 776
person 0.010260425 804 50 823 71
person 0.01025905 75 366 142 494
person 0.010250997 733 -274 749 -265
person 0.010249782 675 421 698 457
person 0.0102491975 247 -177 263 -123
person 0.01023442 79 794 93 864
person 0.010226907 563 842 580 874
person 0.010219343 50 686 65 735
person 0.010195456 875 235 897 263
person 0.01018181 1228 -175 1277 -43
person 0.01018142 467 699 488 728
person 0.01017506 833 -126 847 -74
person 0.0101731485 757 28 776 49
person 0.010163967 884 -255 897 -215
person 0.010163953 395 209 415 238
person 0.010152585 980 -262 1017 -170
person 0.010151219 757 842 775 874
person 0.010147793 319 842 337 874
person 0.010145738 -1 415 6 460
person 0.010143876 761 740 775 776
person 0.010139271 358 576 384 600
person 0.010134286 1201 524 1244 635
person 0.010133687 659 27 678 48
person 0.010132444 419 118 438 138
person 0.010131794 465 882 487 914
person 0.010128934 510 441 526 460
person 0.010127657 344 842 361 874
person 0.010124403 490 343 501 359
person 0.010122424 731 -185 755 -110
person 0.0101202605 198 842 215 874
person 0.010116071 222 842 239 874
person 0.010115948 792 -25 817 18
person 0.0101146875 733 842 750 874
person 0.010105749 295 842 312 874
person 0.010105735 1046 235 1069 262
person 0.010105444 344 436 366 465
person 0.010100828 501 792 552 914
person 0.010100713 434 624 454 635
person 0.01009689 714 740 728 776
person 0.010091439 784 520 797 553
person 0.010083701 246 842 264 874
person 0.01008284 219 864 242 948
person 0.010078538 416 882 438 914
person 0.010075094 271 842 288 874
person 0.01007258 441 882 462 914
person 0.010062913 213 75 241 115
person 0.010060862 781 842 799 874
person 0.010058098 1168 380 1191 405
person 0.010051965 490 882 511 914
person 0.0100517515 660 882 681 914
person 0.010045643 1176 860 1234 1000
person 0.010041566 635 882 657 914
person 0.010035348 490 842 507 874
person 0.010032549 460 393 477 443
person 0.010022131 611 882 633 914
person 0.010009837 149 -274 165 -265
person 0.010009384 684 882 706 914
person 0.010004211 392 882 414 914
person 0.010003385 587 842 604 874
