person 0.7799627 1078 220 1108 262
person 0.75950134 1132 117 1151 143
person 0.74836457 818 74 836 97
person 0.7310251 749 196 781 234
person 0.73053527 782 100 802 126
person 0.72993726 1035 109 1054 133
person 0.729769 809 217 842 256
person 0.729219 1180 128 1199 154
person 0.7261268 1010 97 1028 120
person 0.7198829 538 96 558 121
person 0.7141752 710 100 730 126
person 0.71402204 886 76 904 98
person 0.71037066 533 160 563 194
person 0.703024 1194 243 1222 286
person 0.70295346 690 184 721 219
person 0.70125926 947 100 965 122
person 0.69485605 972 88 990 109
person 0.6927244 440 107 460 132
person 0.68872035 895 141 922 175
person 0.6870684 966 107 985 131
person 0.68399334 554 85 573 107
person 0.67754793 938 120 958 147
person 0.6760162 745 59 762 79
person 0.6746755 1175 201 1201 239
person 0.67375445 654 80 672 102
person 0.6725321 684 111 705 137
person 0.6701185 772 62 789 82
person 0.66645 245 141 266 168
person 0.6621213 825 93 845 116
person 0.6573948 721 69 739 92
person 0.65574765 335 124 354 150
person 0.65509754 102 304 159 372
person 0.65302926 452 139 473 168
person 0.65295404 1013 157 1039 191
person 0.6525015 617 105 638 131
person 0.6516193 1085 122 1104 147
person 0.64796716 987 134 1007 163
person 0.6457054 948 146 974 180
person 0.6402519 824 127 851 159
person 0.6388443 1011 126 1031 152
person 0.6361828 403 122 424 151
person 0.63341224 596 82 619 106
person 0.63166314 1101 146 1120 173
person 0.6312479 494 95 513 117
person 0.6302273 389 105 408 130
person 0.62636304 759 152 788 184
person 0.6176782 493 120 514 149
person 0.6174657 686 75 705 100
person 0.6096985 990 249 1024 293
person 0.6065212 1165 143 1184 170
person 0.5961097 1059 275 1096 328
person 0.59300256 865 67 883 86
person 0.5928419 897 211 930 253
person 0.5915233 854 81 873 104
person 0.56555605 768 80 786 102
person 0.56213087 755 93 775 115
person 0.56151795 376 122 396 151
person 0.5599256 887 111 908 138
person 0.5580415 1145 172 1170 208
person 0.55616224 1095 113 1113 134
person 0.554961 264 153 285 182
person 0.5404351 800 66 817 87
person 0.5372576 575 129 603 160
person 0.49931642 1120 133 1139 159
person 0.47743818 1229 143 1246 169
person 0.43647987 1210 197 1236 233
person 0.3608853 449 103 468 125
person 0.3590225 690 69 708 93
person 0.34678605 1222 166 1240 194
person 0.3365091 861 75 883 100
person 0.32335532 510 90 528 109
person 0.32176942 1211 176 1232 206
person 0.30054125 1071 186 1092 218
person 0.29654545 583 85 605 108
person 0.26962534 291 162 321 195
person 0.2421265 914 112 934 136
person 0.2331206 688 66 705 87
person 0.20160449 858 128 879 156
person 0.19913653 1188 167 1208 195
person 0.12854667 1228 164 1237 197
person 0.09795849 438 109 467 142
person 0.060708646 594 128 618 154
person 0.05730108 880 72 908 103
person 0.05383072 617 79 636 99
person 0.051783714 571 104 594 128
person 0.049890637 861 109 884 134
person 0.04778909 305 160 326 185
person 0.03774843 814 75 842 107
person 0.033966508 571 138 603 171
person 0.03282235 1095 142 1116 167
person 0.03226379 852 99 875 124
person 0.031253554 631 119 654 142
person 0.029864809 717 66 746 97
person 0.027003925 1220 198 1239 228
person 0.026694862 747 95 776 125
person 0.024427624 792 64 821 96
person 0.022986557 1212 210 1232 240
person 0.020334305 1108 371 1144 427
person 0.019826882 335 69 353 92
person 0.019572958 647 80 676 109
person 0.017130788 1036 124 1058 150
person 0.016955448 561 98 583 123
person 0.016854804 755 202 790 240
person 0.01575583 534 129 557 155
person 0.015494719 1227 192 1235 234
person 0.014738679 968 83 994 114
person 0.014665556 544 168 566 198
person 0.014616914 1244 126 1252 164
person 0.012897766 1237 133 1254 161
person 0.012503063 1181 149 1202 179
person 0.012470477 920 141 942 170
person 0.011005336 1133 145 1154 173
person 0.010691528 752 122 774 147
person 0.01038089 748 61 759 74
person 0.010081109 964 122 985 150
person 0.010077616 774 64 787 77
