person 0.7273891 726 133 749 163
person 0.7234593 549 132 575 164
person 0.7205817 831 164 856 198
person 0.719206 756 69 771 88
person 0.71427923 775 158 800 191
person 0.7122217 699 55 713 71
person 0.7082763 282 109 299 129
person 0.7069806 720 69 735 86
person 0.7050141 607 124 630 152
person 0.7027256 783 65 797 82
person 0.700063 566 85 582 105
person 0.69743234 799 72 813 92
person 0.69341105 660 131 682 158
person 0.69119865 530 67 545 84
person 0.6902563 370 83 386 103
person 0.68989307 810 66 824 84
person 0.6875622 838 77 852 96
person 0.6828087 641 69 656 86
person 0.6826909 620 57 633 72
person 0.67201036 475 71 489 88
person 0.67181754 451 67 465 83
person 0.670281 671 53 685 69
person 0.6698315 595 53 609 69
person 0.668715 698 111 720 138
person 0.66496843 648 53 661 69
person 0.6594774 685 84 701 105
person 0.6575805 418 75 432 91
person 0.6537508 854 86 869 107
person 0.6488735 733 106 750 127
person 0.6461903 608 101 625 123
person 0.643787 411 85 427 104
person 0.6432986 474 106 496 132
person 0.6402414 860 127 881 155
person 0.63930583 909 153 931 187
person 0.6382099 748 131 770 157
person 0.6372596 932 110 947 131
person 0.6340539 781 106 797 128
person 0.6333017 545 90 561 111
person 0.62391925 81 125 97 146
person 0.6235306 828 99 844 120
person 0.6155514 480 85 496 104
person 0.59730995 601 83 616 102
person 0.594095 878 78 891 96
person 0.59378296 651 105 672 131
person 0.59024876 941 95 955 115
person 0.58099747 668 94 685 115
person 0.57438046 882 99 896 119
person 0.5670158 570 64 584 80
person 0.5629353 727 89 743 108
person 0.5605489 605 69 620 85
person 0.5525327 825 120 841 143
person 0.5458888 506 82 522 101
person 0.54073584 349 95 365 116
person 0.52587706 786 83 801 103
person 0.51721483 389 87 404 106
person 0.51656926 898 78 911 97
person 0.5140882 893 177 916 213
person 0.46049726 445 101 461 123
person 0.45960733 565 59 579 74
person 0.44186947 915 117 931 139
person 0.4227638 405 108 429 136
person 0.42067155 501 64 514 80
person 0.39654043 505 71 522 91
person 0.37737945 835 80 851 102
person 0.3708986 748 93 764 113
person 0.3416922 541 73 557 89
person 0.25967985 407 117 434 147
person 0.21588933 374 83 399 111
person 0.20125987 910 123 933 156
person 0.19420205 504 61 517 76
person 0.19095103 919 110 939 138
person 0.13364011 400 115 424 144
person 0.13165525 594 71 609 88
person 0.12898284 513 105 531 125
person 0.114570625 550 118 569 140
person 0.111046605 900 82 913 101
person 0.10915267 908 145 925 169
person 0.109065786 532 119 551 142
person 0.10195294 455 82 470 100
person 0.08914923 930 97 943 115
person 0.074317105 817 94 834 115
person 0.067026995 509 89 533 115
person 0.05771826 508 66 520 87
person 0.05741958 645 94 662 112
person 0.054155175 470 71 493 95
person 0.045829214 807 92 830 121
person 0.039014973 678 99 697 122
person 0.038188376 885 93 895 116
person 0.033984322 683 73 700 91
person 0.03388178 528 67 550 90
person 0.027729146 602 69 626 94
person 0.027274111 976 87 981 115
person 0.026812019 590 53 612 78
person 0.023948422 443 95 459 115
person 0.021929815 855 80 870 96
person 0.021412922 650 54 659 65
person 0.018866139 567 60 576 71
person 0.01866149 879 75 900 100
person 0.018547563 622 58 631 68
person 0.017555842 876 106 893 127
person 0.015915105 535 61 549 76
person 0.014637841 453 68 462 78
person 0.014242555 400 104 420 128
person 0.014108698 697 88 715 108
person 0.014102067 530 85 548 105
person 0.013626429 597 54 606 66
person 0.012820665 700 70 716 88
person 0.012281579 496 104 514 124
person 0.011916116 638 67 661 91
person 0.011747695 503 63 512 74
person 0.011686244 428 128 446 151
person 0.011307761 665 69 681 88
person 0.010447842 895 187 921 222
person 0.010300389 512 120 539 149
