person 0.7496208 684 131 708 160
person 0.7457248 647 71 662 90
person 0.74174005 347 104 363 123
person 0.7353887 524 135 549 167
person 0.73115635 931 86 945 107
person 0.72893673 788 90 804 111
person 0.7285571 558 83 573 103
person 0.7274058 765 61 780 80
person 0.72535765 857 156 880 188
person 0.7219085 799 66 813 83
person 0.72121346 409 98 425 119
person 0.7184898 902 102 917 124
person 0.7170692 899 214 932 259
person 0.7170168 815 133 838 163
person 0.716403 756 86 773 107
person 0.70918393 782 149 809 184
person 0.705073 940 146 962 176
person 0.697194 804 101 820 125
person 0.69669163 452 86 468 105
person 0.6960859 319 107 336 126
person 0.6906522 959 85 973 105
person 0.688093 438 108 455 129
person 0.68719006 553 61 567 77
person 0.68538266 681 85 698 105
person 0.68344074 950 99 964 120
person 0.67772055 598 156 627 191
person 0.6742647 667 50 681 65
person 0.6726953 836 85 851 106
person 0.6726739 810 81 824 101
person 0.6715118 572 145 597 176
person 0.66809714 594 118 618 145
person 0.66614795 935 122 952 145
person 0.6639088 822 97 838 118
person 0.6626837 650 134 675 162
person 0.6620397 476 65 490 82
person 0.65966356 701 162 731 196
person 0.6595461 853 73 867 91
person 0.65911 737 196 771 238
person 0.65240663 644 97 666 124
person 0.6502689 883 146 905 175
person 0.6475134 708 56 723 73
person 0.6471365 489 111 506 133
person 0.6374893 607 72 622 89
person 0.63298637 581 67 595 85
person 0.63295764 495 74 509 92
person 0.63089347 673 106 696 133
person 0.62333816 647 48 660 63
person 0.6224377 895 80 909 100
person 0.609865 519 70 532 87
person 0.60858154 594 86 610 105
person 0.60810864 313 122 331 143
person 0.607949 723 114 746 140
person 0.6073845 154 193 198 250
person 0.6051041 428 87 444 106
person 0.5994988 718 84 734 103
person 0.5944373 627 54 640 70
person 0.5813758 891 116 907 139
person 0.57845837 855 107 872 130
person 0.5683829 417 83 432 100
person 0.5583024 869 93 884 113
person 0.5557213 929 190 954 228
person 0.550108 837 183 864 219
person 0.5001434 599 51 613 68
person 0.46926174 539 65 553 82
person 0.46857914 623 59 638 76
person 0.46254313 685 66 700 83
person 0.45874178 517 55 530 70
person 0.42651862 895 74 909 91
person 0.34966752 548 96 566 117
person 0.26403123 952 120 968 143
person 0.2531893 713 91 737 119
person 0.24004102 538 56 548 71
person 0.18426426 713 101 731 122
person 0.1790922 477 98 493 116
person 0.17856583 474 91 491 112
person 0.17847678 593 91 617 118
person 0.15334572 553 87 576 112
person 0.14959787 881 99 898 121
person 0.13370359 519 57 528 68
person 0.12279848 777 62 791 80
person 0.12022517 628 78 644 97
person 0.114517555 443 108 461 129
person 0.087023914 595 100 613 121
person 0.05808649 401 103 418 122
person 0.05577039 850 69 870 95
person 0.05355386 599 88 618 109
person 0.045751765 558 56 573 72
person 0.04408784 649 49 658 60
person 0.04200896 596 68 621 94
person 0.038813584 671 61 687 79
person 0.03386053 461 70 475 86
person 0.033307567 795 64 817 89
person 0.031723533 643 78 660 96
person 0.025851611 669 51 679 62
person 0.023594411 541 64 550 78
person 0.021160455 675 84 692 104
person 0.021011293 555 63 564 75
person 0.020808646 925 98 942 120
person 0.018697457 479 66 488 78
person 0.017014977 340 108 357 126
person 0.016587274 491 70 513 95
person 0.0164272 521 65 529 84
person 0.016398326 539 80 554 97
person 0.015681194 703 54 727 78
person 0.014251013 572 65 596 91
person 0.013283202 456 120 475 140
person 0.013120506 497 69 507 86
person 0.013017862 604 53 611 66
person 0.012087698 409 117 428 137
person 0.011106946 819 129 838 153
