person 0.73919654 1008 244 1046 302
person 0.6261734 1123 86 1140 107
person 0.6077174 1088 86 1106 107
person 0.33768526 1153 110 1172 135
person 0.2723189 1158 322 1204 398
person 0.16509174 60 299 105 378
person 0.15725037 1085 80 1110 114
person 0.14931184 1094 87 1113 108
person 0.13572644 995 231 1057 316
person 0.13549164 1119 81 1144 114
person 0.13273944 1126 88 1137 102
person 0.11515314 1091 88 1103 102
person 0.10789817 1235 399 1245 478
person 0.09939852 1185 164 1203 190
person 0.09135311 1163 264 1203 322
person 0.086681895 358 464 383 494
person 0.07786355 285 453 309 482
person 0.07435663 1161 301 1203 361
person 0.07288992 1125 107 1146 132
person 0.070507325 59 582 111 733
person 0.07033605 1236 437 1246 527
person 0.07024472 -4 147 29 234
person 0.06960357 1089 79 1106 99
person 0.06933474 1070 299 1119 374
person 0.06710082 286 462 310 490
person 0.066450045 304 500 329 526
person 0.06504891 364 489 392 519
person 0.06370971 1178 161 1204 195
person 0.06369477 358 -80 391 20
person 0.063056156 199 349 275 438
person 0.06280087 1097 89 1112 102
person 0.0614595 1077 109 1098 132
person 0.060325816 394 -89 429 15
person 0.05930401 725 92 772 166
person 0.058035005 966 296 1006 353
person 0.057269912 239 111 258 137
person 0.0572308 1239 111 1246 142
person 0.055949405 101 65 128 105
person 0.05578431 1155 102 1173 121
person 0.05533971 1059 87 1079 106
person 0.05519107 978 313 1031 390
person 0.055165704 1233 295 1245 366
person 0.05500125 -5 -267 11 -239
person 0.054296464 1234 -266 1246 -209
person 0.05402888 1001 212 1036 256
person 0.053122856 1068 223 1117 294
person 0.051568218 286 512 337 568
person 0.05135893 1239 91 1246 121
person 0.051120844 490 -91 525 17
person 0.05099629 11 247 51 332
person 0.050683554 66 344 140 439
person 0.05067035 1233 256 1246 320
person 0.05062875 0 265 10 330
person 0.04993076 447 634 470 665
person 0.04979824 38 280 126 441
person 0.04975947 1157 112 1168 127
person 0.0495018 1233 167 1246 216
person 0.049357533 197 428 272 531
person 0.048613306 0 159 13 224
person 0.048589833 993 425 1041 503
person 0.04851218 1239 159 1246 191
person 0.048483625 345 505 388 560
person 0.048319824 -1 -271 7 -238
person 0.048278417 762 19 779 41
person 0.04815751 118 -56 148 8
person 0.04801818 44 221 70 259
person 0.047057346 -4 -267 10 -259
person 0.046749283 -4 -256 23 -148
person 0.046525396 373 496 397 525
person 0.04642815 1136 292 1225 449
person 0.045513224 1229 342 1242 421
person 0.045109477 1040 286 1078 344
person 0.045072902 1239 182 1246 215
person 0.044731412 1238 136 1246 167
person 0.044632047 856 113 888 146
person 0.044605795 112 204 139 239
person 0.04453165 1233 209 1246 263
person 0.04452853 123 -76 156 18
person 0.044482093 1100 110 1121 133
person 0.04443236 1155 549 1227 751
person 0.044305917 532 -1 571 90
person 0.0442953 378 527 422 585
person 0.043927222 1164 207 1196 244
person 0.043853577 1126 80 1144 100
person 0.043650955 366 499 407 556
person 0.043552276 1232 119 1246 164
person 0.043284807 1070 115 1099 146
person 0.04305053 273 449 317 501
person 0.043044362 203 537 231 562
person 0.042725164 126 92 168 170
person 0.04213023 1234 114 1250 141
person 0.042053416 1050 428 1116 531
person 0.041663554 359 451 381 480
person 0.041527543 55 52 93 137
person 0.041440748 93 39 132 128
person 0.04118572 1235 733 1246 805
person 0.04107482 171 462 265 656
person 0.04087743 179 392 286 561
person 0.040850777 791 -112 844 49
person 0.040785193 1017 119 1048 151
person 0.040446773 1179 177 1197 201
person 0.040400602 1128 401 1190 520
person 0.039915726 127 280 148 308
person 0.039845187 1047 265 1089 322
person 0.03974188 257 560 283 585
person 0.039633505 1222 -242 1253 -151
person 0.03945175 447 85 466 107
person 0.03944283 57 71 88 116
person 0.039100546 1234 93 1251 119
person 0.03903923 1017 250 1036 296
person 0.038990326 964 258 1005 315
person 0.03887284 -4 -173 18 -52
person 0.038740672 460 665 484 695
person 0.038506407 258 468 359 659
person 0.03810453 773 79 805 115
person 0.03804455 808 170 841 208
person 0.03786313 442 75 470 112
person 0.037836917 293 491 319 516
person 0.03776273 1234 185 1250 213
person 0.037698 1232 -267 1246 -258
person 0.03745387 301 518 331 546
person 0.037405957 1235 784 1246 846
person 0.03661452 235 3 274 90
person 0.036538392 1231 -268 1249 -241
person 0.036470227 709 -106 761 43
person 0.036215387 702 22 720 43
person 0.036104504 1121 112 1149 146
person 0.036056004 -1 189 9 246
person 0.03577244 452 161 483 196
person 0.035615247 1234 162 1250 189
person 0.035611346 1103 76 1121 96
person 0.035474908 1155 -250 1171 -203
person 0.035433166 725 28 766 126
person 0.035131663 350 455 391 511
person 0.035060428 0 -273 10 -212
person 0.03503007 307 469 335 497
person 0.0349494 1225 170 1249 209
person 0.03484379 887 214 939 282
person 0.034764342 765 22 775 37
person 0.03460516 614 -90 650 20
person 0.034398478 437 4 476 97
person 0.034372173 878 306 931 380
person 0.034281507 1234 -223 1245 -157
person 0.034277424 997 219 1040 275
person 0.034212254 352 513 381 544
person 0.034078784 816 179 837 203
person 0.0338597 483 163 515 198
person 0.033859596 432 635 464 667
person 0.03335613 1193 163 1204 186
person 0.03307511 1235 824 1246 896
person 0.033031203 1234 138 1250 166
person 0.032990053 962 122 993 154
person 0.0329131 1112 -253 1129 -199
person 0.032696985 52 -268 70 -248
person 0.03269108 112 193 129 217
person 0.03248601 1009 302 1049 360
person 0.032220587 104 182 133 218
person 0.03197742 29 -267 45 -260
person 0.031937826 608 222 642 260
person 0.031857785 424 617 447 646
person 0.03179061 1219 300 1248 368
person 0.03172185 1032 90 1052 109
person 0.031619914 796 129 845 204
person 0.031539448 1236 484 1246 572
person 0.031485114 1101 166 1133 203
person 0.03135947 910 391 959 467
person 0.031346075 749 356 799 429
person 0.031248271 1058 165 1090 202
person 0.031233037 871 161 905 198
person 0.030946512 342 7 382 97
person 0.03088825 29 -268 48 -249
person 0.030872501 1092 83 1103 95
person 0.030689565 379 476 403 502
person 0.030654445 1225 214 1249 256
person 0.030651424 609 11 650 103
person 0.03060358 1074 -259 1092 -199
person 0.030499458 1146 134 1167 160
person 0.030389413 64 274 84 302
person 0.030368702 144 186 171 220
person 0.03036204 807 202 840 241
person 0.030277582 482 -147 515 -42
person 0.030226735 1223 401 1247 474
person 0.030112471 896 -115 947 59
person 0.030061683 644 106 677 142
person 0.029991318 177 324 301 466
person 0.029958691 225 99 270 173
person 0.029885989 977 210 1072 354
person 0.029811196 927 121 959 154
person 0.029743496 459 167 479 191
person 0.02972561 1024 72 1052 106
person 0.029468818 1152 812 1182 926
person 0.029457105 381 514 409 542
person 0.029296726 388 -140 422 -37
person 0.029295102 990 139 1036 216
person 0.029071571 1119 450 1193 660
person 0.029027335 190 170 207 194
person 0.028981581 564 568 580 600
person 0.028953796 579 58 609 95
person 0.028940141 1224 264 1249 310
person 0.028885309 184 169 210 202
person 0.028757917 1036 69 1055 90
person 0.028703647 1171 400 1185 416
person 0.028583342 1239 66 1246 96
person 0.028527163 1015 839 1042 913
person 0.028502254 68 -127 92 -53
person 0.02840165 1012 164 1044 199
person 0.028241517 1171 112 1191 135
person 0.028138652 1148 93 1174 126
person 0.028007332 898 117 945 195
person 0.027970763 221 -101 258 -5
person 0.027948724 448 625 469 652
person 0.027945226 1158 839 1180 899
person 0.02791521 56 260 87 306
person 0.027899811 -1 414 5 456
person 0.027897976 1238 19 1246 50
person 0.027788233 1213 348 1243 418
person 0.027744794 736 72 770 110
person 0.027716171 -10 490 34 645
person 0.027696932 955 343 995 403
person 0.027627856 1183 425 1193 445
person 0.027544867 1157 105 1169 117
person 0.027524617 961 -267 975 -258
person 0.027517317 1120 366 1201 553
person 0.027501255 688 45 709 68
person 0.027478844 984 -267 999 -258
person 0.027475905 919 839 946 913
person 0.02742607 -6 661 33 838
person 0.027377734 921 163 954 199
person 0.027370295 1058 114 1079 136
person 0.027286125 274 502 346 613
person 0.027273694 1008 -267 1023 -258
person 0.027258456 936 -267 951 -258
person 0.027204733 1080 71 1114 125
person 0.027123172 781 208 833 275
person 0.027095336 1032 -267 1047 -258
person 0.027048187 0 -105 10 -29
person 0.026967661 1234 677 1245 766
person 0.026951103 52 -268 68 -260
person 0.02692476 967 838 994 913
person 0.026881848 400 165 431 199
person 0.026801141 1196 -267 1211 -260
person 0.026763635 327 469 352 495
person 0.02675711 540 164 572 199
person 0.026683858 215 -138 249 -41
person 0.026598396 1106 304 1148 362
person 0.0265938 242 113 254 131
person 0.026587492 380 535 413 565
person 0.026550857 1018 252 1045 282
person 0.026337046 255 483 297 538
person 0.026259335 289 295 366 393
person 0.026129292 1097 208 1131 247
person 0.026082661 106 162 123 187
person 0.026010713 596 214 631 251
person 0.025955116 177 555 271 734
person 0.025941027 112 -117 134 -59
person 0.025860302 249 163 277 196
person 0.025667727 1056 -267 1071 -258
person 0.025627444 1112 502 1170 640
person 0.02553844 730 106 766 144
person 0.025537787 912 -267 927 -258
person 0.025506688 774 43 793 65
person 0.025467064 912 209 947 248
person 0.02545356 589 -257 623 -166
person 0.025436545 1182 145 1202 170
person 0.02538129 685 175 718 210
person 0.025367439 626 96 673 169
person 0.025356717 965 163 998 198
person 0.025257308 943 728 954 765
person 0.025245177 937 -268 953 -242
person 0.025211718 437 112 483 186
person 0.025133925 145 204 174 239
person 0.025101127 1008 90 1028 110
person 0.025060534 203 317 244 375
person 0.025054257 961 -268 977 -241
person 0.024989521 973 73 1002 106
person 0.024974206 582 -142 616 -38
person 0.024892071 231 591 259 615
person 0.024858402 1239 41 1246 71
person 0.024847759 1017 -262 1037 -201
person 0.024846524 78 -44 101 3
person 0.02475084 913 -268 929 -242
person 0.024695158 762 -20 821 127
person 0.024675708 787 20 805 41
person 0.024663955 714 19 732 40
person 0.024625253 985 -268 1001 -241
person 0.024584157 1150 251 1217 347
person 0.024417752 494 -256 528 -165
person 0.024382045 723 720 744 804
person 0.024356827 965 733 974 754
person 0.024245631 433 654 461 686
person 0.024240477 1009 -268 1025 -241
person 0.024212278 1162 336 1195 388
person 0.024212016 685 -256 718 -164
person 0.02419444 1009 249 1038 279
person 0.024060233 1168 209 1188 236
person 0.024013747 1033 -268 1049 -241
person 0.023995943 259 490 293 519
person 0.023987731 920 301 965 359
person 0.023987297 1238 396 1245 435
person 0.023953706 268 278 388 451
person 0.02393798 898 257 941 313
person 0.02389341 934 92 955 113
person 0.023882536 962 -112 1015 63
person 0.023830324 889 -268 906 -243
person 0.023819013 1232 81 1245 125
person 0.023701744 0 -255 9 -166
person 0.02366412 1200 178 1221 206
person 0.023539936 824 838 850 914
person 0.023524694 581 166 615 201
person 0.023495803 1234 210 1251 238
person 0.023491742 1195 -268 1214 -248
person 0.023462657 965 729 976 763
person 0.023439856 1172 297 1200 325
person 0.023387522 1062 840 1089 913
person 0.023368536 926 74 956 107
person 0.023292022 1072 856 1108 965
person 0.023238765 676 714 698 797
person 0.02321465 888 -267 903 -258
person 0.02318481 295 -146 329 -46
person 0.023068061 117 226 137 255
person 0.022954697 1057 -268 1073 -241
person 0.022934249 1038 72 1051 86
person 0.02291772 779 -254 812 -160
person 0.022867694 1139 480 1178 584
person 0.022860833 985 89 1005 109
person 0.02283313 1189 165 1199 181
person 0.022684416 67 296 90 326
person 0.022640709 1055 71 1074 92
person 0.02257343 925 19 950 61
person 0.0225695 1239 207 1246 239
person 0.022511823 1080 -267 1094 -258
person 0.022485996 48 323 159 460
person 0.022305189 957 210 991 250
person 0.022247618 114 191 163 264
person 0.022230003 65 832 88 912
person 0.022224277 865 -268 882 -244
person 0.022218905 398 -257 432 -166
person 0.022218756 545 27 570 71
person 0.022212265 964 383 1062 555
person 0.02211101 1109 731 1119 767
person 0.022092398 48 608 67 641
person 0.022067172 963 892 988 974
person 0.022058958 86 364 122 426
person 0.021942155 980 428 1065 631
person 0.021938656 1011 892 1036 974
person 0.021907752 812 87 843 122
person 0.021883473 1080 112 1095 126
person 0.021806048 840 116 863 138
person 0.02180149 871 839 898 914
person 0.021794133 1193 143 1212 168
person 0.021774843 1114 72 1149 125
person 0.021759482 184 499 256 621
person 0.02169002 915 892 941 974
person 0.021673953 1175 98 1194 117
person 0.021670703 709 -141 744 -34
person 0.021670481 285 275 317 313
person 0.021656536 1239 302 1246 337
person 0.021610202 1234 68 1250 94
person 0.021543508 172 398 197 428
person 0.02152412 684 207 719 245
person 0.021476777 1175 -268 1193 -248
person 0.021463789 775 838 802 914
person 0.021437809 1013 70 1032 90
person 0.02142747 308 211 338 245
person 0.021415446 1064 209 1097 248
person 0.02140841 869 -261 887 -201
person 0.021401664 0 637 7 766
person 0.021319652 791 22 802 38
person 0.021298232 973 863 1008 974
person 0.021289159 745 20 764 42
person 0.021256706 1059 892 1084 975
person 0.021199716 937 110 958 132
person 0.021177229 1080 -268 1097 -243
person 0.021107668 1133 731 1144 765
person 0.021024713 705 24 715 39
person 0.021018406 870 208 905 247
person 0.021012103 1175 -267 1190 -259
person 0.020986194 678 467 689 505
person 0.02097639 702 -18 783 169
person 0.020924544 867 892 893 974
person 0.020892592 336 442 359 471
person 0.02085849 204 213 233 246
person 0.0208078 1157 732 1168 761
person 0.020803262 508 100 554 174
person 0.020770805 296 529 333 573
person 0.020769514 303 167 333 199
person 0.020746427 321 553 369 609
person 0.020738909 106 -146 140 -45
person 0.020716198 488 207 520 244
person 0.020706024 247 542 291 597
person 0.020672785 50 219 69 246
person 0.020659672 813 170 836 192
person 0.020613449 397 560 427 590
person 0.020611895 447 120 478 154
person 0.020599162 267 598 291 619
person 0.020583263 825 112 859 149
person 0.020575598 488 169 507 192
person 0.020533865 868 21 893 63
person 0.020529041 403 613 430 643
person 0.020520326 330 100 376 176
person 0.020513728 727 494 738 529
person 0.020508058 495 143 514 165
person 0.02045494 1029 113 1050 135
person 0.020418204 1235 944 1242 996
person 0.020404857 727 838 753 914
person 0.020383222 1037 521 1110 728
person 0.020379039 484 143 504 165
person 0.020315582 1003 341 1043 406
person 0.020282652 1008 114 1028 135
person 0.020280043 828 -260 846 -200
person 0.020270599 783 207 817 246
person 0.020262184 866 74 896 108
person 0.020257292 1166 325 1193 350
person 0.020237831 0 691 9 807
person 0.020183962 956 135 976 160
person 0.0201816 959 116 979 138
person 0.020159988 400 545 425 571
person 0.020154191 1101 253 1137 296
person 0.020141734 1103 353 1141 416
person 0.020131497 1128 110 1143 126
person 0.020113628 343 167 374 200
person 0.020091217 1234 306 1251 333
person 0.02005362 961 91 981 111
person 0.020031463 631 839 658 915
person 0.01996679 116 195 126 210
person 0.019914443 237 540 264 566
person 0.01990424 864 -267 879 -259
person 0.01990167 643 162 675 198
person 0.019898934 447 206 478 242
person 0.01988523 1155 799 1177 850
person 0.019843688 -11 770 23 942
person 0.01983757 342 576 386 634
person 0.019817473 679 838 705 915
person 0.019816717 778 591 844 827
person 0.019803038 329 551 356 575
person 0.019798025 729 209 764 246
person 0.019794336 819 892 845 975
person 0.019792143 -2 167 20 218
person 0.019766266 982 853 1006 933
person 0.019748794 583 839 610 915
person 0.019731952 883 -58 956 155
person 0.019711958 781 -259 798 -200
person 0.019636802 728 731 738 764
person 0.019606018 0 129 12 185
person 0.019599218 934 853 958 933
person 0.019597067 1034 92 1048 105
person 0.019591015 1062 -115 1114 56
person 0.019586725 67 516 84 550
person 0.019577548 1079 127 1123 205
person 0.019477572 704 731 714 765
person 0.019468773 46 37 72 81
person 0.01946819 301 -255 336 -164
person 0.01945588 840 -268 858 -245
person 0.019427825 113 311 137 339
person 0.019354008 1031 398 1130 561
person 0.019343408 765 162 801 201
person 0.01933885 776 721 792 806
person 0.019305801 773 109 808 144
person 0.01928688 1152 722 1161 740
person 0.019259166 475 -114 543 73
person 0.01924841 -2 262 19 334
person 0.019180376 431 163 451 187
person 0.019173428 943 733 952 756
person 0.019164922 520 -15 577 115
person 0.019099964 177 731 188 764
person 0.019075658 968 -263 986 -200
person 0.01907186 1222 -161 1252 -43
person 0.019057374 209 190 258 260
person 0.019043477 751 516 763 548
person 0.019027762 918 729 929 765
person 0.019003803 1030 853 1054 933
person 0.01897449 215 365 256 427
person 0.018968638 282 556 387 739
person 0.018951738 1127 140 1149 164
person 0.018932888 1103 -268 1121 -245
person 0.01891901 603 464 616 501
person 0.01889078 346 478 445 661
person 0.018835109 983 115 1003 137
person 0.018831704 184 308 205 335
person 0.018821308 108 596 184 808
person 0.018814715 1173 854 1208 967
person 0.018796107 1107 80 1119 93
person 0.018787598 291 520 322 544
person 0.018781768 870 -263 903 -170
person 0.018758938 937 139 959 163
person 0.018681614 1015 73 1028 87
person 0.018669153 153 730 163 765
person 0.01865456 0 -159 10 -70
person 0.018646268 656 465 667 502
person 0.018625593 1 132 9 166
person 0.018621627 773 514 786 546
person 0.018602049 123 -176 143 -114
person 0.018588152 800 524 808 546
person 0.018586604 989 723 998 740
person 0.018573629 677 472 687 495
person 0.018545296 1073 32 1090 76
person 0.018539518 1238 97 1246 112
person 0.018534126 102 802 147 943
person 0.018525645 1022 236 1046 265
person 0.018513689 766 17 793 60
person 0.018510608 886 853 910 933
person 0.018495977 863 134 887 160
person 0.018479234 1103 -267 1118 -259
person 0.01845151 771 892 797 975
person 0.018413162 700 494 712 529
person 0.01840981 941 603 1012 801
person 0.018405123 359 117 388 149
person 0.018400766 0 224 6 266
person 0.018349323 735 -260 753 -201
person 0.018330047 59 -106 90 -1
person 0.018319657 814 93 837 115
person 0.018303514 814 204 836 232
person 0.01829136 129 730 140 764
person 0.018263474 117 850 150 974
person 0.0182531 736 13 764 55
person 0.018241724 460 143 482 165
person 0.01823976 1112 842 1135 902
person 0.01821877 773 -1 813 102
person 0.018210057 938 723 948 744
person 0.018173615 497 164 517 187
person 0.01816307 457 121 478 142
person 0.018133534 44 582 62 616
person 0.018131359 1239 323 1246 358
person 0.018127624 260 479 289 500
person 0.01808348 736 132 760 154
person 0.0180833 535 839 562 914
person 0.01807522 332 496 356 519
person 0.01804047 1238 118 1246 133
person 0.017969197 1239 683 1245 722
person 0.017968398 283 424 309 452
person 0.017962173 968 723 976 742
person 0.017958783 627 715 649 797
person 0.017933521 0 845 14 943
person 0.017904468 205 863 242 976
person 0.017900078 970 19 994 62
person 0.017860252 693 189 715 213
person 0.017849516 818 14 843 57
person 0.017824497 1006 135 1027 159
person 0.017816275 724 517 736 553
person 0.017794302 990 730 1000 765
person 0.01778085 113 448 137 472
person 0.01776331 452 88 462 103
person 0.017748158 0 -235 6 -187
person 0.017726656 0 375 11 463
person 0.017721161 1075 140 1097 164
person 0.017662143 1078 853 1101 934
person 0.017660405 0 -258 6 -213
person 0.017660389 823 721 837 800
person 0.01765063 1156 -210 1171 -158
person 0.01764448 155 -115 178 -57
person 0.01758222 74 -95 100 -23
person 0.01757578 1234 43 1250 70
person 0.01757098 775 508 783 526
person 0.017568495 1177 450 1195 483
person 0.017567022 300 119 329 153
person 0.017565994 1169 227 1190 256
person 0.017561616 652 492 664 525
person 0.01755039 1058 74 1071 88
person 0.017548736 1234 21 1250 48
person 0.017494347 594 -113 667 76
person 0.017493986 631 469 642 504
person 0.017475694 820 525 831 545
person 0.01746457 955 212 977 240
person 0.017457798 1170 272 1196 303
person 0.01740774 453 28 480 73
person 0.01738929 597 -2 657 127
person 0.017384892 372 595 414 653
person 0.017343348 -5 228 10 260
person 0.01733239 83 24 140 146
person 0.017302576 397 207 429 243
person 0.01729978 723 892 749 975
person 0.017289331 0 420 8 510
person 0.017259868 1028 137 1049 162
person 0.017255533 989 735 998 754
person 0.017213212 817 -268 835 -246
person 0.017205171 119 267 154 325
person 0.017191993 1106 892 1132 975
person 0.017166441 682 -261 699 -203
person 0.017130395 -11 -185 26 -37
person 0.017125394 403 630 431 661
person 0.017071214 796 544 810 574
person 0.017068526 847 528 855 549
person 0.017065262 569 39 594 80
person 0.017061967 364 421 387 451
person 0.017061574 1238 913 1245 964
person 0.017030662 162 -261 180 -203
person 0.017018422 766 -148 797 -32
person 0.016982332 28 486 43 522
person 0.016977334 1050 288 1074 312
person 0.016906304 741 136 756 150
person 0.0169014 988 72 1007 92
person 0.016888157 886 212 908 238
person 0.016882742 487 839 515 914
person 0.016868211 78 606 101 639
person 0.01684328 61 341 147 528
person 0.016826572 437 139 458 162
person 0.016823463 0 937 10 992
person 0.016797882 1239 345 1246 380
person 0.016796622 1014 -170 1027 -121
person 0.016791236 815 19 833 40
person 0.016790181 718 21 728 36
person 0.016763406 908 781 931 843
person 0.016748967 717 165 754 202
person 0.016740127 -5 418 9 451
person 0.01673188 1144 100 1179 154
person 0.016717467 981 137 1001 161
person 0.016707195 751 731 762 764
person 0.016689366 0 795 10 891
person 0.01667321 398 121 429 153
person 0.016672246 1010 92 1024 106
person 0.016669236 919 -263 937 -198
person 0.016663564 1237 694 1246 708
person 0.01666026 197 892 222 975
person 0.01665337 -1 435 6 481
person 0.016618626 363 395 382 423
person 0.0166017 437 67 475 123
person 0.01657052 839 -267 855 -259
person 0.016549561 219 455 263 511
person 0.01654932 376 -116 446 72
person 0.016542539 -18 392 59 553
person 0.016529223 0 291 7 334
person 0.01651276 696 585 758 824
person 0.016500298 119 -247 156 -155
person 0.016497048 39 215 75 272
person 0.016493488 425 -9 482 120
person 0.016478527 484 891 509 975
person 0.016452843 1055 139 1075 164
person 0.016450098 675 891 701 975
person 0.016449705 881 141 904 165
person 0.016407572 -5 203 11 235
person 0.016405787 203 559 237 587
person 0.01639312 436 891 461 975
person 0.016383795 503 854 523 883
person 0.016372617 527 854 547 883
person 0.016371882 482 -268 500 -245
person 0.016364917 506 -268 524 -245
person 0.016363673 532 891 557 975
person 0.01636366 578 -268 596 -245
person 0.016358295 339 -268 356 -245
person 0.016357934 0 10 6 49
person 0.016357698 315 -268 333 -245
person 0.016356722 291 -268 309 -245
person 0.016356591 243 -268 261 -245
person 0.01635627 458 -268 476 -245
person 0.01635518 267 -268 285 -245
person 0.016354643 363 -268 380 -245
person 0.016351627 386 -268 404 -245
person 0.016351216 554 -268 572 -245
person 0.016347772 973 -58 1044 159
person 0.016347088 410 -268 428 -245
person 0.016343033 530 -268 548 -245
person 0.016339714 434 -268 452 -245
person 0.016339032 219 -268 237 -245
person 0.016329998 388 891 413 975
person 0.016325304 53 891 79 976
person 0.016324608 551 854 571 883
person 0.016318476 602 -268 620 -245
person 0.016302096 479 854 499 883
person 0.016299695 790 506 804 528
person 0.016295629 149 892 174 975
person 0.016293518 575 854 595 883
person 0.016290851 1018 724 1025 741
person 0.01628881 0 340 9 384
person 0.016288452 1236 851 1246 939
person 0.016272848 580 891 605 976
person 0.016269162 839 853 862 933
person 0.016245753 94 445 189 665
person 0.016205974 244 891 270 975
person 0.01620519 628 891 653 975
person 0.016186576 1154 752 1171 806
person 0.016174363 599 854 619 883
person 0.016163545 195 -268 213 -245
person 0.016156776 297 869 335 976
person 0.01615548 1154 892 1179 975
person 0.016154867 1195 110 1234 191
person 0.016134212 215 -252 251 -163
person 0.01613331 1066 -230 1081 -168
person 0.016124215 626 -268 644 -245
person 0.016118838 481 63 510 100
person 0.016093155 115 -74 140 -13
person 0.016092815 455 854 475 883
person 0.016086284 340 891 366 975
person 0.016064858 650 -268 668 -245
person 0.016041087 292 891 318 975
person 0.016019313 1006 186 1027 215
person 0.016008621 283 397 407 561
person 0.016002748 15 316 23 363
person 0.016001645 -1 -205 15 -111
person 0.015978655 1127 -268 1145 -246
person 0.015967587 482 123 514 157
person 0.015961196 1233 231 1251 261
person 0.015934758 -6 65 10 96
person 0.015931707 1238 165 1245 181
person 0.015926385 623 853 643 883
person 0.015925482 1237 419 1245 459
person 0.015921207 1129 83 1141 96
person 0.015915649 946 412 982 478
person 0.015891694 1232 28 1244 78
person 0.015881145 775 731 786 764
person 0.015852064 1174 855 1196 937
person 0.015828475 799 730 810 764
person 0.015819913 439 839 467 914
person 0.0157888 431 853 451 883
person 0.01577942 1148 402 1183 467
person 0.015761562 585 870 621 980
person 0.015756607 867 100 889 120
person 0.01575614 983 186 1004 214
person 0.015753789 677 48 698 70
person 0.015732627 263 395 289 425
person 0.01572053 677 492 690 526
person 0.015704291 123 -256 137 -202
person 0.01570057 1018 -226 1033 -171
person 0.015688527 489 871 527 980
person 0.01568489 140 -56 171 8
person 0.015671862 1032 20 1050 42
person 0.015666252 72 -177 93 -98
person 0.015660444 171 -268 189 -245
person 0.015646866 994 471 1056 602
person 0.015640838 1235 -177 1245 -107
person 0.015620434 143 -177 165 -116
person 0.01561166 78 -255 91 -200
person 0.015600232 1103 209 1125 236
person 0.015594178 329 562 359 587
person 0.015584299 674 -268 692 -245
person 0.015569675 932 183 953 210
person 0.015553763 1233 328 1251 354
person 0.015540891 1237 443 1245 484
person 0.015522968 647 853 667 883
person 0.015478908 748 22 760 38
person 0.015471584 407 853 427 883
person 0.01543963 883 90 904 110
person 0.015421807 216 393 251 426
person 0.015393776 935 208 957 235
person 0.015386804 484 658 508 689
person 0.015365543 1086 -250 1095 -209
person 0.01536501 172 598 263 808
person 0.015320454 1056 22 1067 39
person 0.015313679 203 465 254 493
person 0.015250075 913 92 934 112
person 0.015248228 716 162 739 183
person 0.015247898 682 868 717 983
person 0.015236697 -4 296 11 328
person 0.015228592 793 -268 811 -246
person 0.015217893 383 853 403 883
person 0.015192709 677 517 692 550
person 0.015191681 272 601 286 616
person 0.015186881 330 209 362 245
person 0.0151847 932 160 954 186
person 0.015176302 978 792 1019 942
person 0.015167359 952 232 974 261
person 0.015120677 658 451 669 488
person 0.015088188 938 76 957 96
person 0.015084801 249 -113 273 -54
person 0.015083144 1237 142 1245 158
person 0.015067412 988 91 1002 104
person 0.0150545165 393 872 431 980
person 0.015046486 635 -263 652 -204
person 0.0150407 359 853 379 883
person 0.015020286 288 853 308 883
person 0.015013323 1013 238 1036 268
person 0.015007092 335 853 355 883
person 0.014996551 487 145 501 159
person 0.014993156 311 853 332 883
person 0.014992036 1099 140 1120 164
person 0.014968823 391 839 419 914
person 0.014959342 533 118 566 152
person 0.014958857 264 853 284 883
person 0.014958449 698 -268 716 -245
person 0.014953744 -5 276 11 309
person 0.014935275 850 111 894 163
person 0.014919316 671 853 691 883
person 0.014912849 0 -212 6 -162
person 0.014886463 578 93 600 115
person 0.014876166 147 -268 165 -245
person 0.014870836 1143 -110 1193 51
person 0.014861212 1171 259 1195 287
person 0.014858073 1114 -222 1131 -159
person 0.014846523 904 592 968 830
person 0.014842794 1225 -268 1249 -197
person 0.014837622 947 273 1057 448
person 0.0148144495 762 161 784 181
person 0.0148096755 64 161 93 199
person 0.0148070175 959 185 980 212
person 0.0148069225 623 -103 643 -73
person 0.014805864 1053 20 1071 41
person 0.014800321 240 853 260 883
person 0.01479907 204 -263 221 -205
person 0.014765111 823 730 834 764
person 0.0147514725 1036 22 1046 39
person 0.014735536 370 100 387 121
person 0.014720229 1167 376 1194 392
person 0.014704767 1128 163 1149 188
person 0.0147041865 1237 405 1244 423
person 0.014703094 1127 -267 1142 -259
person 0.014666928 101 891 126 977
person 0.014649152 1101 233 1123 260
person 0.014646241 876 867 911 984
person 0.014633846 -4 -270 16 -189
person 0.014630876 599 -103 619 -73
person 0.014611426 1031 159 1053 186
person 0.014607096 1220 164 1252 225
person 0.014597873 1179 733 1191 759
person 0.014591427 75 -268 94 -247
person 0.014527215 0 200 6 239
person 0.014515736 1055 184 1077 212
person 0.014515416 409 -102 427 -73
person 0.01449977 204 -113 228 -56
person 0.01449913 463 145 477 159
person 0.014478104 1 154 9 188
person 0.014473444 1198 120 1217 144
person 0.014428162 1156 213 1177 239
person 0.0144269485 216 853 236 883
person 0.014424338 1156 68 1174 89
person 0.014394387 -3 180 13 211
person 0.014389388 769 -268 788 -246
person 0.014373328 894 730 905 765
person 0.014371126 241 569 269 592
person 0.014356084 979 258 1003 284
person 0.014354137 880 111 902 133
person 0.014338183 881 159 902 184
person 0.014336087 676 495 688 515
person 0.01433026 125 -48 142 0
person 0.014328448 0 33 6 72
person 0.014325357 1179 422 1198 450
person 0.014301287 704 477 712 497
person 0.0143007 146 193 164 217
person 0.014296837 1150 -268 1166 -259
person 0.014289514 251 -263 268 -205
person 0.014262855 192 -174 214 -116
person 0.014256997 457 181 477 207
person 0.014243487 123 -268 141 -246
person 0.014240361 881 357 982 539
person 0.014229874 385 -102 404 -73
person 0.014225547 737 248 768 289
person 0.014223728 1006 211 1028 240
person 0.014204727 167 420 194 446
person 0.014194733 1009 20 1026 42
person 0.014168117 575 -102 595 -73
person 0.014162589 634 450 642 474
person 0.01416177 695 853 715 883
person 0.014159101 0 747 9 844
person 0.014154896 1237 730 1245 770
person 0.014126809 722 -268 740 -245
person 0.014125261 589 594 659 824
person 0.014113567 1150 -268 1169 -247
person 0.014112352 -3 135 13 163
person 0.014097817 778 866 812 981
person 0.014087892 0 481 6 531
person 0.014067192 -1 699 6 745
person 0.014064606 841 19 859 41
person 0.014057394 852 300 894 361
person 0.014029097 745 -268 763 -246
person 0.0140238535 0 723 6 770
person 0.013994116 1060 116 1075 129
person 0.013992806 433 -102 451 -72
person 0.013987932 801 364 834 432
person 0.013981976 -1 271 6 314
person 0.013981456 647 -103 667 -74
person 0.013979352 115 467 142 493
person 0.013964906 199 733 213 766
person 0.013963016 299 -263 316 -205
person 0.013952213 236 522 263 550
person 0.013952188 981 159 1002 185
person 0.013933843 873 251 908 293
person 0.013924139 816 -267 832 -259
person 0.013920486 -2 156 14 186
person 0.013914766 410 163 430 188
person 0.013908585 885 781 925 945
person 0.013905276 229 452 257 474
person 0.013880437 1099 185 1120 212
person 0.013873881 870 730 881 764
person 0.013859606 745 382 845 560
person 0.013858173 223 -5 281 114
person 0.013850681 847 729 857 764
person 0.013845868 697 513 709 543
person 0.013841702 -5 38 10 68
person 0.013828392 896 -251 905 -210
person 0.013809372 863 65 883 85
person 0.013793431 656 324 728 421
person 0.013771893 1237 -228 1245 -185
person 0.013755297 1184 590 1220 716
person 0.013755084 772 -228 792 -165
person 0.0137455845 1238 188 1246 205
person 0.013721447 790 779 828 949
person 0.013710567 790 852 813 934
person 0.013705323 480 -102 499 -72
person 0.01370381 346 543 438 738
person 0.013700807 1075 160 1097 187
person 0.013692864 296 724 312 785
person 0.013674272 909 260 931 289
person 0.01367291 504 -102 523 -73
person 0.013669661 584 723 598 784
person 0.013669264 192 853 212 883
person 0.013663941 1027 211 1049 240
person 0.013662939 591 216 637 270
person 0.013660908 813 781 835 842
person 0.013659957 715 777 740 853
person 0.013654434 1119 24 1144 67
person 0.013648514 330 -3 389 121
person 0.01364707 552 -102 571 -73
person 0.013646576 586 -263 603 -205
person 0.013643841 818 21 829 37
person 0.013631308 956 159 977 185
person 0.013612965 306 459 329 482
person 0.013609725 528 -102 547 -73
person 0.013608944 1238 25 1245 43
person 0.0135968765 641 48 662 69
person 0.013596147 168 376 194 405
person 0.013595221 457 -102 475 -72
person 0.013585913 0 -40 5 5
person 0.013581038 240 -173 261 -116
person 0.013559546 1206 644 1252 817
person 0.013542527 698 65 792 237
person 0.013516396 -4 -253 9 -219
person 0.013514394 0 -49 9 15
person 0.013512888 12 344 25 421
person 0.013506355 1028 184 1050 213
person 0.013503434 719 853 739 883
person 0.0134934 1025 21 1042 66
person 0.013482043 1172 157 1210 210
person 0.013481359 583 113 616 149
person 0.013440445 961 70 980 90
person 0.013430844 952 214 996 268
person 0.01342816 -1 458 6 504
person 0.013427794 305 212 357 282
person 0.013419791 1228 862 1247 953
person 0.01341901 967 -267 1001 -177
person 0.013412509 246 381 291 439
person 0.013405847 447 87 456 103
person 0.013393423 507 -35 584 157
person 0.013365739 -4 426 27 536
person 0.013348176 765 781 787 841
person 0.013347479 427 601 450 626
person 0.013322276 109 164 119 182
person 0.013320157 361 -102 380 -72
person 0.013317169 347 -263 363 -205
person 0.013303623 311 436 391 533
person 0.013300963 209 117 238 153
person 0.013277116 96 582 117 615
person 0.013271739 666 201 745 292
person 0.013257609 813 251 847 293
person 0.013237749 1180 24 1197 46
person 0.013227787 -1 392 5 433
person 0.01322182 1004 161 1025 188
person 0.013201443 264 426 289 450
person 0.013176022 0 579 6 624
person 0.013172966 865 19 883 40
person 0.013169297 351 575 376 597
person 0.0131681515 647 537 659 569
person 0.013168034 1239 371 1245 408
person 0.013162074 1177 720 1187 738
person 0.01315761 1198 717 1206 736
person 0.0131419785 65 114 93 155
person 0.013138233 393 77 422 113
person 0.013137855 859 778 884 854
person 0.013131827 585 -27 669 161
person 0.013129671 295 71 323 107
person 0.013125631 908 139 930 163
person 0.013124829 597 788 638 944
person 0.013117012 762 371 786 405
person 0.013114568 463 169 474 184
person 0.013099845 376 607 408 636
person 0.013099615 1053 165 1075 192
person 0.0130992895 991 75 1004 88
person 0.013093903 783 111 809 133
person 0.013074334 1078 809 1108 937
person 0.013072871 634 444 645 480
person 0.013068953 -5 14 10 44
person 0.013058482 1125 209 1147 235
person 0.013058027 968 -172 981 -122
person 0.013056701 366 257 482 440
person 0.01305318 140 519 170 549
person 0.013045269 907 235 929 263
person 0.013035272 886 231 908 259
person 0.013027121 528 161 548 185
person 0.013021784 814 135 837 157
person 0.013010053 481 184 502 210
person 0.01300857 871 712 888 803
person 0.012998748 865 163 910 215
person 0.012995371 1166 32 1183 74
person 0.012991256 187 177 205 203
person 0.012987533 1048 298 1071 320
person 0.01297723 488 -60 516 11
person 0.012976662 1211 -175 1257 -16
person 0.0129750995 -1 673 6 722
person 0.012965051 609 446 620 482
person 0.012954359 845 545 858 572
person 0.012950769 919 734 927 757
person 0.012950189 0 -187 6 -139
person 0.012944711 621 490 631 522
person 0.012942993 743 853 762 883
person 0.012937469 865 167 887 191
person 0.012914119 671 -103 690 -74
person 0.012912843 0 586 8 722
person 0.01290379 249 724 264 787
person 0.012887826 1237 -181 1245 -137
person 0.012875038 538 -263 555 -205
person 0.012814535 1239 228 1246 263
person 0.012786914 743 164 767 183
person 0.012784903 695 -103 714 -73
person 0.012784139 127 710 141 811
person 0.012780878 470 232 550 327
person 0.012767731 624 85 656 122
person 0.012739184 884 530 903 550
person 0.012731343 124 -226 139 -163
person 0.01272907 425 220 501 317
person 0.012713518 1075 185 1097 212
person 0.0127056725 717 186 740 209
person 0.01269395 83 373 125 458
person 0.012693627 108 836 133 914
person 0.012690095 1237 -205 1245 -160
person 0.0126844505 230 370 254 398
person 0.012664884 925 709 944 797
person 0.012663383 940 714 950 753
person 0.012661801 910 115 932 137
person 0.0126601625 497 212 518 240
person 0.012655289 909 210 931 236
person 0.012653559 677 517 688 537
person 0.012650736 919 -251 929 -210
person 0.012646752 1149 -258 1175 -191
person 0.012639365 358 80 386 116
person 0.012634101 394 -263 411 -205
person 0.0126338685 767 852 786 883
person 0.01261925 964 94 978 107
person 0.0126164695 1086 729 1096 765
person 0.012603633 296 839 323 915
person 0.012598045 1227 824 1248 906
person 0.012593175 99 119 129 159
person 0.012575258 152 62 181 100
person 0.012570013 118 205 132 229
person 0.012552218 658 458 666 482
person 0.012551609 609 541 625 577
person 0.012549937 490 -263 507 -205
person 0.0125474315 692 23 720 63
person 0.012524664 1098 162 1120 188
person 0.012518303 193 172 203 188
person 0.012514844 174 356 198 384
person 0.012514378 388 564 416 591
person 0.012510118 377 595 402 620
person 0.012504405 1234 281 1251 310
person 0.012498106 307 564 343 587
person 0.0124970125 1152 187 1174 212
person 0.012492029 137 510 174 569
person 0.012485247 1239 277 1246 314
person 0.012480939 614 230 636 257
person 0.012476574 885 185 907 210
person 0.0124729015 -4 -227 10 -195
person 0.0124598285 246 214 278 247
person 0.012458855 666 541 681 575
person 0.012452726 1150 161 1171 185
person 0.012441847 1124 187 1145 213
person 0.0124338465 106 197 144 252
person 0.012431364 937 94 952 107
person 0.012422937 790 852 810 883
person 0.012421745 57 512 74 548
person 0.0124214105 462 618 538 826
person 0.012414351 1126 854 1149 936
person 0.012413849 313 570 338 583
person 0.012413562 499 147 510 159
person 0.012413552 623 537 639 569
person 0.0124011645 209 527 237 551
person 0.012393382 196 774 255 901
person 0.012385779 625 99 648 120
person 0.012382688 36 678 46 719
person 0.012378898 442 -263 459 -205
person 0.01237866 652 158 674 181
person 0.012364787 69 582 89 615
person 0.01236442 1041 270 1143 443
person 0.012352861 1036 715 1044 740
person 0.012345975 318 731 332 766
person 0.01233868 486 728 497 766
person 0.012326204 271 607 365 806
person 0.012315371 429 782 452 838
person 0.012304176 248 839 275 915
person 0.012297067 392 -59 421 9
person 0.012288464 -1 61 6 100
person 0.012287672 342 732 356 766
person 0.012282915 792 -268 809 -259
person 0.012272131 865 210 887 237
person 0.0122714145 658 113 694 149
person 0.012266127 99 -268 117 -247
person 0.0122519815 815 852 834 883
person 0.012244448 969 715 978 751
person 0.012234744 168 853 188 884
person 0.0122312885 0 769 6 818
person 0.012219219 -1 59 10 120
person 0.012218314 554 164 575 188
person 0.012198264 343 839 371 914
person 0.0121938 540 208 573 243
person 0.012185899 480 644 503 674
person 0.012184183 1078 233 1101 260
person 0.0121818585 1017 270 1046 299
person 0.012181239 480 121 502 142
person 0.012180888 1226 443 1247 523
person 0.0121799195 1099 254 1122 283
person 0.012176696 863 528 876 548
person 0.012156609 863 186 885 211
person 0.012144727 598 212 620 240
person 0.012141872 865 211 910 266
person 0.0121260295 693 206 715 232
person 0.012122688 1238 73 1246 88
person 0.012118074 1108 734 1117 757
person 0.012116247 692 47 705 62
person 0.012113943 399 778 452 894
person 0.012111084 1014 728 1024 764
person 0.012108643 1233 350 1251 375
person 0.01209393 112 85 176 191
person 0.01209348 749 502 759 523
person 0.012090033 524 120 546 141
person 0.0120623 1012 22 1022 39
person 0.012049471 650 186 671 210
person 0.01204295 222 733 236 766
person 0.012037158 909 163 930 188
person 0.012022271 0 745 6 793
person 0.012014266 211 332 236 364
person 0.012011136 719 365 742 399
person 0.012009003 525 184 546 211
person 0.012002181 980 210 1002 239
person 0.011995325 839 852 859 883
person 0.011991731 1079 -33 1153 172
person 0.0119872745 1225 488 1247 570
person 0.011980465 112 -87 164 41
person 0.011972091 719 -104 738 -73
person 0.011960912 984 19 1002 41
person 0.011959267 1091 210 1136 265
person 0.011935163 872 -251 882 -210
person 0.011934074 1237 754 1245 794
person 0.011925795 0 -66 6 -19
person 0.011915162 834 187 856 210
person 0.011913434 765 421 833 524
person 0.011903687 244 135 265 159
person 0.011893569 298 776 353 893
person 0.011887905 1134 221 1239 374
person 0.011885249 1000 442 1031 474
person 0.011870984 934 232 956 260
person 0.011866488 598 375 616 405
person 0.011865359 288 585 327 632
person 0.011843736 720 319 828 462
person 0.011839322 366 732 380 767
person 0.011836702 460 124 474 139
person 0.011824325 141 534 167 563
person 0.011820772 286 569 314 591
person 0.011794572 673 781 690 841
person 0.01178637 361 511 430 625
person 0.011772722 909 185 931 210
person 0.011757952 838 -102 858 -78
person 0.011746897 572 224 652 314
person 0.011745603 671 186 693 210
person 0.011745465 833 134 856 157
person 0.011741319 1237 465 1245 508
person 0.011735831 55 501 70 533
person 0.011714305 1239 706 1245 747
person 0.0117058605 742 852 765 934
person 0.011691588 129 341 164 404
person 0.011684356 650 517 663 537
person 0.011680678 439 122 459 144
person 0.011679664 863 852 883 883
person 0.011678431 0 -163 6 -115
person 0.011671197 1062 -251 1072 -209
person 0.011669222 70 852 92 935
person 0.011665786 1237 -157 1245 -113
person 0.01166401 0 794 6 842
person 0.011652281 0 912 6 965
person 0.011649366 1061 701 1072 741
person 0.011640853 382 278 460 385
person 0.011627222 0 176 8 214
person 0.011608978 53 251 74 284
person 0.011605383 637 287 746 470
person 0.011603683 499 183 519 209
person 0.011595869 200 838 227 915
person 0.011594181 217 344 243 376
person 0.011593978 1065 348 1102 413
person 0.011586746 728 -228 743 -171
person 0.011573364 53 868 72 903
person 0.011565686 1076 209 1099 236
person 0.011564176 743 -104 763 -73
person 0.011561576 139 327 164 355
person 0.011558684 200 717 216 793
person 0.011552245 525 137 546 160
person 0.0115496 -1 532 6 576
person 0.011538897 776 251 812 294
person 0.01152496 93 815 168 1010
person 0.011523347 180 815 262 1001
person 0.011518237 904 -18 941 91
person 0.0115159955 812 115 836 137
person 0.011513731 381 782 404 837
person 0.011508388 0 -11 7 30
person 0.011485319 886 68 906 89
person 0.011470468 777 45 789 59
person 0.0114691 916 69 935 90
person 0.011460626 496 777 544 898
person 0.011418398 535 61 565 99
person 0.011417074 1207 -5 1238 100
person 0.011414771 91 570 111 601
person 0.011408349 502 120 524 142
person 0.011404648 375 423 394 451
person 0.011402288 -9 212 80 368
person 0.011395829 166 387 203 446
person 0.011393584 90 612 113 646
person 0.011390888 763 91 868 260
person 0.011364286 844 22 855 38
person 0.011363873 1180 449 1191 473
person 0.011357672 410 590 436 616
person 0.011354684 820 542 834 571
person 0.0113500925 579 715 601 795
person 0.011335809 478 784 500 839
person 0.01132858 0 506 7 552
person 0.011328212 224 120 244 144
person 0.011327181 75 -268 91 -259
person 0.011322718 411 144 431 166
person 0.011322499 482 210 503 239
person 0.011315537 673 18 693 40
person 0.011306267 1199 689 1215 704
person 0.011305346 44 446 59 480
person 0.011301743 910 18 928 40
person 0.011299479 943 -252 953 -210
person 0.011297742 424 103 490 208
person 0.011287972 134 345 157 373
person 0.011279972 598 184 619 211
person 0.011249704 355 546 384 570
person 0.011240596 991 711 1000 751
person 0.01123915 835 209 856 235
person 0.011234445 637 27 666 68
person 0.0112268245 511 730 521 768
person 0.011225703 291 -173 307 -119
person 0.011223083 1239 892 1246 941
person 0.011220146 768 -127 785 -96
person 0.011214805 766 144 790 163
person 0.011191405 823 -231 839 -168
person 0.01118575 769 -268 785 -259
person 0.011170966 743 73 767 94
person 0.011168685 771 542 785 575
person 0.011163757 887 851 907 883
person 0.011160236 1095 396 1128 464
person 0.011154012 368 495 388 510
person 0.011145464 695 852 717 935
person 0.011135868 552 185 572 213
person 0.011135672 -4 441 9 475
person 0.011128991 887 19 905 41
person 0.011125669 354 37 380 75
person 0.011124683 815 -103 835 -75
person 0.011110749 650 519 665 554
person 0.0110958945 473 24 501 71
person 0.011077499 343 728 360 785
person 0.011052166 102 300 141 360
person 0.011048262 1175 115 1188 129
person 0.011010818 617 215 638 242
person 0.0110092815 1183 27 1192 44
person 0.01100734 979 -80 1002 -68
person 0.011004465 456 325 557 531
person 0.010996517 956 255 979 284
person 0.010996283 609 450 618 473
person 0.010995159 1155 231 1177 258
person 0.01097936 498 233 519 262
person 0.01097601 387 735 410 789
person 0.010970954 78 -221 91 -156
person 0.010970401 647 852 669 935
person 0.010961071 1109 -249 1120 -209
person 0.010952374 499 445 517 475
person 0.010945248 1025 443 1047 475
person 0.010943003 956 -80 979 -68
person 0.010940516 1079 718 1086 740
person 0.010932 704 470 715 504
person 0.010931232 227 466 262 494
person 0.010921936 113 432 136 454
person 0.010900024 1196 732 1208 762
person 0.010900004 681 -230 695 -173
person 0.010895429 1158 846 1213 990
person 0.010892541 911 851 931 883
person 0.010891128 868 21 879 38
person 0.010890898 1237 -133 1245 -89
person 0.010883781 790 142 813 162
person 0.010879813 109 511 144 544
person 0.010879731 1155 -101 1187 21
person 0.010878597 959 18 977 40
person 0.010876094 577 -267 593 -259
person 0.010872636 1002 513 1032 542
person 0.010872309 1123 234 1145 261
person 0.010871889 645 135 668 160
person 0.010870693 482 -267 498 -259
person 0.010867869 506 -267 522 -259
person 0.01086423 553 -267 570 -259
person 0.0108613195 458 -267 474 -259
person 0.010860372 1233 256 1251 286
person 0.010858467 242 -267 258 -259
person 0.010858092 314 -267 330 -259
person 0.010857944 338 -267 354 -259
person 0.010857611 530 -267 546 -259
person 0.010857504 290 -267 306 -259
person 0.010856644 266 -267 282 -259
person 0.010855552 218 -267 234 -259
person 0.010855475 362 -267 378 -259
person 0.010853653 386 -267 402 -259
person 0.0108510535 410 -267 426 -259
person 0.01085008 93 357 118 381
person 0.01084937 434 -267 450 -259
person 0.01084658 601 -267 617 -259
person 0.010846135 1128 19 1146 41
person 0.010843522 525 210 546 238
person 0.010842448 692 781 730 949
person 0.010836231 603 231 627 259
person 0.010836135 0 842 6 888
person 0.010831561 214 493 250 519
person 0.010827985 720 138 745 160
person 0.0108260345 669 160 691 183
person 0.010816718 1048 818 1126 997
person 0.0108077945 571 110 593 132
person 0.0108058425 1003 -80 1026 -68
person 0.010802427 1237 -109 1245 -65
person 0.010791116 74 546 93 581
person 0.010788088 806 79 848 133
person 0.010786663 694 605 713 638
person 0.010779171 599 852 621 935
person 0.010776807 194 538 240 595
person 0.010772599 911 547 925 568
person 0.010765441 625 -267 641 -259
person 0.010761995 194 -267 210 -259
person 0.010761116 0 818 6 865
person 0.010758618 440 141 454 155
person 0.010749132 293 596 318 619
person 0.010747541 649 -267 665 -259
person 0.010732084 433 -59 461 10
person 0.0107290065 745 -127 762 -96
person 0.010720811 66 261 86 290
person 0.010710933 794 207 816 233
person 0.010695311 53 846 70 881
person 0.010691639 211 91 277 195
person 0.0106722135 745 180 861 345
person 0.0106643215 781 84 805 107
person 0.010664287 1177 68 1195 90
person 0.0106565375 976 129 1042 238
person 0.010642621 1078 255 1101 282
person 0.010636512 271 814 357 995
person 0.010633647 233 419 262 442
person 0.010609619 842 276 956 452
person 0.010605206 211 444 248 468
person 0.010598953 743 185 766 207
person 0.010593964 571 162 592 186
person 0.01059303 967 -252 977 -210
person 0.010586049 0 543 8 669
person 0.010585556 152 121 182 158
person 0.010584207 115 321 141 347
person 0.010579499 153 -228 167 -170
person 0.010575637 1150 -216 1174 -145
person 0.010574584 573 184 595 211
person 0.0105699105 749 543 764 579
person 0.010563923 934 851 955 883
person 0.010562991 673 -267 689 -259
person 0.010560379 555 390 576 425
person 0.010553441 0 -91 6 -43
person 0.010552167 416 606 452 666
person 0.010544025 725 484 734 504
person 0.010542388 157 555 195 619
person 0.010535815 646 542 658 558
person 0.01053568 846 428 933 628
person 0.010531491 662 114 685 138
person 0.010530924 1239 656 1246 697
person 0.010523703 745 -268 761 -259
person 0.010515443 810 300 849 362
person 0.010514758 1197 405 1205 421
person 0.0105134295 431 182 451 208
person 0.010507895 290 537 322 565
person 0.01050108 964 74 977 87
person 0.010496646 170 -267 186 -259
person 0.010487864 972 -231 986 -173
person 0.010486439 602 393 622 428
person 0.0104818875 715 47 736 69
person 0.01048165 767 -105 786 -73
person 0.010477433 298 -115 323 -56
person 0.010459508 60 729 70 763
person 0.01044583 1051 209 1073 237
person 0.01042975 294 731 308 766
person 0.010428564 453 634 464 664
person 0.010414893 26 919 43 956
person 0.01041018 958 851 979 883
person 0.010407832 509 420 530 456
person 0.010394252 551 852 574 935
person 0.010392319 338 -109 405 78
person 0.010375297 1178 101 1191 114
person 0.010366806 697 -267 713 -259
person 0.010366709 835 163 857 184
person 0.010344708 506 870 527 902
person 0.010342395 -4 849 10 881
person 0.010337359 893 551 904 571
person 0.010329781 482 870 503 902
person 0.010323168 695 162 718 184
person 0.010320975 530 870 551 902
person 0.010320664 721 831 738 862
person 0.010311715 458 870 479 902
person 0.010311556 454 207 475 235
person 0.010307891 959 779 977 845
person 0.0103074545 554 870 575 902
person 0.010299392 337 -103 356 -72
person 0.010297701 578 870 599 902
person 0.010294625 1019 714 1027 751
person 0.010289933 0 -139 6 -91
person 0.010284912 -5 586 10 618
person 0.010275923 557 582 580 619
person 0.010268767 1103 112 1118 127
person 0.010264861 697 831 715 862
person 0.010261956 -1 423 5 442
person 0.010259118 1154 486 1173 521
person 0.010254553 865 830 882 861
person 0.010243771 0 603 6 650
person 0.010243036 982 851 1003 883
person 0.010241199 947 814 1027 999
person 0.010241055 601 870 623 902
person 0.010240301 510 619 533 652
person 0.010238512 445 159 489 212
person 0.010237116 1238 870 1246 914
person 0.010227882 430 616 442 644
person 0.010211932 131 319 171 379
person 0.010207359 434 870 455 902
person 0.010207301 204 259 236 292
person 0.010206882 913 20 924 38
person 0.010206429 932 -80 954 -68
person 0.01019042 721 -267 737 -259
person 0.0101869805 580 395 600 431
person 0.010180551 743 210 766 235
person 0.010169677 139 314 161 338
person 0.010162959 934 490 957 516
person 0.010159764 746 830 762 862
person 0.010150705 195 831 212 863
person 0.010150557 66 318 98 351
person 0.0101334825 841 830 858 862
person 0.010130679 716 210 739 235
person 0.010128529 625 870 647 902
person 0.010124862 396 610 485 829
person 0.010121569 1077 20 1095 41
person 0.0101161385 817 830 834 862
person 0.01011474 151 717 167 796
person 0.010113819 217 590 247 615
person 0.010111217 10 323 28 357
person 0.01011011 410 870 431 902
person 0.010105396 770 758 785 793
person 0.01009043 1032 116 1047 128
person 0.010073921 1062 710 1069 736
person 0.010072893 769 830 786 862
person 0.010071961 171 831 188 863
person 0.010067027 787 50 809 71
person 0.0100608375 793 830 810 862
person 0.010060629 890 21 901 38
person 0.010057376 1006 851 1026 883
person 0.010053698 352 -115 376 -57
person 0.010053057 836 91 859 112
person 0.010044906 839 68 860 87
person 0.010033889 216 853 239 935
person 0.010021989 935 18 953 40
person 0.010021781 146 -267 162 -259
person 0.01000465 386 870 407 902
person 0.010002771 649 870 671 902
