person 0.69153523 668 130 692 160
person 0.68409 609 134 632 164
person 0.61474925 460 138 483 168
person 0.586979 508 121 525 145
person 0.5184889 692 69 706 86
person 0.4802563 616 61 629 79
person 0.42058975 223 207 282 279
person 0.4085983 638 58 648 74
person 0.35762727 374 240 436 309
person 0.32997203 666 70 679 86
person 0.29482538 256 98 281 126
person 0.26861703 619 62 627 75
person 0.2541656 255 128 282 161
person 0.2331501 1018 206 1029 255
person 0.21881382 657 135 681 163
person 0.2183016 695 71 703 82
person 0.1986289 1012 167 1024 208
person 0.19549565 450 115 467 138
person 0.18481387 305 410 372 496
person 0.18173155 627 78 641 96
person 0.17807318 623 76 637 95
person 0.17553414 294 392 382 527
person 0.16450915 666 70 675 82
person 0.15780881 505 130 528 158
person 0.15293354 668 72 677 83
person 0.13820405 251 116 292 174
person 0.13277587 983 238 1009 290
person 0.13102497 486 129 504 153
person 0.124065 266 119 291 148
person 0.12180807 688 65 709 91
person 0.11509018 691 114 715 143
person 0.11129171 694 75 702 87
person 0.10955525 363 227 448 345
person 0.10729403 628 45 643 59
person 0.1067678 474 124 493 146
person 0.10511769 466 378 487 404
person 0.10403878 194 273 256 351
person 0.09968338 659 65 680 92
person 0.09879515 195 -66 225 9
person 0.0980085 232 213 274 263
person 0.09730716 652 35 663 53
person 0.09431156 210 189 297 300
person 0.094114 582 38 592 54
person 0.0935094 666 75 674 87
person 0.09306215 610 112 634 140
person 0.09248491 555 37 566 54
person 0.09077204 491 367 509 390
person 0.09007967 356 53 379 79
person 0.0899399 625 45 634 58
person 0.089805394 1013 148 1025 188
person 0.089709595 504 120 519 150
person 0.089034416 461 147 480 172
person 0.08715837 979 488 1021 612
person 0.086628065 1010 212 1032 269
person 0.085045464 269 121 287 141
person 0.08494021 630 143 649 164
person 0.084298246 416 113 440 139
person 0.08205736 38 135 53 154
person 0.08193946 432 120 452 142
person 0.08167938 116 -68 145 10
person 0.08010661 -1 136 13 159
person 0.08006486 447 121 489 178
person 0.07910713 262 101 273 118
person 0.07890274 410 210 450 255
person 0.07850522 613 59 634 86
person 0.07821122 -2 156 24 237
person 0.07701034 48 -72 74 10
person 0.0767479 1016 274 1027 340
person 0.07540823 144 235 167 268
person 0.074932076 501 114 531 154
person 0.074866444 694 134 713 157
person 0.074586295 654 121 677 148
person 0.07395364 692 113 709 134
person 0.07385908 683 167 708 198
person 0.07376915 1019 651 1029 703
person 0.07365616 623 43 637 61
person 0.07341433 1019 607 1028 669
person 0.07312069 265 132 293 163
person 0.07277745 625 78 634 91
person 0.0717963 433 131 450 153
person 0.069511734 543 78 558 95
person 0.06905247 258 119 280 141
person 0.06867804 -2 152 13 176
person 0.067073576 386 249 428 298
person 0.0670588 997 309 1029 386
person 0.06668831 2 134 9 161
person 0.066551946 0 275 8 346
person 0.06512581 365 238 415 294
person 0.06345692 952 392 999 516
person 0.06250688 468 151 486 174
person 0.061533332 327 199 395 270
person 0.060930718 1002 164 1026 217
person 0.060737606 557 141 585 172
person 0.060622312 192 194 256 271
person 0.06027864 570 106 594 131
person 0.06012477 363 42 387 71
person 0.059605975 956 -71 987 5
person 0.059341833 253 62 278 91
person 0.058197867 604 57 615 74
person 0.05809704 688 162 707 183
person 0.05739231 409 136 437 167
person 0.05709303 262 167 299 212
person 0.057054874 598 136 617 160
person 0.055938307 607 169 635 201
person 0.055666722 506 123 517 141
person 0.055477623 293 78 318 106
person 0.054991238 -4 -216 9 -193
person 0.05481335 237 106 254 124
person 0.054335583 1006 287 1029 348
person 0.053538382 558 76 575 94
person 0.053370584 21 310 34 375
person 0.053046584 691 100 708 120
person 0.052538738 -3 -138 16 -33
person 0.051848557 489 354 509 379
person 0.051675342 645 34 668 62
person 0.05159875 -3 -208 19 -117
person 0.051150292 1018 -215 1028 -168
person 0.051062074 135 283 224 426
person 0.050597608 1007 -197 1035 -125
person 0.05056747 453 105 471 125
person 0.05051218 178 249 268 374
person 0.05032252 627 158 647 180
person 0.050252095 621 299 660 362
person 0.050250694 475 330 492 352
person 0.049857367 826 -67 859 9
person 0.049778096 598 83 614 101
person 0.04919465 578 80 595 98
person 0.04916516 59 286 70 315
person 0.048886485 389 195 456 269
person 0.048657086 658 127 699 183
person 0.04864226 675 95 692 115
person 0.048392013 714 76 731 94
person 0.048313286 0 -219 6 -192
person 0.04825002 639 170 668 203
person 0.04801982 989 241 1004 286
person 0.047480986 669 125 687 147
person 0.04735462 539 115 557 137
person 0.047264025 630 95 646 115
person 0.047049932 -4 -216 8 -209
person 0.047018807 145 243 178 290
person 0.046613395 15 392 76 538
person 0.046217836 0 113 6 142
person 0.046120018 37 272 44 302
person 0.04544167 148 308 212 391
person 0.045190137 799 608 807 638
person 0.044913705 479 354 498 377
person 0.04469284 450 388 470 412
person 0.044639908 129 15 162 86
person 0.044371754 719 102 743 128
person 0.043926 616 37 638 64
person 0.04390496 688 30 711 59
person 0.04365366 728 103 745 122
person 0.043206863 536 76 558 101
person 0.043134585 600 124 641 179
person 0.042958025 1020 687 1029 744
person 0.04294338 213 37 236 68
person 0.042895403 971 229 1019 318
person 0.0428428 204 21 240 89
person 0.04232869 1020 435 1028 509
person 0.042270303 339 54 362 81
person 0.042199902 502 87 518 105
person 0.042100243 512 99 530 119
person 0.04208319 615 139 626 158
person 0.041756358 -4 115 9 139
person 0.04168952 74 270 86 299
person 0.041183993 576 35 598 61
person 0.041067258 714 69 730 85
person 0.041007575 721 136 747 164
person 0.04084635 757 80 774 97
person 0.04066947 309 377 329 397
person 0.040521193 461 370 491 418
person 0.04034268 655 95 673 116
person 0.03983891 361 56 376 76
person 0.03971821 255 170 288 203
person 0.039543986 792 345 826 420
person 0.039438635 481 612 491 636
person 0.03908362 1020 389 1029 475
person 0.038924556 817 608 826 638
person 0.03877901 345 -80 392 30
person 0.038694546 892 -70 925 4
person 0.038528666 413 31 436 60
person 0.038481485 68 305 80 338
person 0.03847795 249 320 289 363
person 0.038436417 1018 -216 1029 -209
person 0.038431022 749 -66 784 8
person 0.038394053 29 144 43 164
person 0.0383563 738 83 754 99
person 0.038297072 538 104 554 123
person 0.03825127 1019 25 1028 73
person 0.038106687 1 150 8 177
person 0.038049515 807 430 832 486
person 0.03794151 293 361 366 436
person 0.03790178 668 162 688 183
person 0.03786155 275 101 293 118
person 0.037553687 182 116 204 143
person 0.0374712 815 602 823 619
person 0.037357416 1017 -217 1031 -195
person 0.037179913 478 102 496 122
person 0.037154656 502 612 512 637
person 0.037078157 373 142 401 173
person 0.037067953 594 97 611 117
person 0.03686789 615 100 632 119
person 0.036857147 610 160 630 182
person 0.03667423 321 396 342 418
person 0.036669414 -12 143 42 278
person 0.03648276 717 68 741 96
person 0.03619017 54 326 71 373
person 0.036078986 71 264 90 306
person 0.035859272 591 160 609 181
person 0.03560295 1023 96 1029 123
person 0.035590444 500 100 518 120
person 0.03558414 38 289 46 320
person 0.03532724 708 174 736 207
person 0.035122927 0 -221 8 -170
person 0.034993935 58 228 70 256
person 0.034842927 220 289 263 333
person 0.034797207 41 137 49 150
person 0.034683764 249 10 285 76
person 0.034651555 755 136 781 165
person 0.034524266 830 137 854 167
person 0.034434337 230 89 312 221
person 0.034261134 0 349 8 427
person 0.03416282 232 -68 263 13
person 0.034149777 556 115 574 137
person 0.03408787 570 67 594 94
person 0.034063686 1020 365 1028 438
person 0.0338625 971 599 980 614
person 0.033860106 372 98 399 125
person 0.033775326 495 394 514 415
person 0.033522435 752 439 776 496
person 0.033499397 297 89 313 105
person 0.033467274 719 97 735 115
person 0.03321104 558 103 575 122
person 0.033120543 766 108 791 135
person 0.032982282 953 -202 967 -163
person 0.032915544 801 137 827 167
person 0.03289535 652 156 673 178
person 0.032891057 434 70 459 97
person 0.03280741 60 276 69 306
person 0.032770164 1008 539 1021 626
person 0.03271995 559 65 575 82
person 0.032661796 432 103 451 124
person 0.032656994 -4 170 17 194
person 0.032655157 43 -216 58 -201
person 0.032574493 620 308 694 458
person 0.03255477 497 36 519 63
person 0.0324538 257 35 280 65
person 0.032433998 516 81 532 98
person 0.032432225 237 236 272 284
person 0.032408256 974 610 983 632
person 0.032368235 462 596 469 612
person 0.032281786 462 611 471 635
person 0.032246865 884 -210 900 -161
person 0.03203718 56 279 73 327
person 0.03196197 24 -216 37 -210
person 0.031897373 377 512 395 532
person 0.031875916 563 177 591 206
person 0.031825524 865 183 889 218
person 0.031700943 1018 102 1029 139
person 0.031589873 1023 115 1029 143
person 0.031472884 574 96 591 116
person 0.031460572 838 -213 854 -163
person 0.031405702 201 102 227 131
person 0.031288475 501 126 533 168
person 0.031274047 43 486 83 612
person 0.031211074 432 34 457 62
person 0.031148482 956 698 975 746
person 0.031020766 518 174 547 206
person 0.030983498 687 170 704 191
person 0.03098293 632 31 640 43
person 0.030925425 307 408 330 432
person 0.030917786 579 64 594 81
person 0.03086738 24 -216 40 -201
person 0.030801551 270 133 290 155
person 0.03074074 631 118 650 140
person 0.030715717 769 186 794 218
person 0.030694129 489 496 508 517
person 0.030547224 472 320 489 341
person 0.030463034 1019 -180 1028 -124
person 0.030450195 950 679 976 769
person 0.030415146 442 610 450 636
person 0.030384915 1004 147 1029 198
person 0.030369852 277 87 296 105
person 0.03023593 836 601 844 617
person 0.030077897 56 336 69 363
person 0.02993863 726 23 749 52
person 0.029835591 76 346 91 372
person 0.029612064 277 337 383 462
person 0.029593786 208 407 303 543
person 0.029563945 867 207 888 242
person 0.029504035 334 34 358 63
person 0.029433858 633 339 686 435
person 0.029423298 213 215 249 262
person 0.029355181 376 250 405 285
person 0.029322218 522 610 530 635
person 0.029274998 403 313 508 454
person 0.029248593 1000 124 1032 190
person 0.029225131 1018 58 1029 98
person 0.029161641 782 408 809 470
person 0.029144524 886 31 908 62
person 0.029039312 125 270 180 353
person 0.02902689 420 107 437 126
person 0.029014705 -10 125 32 220
person 0.029014442 15 234 29 311
person 0.028989956 595 117 613 140
person 0.028824033 778 609 787 638
person 0.02881196 84 -122 114 -36
person 0.028800001 476 170 502 200
person 0.028787518 572 118 590 140
person 0.028741043 -1 266 4 304
person 0.028728053 342 96 387 155
person 0.028615957 512 156 531 178
person 0.028571574 206 283 245 328
person 0.028569654 952 599 962 617
person 0.028557165 1023 75 1029 102
person 0.028536523 842 27 865 58
person 0.028528983 473 238 542 311
person 0.028395262 480 599 488 615
person 0.028274076 274 121 283 140
person 0.028230455 38 427 51 455
person 0.028179888 804 24 827 55
person 0.028153373 950 143 974 174
person 0.028123315 988 524 1016 582
person 0.028060012 54 692 73 757
person 0.02805109 801 178 827 212
person 0.0280482 379 535 397 559
person 0.028035963 599 84 611 96
person 0.028019093 182 87 223 149
person 0.027988704 485 72 510 98
person 0.027977083 624 30 632 43
person 0.02780868 856 391 917 555
person 0.027802542 20 268 31 297
person 0.027702844 1021 269 1028 300
person 0.027658978 716 78 728 89
person 0.027631298 404 65 429 91
person 0.027622163 763 22 786 52
person 0.027606517 332 103 359 131
person 0.027561264 532 138 551 160
person 0.027478654 255 473 341 605
person 0.027406013 505 42 518 59
person 0.02738219 245 608 253 637
person 0.027247777 205 137 232 166
person 0.027235076 838 612 845 630
person 0.02716756 1001 470 1014 541
person 0.027097397 740 84 751 96
person 0.027091118 22 327 34 358
person 0.027060702 732 117 749 139
person 0.026986936 798 -212 813 -162
person 0.026962612 987 -216 1000 -210
person 0.026923945 43 -216 56 -210
person 0.026918326 73 331 94 389
person 0.02690096 872 139 896 170
person 0.026849478 500 181 546 237
person 0.026787525 916 -205 930 -161
person 0.026761457 874 96 890 114
person 0.02673617 795 601 804 619
person 0.026685938 1023 56 1029 83
person 0.026628662 753 95 769 114
person 0.026622174 851 96 867 114
person 0.026608912 395 545 425 595
person 0.026492612 956 33 977 67
person 0.026484203 807 81 822 98
person 0.026466735 39 310 48 340
person 0.026466597 453 118 464 130
person 0.026459556 640 697 662 759
person 0.026455406 0 305 5 341
person 0.026444614 991 598 999 613
person 0.026307674 546 80 555 91
person 0.026305256 920 32 942 65
person 0.026281914 -6 548 24 707
person 0.026265401 952 -119 983 -39
person 0.02617499 759 698 781 758
person 0.026174657 975 293 1041 460
person 0.026108874 492 155 510 176
person 0.026085999 -8 340 29 455
person 0.025904013 852 -216 864 -209
person 0.025831854 959 174 983 210
person 0.025794411 838 608 847 637
person 0.0257722 102 603 114 662
person 0.025733892 1019 118 1032 141
person 0.025697812 834 178 860 212
person 0.025588945 482 82 498 101
person 0.02547521 955 609 964 634
person 0.025461422 591 169 635 224
person 0.025436787 769 397 794 456
person 0.025366548 570 139 588 161
person 0.025362082 187 121 201 140
person 0.025315858 88 316 101 342
person 0.025296228 759 82 771 93
person 0.02525932 1018 -43 1028 29
person 0.0252475 774 115 790 136
person 0.025220202 149 301 188 348
person 0.025213327 442 108 476 149
person 0.025188265 802 103 827 130
person 0.025043432 680 697 702 759
person 0.025031071 211 356 231 373
person 0.024986459 469 141 482 161
person 0.02481177 798 698 821 758
person 0.024676723 552 139 570 161
person 0.024669094 832 -216 845 -209
person 0.024605315 719 697 741 759
person 0.024593223 872 -216 884 -209
person 0.024514375 560 78 572 90
person 0.024458813 853 -217 866 -195
person 0.024456799 175 168 272 300
person 0.02444741 833 -217 846 -196
person 0.024398379 840 103 864 130
person 0.024342032 1019 98 1032 121
person 0.024314564 443 308 453 317
person 0.02427961 989 480 1016 536
person 0.02425828 284 34 308 64
person 0.024153827 580 82 592 93
person 0.024117418 956 664 970 705
person 0.02410461 419 138 438 160
person 0.024100848 1001 17 1031 91
person 0.024077635 670 -65 705 8
person 0.024071231 843 430 869 488
person 0.024060499 367 370 386 391
person 0.02403579 704 288 743 353
person 0.024015876 322 436 357 488
person 0.024010489 600 25 639 90
person 0.023977496 465 143 476 163
person 0.023956839 820 8 858 75
person 0.023927927 398 554 419 579
person 0.02391021 31 415 58 513
person 0.023822704 306 171 412 299
person 0.023768382 488 510 511 533
person 0.02376602 1011 369 1030 432
person 0.02362288 987 -216 1002 -200
person 0.023619652 154 310 181 334
person 0.023599062 1 166 11 196
person 0.0235779 813 -217 827 -197
person 0.023537606 490 341 507 362
person 0.023511248 932 592 943 620
person 0.023485715 772 101 788 120
person 0.023479708 432 155 451 175
person 0.0232907 239 108 251 119
person 0.023266684 1022 134 1028 163
person 0.02324926 885 714 915 801
person 0.023171822 457 376 478 402
person 0.02312383 346 53 360 72
person 0.02307727 872 -217 886 -196
person 0.023015544 442 85 459 105
person 0.022959998 160 -114 191 -32
person 0.022861287 809 96 826 114
person 0.022829033 561 66 572 78
person 0.022721495 0 -206 8 -132
person 0.022721462 708 420 733 478
person 0.022680549 622 27 635 45
person 0.022579696 342 23 381 89
person 0.022530518 422 609 431 635
person 0.022451768 812 -216 825 -209
person 0.022441242 860 368 891 444
person 0.022438329 918 137 942 168
person 0.022405691 807 -92 874 57
person 0.02239774 428 510 447 533
person 0.022387588 665 161 707 218
person 0.022366654 -1 247 5 280
person 0.022308089 480 102 541 177
person 0.0222839 1017 137 1031 162
person 0.022254758 425 349 494 428
person 0.022244414 755 65 779 93
person 0.02223615 769 84 786 101
person 0.022159096 1021 594 1028 605
person 0.022154799 759 609 768 637
person 0.022144916 1 139 9 152
person 0.022104088 224 434 290 517
person 0.022059394 471 172 489 194
person 0.02204573 806 177 845 235
person 0.022040198 358 20 374 38
person 0.02203094 -1 323 4 363
person 0.022003438 890 97 906 115
person 0.021996843 793 -217 807 -198
person 0.021952122 834 741 856 809
person 0.021944845 674 134 686 153
person 0.02192363 440 599 448 616
person 0.021817213 212 57 237 87
person 0.021797301 891 -216 904 -209
person 0.021774705 1 134 11 190
person 0.02175297 135 269 155 293
person 0.021731973 421 115 432 134
person 0.02172681 178 -90 240 60
person 0.021698695 225 608 233 637
person 0.021692036 766 -210 782 -160
person 0.021622384 672 33 712 98
person 0.021559846 880 101 904 129
person 0.02149015 381 609 391 637
person 0.021478413 970 -217 985 -200
person 0.021477621 286 283 321 329
person 0.021475976 795 741 816 809
person 0.021465536 58 -43 81 14
person 0.021436991 989 609 999 634
person 0.021433871 325 135 354 167
person 0.021402832 874 741 895 809
person 0.021382608 327 408 348 429
person 0.021289926 264 608 273 636
person 0.02121307 427 494 447 515
person 0.021172768 836 100 853 118
person 0.02117244 44 161 60 181
person 0.021170381 404 176 435 209
person 0.021098584 970 -216 983 -210
person 0.021087252 712 120 729 140
person 0.021085741 79 250 95 281
person 0.021065328 892 -217 906 -196
person 0.021053959 1022 608 1028 639
person 0.021045623 900 8 936 76
person 0.02104433 -1 -45 7 31
person 0.021041796 731 -93 800 57
person 0.02101538 935 607 945 635
person 0.021014018 423 5 460 70
person 0.021007748 721 458 746 517
person 0.02097543 118 201 178 283
person 0.02097309 1022 16 1028 43
person 0.020969331 201 316 310 452
person 0.020904254 1022 194 1028 225
person 0.020879906 143 249 165 276
person 0.020861788 189 344 233 388
person 0.020850336 989 196 1038 290
person 0.020756975 659 -74 711 28
person 0.02072425 585 32 592 43
person 0.020677092 600 697 623 758
person 0.020615082 72 392 92 458
person 0.020609604 755 741 777 809
person 0.02054845 738 13 777 79
person 0.020539794 511 122 522 135
person 0.020535594 209 265 244 313
person 0.020522295 339 432 426 595
person 0.0205028 -9 262 29 374
person 0.020486843 62 256 75 286
person 0.020441448 187 112 195 123
person 0.020366123 912 177 937 213
person 0.020357596 273 124 284 134
person 0.020313043 795 101 811 119
person 0.020283272 833 137 849 160
person 0.020275628 440 170 468 202
person 0.020208713 56 344 71 372
person 0.020202594 804 63 829 91
person 0.020189371 373 167 476 303
person 0.020187125 1019 783 1025 827
person 0.020181742 205 608 214 637
person 0.0201655 -1 285 5 323
person 0.02011305 708 141 726 162
person 0.020110428 35 352 48 380
person 0.020095376 801 721 832 808
person 0.020046992 253 155 278 177
person 0.020014811 248 58 282 103
person 0.01999883 855 86 871 103
person 0.01999731 1020 77 1032 101
person 0.019973757 1009 441 1030 503
person 0.019900136 397 318 408 327
person 0.019859029 150 332 178 355
person 0.01985133 0 93 6 124
person 0.019827383 716 741 737 809
person 0.019781576 169 666 208 777
person 0.019728279 162 325 202 371
person 0.019715479 604 48 614 61
person 0.019685907 0 229 5 261
person 0.019676073 143 293 163 317
person 0.01966265 751 182 792 239
person 0.01965334 533 161 552 182
person 0.019638665 26 286 35 316
person 0.01962544 39 122 55 141
person 0.019576728 -1 343 5 381
person 0.01956862 866 194 903 254
person 0.019529084 959 219 1032 370
person 0.01950624 77 334 92 362
person 0.019415662 1011 397 1030 464
person 0.01937007 361 22 371 35
person 0.019369122 772 -217 787 -198
person 0.019351162 204 181 233 213
person 0.019345606 351 46 384 89
person 0.019344741 837 698 860 758
person 0.01929232 1020 351 1029 383
person 0.019220905 792 -216 805 -209
person 0.019206358 676 741 697 809
person 0.01920527 654 32 661 44
person 0.019188711 77 292 91 321
person 0.019170662 792 -114 825 -36
person 0.019131945 313 351 332 371
person 0.019129166 869 85 885 102
person 0.019116288 628 29 643 45
person 0.019115908 176 378 192 390
person 0.01911124 44 445 59 474
person 0.019094944 224 502 310 664
person 0.019092211 1021 289 1028 316
person 0.019089093 151 299 173 321
person 0.019076955 171 502 245 672
person 0.01906425 558 741 579 809
person 0.0190642 518 741 539 809
person 0.019049915 597 741 618 809
person 0.019026374 913 98 929 117
person 0.019023532 560 698 583 758
person 0.018998206 637 741 658 809
person 0.01896037 1021 -108 1029 -43
person 0.018932467 817 102 857 160
person 0.018915966 119 4 168 102
person 0.018906353 0 383 7 467
person 0.018902471 571 158 589 180
person 0.018882386 977 501 1035 683
person 0.018801278 911 -217 925 -198
person 0.018795587 973 21 982 35
person 0.01876283 812 118 828 138
person 0.018757552 796 248 833 312
person 0.01875462 229 212 265 231
person 0.01873334 479 741 500 809
person 0.018730985 602 46 617 64
person 0.01868692 1022 586 1028 615
person 0.018625991 736 64 752 81
person 0.01859928 490 131 501 150
person 0.01858853 797 83 812 100
person 0.018552715 95 710 123 809
person 0.018539986 507 44 515 57
person 0.018525897 1020 57 1032 82
person 0.018478794 815 595 825 623
person 0.018448008 491 525 516 548
person 0.018438967 110 244 192 387
person 0.01842196 725 -209 740 -160
person 0.018397132 359 220 402 265
person 0.018375082 -1 364 5 401
person 0.018344367 511 132 522 151
person 0.018325469 260 360 272 371
person 0.01831992 161 30 186 63
person 0.018302709 874 -92 942 54
person 0.018301876 834 119 851 138
person 0.018288594 439 741 460 809
person 0.018245982 -1 207 9 243
person 0.018235983 261 122 277 133
person 0.01822853 440 311 457 328
person 0.018193725 798 476 826 531
person 0.018191056 793 -206 825 -133
person 0.01817888 89 695 110 758
person 0.018122405 778 365 840 544
person 0.018121226 968 711 998 801
person 0.018119425 661 136 673 155
person 0.018115688 734 135 751 159
person 0.018094035 -1 176 13 186
person 0.018057965 911 -216 923 -209
person 0.0180499 879 701 898 749
person 0.018026879 611 172 632 193
person 0.018014995 809 84 820 94
person 0.018007813 27 406 39 435
person 0.018003542 358 35 391 78
person 0.017998697 185 109 199 126
person 0.017963897 443 314 452 325
person 0.017963486 856 607 865 636
person 0.017949097 796 118 812 138
person 0.017943408 84 665 121 785
person 0.01791742 364 56 372 71
person 0.017899197 283 610 292 638
person 0.017868284 399 740 421 809
person 0.017856397 -4 96 9 120
person 0.017846338 170 318 192 338
person 0.017834283 297 99 315 118
person 0.017829515 720 724 752 813
person 0.017819371 478 491 499 510
person 0.017803632 850 709 870 774
person 0.017802639 422 598 430 612
person 0.017800946 1020 -142 1029 -84
person 0.017775862 771 708 791 775
person 0.017761987 421 498 452 547
person 0.017732736 515 176 534 196
person 0.017727006 0 -189 5 -150
person 0.017720405 672 172 692 193
person 0.017711967 811 708 830 774
person 0.017706467 588 508 602 535
person 0.01770184 48 8 80 85
person 0.017693518 556 156 575 179
person 0.01769026 218 -89 279 56
person 0.017687816 360 740 381 809
person 0.017667959 0 702 12 783
person 0.017665576 -3 218 10 231
person 0.017661208 430 175 448 198
person 0.017659552 30 347 41 377
person 0.017658437 0 -209 5 -171
person 0.017641654 411 108 445 150
person 0.017640091 20 315 31 344
person 0.017598 687 -210 702 -161
person 0.017575765 331 13 388 106
person 0.017574808 915 608 925 637
person 0.017568009 413 -83 462 28
person 0.017556196 755 64 772 81
person 0.017549733 136 33 159 66
person 0.017547043 37 276 44 293
person 0.017528271 815 136 831 159
person 0.017446898 839 63 864 91
person 0.01743353 320 740 341 809
person 0.017420523 51 229 59 254
person 0.01736375 500 501 575 671
person 0.01734795 921 103 945 131
person 0.01733589 361 51 369 64
person 0.017334387 913 741 935 810
person 0.017308764 852 117 868 136
person 0.017279314 137 246 167 296
person 0.017277848 753 -217 768 -199
person 0.01725838 643 -211 657 -163
person 0.017225526 281 740 302 809
person 0.017220352 129 186 153 213
person 0.017194193 1008 156 1024 183
person 0.017177433 104 544 119 571
person 0.017164253 1018 360 1029 373
person 0.017163431 425 92 507 223
person 0.017162828 515 322 533 343
person 0.017134732 634 211 662 247
person 0.017133728 510 65 526 83
person 0.017116882 244 697 267 758
person 0.01709215 256 329 281 350
person 0.01709187 297 516 315 535
person 0.017078409 800 209 825 246
person 0.017055076 732 708 751 775
person 0.017006475 254 510 275 527
person 0.017000085 930 99 946 117
person 0.016962824 207 311 242 333
person 0.016959693 576 316 593 338
person 0.016942212 0 665 12 742
person 0.016929826 -9 638 18 783
person 0.016924337 1022 37 1029 63
person 0.016903302 520 31 545 58
person 0.016898515 649 -91 721 59
person 0.016898232 1022 758 1028 800
person 0.016850071 241 740 262 810
person 0.016845625 881 670 923 774
person 0.01682848 0 -7 4 27
person 0.016818937 215 359 227 368
person 0.01681825 0 778 8 824
person 0.016815837 871 -113 904 -35
person 0.016815137 162 740 183 810
person 0.016782714 617 423 630 469
person 0.016767172 341 22 357 40
person 0.016744217 1016 273 1032 297
person 0.016732201 169 141 195 167
person 0.016706929 98 530 115 557
person 0.016700404 873 117 889 136
person 0.016693046 563 32 571 43
person 0.016692176 736 108 776 165
person 0.016677462 992 183 1006 208
person 0.016673911 202 740 223 810
person 0.016661728 1021 211 1028 243
person 0.016661407 604 -212 618 -164
person 0.01665797 739 67 749 78
person 0.016644984 582 497 644 675
person 0.016628362 952 564 967 592
person 0.016621368 774 310 841 475
person 0.016571071 221 348 293 424
person 0.016564336 897 607 906 637
person 0.016553992 710 388 731 414
person 0.0165416 686 112 720 155
person 0.016488802 277 214 314 262
person 0.016478095 42 125 52 138
person 0.016470207 135 -211 149 -163
person 0.016457567 57 266 71 314
person 0.01644904 741 -115 775 -37
person 0.016443085 373 120 391 140
person 0.016432162 955 58 978 89
person 0.016409041 123 740 144 810
person 0.016398348 857 599 864 616
person 0.01639149 501 600 508 617
person 0.016383648 44 740 65 810
person 0.016382704 404 139 442 182
person 0.016366884 477 -217 492 -197
person 0.01635956 497 -217 512 -197
person 0.016347725 200 -217 215 -197
person 0.016343562 166 -205 196 -130
person 0.016338734 457 -217 472 -197
person 0.01633651 890 709 909 775
person 0.016336411 220 -217 235 -197
person 0.016335852 556 -217 571 -197
person 0.0163352 536 -217 551 -197
person 0.016334418 319 -217 334 -197
person 0.016333355 517 -217 532 -197
person 0.016333193 339 -217 354 -197
person 0.016332174 792 138 809 161
person 0.016330687 299 -217 314 -197
person 0.016329985 359 -217 373 -197
person 0.016329233 398 -217 413 -197
person 0.016329003 240 -217 255 -197
person 0.016328506 181 -217 195 -197
person 0.016327985 378 -217 393 -197
person 0.016325518 260 -217 275 -197
person 0.01632529 418 -217 433 -197
person 0.016324354 279 -217 294 -197
person 0.016312407 438 -217 452 -197
person 0.016270606 731 103 743 115
person 0.016254237 31 -93 85 50
person 0.0162489 912 119 928 138
person 0.016241271 576 -217 591 -198
person 0.016240623 523 600 530 617
person 0.016227448 748 139 765 161
person 0.01620986 498 631 510 660
person 0.016204309 421 315 432 325
person 0.016187465 630 173 649 194
person 0.016182978 892 119 908 138
person 0.016178505 772 -216 785 -209
person 0.01616341 402 609 411 637
person 0.016159702 734 22 750 39
person 0.016144661 161 -217 176 -198
person 0.01614182 955 103 978 132
person 0.016132386 563 -213 577 -165
person 0.016130958 457 86 474 104
person 0.01612314 953 741 974 809
person 0.0161108 205 371 251 415
person 0.016108993 190 122 198 137
person 0.016053654 715 23 730 39
person 0.01604553 720 -199 753 -127
person 0.016028335 238 2 292 93
person 0.01601908 185 608 196 637
person 0.015993485 168 720 199 813
person 0.015957016 754 22 770 39
person 0.015954217 452 175 471 197
person 0.015950594 1021 707 1029 780
person 0.015944151 255 87 275 106
person 0.015943762 596 -217 611 -198
person 0.01588567 1012 152 1021 183
person 0.01588034 212 371 239 390
person 0.015868548 -3 309 8 336
person 0.015851973 875 62 899 91
person 0.015851906 942 -127 988 -19
person 0.01584937 443 376 478 424
person 0.015848247 752 157 769 180
person 0.015832793 920 60 944 90
person 0.015812699 930 -217 945 -199
person 0.015793521 616 -217 630 -198
person 0.015761131 165 697 188 759
person 0.01575856 363 698 386 759
person 0.015754255 941 -89 1005 56
person 0.015743544 642 -202 675 -129
person 0.015738565 901 94 939 154
person 0.015724855 524 -213 538 -165
person 0.015724551 954 158 970 183
person 0.015724456 749 120 766 140
person 0.015722958 601 608 610 636
person 0.0157156 591 174 610 196
person 0.01570814 453 480 542 626
person 0.015698027 324 726 356 814
person 0.015696052 996 515 1011 584
person 0.015680414 288 71 322 114
person 0.015669886 598 272 683 388
person 0.01566681 726 4 783 95
person 0.015663834 532 183 551 203
person 0.015645625 953 21 964 36
person 0.015636515 837 594 845 623
person 0.015634144 36 414 50 442
person 0.015631583 141 -217 156 -198
person 0.015626764 484 -213 498 -165
person 0.015621533 99 -95 158 60
person 0.015611865 271 154 292 174
person 0.015610848 1019 277 1028 290
person 0.015595546 19 371 31 400
person 0.015589975 283 697 306 759
person 0.015576378 1013 60 1032 93
person 0.0155754 64 367 78 395
person 0.015558416 277 104 290 113
person 0.015551911 444 -213 459 -165
person 0.015527562 513 381 533 401
person 0.015508095 0 -92 9 -8
person 0.015498699 124 299 141 323
person 0.015496168 105 649 118 702
person 0.015450992 405 -213 419 -165
person 0.015446443 356 709 373 733
person 0.015443935 849 138 865 160
person 0.015441487 38 372 51 400
person 0.015439911 582 29 596 45
person 0.015436122 875 435 904 495
person 0.015436042 82 239 96 267
person 0.015425182 1 151 12 223
person 0.015421034 319 -10 402 139
person 0.015417311 791 157 808 181
person 0.0154069215 336 709 353 733
person 0.015393943 168 353 259 512
person 0.015383366 734 -217 749 -199
person 0.015382665 809 0 864 91
person 0.0153686525 876 98 887 109
person 0.015357385 102 -207 113 -162
person 0.015354415 419 300 432 309
person 0.015347316 365 -213 380 -165
person 0.015339875 1021 627 1028 660
person 0.015317548 64 -206 75 -161
person 0.015315628 326 -213 340 -165
person 0.015310983 692 708 711 775
person 0.015291333 395 538 416 560
person 0.015278394 559 214 589 247
person 0.015274591 781 600 787 618
person 0.015271572 304 338 343 384
person 0.015264574 286 -213 300 -165
person 0.015263047 0 157 9 168
person 0.015262792 418 368 438 392
person 0.015253319 682 58 713 101
person 0.015239417 896 -202 905 -168
person 0.015224997 423 -73 457 6
person 0.015213383 510 41 520 55
person 0.0152112255 503 63 518 80
person 0.015204877 422 593 431 620
person 0.015190554 640 723 672 813
person 0.015148958 74 405 89 433
person 0.015139827 376 709 392 733
person 0.01513635 515 298 532 318
person 0.015128774 124 310 182 401
person 0.0151258195 635 -217 650 -198
person 0.015125606 772 87 783 98
person 0.015125463 301 375 320 396
person 0.015108539 368 510 447 662
person 0.015103488 -12 -156 32 -12
person 0.015085999 316 709 333 733
person 0.015082939 359 368 393 415
person 0.015057967 969 710 988 778
person 0.015056815 1015 245 1023 280
person 0.015055069 516 208 544 239
person 0.015026896 315 387 352 434
person 0.015025903 853 98 864 109
person 0.015023623 597 -64 631 11
person 0.0150163695 468 -83 518 27
person 0.015005513 997 -207 1040 -110
person 0.014994514 247 -213 261 -165
person 0.014983433 488 651 535 742
person 0.01497938 126 144 150 170
person 0.014970209 99 -200 130 -123
person 0.014970061 590 275 656 355
person 0.014967741 245 724 277 812
person 0.014933262 281 261 315 309
person 0.0148920035 1020 577 1029 586
person 0.014880815 1013 27 1031 66
person 0.014872358 882 -202 915 -132
person 0.014863343 480 508 501 529
person 0.014857444 465 83 556 218
person 0.014841037 121 -217 136 -198
person 0.014830973 774 22 790 38
person 0.014830603 829 157 845 182
person 0.014799835 84 372 100 398
person 0.014779677 -3 -219 13 -152
person 0.01476206 70 498 132 682
person 0.014760748 0 -170 5 -130
person 0.014718064 580 607 589 635
person 0.014709818 84 740 104 811
person 0.01468725 -4 74 9 100
person 0.014674248 357 173 388 204
person 0.014659432 882 22 912 69
person 0.014634816 722 212 748 249
person 0.014631508 297 709 313 733
person 0.014629762 126 696 148 759
person 0.014625108 378 153 396 176
person 0.014623879 873 174 889 199
person 0.014616412 932 120 947 140
person 0.014612389 403 724 435 811
person 0.014609387 178 709 195 734
person 0.014602188 467 151 566 288
person 0.0145933945 323 698 346 759
person 0.014587033 262 599 271 613
person 0.014585237 972 3 982 16
person 0.01457251 158 709 175 734
person 0.014567026 62 -217 77 -200
person 0.014563549 832 84 848 100
person 0.01455997 396 709 412 733
person 0.014548529 313 378 326 390
person 0.014544004 818 -203 827 -169
person 0.0145362625 0 601 5 640
person 0.014536008 452 220 560 353
person 0.014531359 1009 249 1027 277
person 0.014523822 207 -213 221 -165
person 0.014517469 478 630 490 659
person 0.0145064695 651 30 665 45
person 0.014506224 433 118 450 132
person 0.014497378 168 -213 183 -164
person 0.014477335 620 608 629 637
person 0.014471879 858 89 868 100
person 0.014466462 930 -216 943 -209
person 0.014443657 655 -217 670 -198
person 0.014441165 413 156 432 177
person 0.014433073 806 664 845 776
person 0.014421234 586 -74 636 33
person 0.014420658 714 -217 729 -199
person 0.014416003 61 281 68 297
person 0.014406567 540 65 555 82
person 0.014368053 358 50 373 66
person 0.014363165 205 697 227 759
person 0.014357354 932 156 948 180
person 0.014338553 0 71 5 104
person 0.014327168 877 -203 885 -169
person 0.014326024 1011 -216 1031 -159
person 0.014325303 838 -203 846 -169
person 0.014322974 764 209 790 246
person 0.014322739 80 381 105 442
person 0.0143189235 573 373 591 398
person 0.014313364 402 698 425 759
person 0.0143036125 49 606 57 636
person 0.014299975 241 605 260 650
person 0.014292974 0 118 5 133
person 0.014288689 198 709 214 734
person 0.014277195 0 621 8 701
person 0.0142765045 918 701 937 749
person 0.01427635 256 357 276 373
person 0.01426024 75 38 96 71
person 0.014255127 653 708 672 775
person 0.014253814 436 133 446 150
person 0.0142393755 257 513 271 524
person 0.014236545 1009 166 1019 198
person 0.0142243905 876 606 885 637
person 0.014214912 277 709 294 734
person 0.014214345 101 -217 116 -198
person 0.014205735 892 85 908 102
person 0.014197724 951 177 966 203
person 0.014184102 378 50 393 66
person 0.014179243 238 122 256 140
person 0.014174119 200 375 218 386
person 0.014167017 950 -216 963 -209
person 0.0141586345 876 244 912 306
person 0.014154329 909 136 925 158
person 0.014154017 773 134 789 156
person 0.014142317 163 609 175 639
person 0.014125854 315 71 408 212
person 0.01411869 1021 -184 1028 -148
person 0.014108219 -2 196 15 207
person 0.014106787 19 253 31 282
person 0.014102511 -4 54 9 79
person 0.014090291 280 90 293 102
person 0.0140881585 442 698 465 759
person 0.014080458 872 88 882 99
person 0.014074978 491 318 509 337
person 0.014039311 709 160 727 181
person 0.014034189 314 181 352 226
person 0.014022079 131 313 156 338
person 0.0140171945 311 -129 358 -16
person 0.0139994 377 136 396 157
person 0.013992991 950 -217 965 -200
person 0.0139845265 799 86 809 97
person 0.013961085 692 708 709 733
person 0.013954982 218 708 234 734
person 0.013952771 870 157 887 181
person 0.013946974 753 -216 766 -209
person 0.013939126 871 138 887 160
person 0.013913097 257 708 274 734
person 0.013910042 415 708 432 733
person 0.013906001 694 -217 709 -198
person 0.01390162 908 456 968 624
person 0.013886718 104 517 121 542
person 0.013884806 387 383 495 530
person 0.013883722 811 157 828 182
person 0.013874793 712 708 729 733
person 0.013860812 0 51 5 83
person 0.013842529 237 708 254 734
person 0.013832086 953 211 977 249
person 0.01382908 57 220 70 247
person 0.013816263 1013 685 1030 751
person 0.013813822 506 10 545 75
person 0.013802313 600 30 609 43
person 0.013797732 672 708 689 733
person 0.013791252 696 344 748 445
person 0.0137874205 796 -37 819 5
person 0.013782209 565 -205 598 -131
person 0.013782175 893 99 903 110
person 0.013764771 675 -217 690 -198
person 0.013761678 238 649 254 696
person 0.013759768 373 554 394 580
person 0.013725598 400 183 439 227
person 0.0137206605 693 161 703 181
person 0.013647378 688 403 711 464
person 0.013643828 756 -36 779 5
person 0.0136163775 810 177 827 202
person 0.01361308 930 176 946 201
person 0.01361091 190 351 219 371
person 0.013606134 0 423 5 461
person 0.013605763 574 708 593 775
person 0.013601002 454 410 475 430
person 0.013573483 138 709 155 734
person 0.013568319 170 329 197 351
person 0.013509856 438 611 457 653
person 0.0135086505 653 708 669 733
person 0.013507645 24 159 43 181
person 0.013503979 -3 -204 8 -176
person 0.0135015715 483 700 502 750
person 0.013489066 704 177 741 221
person 0.013478302 654 58 684 102
person 0.013442742 521 698 544 759
person 0.013438417 898 514 962 689
person 0.013426075 929 529 948 556
person 0.013411808 752 175 769 199
person 0.013409019 324 -35 345 1
person 0.013395792 324 428 358 447
person 0.013394632 890 137 906 158
person 0.013387254 307 608 316 636
person 0.013377005 951 -170 969 -124
person 0.013375514 1012 -183 1030 -119
person 0.013366858 47 258 59 286
person 0.013363413 930 137 946 159
person 0.0133624505 84 -43 110 11
person 0.013359452 698 134 708 154
person 0.01334744 600 603 614 658
person 0.013337786 892 175 908 200
person 0.013325906 0 640 5 679
person 0.013322684 858 -203 865 -169
person 0.013305608 435 708 452 733
person 0.013272933 439 468 458 488
person 0.013272869 210 290 241 309
person 0.013270496 732 708 749 733
person 0.013264105 791 177 808 202
person 0.013253581 202 592 213 621
person 0.013240939 358 -35 380 2
person 0.013238279 576 -91 647 65
person 0.0131998155 238 -118 269 -35
person 0.013199175 633 708 649 734
person 0.013184848 796 22 806 36
person 0.013161361 1017 291 1032 313
person 0.013146314 613 708 632 775
person 0.0131397825 601 210 630 243
person 0.013133948 0 581 5 619
person 0.013128492 1021 -165 1028 -128
person 0.013127899 411 -3 466 88
person 0.013117165 912 176 928 201
person 0.013108594 155 275 176 297
person 0.013073695 911 155 927 179
person 0.013068964 1012 647 1030 708
person 0.013041722 281 599 290 613
person 0.013036948 77 335 89 382
person 0.013029795 540 609 549 636
person 0.01302592 428 370 447 393
person 0.013007126 429 38 443 56
person 0.013002272 613 708 630 734
person 0.01300119 1014 716 1029 791
person 0.01300065 175 -42 201 10
person 0.012987344 889 -2 942 92
person 0.012984464 431 529 457 555
person 0.012983507 0 620 5 659
person 0.012968873 1021 21 1027 36
person 0.012964655 933 565 948 593
person 0.012962544 398 561 419 591
person 0.012962373 0 -169 8 -90
person 0.0129587315 -5 191 19 216
person 0.012956018 358 78 375 97
person 0.012954988 1008 310 1021 381
person 0.012954895 639 609 648 638
person 0.012932264 660 590 670 623
person 0.0129278395 593 708 610 734
person 0.012919805 -4 271 7 298
person 0.012914533 574 708 590 734
person 0.012910212 494 708 513 775
person 0.0128896395 733 156 751 179
person 0.01287527 844 209 868 247
person 0.012865358 0 184 13 219
person 0.012864438 1021 -145 1028 -108
person 0.012855939 562 723 593 815
person 0.012853658 455 708 472 733
person 0.012846987 518 630 530 659
person 0.012845813 737 23 746 37
person 0.01284065 554 708 570 734
person 0.012828791 232 310 259 328
person 0.012825705 1009 -36 1029 28
person 0.012824462 122 562 137 592
person 0.01281433 758 66 768 78
person 0.01281205 774 156 791 180
person 0.012811211 0 -128 8 -51
person 0.012804027 504 90 515 101
person 0.012796252 712 179 730 200
person 0.012786961 149 247 170 272
person 0.012784535 889 158 906 182
person 0.012779607 215 374 236 385
person 0.012767185 -4 329 7 356
person 0.012741553 534 708 551 734
person 0.012729383 500 274 516 293
person 0.012715319 933 21 944 36
person 0.012710112 666 -118 699 -39
person 0.012705254 752 708 768 733
person 0.012662107 247 647 294 740
person 0.012662047 392 281 428 330
person 0.012660461 475 708 491 733
person 0.0126585895 1022 370 1028 401
person 0.012643853 111 88 150 151
person 0.012619119 534 708 553 775
person 0.01261249 363 214 397 248
person 0.012607124 514 708 531 733
person 0.012603918 835 -38 858 6
person 0.012603847 139 319 167 372
person 0.012589181 558 179 596 220
person 0.012565582 514 178 551 222
person 0.012556716 839 102 850 113
person 0.012540804 356 286 391 335
person 0.012537822 269 335 290 354
person 0.0125269005 570 179 589 201
person 0.012512627 717 346 734 375
person 0.01251056 495 708 511 733
person 0.012508245 953 140 968 162
person 0.012505783 0 402 5 441
person 0.012497213 0 -150 5 -110
person 0.012494624 769 406 787 431
person 0.012486917 527 314 543 334
person 0.012485748 777 426 838 596
person 0.012474471 149 349 173 370
person 0.012470008 795 629 805 656
person 0.01245024 931 630 945 659
person 0.012445257 -3 -183 8 -156
person 0.012439023 64 467 80 495
person 0.012437348 913 21 923 36
person 0.012414147 755 98 766 109
person 0.012407667 1021 614 1027 630
person 0.012406533 769 350 792 411
person 0.012400457 31 144 40 159
person 0.012396978 733 -216 747 -210
person 0.012391864 812 99 823 110
person 0.01238736 634 143 644 163
person 0.012385843 605 111 639 153
person 0.012378555 948 -209 970 -154
person 0.012357911 838 19 869 65
person 0.0123398835 172 180 198 208
person 0.012333725 266 436 299 485
person 0.012330983 0 12 5 46
person 0.012326488 631 94 722 223
person 0.012325101 168 66 193 96
person 0.012322942 415 708 434 776
person 0.012311649 107 -18 175 134
person 0.01230312 381 51 389 64
person 0.012295562 714 -16 796 128
person 0.012277132 914 84 930 101
person 0.012271045 718 24 727 38
person 0.012248236 58 34 79 68
person 0.012241932 82 -217 97 -199
person 0.012238959 811 196 828 222
person 0.0122360755 1022 102 1029 115
person 0.012235671 952 5 962 17
person 0.012224786 999 551 1022 614
person 0.012216244 559 609 569 637
person 0.012215954 850 157 866 181
person 0.012210237 455 708 474 775
person 0.012209219 0 659 5 699
person 0.012187552 394 516 414 538
person 0.01218156 22 387 34 418
person 0.012180855 913 208 937 245
person 0.012177527 914 629 924 657
person 0.012162159 422 507 442 531
person 0.012160652 49 180 63 204
person 0.012139471 738 608 747 637
person 0.012129719 194 353 216 364
person 0.012115747 895 22 905 37
person 0.012109236 649 115 682 156
person 0.012096236 491 290 507 309
person 0.012081726 645 -1 731 139
person 0.012074642 915 101 926 112
person 0.012071571 394 105 411 123
person 0.012062664 65 604 76 671
person 0.012050122 774 103 786 114
person 0.012040447 53 -105 75 -43
person 0.012039512 842 343 910 470
person 0.012029902 771 708 788 733
person 0.012008714 329 27 362 71
person 0.012001044 1017 214 1031 241
person 0.011996528 1018 196 1031 223
person 0.011987743 373 20 389 38
person 0.011984152 75 679 138 838
person 0.011976943 482 726 514 814
person 0.011970219 714 -181 732 -130
person 0.011957464 656 428 668 452
person 0.011956501 989 6 1035 109
person 0.011947075 771 178 788 202
person 0.011943676 695 22 710 39
person 0.011943247 1021 646 1028 680
person 0.01191907 1020 296 1028 307
person 0.011906335 438 306 458 319
person 0.011894 485 -206 517 -132
person 0.011892768 93 336 107 359
person 0.011885536 0 184 10 274
person 0.011882484 226 -15 303 132
person 0.011874027 639 590 648 623
person 0.011872281 798 -202 807 -169
person 0.011871957 353 175 392 219
person 0.011870402 381 514 392 526
person 0.0118611045 329 381 347 400
person 0.01183612 797 -22 875 126
person 0.011834927 334 47 367 91
person 0.01182851 215 106 233 124
person 0.011822932 58 -141 77 -76
person 0.011817096 981 -58 1003 3
person 0.011807054 384 250 420 271
person 0.011801537 728 651 769 750
person 0.011785689 686 313 757 474
person 0.011781989 -1 138 19 200
person 0.011768374 948 117 963 136
person 0.011764698 183 -14 256 132
person 0.01175865 476 125 491 137
person 0.011751211 251 -205 283 -130
person 0.011718313 376 708 395 776
person 0.011690078 293 290 311 308
person 0.011680034 610 513 625 541
person 0.0116746025 717 -35 740 4
person 0.011654955 964 296 991 352
person 0.011654824 115 549 131 576
person 0.011651945 57 707 75 777
person 0.011647762 637 397 661 456
person 0.0116416365 0 32 5 65
person 0.011641379 948 100 963 118
person 0.011639201 39 295 45 311
person 0.011635197 0 757 5 801
person 0.011628423 327 -205 358 -130
person 0.011625009 709 374 733 435
person 0.011610329 930 710 949 777
person 0.011587434 375 21 386 34
person 0.011577188 918 446 946 503
person 0.011567174 754 -183 772 -131
person 0.011559865 0 16 8 74
person 0.011554506 300 91 309 102
person 0.011552136 202 -37 225 5
person 0.01154851 861 185 892 233
person 0.011541362 196 400 210 411
person 0.0115405945 1022 568 1028 596
person 0.011538385 396 299 415 308
person 0.011531051 750 650 768 698
person 0.011505426 1022 425 1028 459
person 0.01150445 631 649 650 698
person 0.011492039 642 353 711 532
person 0.011474064 815 22 825 36
person 0.011465532 588 315 604 338
person 0.011456829 527 300 543 320
person 0.011455667 399 -22 479 128
person 0.011451407 185 398 197 410
person 0.011429707 224 612 232 628
person 0.011427778 478 -73 512 6
person 0.011427304 1022 506 1028 536
person 0.011425538 416 175 435 198
person 0.011416391 483 572 494 586
person 0.0114140175 616 597 626 614
person 0.011410069 779 679 849 825
person 0.01140496 864 680 931 826
person 0.011394133 791 707 808 733
person 0.011388672 872 670 885 696
person 0.011387495 153 354 169 364
person 0.011385456 797 103 808 114
person 0.011385182 321 137 358 181
person 0.011384565 518 299 528 314
person 0.011375847 -4 -3 8 22
person 0.011375644 1023 61 1028 76
person 0.011375435 458 630 470 659
person 0.011373493 44 721 59 750
person 0.0113730645 493 177 512 196
person 0.011371204 586 -133 633 -23
person 0.011365839 815 629 825 655
person 0.011365228 167 379 177 391
person 0.011353142 800 17 831 62
person 0.01134555 482 348 513 395
person 0.011345052 631 372 650 398
person 0.011342631 117 260 134 284
person 0.011332988 632 157 643 178
person 0.011326055 457 315 476 334
person 0.011310357 62 -217 75 -210
person 0.011295334 877 -23 953 128
person 0.01129049 429 296 463 345
person 0.0112904105 714 -216 727 -209
person 0.01127059 392 139 410 159
person 0.011256978 173 352 203 372
person 0.011253636 967 176 982 203
person 0.011244382 906 389 930 448
person 0.011241682 732 177 750 200
person 0.011235965 336 708 355 776
person 0.011220242 143 608 154 638
person 0.011219602 986 18 1001 38
person 0.011216248 753 690 768 715
person 0.011203195 344 24 353 37
person 0.011172578 989 19 998 35
person 0.0111676585 58 456 74 483
person 0.01115689 955 705 1002 819
person 0.01115527 835 87 845 97
person 0.01114918 119 708 135 734
person 0.011138215 25 122 41 143
person 0.011137637 954 632 964 657
person 0.011131262 75 424 92 453
person 0.0111192595 1022 -1 1028 28
person 0.011111141 526 354 552 379
person 0.011108412 365 610 375 639
person 0.011106773 0 578 7 667
person 0.011106386 1022 446 1028 478
person 0.011096513 776 628 786 657
person 0.011094717 633 485 646 514
person 0.011081787 459 594 473 618
person 0.011078516 0 383 5 420
person 0.011078219 1023 741 1029 781
person 0.011033163 41 333 53 362
person 0.011032712 120 649 134 696
person 0.011027791 29 427 42 457
person 0.011020887 502 27 517 43
person 0.011019675 569 648 612 743
person 0.011008654 930 216 946 243
person 0.011006603 776 511 839 683
person 0.010996755 952 625 966 668
person 0.0109869065 -4 349 8 376
person 0.010977765 908 596 917 616
person 0.010974659 1022 -203 1028 -168
person 0.010970566 577 -5 658 138
person 0.010970069 222 599 231 614
person 0.010963599 851 177 867 202
person 0.010955825 406 -205 438 -130
person 0.010940728 -4 369 8 396
person 0.010915479 392 119 411 139
person 0.010893435 551 180 570 201
person 0.010877201 636 606 654 657
person 0.010866571 477 -216 490 -209
person 0.010865517 552 143 590 185
person 0.010863369 496 -216 510 -209
person 0.010859127 556 -216 569 -209
person 0.010853895 774 690 788 715
person 0.010853398 99 175 194 307
person 0.0108507965 536 -216 549 -209
person 0.010849522 457 -216 470 -209
person 0.010849493 516 -216 529 -209
person 0.010848285 200 -216 213 -209
person 0.0108456295 180 -216 193 -209
person 0.010840679 0 679 5 719
person 0.010839385 220 -216 233 -209
person 0.010838874 412 535 433 557
person 0.010838455 319 -216 332 -209
person 0.010838286 338 -216 352 -209
person 0.010836808 561 30 575 45
person 0.0108364 299 -216 312 -209
person 0.010836031 358 -216 371 -209
person 0.010835781 398 -216 411 -209
person 0.010834683 378 -216 391 -209
person 0.010834427 239 -216 253 -209
person 0.01083408 372 362 392 380
person 0.010833686 417 -216 431 -209
person 0.010831862 279 -216 292 -209
person 0.010831693 259 -216 272 -209
person 0.010830477 437 -216 450 -209
person 0.010822557 391 -131 438 -16
person 0.010813729 683 23 716 67
person 0.010809247 518 83 530 94
person 0.010803997 -3 290 7 319
person 0.010799977 576 -216 589 -209
person 0.010799493 831 175 848 200
person 0.010795734 895 88 905 99
person 0.0107880365 135 329 160 354
person 0.010782451 597 -122 628 -41
person 0.010774108 973 631 983 656
person 0.010770719 987 275 1006 300
person 0.010767133 0 699 5 738
person 0.010762293 219 511 240 533
person 0.010753429 297 708 316 776
person 0.0107525615 258 495 274 507
person 0.010751993 303 356 321 374
person 0.010751258 932 5 943 17
person 0.010750613 1015 355 1033 381
person 0.010746313 160 -216 174 -209
person 0.010746132 793 193 810 219
person 0.010742234 504 30 513 42
person 0.010737614 877 611 883 630
person 0.010731223 659 607 668 639
person 0.010723886 93 391 109 414
person 0.010722039 467 -131 514 -19
person 0.010711888 542 68 552 79
person 0.010710751 178 708 197 776
person 0.010690807 966 158 982 183
person 0.010687736 734 690 748 716
person 0.010686611 92 253 107 281
person 0.010680775 811 707 828 733
person 0.010660368 595 -216 609 -209
person 0.010659075 1023 81 1029 95
person 0.010653305 55 223 74 264
person 0.010651979 747 334 771 401
person 0.010644257 235 510 256 529
person 0.0106442375 0 -130 5 -91
person 0.010642922 677 -35 700 2
person 0.010627593 794 5 805 18
person 0.010616714 418 212 440 235
person 0.01060973 615 -216 628 -209
person 0.010609224 257 708 276 776
person 0.010596053 933 101 943 113
person 0.010595723 774 5 785 19
person 0.0105943885 645 651 686 747
person 0.010594269 473 152 483 172
person 0.0105904555 416 358 435 379
person 0.010588018 -4 36 9 61
person 0.010574349 852 670 866 695
person 0.010567208 358 95 376 114
person 0.010565034 437 690 451 716
person 0.01055501 597 27 612 44
person 0.010553053 59 74 81 107
person 0.010551012 694 -216 707 -209
person 0.010548578 470 375 484 398
person 0.010547279 515 28 525 40
person 0.010538321 379 677 453 823
person 0.010535477 483 65 498 83
person 0.010532435 835 21 845 36
person 0.010529523 260 333 277 345
person 0.0105281565 -1 237 5 250
person 0.010527323 916 -201 924 -168
person 0.010523141 320 611 331 639
person 0.010517429 112 309 130 334
person 0.010504688 239 87 257 106
person 0.010503384 494 292 504 306
person 0.01050105 502 275 512 289
person 0.010490204 457 690 471 716
person 0.01049017 218 708 236 776
person 0.010486929 777 -201 789 -168
person 0.01047381 141 -216 154 -209
person 0.010463807 418 690 432 716
person 0.010454001 464 139 478 156
person 0.010452404 988 114 1037 204
person 0.010420231 617 589 628 622
person 0.010419901 635 -216 648 -209
person 0.010412445 43 702 58 731
person 0.010411365 252 203 274 221
person 0.010407489 714 690 728 716
person 0.010400434 242 600 250 615
person 0.010397589 21 763 35 794
person 0.010380253 869 194 886 220
person 0.0103801945 240 690 254 716
person 0.010373393 827 246 856 299
person 0.010372302 220 690 234 716
person 0.010371631 60 649 78 714
person 0.010361305 1019 38 1032 62
person 0.010360023 515 -99 531 -75
person 0.010357086 596 690 609 716
person 0.0103460355 912 5 923 17
person 0.010344845 477 690 491 716
person 0.010338613 576 690 590 716
person 0.010328396 196 323 217 340
person 0.010328176 515 398 535 418
person 0.010326944 495 -99 511 -75
person 0.010326305 615 690 629 716
person 0.01032251 675 -182 692 -133
person 0.010318107 977 577 986 591
person 0.010317538 892 669 905 696
person 0.0103135705 635 690 649 716
person 0.010305538 316 209 353 256
person 0.010295014 556 690 570 716
person 0.010294226 651 513 666 542
person 0.010283045 793 689 807 715
person 0.010279711 655 690 669 716
person 0.010272194 832 670 846 695
person 0.010271399 574 91 663 223
person 0.010271215 315 122 334 142
person 0.010258014 536 690 550 716
person 0.010257811 178 356 199 368
person 0.010249859 -3 705 8 731
person 0.010249129 260 690 274 716
person 0.010241615 813 5 824 18
person 0.010229987 478 333 489 346
person 0.010227946 845 432 864 457
person 0.010225947 147 678 216 830
person 0.010225595 655 -216 668 -209
person 0.010219482 475 -99 491 -75
person 0.010217114 392 156 410 177
person 0.010212475 517 690 530 716
person 0.010210168 694 690 708 716
person 0.010199726 279 604 299 650
person 0.010198657 34 415 54 481
person 0.010189193 698 42 712 60
person 0.01018702 430 497 444 508
person 0.010186717 651 567 665 597
person 0.010180881 -4 16 8 41
person 0.010177404 318 259 357 307
person 0.010176698 674 690 689 716
person 0.010170988 930 195 945 221
person 0.010164705 200 691 214 716
person 0.010162499 456 -99 472 -75
person 0.010157108 436 -100 452 -75
person 0.010155852 398 690 412 716
person 0.010153883 550 301 651 454
person 0.010151348 455 393 467 405
person 0.010148699 831 707 847 733
person 0.010129618 98 -185 116 -120
person 0.010126912 538 629 550 659
person 0.010126521 497 690 511 716
person 0.010121088 757 -201 769 -169
person 0.010118693 674 -216 688 -209
person 0.010112664 471 510 530 598
person 0.0101085445 1021 -125 1028 -89
person 0.010108411 1012 -144 1030 -80
person 0.010098521 796 407 828 498
person 0.010087558 612 419 635 475
person 0.01008352 0 416 7 514
person 0.010074149 540 44 551 57
person 0.010071176 290 417 330 466
person 0.010064371 535 425 559 461
person 0.010055373 279 690 293 716
person 0.010054499 336 138 355 160
person 0.010039442 -1 255 5 270
person 0.010036944 540 378 558 399
person 0.010035912 796 182 831 228
person 0.01003461 775 427 799 456
person 0.010034571 731 371 794 552
person 0.010033936 1022 723 1029 759
person 0.010033643 -4 429 8 455
person 0.010030171 327 649 374 738
person 0.010028832 512 25 528 41
person 0.010023422 910 212 927 239
person 0.01002329 484 85 495 96
person 0.010021174 873 -42 899 12
person 0.010020006 223 592 233 622
person 0.010015513 274 495 293 512
person 0.010011642 943 254 972 307
person 0.010009369 122 507 139 532
person 0.010005212 121 -37 143 5
person 0.010002761 360 393 382 414
