person 0.7459849 1085 183 1111 222
person 0.74390244 1003 243 1041 297
person 0.725671 835 92 855 119
person 0.7199178 1123 221 1150 264
person 0.7114704 997 142 1017 171
person 0.711205 1031 163 1052 195
person 0.70070934 1178 146 1195 174
person 0.69616514 918 217 949 260
person 0.6896447 1201 240 1227 286
person 0.6892562 699 187 730 225
person 0.6889991 939 106 957 134
person 0.68874896 954 121 974 150
person 0.6821353 988 89 1006 114
person 0.6819404 1200 141 1217 169
person 0.6771658 904 114 923 144
person 0.67410386 701 120 722 147
person 0.65870905 451 110 472 138
person 0.64920723 826 220 859 261
person 0.6484405 770 198 802 239
person 0.64820343 800 106 820 133
person 0.64276224 473 144 495 174
person 0.6387493 902 79 919 104
person 0.63824904 554 104 574 129
person 0.6320483 706 72 724 94
person 0.6298303 1025 103 1043 128
person 0.6265117 334 134 354 164
person 0.6255966 1100 126 1118 153
person 0.6170899 840 137 861 168
person 0.613399 844 65 860 87
person 0.610458 1159 176 1184 214
person 0.5983655 983 112 1002 139
person 0.59588397 734 71 751 92
person 0.58670175 966 152 987 183
person 0.5841628 512 126 533 154
person 0.5775149 1123 150 1141 179
person 0.57140225 597 133 619 160
person 0.56264585 875 69 891 92
person 0.56164986 1239 140 1255 169
person 0.55967 549 164 577 199
person 0.5538555 534 95 552 118
person 0.5506107 805 64 821 86
person 0.550071 755 65 772 86
person 0.5488959 503 102 522 128
person 0.5436354 594 87 613 109
person 0.54147345 871 73 888 97
person 0.5401206 31 299 70 358
person 0.5354382 397 128 418 158
person 0.53489196 424 126 446 155
person 0.5327286 631 110 650 135
person 0.5320653 894 147 921 183
person 0.51790434 1144 132 1161 160
person 0.5077541 257 155 275 185
person 0.5008662 631 80 649 101
person 0.49841657 403 110 423 137
person 0.49551108 1025 128 1044 155
person 0.495457 611 91 629 112
person 0.49339685 1229 166 1246 194
person 0.49286363 1077 284 1108 330
person 0.48422402 1131 141 1154 174
person 0.4780071 412 113 437 142
person 0.46874437 734 105 752 130
person 0.4650977 777 87 795 111
person 0.4364326 678 85 697 108
person 0.4328553 868 79 886 103
person 0.41406944 1207 198 1233 237
person 0.40625113 778 156 806 192
person 0.40369806 743 83 761 105
person 0.38932362 764 92 783 115
person 0.36719856 757 110 777 134
person 0.35342443 604 130 625 155
person 0.3368917 456 108 478 135
person 0.3303069 710 93 731 118
person 0.31807393 654 118 673 142
person 0.31616297 402 117 428 153
person 0.3148869 875 118 895 145
person 0.3124987 1226 188 1244 218
person 0.3120521 812 85 834 112
person 0.3076203 606 119 628 144
person 0.3046469 1246 138 1254 172
person 0.29943895 894 93 912 118
person 0.29890597 868 133 889 162
person 0.29296896 874 142 897 172
person 0.28301874 1053 129 1074 155
person 0.27412787 796 75 813 96
person 0.2729512 557 100 580 124
person 0.27102768 622 75 640 95
person 0.24818273 587 117 608 143
person 0.24699517 758 67 769 82
person 0.24484743 1138 176 1157 207
person 0.24205065 1058 124 1077 148
person 0.2234807 807 66 819 80
person 0.21696454 1228 157 1253 197
person 0.21285048 571 145 593 172
person 0.21143109 481 139 504 167
person 0.20948292 1208 166 1227 195
person 0.20896627 676 86 689 106
person 0.20553489 15 285 80 370
person 0.19864467 634 84 645 97
person 0.19744512 1256 166 1265 197
person 0.19454855 101 340 171 441
person 0.1924717 698 73 717 95
person 0.19137755 737 71 748 86
person 0.18983625 1213 184 1230 214
person 0.18135805 546 46 563 68
person 0.1800022 1216 202 1237 233
person 0.17989081 506 102 518 122
person 0.17963527 1191 228 1215 261
person 0.17819051 1000 111 1022 138
person 0.17687939 1125 210 1146 240
person 0.17595811 699 127 727 160
person 0.1662134 634 79 646 92
person 0.16505733 736 101 765 136
person 0.16313286 846 66 857 82
person 0.15767251 597 88 610 103
person 0.15668266 878 71 888 86
person 0.15657346 1159 169 1180 200
person 0.15353416 729 68 754 102
person 0.15326014 997 163 1019 191
person 0.15226175 1144 125 1161 149
person 0.14803874 701 67 727 101
person 0.14669883 746 85 758 99
person 0.14545369 832 115 854 143
person 0.14470223 1261 233 1275 291
person 0.14423525 632 138 662 173
person 0.14241137 899 140 923 170
person 0.1420058 432 131 455 159
person 0.13867693 765 161 795 197
person 0.1384991 554 172 583 208
person 0.1384321 489 163 514 191
person 0.13688599 709 73 721 88
person 0.13563044 537 95 549 111
person 0.13358574 873 74 884 89
person 0.13021244 780 88 793 104
person 0.12588495 682 87 694 101
person 0.12576328 599 106 628 145
person 0.1256669 872 68 896 104
person 0.12545194 596 75 616 95
person 0.123486295 335 135 346 159
person 0.12336525 573 41 590 63
person 0.12188121 1102 228 1133 270
person 0.12183374 372 139 395 169
person 0.1215206 858 119 882 147
person 0.11869061 697 193 719 221
person 0.117828175 -2 464 61 577
person 0.116531245 1262 294 1275 354
person 0.11403572 1040 181 1068 218
person 0.11291822 908 211 957 279
person 0.1124277 632 136 654 162
person 0.11119741 1263 333 1275 398
person 0.11075714 1023 154 1058 204
person 0.11071335 1186 215 1207 247
person 0.10877958 35 299 55 350
person 0.10877295 1015 244 1048 286
person 0.10854222 1093 188 1114 219
person 0.106032126 782 145 805 171
person 0.10533103 97 337 148 396
person 0.10501585 1070 281 1114 353
person 0.10396113 1010 97 1029 122
person 0.10365232 674 75 692 94
person 0.102291204 997 186 1031 226
person 0.10075815 936 100 955 124
person 0.100025214 1266 180 1275 212
person 0.098625 86 318 186 482
person 0.09858634 383 286 431 354
person 0.097366214 700 75 715 90
person 0.09549074 -1 177 9 232
person 0.09460275 137 314 182 372
person 0.09389052 1102 157 1125 187
person 0.09325477 542 140 565 167
person 0.09244244 841 63 866 99
person 0.09124472 547 69 566 92
person 0.09042132 871 83 882 99
person 0.090167 576 43 586 59
person 0.090056546 1087 140 1108 168
person 0.090051785 1036 318 1077 376
person 0.09000763 464 101 485 123
person 0.089648545 550 48 560 64
person 0.088471964 89 282 123 322
person 0.08668786 933 142 957 171
person 0.08637738 453 100 472 123
person 0.08595585 466 134 502 185
person 0.08546593 800 107 812 130
person 0.083787136 628 70 653 103
person 0.0830914 1052 191 1074 220
person 0.08287736 1245 142 1255 158
person 0.08255292 1138 118 1162 153
person 0.08163401 796 61 822 97
person 0.080152795 702 119 714 142
person 0.07882552 757 134 781 161
person 0.07805337 808 133 831 161
person 0.07799041 1214 205 1226 230
person 0.07795338 635 113 647 129
person 0.07753556 -2 223 9 275
person 0.07749814 575 76 593 96
person 0.077485494 696 127 717 155
person 0.07690585 832 127 869 178
person 0.07506744 814 216 864 283
person 0.074941695 64 -92 96 21
person 0.07409102 1027 104 1039 118
person 0.0719301 905 83 915 99
person 0.07183868 1243 212 1263 244
person 0.07141918 656 144 678 169
person 0.07137515 916 218 940 248
person 0.071225025 1261 182 1278 212
person 0.07098271 1031 278 1066 322
person 0.07081942 390 117 427 167
person 0.070784174 1085 158 1107 186
person 0.0704286 327 124 362 176
person 0.0700169 1071 322 1117 398
person 0.069860354 1256 338 1278 390
person 0.06939921 1103 209 1125 240
person 0.068937846 774 185 803 215
person 0.06849002 790 226 829 268
person 0.06795498 580 235 613 275
person 0.0679212 1055 159 1077 186
person 0.06765954 750 227 787 268
person 0.066547975 1165 180 1177 207
person 0.06632857 959 143 995 196
person 0.06591362 936 157 960 185
person 0.06564636 580 159 603 187
person 0.0653242 1267 113 1276 145
person 0.065053254 116 362 161 420
person 0.06486515 991 91 1003 106
person 0.064697966 709 157 733 185
person 0.06438269 1024 191 1047 219
person 0.06383151 589 185 622 223
person 0.06376354 1250 210 1259 246
person 0.0636962 1192 221 1233 297
person 0.06356192 992 267 1027 314
person 0.06272933 95 395 199 567
person 0.062335286 1245 338 1285 422
person 0.06232698 766 192 792 222
person 0.061961986 1149 210 1171 242
person 0.061218176 1194 274 1226 322
person 0.060898397 635 181 667 218
person 0.06085811 139 310 171 352
person 0.060547046 400 454 421 481
person 0.060345635 509 102 522 117
person 0.060171943 513 159 536 186
person 0.059851527 737 108 749 124
person 0.059644576 271 183 291 213
person 0.059384856 704 228 739 267
person 0.05914335 1147 135 1158 152
person 0.058677424 902 154 913 182
person 0.05852017 1233 164 1243 186
person 0.05848088 768 178 816 252
person 0.056887846 1252 291 1278 356
person 0.05627845 615 157 639 182
person 0.05627428 677 77 688 91
person 0.05600746 809 166 833 192
person 0.0558469 206 258 236 298
person 0.05567997 340 157 361 185
person 0.05535923 619 66 644 100
person 0.055196166 3 274 101 446
person 0.05498606 -5 -351 11 -322
person 0.053916864 -4 -339 22 -228
person 0.053849123 1242 142 1252 160
person 0.053667605 1141 179 1153 203
person 0.053565357 1077 124 1097 146
person 0.05338589 491 178 523 216
person 0.053067252 1085 682 1100 728
person 0.05285373 828 161 852 190
person 0.05258813 853 160 876 187
person 0.05254205 580 44 601 66
person 0.052491322 977 188 999 215
person 0.052482568 213 271 243 313
person 0.05239118 964 96 983 119
person 0.05238409 1262 -349 1275 -291
person 0.05217355 733 133 755 159
person 0.05205628 1074 328 1110 377
person 0.052043177 1105 128 1116 143
person 0.05204021 830 216 856 244
person 0.05180651 435 161 458 188
person 0.051614072 1012 249 1032 292
person 0.05154947 112 429 189 541
person 0.051364698 1216 175 1249 234
person 0.05116296 1219 234 1241 266
person 0.050266117 509 109 522 122
person 0.04945735 692 174 741 245
person 0.04932642 1132 133 1153 160
person 0.048855763 895 277 931 319
person 0.04864784 1116 138 1149 193
person 0.048628677 894 154 907 178
person 0.048579603 248 146 284 199
person 0.04842773 264 159 277 182
person 0.048313484 -1 -354 7 -321
person 0.04782265 456 178 488 215
person 0.047668524 406 113 419 127
person 0.0475451 414 113 435 128
person 0.04740746 549 71 562 87
person 0.04729363 633 160 657 184
person 0.047150556 1181 147 1191 165
person 0.047108542 477 146 490 170
person 0.047062926 -5 -350 10 -342
person 0.04676116 1077 207 1100 240
person 0.04633407 608 113 625 135
person 0.04598355 374 122 394 147
person 0.04589653 166 305 238 402
person 0.045718018 1203 142 1214 160
person 0.04562493 1028 133 1040 149
person 0.04561379 1061 126 1074 141
person 0.045573413 760 112 773 127
person 0.045570105 1143 279 1174 323
person 0.04500392 1249 234 1279 298
person 0.04497439 216 275 268 347
person 0.04470256 981 321 1028 377
person 0.044631068 96 280 149 357
person 0.044571 1036 683 1051 726
person 0.044450447 0 416 11 494
person 0.04443546 608 134 621 148
person 0.044307776 987 128 1023 180
person 0.0439342 591 121 629 172
person 0.04365911 -8 303 12 332
person 0.04342964 -5 458 84 628
person 0.043391798 1047 203 1070 232
person 0.04321131 996 144 1008 168
person 0.04319671 940 279 975 319
person 0.04294424 1002 184 1024 212
person 0.042877562 555 108 567 124
person 0.04247374 1264 381 1275 451
person 0.0420561 1103 131 1114 148
person 0.0416096 67 189 97 224
person 0.041175418 -6 226 15 267
person 0.041119684 1248 -325 1281 -235
person 0.041082915 554 165 566 191
person 0.04096038 353 117 381 151
person 0.04094799 343 124 363 148
person 0.04072639 1264 768 1275 841
person 0.040715773 989 227 1052 318
person 0.040687826 842 278 879 320
person 0.040555608 29 367 61 436
person 0.040495563 1144 129 1154 143
person 0.040460505 657 116 670 134
person 0.039472323 69 377 113 435
person 0.0394306 930 188 954 216
person 0.039158642 1012 101 1026 116
person 0.038951486 588 116 605 133
person 0.03891169 549 176 571 206
person 0.03887352 838 82 851 112
person 0.038772594 417 155 440 185
person 0.03855006 954 184 977 211
person 0.038477447 1263 577 1274 647
person 0.03838535 617 47 637 69
person 0.03817392 389 155 411 184
person 0.03807308 362 155 383 184
person 0.038065232 1090 189 1103 216
person 0.0380364 445 100 482 151
person 0.03792461 1232 256 1252 288
person 0.037914943 315 181 344 219
person 0.037808526 1250 -239 1279 -139
person 0.0377474 896 105 933 156
person 0.03761831 806 190 830 217
person 0.037555978 422 51 439 72
person 0.03746099 415 100 435 122
person 0.036898036 -2 -252 19 -116
person 0.0368346 729 215 753 242
person 0.036775187 907 185 931 212
person 0.03675088 1261 -351 1275 -342
person 0.03649094 731 162 755 188
person 0.036470167 344 -319 378 -228
person 0.036365047 745 50 763 72
person 0.036292635 0 200 6 241
person 0.036186222 -5 180 16 225
person 0.03591451 584 45 598 61
person 0.03580151 707 221 759 289
person 0.035788182 322 158 343 187
person 0.035765104 1009 242 1034 271
person 0.03574329 719 48 737 71
person 0.03569473 940 67 957 90
person 0.03565736 538 149 588 220
person 0.035601363 731 191 754 219
person 0.0355865 250 182 270 211
person 0.035501033 1260 -352 1278 -324
person 0.03540516 986 113 999 130
person 0.03525537 1186 104 1213 144
person 0.035014093 403 186 436 226
person 0.034951653 495 94 533 147
person 0.034847 1267 81 1275 116
person 0.034844752 1148 130 1158 144
person 0.034721214 442 -319 476 -228
person 0.034545626 404 99 422 123
person 0.034513667 1062 97 1080 120
person 0.03449444 502 121 541 172
person 0.034418296 1263 -306 1274 -238
person 0.03434987 766 50 784 72
person 0.034187574 705 128 719 150
person 0.034162566 34 362 49 439
person 0.034039345 0 -357 10 -294
person 0.033860486 657 160 681 186
person 0.033781257 260 160 272 175
person 0.033366885 67 776 91 855
person 0.03329668 1068 362 1108 422
person 0.03329213 693 108 729 159
person 0.033273265 176 327 221 386
person 0.033263713 1182 -333 1199 -284
person 0.033229757 638 184 662 209
person 0.033190057 946 109 982 159
person 0.033178486 101 117 118 134
person 0.033157047 460 111 476 125
person 0.033117946 441 181 464 208
person 0.03302306 353 69 370 92
person 0.032974705 540 -319 574 -227
person 0.032831717 350 63 376 99
person 0.032801677 620 50 633 66
person 0.032679643 53 -351 72 -331
person 0.032314394 1004 205 1028 233
person 0.032232266 1030 204 1056 232
person 0.032095153 247 -321 281 -230
person 0.031987503 30 -351 46 -343
person 0.031967305 38 303 68 332
person 0.031884503 1180 754 1211 869
person 0.031814896 803 110 817 125
person 0.031781968 1127 156 1137 172
person 0.031732716 55 243 86 280
person 0.031574495 657 190 680 215
person 0.031206148 785 161 800 184
person 0.031194873 1267 251 1274 291
person 0.031060547 1157 231 1179 263
person 0.031024633 1168 135 1201 191
person 0.031007282 129 368 178 426
person 0.030892385 30 -351 49 -332
person 0.030884203 0 224 6 265
person 0.030803097 1263 725 1275 789
person 0.030790156 986 684 1002 728
person 0.030785138 1185 782 1207 842
person 0.030727085 -1 175 6 214
person 0.030724585 1130 210 1142 236
person 0.030639032 422 56 440 82
person 0.030528601 290 163 311 191
person 0.030514486 830 258 853 282
person 0.030476417 264 148 283 172
person 0.030439079 744 278 781 320
person 0.030433528 688 160 711 188
person 0.030286985 1182 694 1198 740
person 0.030254222 638 -320 672 -227
person 0.030168172 -7 286 11 317
person 0.03003399 523 75 543 96
person 0.029933916 29 301 56 331
person 0.029705184 298 140 317 164
person 0.0296911 257 147 275 171
person 0.02959073 958 131 969 147
person 0.029457044 1056 133 1071 147
person 0.029419264 600 135 615 151
person 0.029319735 1263 531 1274 607
person 0.029315975 914 323 965 396
person 0.029202385 558 167 572 191
person 0.02907128 208 258 227 289
person 0.028979601 487 181 510 208
person 0.028946172 1262 678 1275 738
person 0.028814353 271 252 298 293
person 0.028757358 1184 118 1201 144
person 0.02867249 494 416 512 443
person 0.028419368 1263 -256 1274 -189
person 0.028368987 929 481 986 616
person 0.028336797 315 230 366 302
person 0.028233767 353 187 382 224
person 0.02800504 0 157 6 196
person 0.027909033 1251 -140 1281 -33
person 0.027860925 857 235 882 262
person 0.027766515 704 109 719 139
person 0.027758922 1007 -350 1022 -341
person 0.027722765 649 240 683 277
person 0.027714368 983 -350 998 -341
person 0.027699824 640 472 697 614
person 0.027641203 208 38 235 78
person 0.02757027 879 115 893 135
person 0.027563814 1032 -350 1047 -341
person 0.027549284 1267 231 1275 270
person 0.027528144 1095 52 1119 93
person 0.027521076 881 182 904 209
person 0.027520608 790 95 827 147
person 0.027469417 817 50 834 73
person 0.027458288 454 112 468 128
person 0.027450774 1262 92 1275 140
person 0.027363187 958 -350 973 -341
person 0.027235389 942 109 954 125
person 0.027200975 1056 -350 1071 -341
person 0.027177356 1197 444 1239 532
person 0.027066007 16 487 58 586
person 0.027001252 207 190 237 226
person 0.026985414 -6 255 10 288
person 0.026980551 306 104 335 139
person 0.026939254 53 -351 70 -343
person 0.026849633 693 205 716 233
person 0.026808934 1263 -206 1274 -140
person 0.026789501 812 213 837 240
person 0.026671458 1094 109 1128 162
person 0.026603835 793 782 821 858
person 0.026533863 798 276 835 317
person 0.026512777 842 48 859 71
person 0.026452633 147 125 160 140
person 0.02645047 1224 -351 1240 -343
person 0.026425505 1209 162 1224 186
person 0.02639627 12 470 48 539
person 0.026253605 505 52 534 88
person 0.026210202 1261 235 1279 267
person 0.026196131 1101 256 1125 283
person 0.026032483 1136 326 1169 371
person 0.026025785 843 782 871 858
person 0.025956394 708 192 722 217
person 0.02590998 1138 -339 1157 -279
person 0.02588536 854 215 878 242
person 0.025819805 934 -350 949 -342
person 0.025746334 1252 381 1278 453
person 0.025702285 1229 185 1240 208
person 0.025688363 1155 261 1177 291
person 0.025670212 631 385 681 458
person 0.025664827 739 474 796 616
person 0.02561497 543 24 561 45
person 0.025603147 337 137 351 153
person 0.025567245 1081 -350 1096 -341
person 0.025504282 -5 204 10 236
person 0.025367292 1080 127 1095 141
person 0.02535613 830 186 856 213
person 0.02533187 608 125 656 196
person 0.025319127 542 46 570 82
person 0.025303597 -3 -173 20 -32
person 0.025292337 1267 276 1274 317
person 0.02528471 959 -351 975 -325
person 0.025267715 984 -351 1000 -324
person 0.025158135 583 223 634 293
person 0.025134299 826 80 863 134
person 0.025123991 954 237 980 265
person 0.025041472 316 124 335 147
person 0.024975238 1008 -351 1024 -324
person 0.024913874 1022 241 1046 270
person 0.024897235 1171 184 1184 210
person 0.024760365 934 -351 951 -325
person 0.02473224 544 92 582 144
person 0.024641138 111 199 142 232
person 0.024632854 1171 258 1192 289
person 0.024627551 1033 -352 1049 -324
person 0.024509393 930 257 954 282
person 0.024448324 0 -13 11 68
person 0.024439024 1052 47 1071 89
person 0.024438763 744 782 772 858
person 0.024356386 1263 628 1274 692
person 0.024239106 1057 -352 1073 -324
person 0.02420554 541 225 594 295
person 0.024186129 412 50 440 86
person 0.024126565 491 69 512 93
person 0.02410079 1192 227 1204 254
person 0.024025809 105 242 139 278
person 0.024020767 910 -351 927 -326
person 0.024018392 784 233 810 257
person 0.023892421 516 132 529 148
person 0.023851443 1205 121 1223 147
person 0.02373569 909 -351 924 -342
person 0.023729322 1006 148 1053 224
person 0.023721326 152 194 182 227
person 0.023599172 256 46 282 85
person 0.023438802 853 262 877 288
person 0.023415212 556 232 590 271
person 0.023411239 891 782 919 858
person 0.023312083 1016 90 1051 145
person 0.023164485 977 211 1001 239
person 0.023152467 1223 -351 1243 -331
person 0.023114445 1180 156 1190 172
person 0.023113186 -1 297 5 339
person 0.02307949 587 251 609 278
person 0.023073468 0 594 9 686
person 0.023063984 1182 -295 1197 -236
person 0.023050968 1039 368 1081 428
person 0.023041466 1081 -351 1098 -325
person 0.02293971 941 -239 969 -173
person 0.022858968 117 129 161 209
person 0.022764299 622 99 658 152
person 0.022754274 1123 262 1145 291
person 0.02274433 1031 485 1087 627
person 0.02271953 248 94 278 129
person 0.022678481 885 -351 902 -327
person 0.022589218 695 782 723 859
person 0.022584422 907 107 920 135
person 0.022561539 233 295 261 340
person 0.022550039 932 -186 967 -131
person 0.02253161 0 -339 9 -247
person 0.022516908 856 184 880 210
person 0.022420226 985 835 1011 920
person 0.02240244 1094 -342 1121 -278
person 0.022400916 1076 734 1093 783
person 0.022395106 1105 -351 1120 -342
person 0.02236227 936 835 962 920
person 0.022348367 696 48 715 70
person 0.022332678 975 155 989 180
person 0.022302909 657 212 681 237
person 0.022166535 1220 207 1235 224
person 0.022127038 1178 -244 1198 -185
person 0.022109 223 167 242 191
person 0.022063531 877 139 895 159
person 0.022061935 1034 835 1060 920
person 0.021972204 887 835 913 920
person 0.021960337 733 -322 767 -226
person 0.021957602 1180 737 1203 792
person 0.021858638 896 180 965 275
person 0.021825172 371 49 389 70
person 0.021820944 45 -109 110 66
person 0.021709204 1034 179 1073 231
person 0.021691676 45 289 69 318
person 0.021680148 1089 785 1112 847
person 0.021616574 456 104 469 117
person 0.021609213 428 132 442 147
person 0.021573937 546 27 557 43
person 0.021450609 955 259 980 286
person 0.02143765 939 103 952 117
person 0.021391355 1000 135 1015 161
person 0.021342294 1083 835 1109 920
person 0.021279296 838 835 864 920
person 0.02122623 0 153 9 208
person 0.021207007 1105 -351 1122 -326
person 0.02117675 953 217 978 245
person 0.02117144 1202 -351 1221 -331
person 0.021163769 967 100 981 114
person 0.021145256 -9 -185 29 -6
person 0.021117851 0 549 8 644
person 0.021052504 865 43 883 66
person 0.021040598 686 427 790 606
person 0.021031981 1040 623 1056 684
person 0.020999007 -1 741 15 837
person 0.020987699 563 205 585 232
person 0.020965563 -5 452 13 480
person 0.02095987 1130 691 1147 738
person 0.02093812 1075 235 1099 265
person 0.02091706 1181 -197 1194 -135
person 0.020837707 1138 785 1161 846
person 0.020803887 889 595 900 633
person 0.020785488 1140 56 1164 98
person 0.020743767 748 55 760 68
person 0.02070569 709 227 733 254
person 0.02070295 146 240 179 276
person 0.020688478 646 782 674 859
person 0.020649856 1194 233 1213 247
person 0.020637732 0 417 23 492
person 0.020627525 884 -351 900 -342
person 0.020621384 11 154 49 243
person 0.020615192 1144 637 1162 695
person 0.020602645 1202 -351 1218 -343
person 0.02057951 668 597 680 628
person 0.020483073 1096 804 1132 913
person 0.02047814 980 279 1004 304
person 0.0204719 153 287 255 448
person 0.020459509 494 237 527 280
person 0.020447562 0 140 6 175
person 0.02038294 588 240 610 267
person 0.020379808 789 835 815 920
person 0.020322597 859 -351 878 -328
person 0.020292768 125 -330 159 -236
person 0.020254597 637 43 658 65
person 0.020224055 871 134 885 153
person 0.020218333 596 782 624 859
person 0.020182004 1263 888 1271 942
person 0.020145869 289 187 308 215
person 0.020075802 1267 120 1275 136
person 0.02007438 868 57 901 113
person 0.020068038 1266 303 1274 344
person 0.02006725 548 -281 579 -180
person 0.020031897 70 -24 101 46
person 0.019962246 932 329 967 374
person 0.019955456 692 597 704 628
person 0.019938383 -6 475 15 504
person 0.019882828 124 -268 139 -191
person 0.01987051 1215 185 1227 202
person 0.019844774 976 207 1068 373
person 0.019832456 1019 305 1088 399
person 0.01982601 649 285 684 327
person 0.019791268 933 58 960 96
person 0.0197762 806 239 831 264
person 0.019754015 512 184 535 208
person 0.019746484 1267 550 1275 589
person 0.019722944 990 622 1006 680
person 0.019669719 547 782 576 859
person 0.019647393 498 782 526 859
person 0.019644547 110 779 136 857
person 0.019575873 709 454 779 580
person 0.019566027 1096 310 1122 336
person 0.019565264 644 595 655 629
person 0.019564396 308 51 335 89
person 0.019562978 886 322 931 380
person 0.019516684 343 182 365 210
person 0.019508788 769 55 781 68
person 0.01948542 16 462 35 531
person 0.01943506 989 -236 1019 -176
person 0.019426195 1130 227 1143 257
person 0.019401755 421 485 444 516
person 0.019387363 17 475 43 505
person 0.0193473 -1 251 6 293
person 0.01931395 103 426 154 482
person 0.019224387 765 597 777 629
person 0.01918111 449 782 477 859
person 0.019155193 450 -284 481 -184
person 0.01914205 879 212 903 237
person 0.019134728 740 835 766 920
person 0.019086692 401 133 415 149
person 0.019058783 253 782 281 859
person 0.019015076 69 52 107 152
person 0.019008884 859 795 882 878
person 0.018980345 -5 179 10 210
person 0.018963229 907 795 931 878
person 0.018950783 1129 -351 1147 -328
person 0.018947473 940 782 967 858
person 0.018931467 1266 57 1274 93
person 0.018923976 620 594 631 631
person 0.018905848 499 673 513 723
person 0.018905606 204 782 232 859
person 0.018814223 1263 -159 1274 -89
person 0.018803108 1081 172 1125 249
person 0.018686622 1040 784 1064 847
person 0.018628582 717 597 728 628
person 0.018621327 1232 116 1249 143
person 0.018614061 400 782 428 859
person 0.018606162 1262 45 1274 100
person 0.01857177 1266 350 1274 390
person 0.018569868 1092 623 1108 684
person 0.018564118 1201 179 1242 260
person 0.018552706 614 24 634 45
person 0.018526299 0 449 8 482
person 0.018469075 865 594 877 632
person 0.018450612 0 -92 9 8
person 0.018414335 835 -351 854 -329
person 0.018409884 365 184 386 210
person 0.01838582 437 132 451 156
person 0.018383997 563 177 576 201
person 0.018370068 1129 -351 1144 -342
person 0.018338924 314 228 343 271
person 0.018291561 270 202 289 234
person 0.018245833 -9 -264 28 -99
person 0.018238096 0 787 15 888
person 0.018218992 691 835 717 921
person 0.018174779 645 -271 676 -167
person 0.018173972 399 306 447 381
person 0.01815689 793 44 811 67
person 0.018156728 1233 333 1292 448
person 0.018089911 915 461 995 656
person 0.01804412 351 782 379 859
person 0.01799145 1190 325 1221 370
person 0.017974548 738 -147 760 -99
person 0.017963273 89 43 125 144
person 0.017931715 795 -325 830 -226
person 0.01789344 790 596 802 630
person 0.017883226 991 784 1015 847
person 0.017877048 302 782 330 859
person 0.01783318 90 -117 144 33
person 0.017797645 626 138 668 190
person 0.017744608 0 -317 6 -268
person 0.01772351 89 74 118 115
person 0.017707089 255 -279 286 -176
person 0.017699344 1256 766 1276 850
person 0.017692838 1198 284 1218 312
person 0.017692821 1266 -91 1274 -44
person 0.01765603 0 -341 6 -295
person 0.017622294 160 -263 172 -197
person 0.01761962 724 58 759 111
person 0.017595394 642 835 668 921
person 0.01757327 956 796 980 878
person 0.017570207 1029 731 1047 781
person 0.017531916 859 -351 875 -342
person 0.017522573 1183 646 1199 692
person 0.017501414 1200 799 1235 914
person 0.017460432 557 160 573 182
person 0.017442795 1262 255 1278 287
person 0.01743644 976 264 1001 291
person 0.017435433 836 263 849 277
person 0.017425856 1224 278 1244 310
person 0.01741397 1079 261 1103 290
person 0.0173693 992 814 1029 923
person 0.01734174 467 104 482 118
person 0.01733529 887 45 906 69
person 0.017325731 584 188 608 213
person 0.01732345 702 -289 734 -185
person 0.017283993 294 797 315 826
person 0.017262148 319 796 339 826
person 0.01725668 343 796 364 826
person 0.017247094 809 795 833 878
person 0.017242793 270 797 290 826
person 0.01721306 417 796 437 826
person 0.017212817 1182 -148 1194 -87
person 0.017206728 368 796 388 826
person 0.017204076 392 796 413 826
person 0.01719873 441 796 462 826
person 0.017184028 245 797 266 826
person 0.017176524 441 732 463 780
person 0.017124545 593 835 619 921
person 0.01711036 1249 641 1279 745
person 0.017065445 1064 482 1121 611
person 0.017038273 221 797 241 826
person 0.01703642 130 125 145 141
person 0.017033499 1132 835 1158 921
person 0.017008623 640 45 654 61
person 0.017001463 394 233 426 274
person 0.016991999 466 796 486 826
person 0.016976038 1267 857 1274 909
person 0.016916292 417 185 440 210
person 0.016891705 741 601 750 624
person 0.016888047 -6 734 16 876
person 0.016840667 0 882 10 938
person 0.016838219 617 27 629 43
person 0.01681673 780 436 849 548
person 0.016815618 490 796 511 826
person 0.01679511 544 835 570 921
person 0.016787529 696 57 732 110
person 0.016774422 392 733 414 779
person 0.016764421 353 -285 384 -184
person 0.016763423 975 98 1013 153
person 0.01674099 1005 796 1029 878
person 0.016730594 568 24 588 45
person 0.016709873 795 -291 825 -185
person 0.016695762 107 -146 140 -29
person 0.016666517 593 105 635 159
person 0.01663901 515 796 535 826
person 0.016619654 474 72 494 96
person 0.01660339 196 797 217 827
person 0.016566869 539 796 560 826
person 0.016561672 495 835 521 921
person 0.016543027 564 796 584 826
person 0.016521327 -1 281 6 323
person 0.016510267 588 796 609 826
person 0.01649738 1267 -44 1274 5
person 0.016493728 453 58 482 95
person 0.01648533 54 835 81 921
person 0.016469589 1036 -346 1065 -280
person 0.016465457 773 161 786 185
person 0.016432801 1267 -18 1275 28
person 0.016408611 1266 325 1275 365
person 0.016400164 -6 34 11 61
person 0.016373547 613 796 633 826
person 0.016369278 297 -351 316 -328
person 0.016367912 201 835 227 921
person 0.016366906 73 -209 95 -128
person 0.016360583 273 -351 291 -328
person 0.01635848 322 -351 340 -328
person 0.016348751 -14 624 33 763
person 0.016338527 248 -351 267 -328
person 0.016336089 346 -351 365 -328
person 0.016332895 446 835 472 921
person 0.016327081 395 -351 414 -328
person 0.01632555 371 -351 389 -328
person 0.016319793 420 -351 438 -328
person 0.01631846 224 -351 242 -328
person 0.016308084 493 -351 512 -328
person 0.016307166 469 -351 487 -328
person 0.016306164 444 -351 463 -328
person 0.016297303 590 25 610 45
person 0.01628956 490 732 512 781
person 0.016286343 695 278 732 319
person 0.016279867 518 -351 536 -328
person 0.016274797 1065 101 1077 115
person 0.016268408 1261 353 1278 386
person 0.016264867 353 674 367 722
person 0.01625685 988 70 1005 94
person 0.016245736 -1 31 6 64
person 0.016228333 542 -351 561 -328
person 0.01621334 637 796 658 826
person 0.016198168 567 -351 585 -328
person 0.01618199 155 417 206 471
person 0.016177155 255 676 269 720
person 0.016152268 591 -351 610 -328
person 0.016141193 397 835 423 921
person 0.016138693 199 -351 218 -328
person 0.016134968 152 835 178 921
person 0.016125267 151 542 166 555
person 0.01607751 425 54 435 69
person 0.016055726 1050 235 1073 264
person 0.016033787 154 138 183 173
person 0.016030816 616 -351 634 -328
person 0.016026102 811 -351 830 -329
person 0.016024109 957 116 972 139
person 0.016014615 156 781 183 859
person 0.015996186 250 835 276 921
person 0.015969692 1181 836 1207 920
person 0.015968284 702 193 714 216
person 0.01596808 662 796 683 826
person 0.01596551 761 407 865 597
person 0.01593917 1153 -351 1171 -329
person 0.015938027 348 834 374 921
person 0.01592318 596 594 607 632
person 0.015898645 908 257 932 283
person 0.01588374 304 676 318 721
person 0.015859764 299 834 325 921
person 0.015819706 986 -341 1014 -273
person 0.015797457 1267 -68 1275 -20
person 0.015789466 686 796 707 826
person 0.015786665 116 800 152 919
person 0.01578637 1266 5 1274 49
person 0.01578634 456 234 490 276
person 0.015778948 640 -351 659 -328
person 0.015738595 636 139 651 154
person 0.015722353 -1 565 6 606
person 0.015708296 721 53 734 67
person 0.015704757 594 28 606 44
person 0.015694786 -5 161 11 193
person 0.015637366 328 85 347 110
person 0.015636852 175 -351 193 -328
person 0.015633168 665 -351 683 -328
person 0.0156202 343 733 365 779
person 0.015582176 245 733 268 779
person 0.0155299 65 242 177 399
person 0.015526327 669 46 689 69
person 0.015525154 1055 796 1078 878
person 0.015518809 815 596 827 632
person 0.015516493 883 -193 913 -131
person 0.015505242 711 796 732 826
person 0.01548553 300 326 352 398
person 0.015472912 402 674 416 723
person 0.015419941 -6 84 12 113
person 0.015399785 890 601 898 626
person 0.015378794 356 71 365 88
person 0.015374167 204 151 233 185
person 0.015342331 312 58 331 83
person 0.015314068 1111 -333 1121 -291
person 0.015291634 1265 793 1275 885
person 0.015266454 1179 215 1241 317
person 0.015258799 735 796 756 826
person 0.015244784 172 796 192 827
person 0.015191681 759 232 783 258
person 0.015161705 845 -343 863 -281
person 0.01515426 241 99 260 120
person 0.015142906 491 26 510 46
person 0.015142785 1084 92 1102 116
person 0.01513677 983 58 1009 96
person 0.015127099 1266 -115 1274 -70
person 0.01512391 74 142 87 161
person 0.015105892 840 594 851 631
person 0.015083577 247 -109 266 -78
person 0.015071913 689 -351 708 -328
person 0.015057005 74 122 92 139
person 0.0150513565 1255 -261 1276 -182
person 0.015013662 808 257 832 279
person 0.015004864 613 183 637 207
person 0.014987178 24 498 42 575
person 0.014986431 1243 34 1276 131
person 0.014982674 0 -294 6 -243
person 0.014981033 1156 280 1177 310
person 0.014960747 1201 797 1224 882
person 0.014954733 696 672 711 721
person 0.0149533 731 233 755 258
person 0.014949957 571 594 582 633
person 0.014948545 962 65 979 88
person 0.014941407 936 683 952 729
person 0.01490983 343 210 364 238
person 0.014878571 760 795 783 878
person 0.014871771 868 48 879 63
person 0.014871535 74 553 84 569
person 0.014869761 760 796 781 826
person 0.01486143 79 23 134 164
person 0.014859677 150 -351 169 -328
person 0.014848283 525 78 539 93
person 0.014829567 203 29 239 89
person 0.014783074 835 -351 851 -342
person 0.014776395 239 -108 291 54
person 0.014773673 305 119 323 143
person 0.014754502 1266 620 1274 663
person 0.014742606 787 -351 806 -329
person 0.014736048 1100 -60 1118 -48
person 0.014720229 878 237 902 263
person 0.014681033 571 27 583 43
person 0.014631419 222 -109 242 -79
person 0.014624271 730 96 771 149
person 0.0146238515 1171 415 1262 596
person 0.014601508 784 795 805 826
person 0.014594821 104 834 129 922
person 0.014594342 1153 -351 1169 -342
person 0.014569469 77 -351 96 -331
person 0.014568875 1267 572 1274 613
person 0.014552385 321 209 341 239
person 0.014546292 1175 279 1197 308
person 0.014496751 1211 428 1243 500
person 0.014493999 16 494 47 522
person 0.0144652845 495 44 514 67
person 0.014460404 714 -351 732 -328
person 0.014434856 542 532 559 567
person 0.01440967 1126 740 1149 794
person 0.014406242 1266 644 1274 687
person 0.014403738 445 119 511 220
person 0.01437266 0 354 8 391
person 0.014364968 1017 467 1099 662
person 0.014364198 1254 -351 1278 -279
person 0.014338762 1104 796 1127 879
person 0.014329411 685 235 708 260
person 0.01431798 839 323 883 381
person 0.0143100545 795 325 850 399
person 0.014298738 0 424 7 459
person 0.014286197 541 353 592 428
person 0.014261635 309 114 375 216
person 0.014249318 450 674 464 722
person 0.014238279 820 55 831 68
person 0.014217687 126 -351 144 -329
person 0.0142127285 -4 -354 16 -271
person 0.014199779 80 -338 93 -282
person 0.01418669 393 183 415 208
person 0.014173112 207 674 221 721
person 0.0141305225 809 795 830 826
person 0.014119466 31 291 53 322
person 0.014100515 763 -351 781 -329
person 0.01409522 889 -347 906 -279
person 0.014094432 338 402 362 424
person 0.014079498 184 235 300 396
person 0.014046817 294 734 316 779
person 0.014042934 0 -293 10 -195
person 0.014035958 1177 -351 1193 -342
person 0.014031631 621 431 722 602
person 0.014018264 114 337 143 365
person 0.014006931 1028 283 1052 308
person 0.014003178 521 593 535 632
person 0.013990762 836 228 849 253
person 0.013941564 272 -109 290 -78
person 0.013923064 1177 -351 1196 -331
person 0.013919876 1197 -87 1230 16
person 0.013837868 658 233 681 259
person 0.01383007 738 -351 757 -328
person 0.01380654 941 613 957 682
person 0.01379336 1266 -140 1274 -94
person 0.01377751 845 53 856 67
person 0.0137723265 863 467 935 578
person 0.013745165 0 641 10 733
person 0.013711404 542 734 557 783
person 0.013708142 589 214 613 238
person 0.013705382 1255 -212 1276 -132
person 0.0136733595 979 729 998 781
person 0.0136429295 1074 -61 1095 -49
person 0.013635483 816 624 828 661
person 0.013618889 374 136 392 158
person 0.013575923 42 313 61 360
person 0.013552877 0 109 7 145
person 0.013547581 1074 328 1100 351
person 0.013520658 1264 -116 1274 -36
person 0.013517021 969 157 983 175
person 0.013512354 -4 -336 10 -301
person 0.013501103 118 471 230 669
person 0.013493636 1257 804 1276 898
person 0.013489681 102 138 114 156
person 0.013483013 0 7 8 47
person 0.0134497825 1266 -311 1274 -266
person 0.013449376 1128 213 1143 227
person 0.013439167 833 795 854 826
person 0.013430093 485 137 502 156
person 0.013421996 711 795 734 879
person 0.013420429 -1 549 6 589
person 0.013404761 0 -269 6 -219
person 0.013391942 374 51 385 67
person 0.013389819 -1 692 15 789
person 0.013386827 598 673 611 722
person 0.013371671 0 24 12 91
person 0.013339356 197 -109 217 -79
person 0.013329028 0 590 7 636
person 0.013311368 801 -342 819 -281
person 0.0133055635 -5 112 12 143
person 0.013287554 917 -334 926 -292
person 0.013242634 977 237 1001 263
person 0.013232911 1140 -327 1177 -237
person 0.013232077 591 733 607 784
person 0.013220153 978 -182 1019 -133
person 0.013192687 892 818 930 929
person 0.013190403 345 232 365 263
person 0.013176308 0 637 6 686
person 0.01317585 -7 64 13 91
person 0.013170519 112 -27 144 43
person 0.01314624 797 49 807 64
person 0.013122185 526 346 560 409
person 0.013103179 886 -347 919 -250
person 0.013070304 399 597 412 632
person 0.013046007 791 626 803 662
person 0.013026625 0 661 6 711
person 0.013026172 518 159 531 184
person 0.013026 -5 427 13 455
person 0.013001 943 -354 961 -276
person 0.0129981125 1183 627 1195 661
person 0.012983713 347 90 366 114
person 0.0129687805 634 208 658 233
person 0.012966919 523 142 595 241
person 0.012966491 0 685 6 735
person 0.01295958 609 240 631 265
person 0.012942165 1266 -165 1274 -119
person 0.012937298 267 497 308 555
person 0.012934461 811 -351 827 -342
person 0.012934437 836 53 871 109
person 0.012917409 547 593 557 632
person 0.012893796 1266 668 1274 712
person 0.012877184 764 624 778 662
person 0.012867624 0 -245 6 -195
person 0.012866212 858 794 879 825
person 0.012855515 1262 328 1278 362
person 0.012852599 879 184 982 350
person 0.0128483465 793 817 831 929
person 0.012834396 943 71 954 85
person 0.012827848 597 274 630 317
person 0.012810662 752 475 842 665
person 0.012797258 1266 -263 1274 -217
person 0.01279527 1261 307 1278 340
person 0.012767889 840 622 852 660
person 0.0127530815 0 -190 15 -92
person 0.012722918 1031 -72 1067 17
person 0.012720324 127 -339 141 -283
person 0.012692235 0 710 6 760
person 0.012671648 1265 32 1274 70
person 0.012653297 47 13 128 190
person 0.012641633 1177 -342 1202 -272
person 0.012636516 0 -220 6 -170
person 0.012630871 1261 381 1278 414
person 0.012618264 0 -144 10 -48
person 0.012596604 1133 108 1167 162
person 0.012592677 1266 -189 1274 -143
person 0.012589003 739 624 752 661
person 0.0125877345 1207 250 1220 277
person 0.01258063 892 -334 902 -292
person 0.012580073 75 -262 95 -177
person 0.012574784 112 349 150 378
person 0.012564019 132 -209 144 -142
person 0.012557568 1266 -287 1274 -242
person 0.01255665 123 -214 145 -132
person 0.01254114 1191 59 1208 102
person 0.012533267 1088 136 1105 159
person 0.012518727 229 123 296 228
person 0.01250794 792 -203 804 -151
person 0.012495229 -4 -310 10 -276
person 0.012493381 356 249 462 390
person 0.012466748 292 208 311 237
person 0.012432223 662 795 685 879
person 0.012411319 218 185 238 212
person 0.012397707 1266 -214 1274 -168
person 0.012348265 73 723 96 802
person 0.012343126 297 -108 315 -77
person 0.012306778 167 -345 184 -284
person 0.012296951 1266 378 1274 417
person 0.012282388 793 674 809 724
person 0.012243571 1266 -238 1274 -192
person 0.012236577 101 -351 120 -330
person 0.01223486 502 614 514 675
person 0.012230406 745 673 760 721
person 0.012227479 72 794 94 880
person 0.012224273 398 449 425 490
person 0.012221521 695 818 732 930
person 0.012205959 318 732 366 849
person 0.012205263 0 -243 10 -146
person 0.012186003 -7 498 15 528
person 0.012182617 512 210 533 235
person 0.012180585 1101 521 1124 557
person 0.01217692 549 673 562 722
person 0.012173674 147 796 167 827
person 0.012163608 376 595 388 630
person 0.012145374 1011 70 1028 94
person 0.012119262 0 -195 6 -146
person 0.012100305 102 121 169 230
person 0.012092168 599 607 612 682
person 0.01208455 1266 595 1274 637
person 0.012078181 1132 378 1173 440
person 0.012072459 206 96 236 132
person 0.012067381 490 209 513 232
person 0.012063375 195 732 218 780
person 0.01205968 344 385 376 428
person 0.012032879 206 814 244 928
person 0.011997139 523 42 543 65
person 0.011993466 346 51 365 71
person 0.011983412 517 -108 535 -77
person 0.011977249 -6 335 14 361
person 0.011974438 941 -335 950 -292
person 0.0119705405 0 735 6 784
person 0.011942533 635 22 655 44
person 0.011925811 882 794 903 825
person 0.011910039 990 371 1032 431
person 0.011890189 1161 171 1175 191
person 0.011888173 610 259 633 285
person 0.011879735 1123 521 1143 556
person 0.011878022 1087 -334 1097 -292
person 0.01185688 496 593 510 632
person 0.011850758 1176 685 1203 753
person 0.011849675 313 51 333 72
person 0.011847839 1049 -61 1071 -49
person 0.011837833 -1 -16 20 67
person 0.011836059 1266 88 1274 108
person 0.011809915 448 594 460 633
person 0.011788325 813 134 827 157
person 0.0117588 687 -145 713 -105
person 0.011739886 541 -108 559 -77
person 0.01173608 412 462 436 490
person 0.011729756 879 260 902 285
person 0.011716971 1262 281 1278 312
person 0.011689324 471 258 492 284
person 0.011676132 994 -299 1017 -221
person 0.011670856 238 480 260 504
person 0.011668678 0 856 6 910
person 0.01165985 972 439 1044 557
person 0.011654247 1264 -14 1274 61
person 0.011649821 708 201 722 225
person 0.011636679 613 795 636 880
person 0.011606827 1158 626 1170 663
person 0.011589669 890 -245 914 -172
person 0.011584983 787 -351 803 -342
person 0.0115661165 492 -109 510 -77
person 0.011537875 1080 333 1095 347
person 0.011533461 537 725 562 800
person 0.011526617 -6 359 14 385
person 0.011517759 426 596 437 633
person 0.01150123 1266 260 1274 277
person 0.011488968 640 558 655 579
person 0.011484821 0 471 9 507
person 0.011484192 -5 143 10 172
person 0.011461101 1034 155 1048 184
person 0.011437091 49 243 92 297
person 0.011434396 1135 599 1145 636
person 0.011413297 1255 720 1277 797
person 0.0114041595 693 76 741 153
person 0.011395782 596 820 634 933
person 0.011386498 1268 836 1275 885
person 0.011382386 1267 523 1274 564
person 0.01138163 404 457 416 473
person 0.01138148 351 620 364 658
person 0.0113705285 979 526 1000 561
person 0.011336686 619 161 635 176
person 0.011336386 883 580 894 616
person 0.011322425 409 64 453 149
person 0.011321715 70 -157 94 -78
person 0.0113185765 77 -351 93 -343
person 0.011317942 789 -146 804 -95
person 0.0113081075 321 -109 339 -77
person 0.011305766 0 -171 6 -122
person 0.0112890955 251 -92 285 24
person 0.011268268 587 278 610 303
person 0.011266579 95 309 122 339
person 0.011262501 610 215 633 239
person 0.011260944 1187 123 1198 138
person 0.011221834 623 59 658 112
person 0.01119159 468 -109 486 -77
person 0.0111621665 55 811 73 846
person 0.01114938 539 211 562 237
person 0.011147488 1153 797 1176 882
person 0.011131494 836 772 853 804
person 0.011129233 746 140 843 296
person 0.011119968 955 524 977 559
person 0.011119759 42 192 58 219
person 0.011078678 0 82 7 115
person 0.011076569 418 734 465 846
person 0.011071612 -1 148 6 166
person 0.011060534 841 -158 853 -102
person 0.01105314 178 594 190 631
person 0.011051185 0 613 6 661
person 0.01104132 753 -343 770 -282
person 0.01102961 368 211 389 238
person 0.011021567 965 -335 975 -292
person 0.011021142 1159 602 1168 628
person 0.011019437 274 508 298 535
person 0.011015701 564 795 587 880
person 0.011015322 575 143 589 164
person 0.0110084 782 726 805 785
person 0.010984736 914 593 925 632
person 0.010972367 790 52 826 108
person 0.010952969 1207 625 1219 659
person 0.010948119 463 209 486 232
person 0.010942209 462 387 554 586
person 0.010938266 125 -237 157 -126
person 0.010927629 304 369 347 429
person 0.01092191 470 24 489 45
person 0.010920809 1051 467 1132 651
person 0.01090475 444 -109 461 -76
person 0.010898858 272 813 294 845
person 0.010885686 688 730 705 785
person 0.010876028 248 813 270 845
person 0.010873889 297 -351 313 -342
person 0.0108719645 321 -351 338 -342
person 0.010867633 272 -351 289 -342
person 0.0108675305 223 814 245 845
person 0.0108595835 346 -351 362 -342
person 0.010857688 240 23 279 122
person 0.010857427 321 813 343 845
person 0.010856772 395 -351 411 -342
person 0.010855512 370 -351 387 -342
person 0.010854714 297 813 319 845
person 0.010853837 419 -351 436 -342
person 0.010851355 493 -351 509 -342
person 0.010850976 248 -351 264 -342
person 0.010850976 468 -351 485 -342
person 0.010848305 444 -351 460 -342
person 0.010846617 0 759 7 808
person 0.010842233 223 -351 240 -342
person 0.010837039 209 734 264 854
person 0.010833742 517 -351 534 -342
person 0.010829022 346 813 368 845
person 0.010820153 227 597 240 632
person 0.010805979 542 -351 558 -342
person 0.01080227 370 813 392 845
person 0.010790994 517 735 562 849
person 0.010787732 1054 795 1076 824
person 0.010787071 566 -351 583 -342
person 0.010780016 172 -110 193 -79
person 0.010775861 855 278 878 303
person 0.010769571 395 813 417 845
person 0.010760578 591 -351 607 -342
person 0.010760105 192 530 218 561
person 0.010745097 587 383 609 419
person 0.0107447775 199 -351 215 -342
person 0.010739928 419 813 441 846
person 0.010735795 1135 -332 1146 -291
person 0.010734812 1266 558 1274 577
person 0.010726785 1134 604 1142 627
person 0.010725121 811 772 829 804
person 0.010720877 1266 717 1274 762
person 0.010718141 904 734 954 853
person 0.010705725 891 50 902 65
person 0.010701762 860 772 878 803
person 0.010699778 589 344 710 493
person 0.010694291 0 784 7 832
person 0.010692395 212 47 233 69
person 0.010689632 151 550 170 578
person 0.010689476 221 795 244 880
person 0.010687086 762 -351 779 -342
person 0.010679577 615 -351 632 -342
person 0.010665313 43 503 70 533
person 0.010660972 349 53 360 69
person 0.0106544 397 462 468 573
person 0.010646864 515 795 538 880
person 0.0106386645 444 813 466 846
person 0.010634991 908 794 928 825
person 0.010630538 26 461 48 487
person 0.010612013 468 813 490 846
person 0.010597024 990 -335 999 -292
person 0.010577558 530 70 576 152
person 0.010567483 843 131 858 158
person 0.010560076 1094 -131 1126 -34
person 0.010555722 640 -351 656 -342
person 0.010554875 493 813 515 846
person 0.010553342 1266 285 1273 303
person 0.010550624 787 772 804 804
person 0.010540509 91 760 171 952
person 0.010532073 562 235 585 259
person 0.010528742 517 813 539 846
person 0.010521165 199 813 221 846
person 0.010511287 664 -351 681 -342
person 0.010511246 419 -109 437 -76
person 0.010505531 440 162 453 186
person 0.010503826 566 813 588 845
person 0.0105034625 1079 795 1100 824
person 0.010495982 915 573 925 610
person 0.010488057 591 813 613 845
person 0.010481453 697 612 711 688
person 0.0104791485 174 -351 191 -342
person 0.01047723 640 732 656 785
person 0.010474081 1109 -84 1144 9
person 0.010467954 542 813 564 846
person 0.010465021 615 813 637 845
person 0.010449202 479 155 490 172
person 0.010441154 301 822 339 934
person 0.010425538 346 -109 363 -76
person 0.010419592 -1 164 6 184
person 0.010418732 270 795 293 881
person 0.010412878 466 795 489 880
person 0.010409252 26 863 44 901
person 0.010406154 757 468 784 504
person 0.010396019 201 412 322 593
person 0.010392026 666 131 773 300
person 0.010388809 390 211 412 237
person 0.010375568 475 138 492 164
person 0.010368123 1182 598 1195 632
person 0.010358401 1267 813 1275 859
person 0.010355204 640 813 662 845
person 0.01035262 566 -108 584 -76
person 0.010350597 115 757 148 883
person 0.010349831 689 -351 705 -342
person 0.010342804 1093 746 1140 880
person 0.010331555 1030 794 1051 825
person 0.010326282 808 731 856 849
person 0.010313035 243 237 261 270
person 0.010291535 323 11 342 36
person 0.010278634 395 -109 412 -76
person 0.010277625 45 520 70 553
person 0.0102734305 932 794 953 826
person 0.010269421 390 -143 419 -102
person 0.010260376 1183 591 1200 646
person 0.010254558 664 813 686 845
person 0.010240092 794 -263 806 -201
person 0.010236677 251 119 271 144
person 0.010227312 -1 184 6 203
person 0.010225764 149 314 170 365
person 0.010220447 54 788 72 824
person 0.01021994 1063 -335 1073 -292
person 0.010218011 -4 13 13 43
person 0.010213744 762 773 780 804
person 0.010205476 417 795 440 881
person 0.010195619 497 822 535 935
person 0.010194893 350 603 367 639
person 0.01018778 930 522 954 558
person 0.010180781 713 -351 730 -342
person 0.0101805255 586 725 611 800
person 0.010167518 999 279 1101 452
person 0.010146457 -4 791 11 824
person 0.010142909 738 -351 754 -342
person 0.01013941 375 431 489 605
person 0.010137271 -1 376 6 410
person 0.010134128 1084 405 1097 421
person 0.010133582 0 -146 7 -97
person 0.010125951 371 -109 388 -76
person 0.010119821 1005 794 1026 825
person 0.010117242 453 615 465 676
person 0.010114077 296 13 315 37
person 0.010108516 689 813 711 845
person 0.010108487 1207 596 1218 630
person 0.010098524 1127 -60 1141 -46
person 0.01008245 474 414 538 540
person 0.010077364 742 324 785 385
person 0.010071976 841 -332 855 -292
person 0.010059132 867 -334 878 -292
person 0.010053052 614 734 661 848
person 0.010046372 1014 -335 1024 -292
person 0.0100450115 715 157 728 182
person 0.010034794 295 96 391 274
person 0.01002294 393 233 414 261
person 0.010019079 260 152 271 165
person 0.010017803 368 795 391 881
person 0.010009388 150 -351 166 -342
person 0.010001529 713 813 735 845
