person 0.75203323 734 174 763 209
person 0.72178257 765 153 790 185
person 0.71259785 926 141 949 174
person 0.7089773 800 129 824 159
person 0.7016379 830 95 847 118
person 0.7014216 726 61 740 81
person 0.68545943 474 93 492 117
person 0.6811343 847 79 861 100
person 0.678115 708 50 722 69
person 0.672633 632 60 646 80
person 0.66787815 979 147 1001 180
person 0.665835 601 82 617 103
person 0.66119343 748 60 763 79
person 0.64630073 890 78 905 98
person 0.6409064 816 77 832 98
person 0.64021546 997 82 1011 103
person 0.6381262 749 92 767 116
person 0.6329468 360 93 376 116
person 0.62848306 535 97 551 119
person 0.62386906 646 166 675 199
person 0.62267834 830 64 844 83
person 0.6213917 610 61 625 81
person 0.6202628 503 117 525 147
person 0.61997026 496 72 512 93
person 0.618803 452 87 468 110
person 0.61723167 996 127 1012 152
person 0.61552733 956 101 972 124
person 0.61335826 771 72 787 92
person 0.60579735 924 83 939 103
person 0.6003782 520 88 536 110
person 0.59745276 517 69 531 89
person 0.5945973 638 134 664 164
person 0.5844762 199 194 234 241
person 0.5774742 949 129 966 155
person 0.57397175 911 173 937 210
person 0.5571882 919 97 935 119
person 0.5394324 426 80 442 99
person 0.53264004 689 63 703 83
person 0.5296927 904 32 917 52
person 0.52281255 881 93 896 113
person 0.51929206 544 73 558 92
person 0.51872873 565 81 581 100
person 0.5132295 571 62 585 80
person 0.5094628 668 62 683 82
person 0.5018976 433 95 450 117
person 0.4993149 468 122 486 148
person 0.49469382 644 45 658 63
person 0.4944814 1004 97 1018 120
person 0.4934725 889 158 913 190
person 0.49147215 417 119 435 144
person 0.4791567 670 118 689 141
person 0.4537423 630 82 646 103
person 0.45313796 561 53 571 69
person 0.44112998 884 133 902 156
person 0.42833042 418 88 434 110
person 0.39283288 609 62 619 79
person 0.3810668 907 54 921 75
person 0.34242058 691 67 707 87
person 0.3390792 666 68 681 86
person 0.32182807 667 113 686 137
person 0.29860377 560 101 578 122
person 0.28693688 662 23 675 42
person 0.28554568 994 91 1011 116
person 0.274831 811 81 829 103
person 0.2546089 776 99 794 121
person 0.2476272 646 150 673 182
person 0.23651639 959 107 974 130
person 0.22803906 772 105 796 133
person 0.22455378 754 60 769 78
person 0.22452492 158 226 201 273
person 0.21781373 951 121 969 145
person 0.20728815 553 109 572 130
person 0.19522066 746 68 762 88
person 0.1950773 625 121 649 148
person 0.19196701 415 127 439 156
person 0.19145578 421 84 437 104
person 0.18910144 992 289 1033 355
person 0.18655135 499 87 517 110
person 0.17685688 710 51 719 64
person 0.17508079 524 166 550 198
person 0.17394568 907 34 915 47
person 0.17225777 646 47 655 60
person 0.16274837 290 446 312 482
person 0.1623657 546 74 555 88
person 0.1599416 888 77 909 105
person 0.15685177 424 120 442 143
person 0.15649465 629 82 640 100
person 0.15500301 660 30 673 48
person 0.15489917 650 139 671 162
person 0.15059267 1063 95 1070 122
person 0.14738248 454 110 475 135
person 0.14646937 742 62 766 90
person 0.1455482 694 102 721 131
person 0.1443392 664 99 683 121
person 0.14275461 872 92 889 113
person 0.1416134 725 167 768 222
person 0.14135002 900 144 919 167
person 0.13852523 821 133 847 163
person 0.13849854 152 247 214 332
person 0.13742922 519 72 529 84
person 0.13606498 840 95 858 117
person 0.13562389 924 119 942 141
person 0.13483025 975 359 1031 465
person 0.13429694 898 150 920 176
person 0.13257046 995 77 1015 107
person 0.12620918 900 159 938 217
person 0.12614274 1060 97 1073 121
person 0.12594219 911 76 928 97
person 0.124603964 691 62 701 77
person 0.12414902 719 73 736 93
person 0.12379898 1057 141 1070 184
person 0.123608574 546 75 571 105
person 0.12291465 873 76 888 95
person 0.12278839 1026 145 1042 168
person 0.12253487 802 91 820 114
person 0.12167066 454 85 466 103
person 0.12092743 908 169 932 196
person 0.12056428 961 96 978 118
person 0.1201573 962 157 981 183
person 0.11967517 670 56 680 75
person 0.11800178 598 88 615 108
person 0.11799367 723 56 745 83
person 0.11692767 613 62 623 75
person 0.11598463 878 102 903 133
person 0.11556459 567 77 578 95
person 0.11549418 883 123 902 144
person 0.11517622 561 24 572 40
person 0.112434044 620 95 641 118
person 0.11159281 570 99 587 118
person 0.11127406 1002 84 1013 102
person 0.11075878 1000 121 1017 144
person 0.10888933 182 187 241 265
person 0.10830776 773 74 796 103
person 0.10776669 631 93 650 115
person 0.107451886 1009 195 1033 230
person 0.10670118 728 59 738 76
person 0.10592968 711 46 721 62
person 0.10456466 698 101 717 122
person 0.10415908 572 104 598 134
person 0.10401462 800 123 820 145
person 0.10380584 917 99 927 118
person 0.10350233 785 131 806 156
person 0.10235718 547 63 558 80
person 0.102327265 634 52 644 76
person 0.10151109 463 114 494 157
person 0.10084661 503 135 530 167
person 0.10079514 893 78 903 92
person 0.10028945 399 104 415 124
person 0.099721506 675 100 694 121
person 0.09952163 503 66 517 83
person 0.098726 140 224 225 365
person 0.09849466 345 115 363 137
person 0.09803846 252 451 275 490
person 0.095449954 1061 625 1070 690
person 0.09522807 750 60 760 73
person 0.094979584 389 113 408 135
person 0.09442124 1015 160 1033 185
person 0.09391223 1059 187 1071 235
person 0.09332787 571 74 582 96
person 0.09305835 968 84 984 104
person 0.09261818 909 56 918 70
person 0.092216276 832 67 842 79
person 0.09190225 973 139 992 164
person 0.09175646 558 33 571 51
person 0.09143604 665 25 672 38
person 0.090911 972 477 1045 633
person 0.090673245 661 61 685 88
person 0.08936927 836 64 850 83
person 0.08837275 572 114 591 134
person 0.08831656 641 157 685 215
person 0.08711489 475 84 492 104
person 0.08684057 201 -73 232 9
person 0.086294666 961 363 1028 536
person 0.08556208 429 81 439 93
person 0.084417395 499 73 509 86
person 0.0843734 569 139 601 171
person 0.084050745 757 62 767 73
person 0.08283586 584 26 592 39
person 0.08166783 538 112 556 135
person 0.080327466 721 173 750 205
person 0.07980262 1061 326 1069 402
person 0.0788654 1004 206 1035 257
person 0.07858755 366 116 384 138
person 0.07847992 384 511 399 539
person 0.077657126 0 273 9 363
person 0.07647617 759 117 778 140
person 0.07559009 999 84 1008 98
person 0.07541292 926 84 936 98
person 0.07496408 777 75 787 87
person 0.073178515 338 121 355 142
person 0.07295062 581 24 595 41
person 0.07272782 819 77 829 91
person 0.07120279 381 144 406 174
person 0.06983945 1060 219 1070 274
person 0.06976191 849 77 859 95
person 0.06969426 421 92 431 104
person 0.06943283 164 246 208 296
person 0.06857033 411 111 441 154
person 0.06809818 139 227 166 260
person 0.06729251 1064 73 1070 100
person 0.06725722 641 38 662 66
person 0.06710221 942 120 973 164
person 0.066639766 1064 111 1070 138
person 0.06595216 893 165 909 196
person 0.06585371 780 63 796 81
person 0.06538919 1060 113 1074 137
person 0.06517519 636 157 660 183
person 0.06506431 703 143 734 175
person 0.06482867 883 94 894 108
person 0.06458482 818 184 847 217
person 0.064574264 519 68 530 80
person 0.063924365 956 172 983 207
person 0.06376714 1053 191 1073 229
person 0.06301548 0 311 10 398
person 0.06271769 691 70 701 83
person 0.06267313 662 108 695 150
person 0.06252425 773 74 784 87
person 0.06204163 -1 187 27 270
person 0.062035736 623 38 640 57
person 0.06191574 811 60 827 78
person 0.06117459 762 136 783 159
person 0.06090516 114 -71 145 10
person 0.060281843 668 71 678 83
person 0.05990213 917 189 937 213
person 0.05973473 875 78 886 90
person 0.058656618 603 73 614 99
person 0.05836388 1010 175 1029 200
person 0.058166083 1057 98 1069 136
person 0.057933938 353 84 383 129
person 0.05750571 822 117 841 140
person 0.057369042 909 114 928 137
person 0.05724645 629 132 672 191
person 0.057089463 721 93 740 113
person 0.056908067 517 292 588 367
person 0.056819405 719 137 739 159
person 0.056807436 420 121 431 141
person 0.056776684 509 121 521 142
person 0.055725504 1006 98 1016 113
person 0.055708468 972 261 1053 395
person 0.055689946 952 83 967 102
person 0.055670794 537 94 548 112
person 0.05557257 643 170 665 195
person 0.055299215 528 162 550 185
person 0.055277575 863 115 882 137
person 0.05512012 915 136 955 195
person 0.05499868 947 157 966 182
person 0.054996256 -4 -232 9 -208
person 0.05384135 489 472 501 518
person 0.0532423 1059 -230 1069 -182
person 0.052543867 1060 581 1068 652
person 0.052239463 890 62 906 82
person 0.052224156 395 527 412 556
person 0.051533487 1060 669 1070 725
person 0.051269483 864 137 884 160
person 0.05124576 674 137 694 158
person 0.051237367 499 129 519 154
person 0.051075052 735 208 767 244
person 0.05103039 0 156 9 218
person 0.050909452 985 152 995 174
person 0.050906032 900 29 920 60
person 0.05031027 143 231 161 256
person 0.050298825 1051 219 1073 277
person 0.050080065 342 130 367 160
person 0.050060555 792 169 821 201
person 0.04996807 848 363 918 530
person 0.049816847 -3 -222 20 -130
person 0.049659163 204 452 233 504
person 0.049374472 709 215 740 249
person 0.04928134 316 124 333 145
person 0.049062833 741 114 760 136
person 0.049021248 647 138 689 198
person 0.048700076 581 38 596 58
person 0.048371363 37 433 80 552
person 0.048317757 -1 -235 6 -207
person 0.04809427 840 120 860 142
person 0.047573414 1060 74 1073 98
person 0.047128987 -3 -146 17 -43
person 0.047052234 -4 -231 8 -224
person 0.04686195 527 170 546 192
person 0.04666877 424 130 443 152
person 0.046380147 873 218 903 254
person 0.046183184 922 95 932 112
person 0.0459067 202 196 229 218
person 0.04570685 415 532 431 560
person 0.045638826 872 163 916 222
person 0.045120448 534 138 553 159
person 0.04499587 717 118 737 139
person 0.04498828 69 403 82 432
person 0.044779494 436 94 447 110
person 0.04433579 632 75 644 99
person 0.04431195 562 96 575 116
person 0.043538664 820 162 840 184
person 0.043486133 976 126 1013 192
person 0.043356344 89 335 103 362
person 0.0432232 423 86 435 97
person 0.043159578 335 94 352 113
person 0.043002598 66 386 86 451
person 0.04290443 1059 136 1073 160
person 0.04277132 950 95 979 142
person 0.04273276 742 85 775 128
person 0.04269731 204 158 230 185
person 0.042265337 1064 54 1070 81
person 0.042200327 510 163 555 219
person 0.04213014 840 139 860 162
person 0.041992016 1060 243 1069 305
person 0.0418509 458 169 486 201
person 0.041796792 523 92 534 105
person 0.04170009 505 69 514 80
person 0.041530132 166 168 257 309
person 0.04105745 1063 134 1070 162
person 0.040714987 1033 369 1044 434
person 0.040383175 472 122 483 143
person 0.04019871 738 162 759 187
person 0.04013537 177 191 209 222
person 0.03981756 917 211 945 248
person 0.03963683 869 61 885 80
person 0.039561365 452 159 471 182
person 0.039303478 298 111 325 139
person 0.03927071 68 269 77 299
person 0.03920694 329 484 351 522
person 0.039084014 307 239 372 312
person 0.039005052 1062 99 1069 113
person 0.038988985 797 162 817 185
person 0.038969405 861 157 881 180
person 0.03889241 635 295 701 369
person 0.038866177 839 68 848 79
person 0.038696658 362 95 373 108
person 0.038400147 103 -51 129 4
person 0.038378704 1058 -232 1070 -224
person 0.038280442 162 232 189 256
person 0.038215052 79 304 92 331
person 0.037707705 686 41 698 58
person 0.03743013 188 -5 224 67
person 0.037404276 594 115 614 135
person 0.03735187 816 544 833 568
person 0.037309647 129 -51 157 3
person 0.03729516 740 139 761 163
person 0.037288707 1057 -233 1072 -209
person 0.037153915 611 284 679 362
person 0.036920596 47 263 68 327
person 0.036790077 203 441 229 480
person 0.036717817 -3 171 11 198
person 0.0366879 1029 298 1042 370
person 0.036588337 0 -236 8 -184
person 0.036563855 830 718 853 781
person 0.03632829 671 114 681 133
person 0.03616782 56 292 70 324
person 0.036105685 675 161 696 181
person 0.03608522 1061 706 1070 769
person 0.036082294 365 83 381 101
person 0.03584541 126 24 162 97
person 0.0358444 921 61 938 82
person 0.03581589 970 88 982 99
person 0.03579804 870 134 912 193
person 0.035759408 57 358 72 388
person 0.03555079 460 63 476 81
person 0.035419583 986 178 1005 202
person 0.03535259 456 131 476 153
person 0.035340704 750 138 794 195
person 0.0352806 789 718 812 781
person 0.03505412 251 213 290 259
person 0.03495398 257 137 284 166
person 0.03482187 604 42 620 60
person 0.03459726 575 141 595 161
person 0.03457558 0 131 6 159
person 0.034527395 228 95 253 122
person 0.034378223 1058 61 1070 99
person 0.034293924 306 132 333 160
person 0.034260668 207 195 224 233
person 0.034248594 1059 -194 1069 -137
person 0.034166873 243 98 270 126
person 0.034022942 779 111 791 130
person 0.03400554 329 131 347 155
person 0.03392447 52 272 61 307
person 0.033723734 520 161 540 184
person 0.033598006 1029 149 1039 170
person 0.03355077 -3 152 11 178
person 0.033504404 1046 -211 1075 -136
person 0.033332083 992 -217 1006 -176
person 0.03328039 1000 243 1033 295
person 0.033015568 265 484 286 511
person 0.03295642 958 98 968 117
person 0.03276269 968 174 986 199
person 0.032758314 554 135 574 155
person 0.03274192 0 136 9 191
person 0.032729268 384 134 402 154
person 0.032680888 175 110 200 138
person 0.032660596 44 -232 60 -216
person 0.03241692 -5 129 23 205
person 0.032370094 83 319 97 348
person 0.032333575 748 718 771 782
person 0.032293063 172 -51 200 3
person 0.032267816 821 217 853 253
person 0.03196532 25 -232 39 -225
person 0.03192764 891 64 904 77
person 0.03180167 621 613 639 682
person 0.03168554 12 221 28 327
person 0.03167134 -1 -91 20 3
person 0.031646863 496 270 608 390
person 0.031602595 822 84 854 129
person 0.03155409 353 69 376 97
person 0.031354267 651 145 668 178
person 0.031319432 56 713 76 780
person 0.031220494 0 149 7 181
person 0.031145003 747 39 762 59
person 0.031133913 303 104 319 123
person 0.031103123 593 140 613 160
person 0.031080566 313 464 333 491
person 0.03105636 718 161 739 185
person 0.031022621 767 104 801 148
person 0.030991783 698 137 718 159
person 0.030988134 837 357 895 450
person 0.030956985 786 211 820 248
person 0.030900294 60 374 73 402
person 0.03087156 25 -232 41 -216
person 0.03084203 931 142 942 165
person 0.030839985 695 160 716 182
person 0.030820455 806 133 818 154
person 0.030795805 893 32 908 53
person 0.03072372 1019 304 1045 365
person 0.030703066 1060 55 1073 80
person 0.03067019 -15 166 48 301
person 0.030663567 1002 130 1014 150
person 0.030572155 1037 413 1048 491
person 0.030571816 162 292 208 341
person 0.030553605 987 699 1016 790
person 0.030275425 756 95 768 109
person 0.03011003 470 152 489 175
person 0.030087808 1047 -138 1073 -57
person 0.030066682 0 355 8 435
person 0.030054042 999 132 1009 146
person 0.029943295 -3 133 10 157
person 0.029916057 456 613 475 680
person 0.029763032 989 113 1018 157
person 0.029701902 373 66 397 96
person 0.029669425 0 5 5 40
person 0.029469157 479 63 494 82
person 0.029420841 79 361 93 389
person 0.029331435 668 217 698 250
person 0.029277187 581 174 611 206
person 0.029224657 783 66 794 77
person 0.029168926 50 332 62 362
person 0.02916416 370 590 382 647
person 0.029079566 605 45 617 57
person 0.028923158 497 612 515 681
person 0.028914528 127 138 153 165
person 0.028866148 556 112 569 125
person 0.028862093 273 233 311 279
person 0.028818531 261 458 283 485
person 0.028814383 0 394 8 478
person 0.028729284 841 159 861 180
person 0.028653888 747 72 759 84
person 0.028600996 325 422 348 452
person 0.02845516 359 84 374 103
person 0.028411131 82 377 97 406
person 0.028406579 949 396 1007 518
person 0.028332347 266 498 285 523
person 0.028285569 1021 372 1047 430
person 0.028068908 580 611 599 680
person 0.028005462 871 718 895 782
person 0.027800294 613 157 634 179
person 0.027725894 438 62 455 81
person 0.027664166 421 175 449 207
person 0.027521163 706 718 730 783
person 0.027465753 24 354 36 385
person 0.027417235 845 -231 858 -224
person 0.027399313 33 466 92 625
person 0.027286151 718 43 733 63
person 0.027158696 866 -231 878 -224
person 0.027071737 886 -231 899 -224
person 0.027018376 813 63 824 75
person 0.026981808 1027 -232 1040 -225
person 0.026961556 2 190 13 263
person 0.026928393 44 -232 58 -225
person 0.026916951 97 692 121 808
person 0.02683164 949 215 976 252
person 0.026771307 620 114 654 156
person 0.026757078 955 -221 971 -172
person 0.026681066 1050 332 1070 396
person 0.026580568 825 -231 837 -224
person 0.026537132 73 328 85 380
person 0.026530161 68 322 88 388
person 0.026500817 538 611 556 681
person 0.026487364 256 191 287 224
person 0.026442468 324 471 341 495
person 0.02643817 0 168 7 201
person 0.026433885 442 112 484 172
person 0.026322985 1049 246 1072 307
person 0.026308186 1064 30 1070 59
person 0.026167706 873 94 886 107
person 0.0261076 1022 424 1049 484
person 0.026014673 177 142 204 168
person 0.026005993 1059 -69 1069 -19
person 0.025785804 40 440 53 470
person 0.025776152 136 185 163 214
person 0.02575828 258 247 330 323
person 0.025715504 907 -231 919 -224
person 0.025710247 1019 455 1046 514
person 0.025676342 -3 191 12 216
person 0.025664391 297 620 310 670
person 0.025652478 832 93 844 111
person 0.025633523 490 159 509 181
person 0.025621608 428 30 449 61
person 0.025551828 477 87 490 98
person 0.025488766 208 173 229 197
person 0.025467025 829 -140 853 -87
person 0.025368059 -4 9 9 36
person 0.02535973 920 735 952 825
person 0.025311787 171 380 191 401
person 0.025309987 18 271 26 305
person 0.025303962 1022 171 1038 195
person 0.025235998 777 173 797 197
person 0.025231939 811 546 828 570
person 0.025186265 359 51 373 71
person 0.025162403 0 -221 8 -145
person 0.025155375 752 94 764 108
person 0.025139235 397 82 413 99
person 0.025076477 665 718 688 783
person 0.025016569 -1 159 15 231
person 0.025008906 801 178 822 199
person 0.025002563 825 -232 839 -210
person 0.024993569 954 86 964 98
person 0.024823107 1059 -152 1069 -96
person 0.024813209 380 504 400 547
person 0.024801696 846 -232 860 -209
person 0.024741003 804 -231 817 -224
person 0.024705743 997 123 1009 141
person 0.024593111 822 180 841 202
person 0.02458682 678 179 699 200
person 0.024543807 804 -232 818 -211
person 0.024463013 820 332 907 484
person 0.024366882 512 130 555 189
person 0.024323396 121 200 182 282
person 0.024147512 866 -232 880 -209
person 0.024135577 218 201 241 223
person 0.024125433 624 717 647 783
person 0.023973096 1058 155 1072 180
person 0.023944687 1045 -65 1074 14
person 0.023933236 159 253 195 278
person 0.023928907 887 -232 901 -209
person 0.023926385 477 93 489 109
person 0.02378954 412 153 432 176
person 0.02369544 499 139 535 183
person 0.023695013 244 -80 275 8
person 0.023675943 973 616 981 633
person 0.02367569 1026 -232 1042 -215
person 0.023641858 432 34 447 55
person 0.023610448 784 -232 798 -211
person 0.023603007 168 364 181 374
person 0.02359673 443 171 489 228
person 0.023428202 624 22 638 41
person 0.023417927 324 182 353 216
person 0.023417242 481 482 497 513
person 0.023362866 525 89 559 132
person 0.023356806 955 77 978 106
person 0.023356311 171 -120 202 -35
person 0.023312395 897 365 957 458
person 0.023294706 1059 -110 1069 -56
person 0.02324638 992 -98 1004 -53
person 0.023225833 334 174 381 232
person 0.023025667 972 627 982 653
person 0.022943392 183 112 197 131
person 0.022943167 283 175 314 207
person 0.022939596 907 -232 921 -210
person 0.022902098 -1 312 5 351
person 0.022838527 83 396 99 425
person 0.022831598 658 199 678 218
person 0.022782838 262 398 286 432
person 0.022752104 1047 141 1074 192
person 0.022708574 375 614 392 666
person 0.022600137 287 1 321 74
person 0.022564672 1062 152 1069 182
person 0.022559972 927 -232 940 -224
person 0.02255817 859 179 878 199
person 0.022557486 991 -140 1003 -94
person 0.02248776 414 615 434 681
person 0.022477642 0 110 6 140
person 0.02242798 186 370 197 380
person 0.022365794 921 -227 938 -172
person 0.022304839 993 719 1012 769
person 0.022289326 634 123 645 143
person 0.022286996 627 211 659 246
person 0.02227826 -6 567 24 724
person 0.022227842 936 245 979 311
person 0.022122988 293 63 317 90
person 0.022114558 271 107 313 169
person 0.0221057 868 763 890 834
person 0.02210163 992 -184 1005 -137
person 0.022092186 593 157 613 179
person 0.022002365 0 269 7 308
person 0.021994323 952 627 962 656
person 0.021890856 762 -232 777 -213
person 0.021886664 38 426 52 455
person 0.021865617 783 -232 796 -224
person 0.021803275 108 255 123 282
person 0.021755807 909 763 931 834
person 0.021710824 1063 252 1069 285
person 0.021676822 766 39 781 59
person 0.02166454 989 195 1046 280
person 0.021659026 44 455 60 485
person 0.021616274 -4 668 13 802
person 0.021614794 1009 -232 1024 -215
person 0.021580277 380 396 387 409
person 0.021420034 542 717 565 783
person 0.021412788 378 718 401 783
person 0.021402927 0 187 8 220
person 0.02138511 460 717 483 783
person 0.021371465 472 497 488 527
person 0.021370908 416 547 440 614
person 0.021340676 827 763 849 834
person 0.021317136 66 262 78 292
person 0.02122736 1065 564 1070 598
person 0.021214249 697 177 718 199
person 0.02121288 1009 -232 1022 -225
person 0.021193663 927 -232 942 -211
person 0.021180393 371 135 390 158
person 0.021156833 522 497 536 527
person 0.021050205 591 262 696 391
person 0.021046957 912 719 936 781
person 0.021027794 336 718 359 783
person 0.021013545 870 64 882 76
person 0.020977907 401 105 412 119
person 0.020961389 295 718 318 783
person 0.020948032 1032 95 1047 117
person 0.02086101 978 389 1016 478
person 0.020833064 319 255 358 304
person 0.020829681 21 399 34 429
person 0.020760177 419 718 442 783
person 0.020723455 725 284 794 358
person 0.020722058 815 133 852 176
person 0.02070901 377 393 391 412
person 0.020632494 491 470 500 498
person 0.020627778 485 466 505 529
person 0.020598782 247 169 316 247
person 0.02055266 439 361 453 385
person 0.020541085 501 717 524 783
person 0.020498835 962 111 971 125
person 0.020491254 521 171 541 194
person 0.020476041 638 194 658 215
person 0.020429304 275 247 316 295
person 0.020405661 991 683 1006 722
person 0.020364406 100 730 128 834
person 0.020246366 150 105 161 120
person 0.020211747 93 716 114 782
person 0.020190945 786 763 807 835
person 0.020160478 199 253 242 300
person 0.020136671 419 114 432 135
person 0.02011522 779 97 792 114
person 0.020103477 543 43 554 56
person 0.02008993 106 -81 151 28
person 0.020087335 742 -232 757 -213
person 0.020041756 260 28 282 61
person 0.02002198 924 64 936 77
person 0.020016462 1063 78 1070 91
person 0.020001091 184 -98 247 58
person 0.019986166 488 498 505 528
person 0.019931244 257 251 295 300
person 0.019917535 383 175 410 208
person 0.019909356 583 717 606 783
person 0.01985003 235 -88 282 30
person 0.01983991 553 27 576 58
person 0.019781305 1060 808 1066 853
person 0.019770784 0 290 5 331
person 0.019768706 3 -9 9 25
person 0.019752217 629 131 640 149
person 0.019734738 888 135 899 148
person 0.019641213 -5 350 35 468
person 0.019634621 774 566 791 593
person 0.019605923 834 744 866 836
person 0.019556887 255 620 268 670
person 0.019492205 221 171 241 194
person 0.01949018 523 432 536 474
person 0.01947307 109 83 148 146
person 0.019403355 264 71 289 100
person 0.019381508 748 620 761 677
person 0.019344905 521 387 529 407
person 0.019327553 744 763 766 835
person 0.019292047 707 145 789 276
person 0.019270381 1063 234 1070 269
person 0.019221976 583 30 606 59
person 0.019208586 -3 211 18 237
person 0.019194787 106 -122 136 -36
person 0.019155942 762 -232 775 -224
person 0.019150987 840 67 870 112
person 0.019133126 427 153 446 175
person 0.019091139 376 398 387 416
person 0.0190769 945 201 963 222
person 0.019053524 210 26 233 60
person 0.019004924 869 -140 896 -92
person 0.01898414 254 718 277 783
person 0.018945972 947 -232 962 -212
person 0.018943215 264 131 282 153
person 0.018927226 585 577 599 657
person 0.018912276 657 22 681 53
person 0.018901568 419 580 433 649
person 0.01887324 0 685 13 765
person 0.01879717 1028 117 1045 141
person 0.01874451 501 91 513 104
person 0.018741027 1065 546 1070 577
person 0.018736135 662 611 681 679
person 0.018710097 0 89 6 119
person 0.01870531 813 416 841 477
person 0.018568927 623 317 712 465
person 0.018553931 443 73 474 116
person 0.01853512 703 763 725 835
person 0.018513564 213 619 226 672
person 0.018513082 947 -232 960 -224
person 0.018500531 491 565 505 596
person 0.018480118 52 226 75 285
person 0.018476687 634 21 651 42
person 0.018426668 762 171 786 198
person 0.018416606 330 419 346 443
person 0.018405523 954 720 975 772
person 0.01838226 237 95 251 115
person 0.018379567 0 723 12 807
person 0.018377908 884 730 904 799
person 0.018368686 20 290 28 325
person 0.018364973 488 528 505 557
person 0.01832473 293 228 390 357
person 0.018304294 541 41 557 59
person 0.018279392 903 126 961 207
person 0.018274503 29 -9 59 68
person 0.01819467 206 70 232 100
person 0.018102204 188 103 231 168
person 0.018088628 1060 32 1073 58
person 0.01806042 1017 490 1042 552
person 0.018059498 207 -47 230 -1
person 0.018013477 574 155 594 176
person 0.018011456 221 485 244 509
person 0.017981512 662 763 684 835
person 0.017978288 -13 119 32 217
person 0.01797434 955 256 989 307
person 0.017972153 368 16 385 34
person 0.017958572 744 -223 774 -141
person 0.017953603 583 -155 594 -110
person 0.01793483 881 343 971 482
person 0.017934788 925 730 945 800
person 0.017918637 1063 214 1069 249
person 0.017884558 402 414 410 429
person 0.017879575 1031 444 1042 519
person 0.017876478 614 177 633 198
person 0.0178444 173 -219 204 -141
person 0.017832821 767 362 837 527
person 0.017820282 801 569 819 597
person 0.01778373 1064 583 1069 618
person 0.01777402 210 396 230 420
person 0.017764358 521 38 538 59
person 0.017743303 0 -204 5 -162
person 0.017743262 909 607 918 640
person 0.017728368 620 135 705 264
person 0.01772337 621 763 643 835
person 0.017700067 921 215 940 235
person 0.017693153 539 763 561 835
person 0.017671453 498 763 519 835
person 0.017661134 580 763 602 835
person 0.017660256 0 -224 5 -185
person 0.017645983 297 102 313 122
person 0.0176421 176 739 207 836
person 0.017639117 1033 78 1048 99
person 0.017629452 174 383 187 394
person 0.017568683 -1 598 5 637
person 0.017498242 303 451 319 476
person 0.017495012 206 457 228 482
person 0.017485155 82 308 89 323
person 0.017472157 457 763 478 835
person 0.017468082 165 225 185 248
person 0.017447276 1007 733 1038 827
person 0.01744381 562 399 572 424
person 0.017413186 644 138 656 158
person 0.017368592 843 730 863 799
person 0.017367972 54 287 64 325
person 0.017346859 62 -50 86 7
person 0.017301043 967 596 978 616
person 0.017301003 348 118 361 130
person 0.017279534 950 763 972 835
person 0.01727848 420 61 435 80
person 0.017268533 592 70 623 113
person 0.017206978 415 763 437 835
person 0.017167455 213 717 236 783
person 0.017166955 832 -14 855 18
person 0.017137028 235 227 348 368
person 0.017083453 997 -60 1011 -18
person 0.017059136 721 -232 737 -213
person 0.017023968 885 195 907 216
person 0.01699556 329 731 346 756
person 0.016976444 172 717 195 783
person 0.016971732 0 350 5 392
person 0.016957657 766 539 810 666
person 0.016938375 374 763 396 835
person 0.016936328 309 731 326 756
person 0.016931843 398 538 415 566
person 0.016882868 666 618 679 670
person 0.01685998 58 -112 79 -49
person 0.016859166 350 731 367 756
person 0.016849361 288 731 305 756
person 0.016810983 0 802 8 850
person 0.016795622 172 396 191 423
person 0.016784728 893 160 905 181
person 0.016782807 84 328 104 370
person 0.016780367 333 763 355 835
person 0.016779076 674 117 687 132
person 0.016765615 760 198 783 220
person 0.016761662 1063 781 1069 826
person 0.016760215 59 232 72 275
person 0.0167368 947 179 965 203
person 0.016720338 883 68 913 113
person 0.016717343 671 -215 701 -134
person 0.01669923 454 540 471 570
person 0.016697353 655 140 667 159
person 0.016670894 1063 116 1070 130
person 0.01662186 565 141 606 185
person 0.016594088 628 123 640 142
person 0.016581137 267 731 285 756
person 0.01656025 768 335 826 425
person 0.016499499 -4 112 10 137
person 0.016464693 259 -223 290 -145
person 0.01646311 0 -139 8 -62
person 0.016461728 169 763 191 835
person 0.016435608 292 763 314 835
person 0.01642455 351 -218 382 -139
person 0.016421938 46 763 68 835
person 0.016420115 0 576 5 618
person 0.016404271 712 -224 727 -173
person 0.01639681 -1 249 6 287
person 0.016391281 991 69 1019 115
person 0.01638564 722 47 732 59
person 0.016383704 496 -232 512 -212
person 0.016374078 517 -232 532 -212
person 0.016370391 414 -232 429 -212
person 0.016366107 435 -232 450 -212
person 0.016364487 476 -232 491 -212
person 0.016360674 393 -232 409 -212
person 0.016359646 332 -232 347 -212
person 0.016357848 352 -232 368 -212
person 0.016356722 311 -232 327 -212
person 0.016352488 291 -232 306 -212
person 0.016352326 373 -232 388 -212
person 0.016350523 208 -232 224 -212
person 0.016350485 270 -232 285 -212
person 0.016349843 455 -232 470 -212
person 0.016349128 250 -232 265 -212
person 0.016348293 229 -232 244 -212
person 0.01634663 541 -154 553 -111
person 0.016341938 1063 573 1070 586
person 0.016328014 188 -232 203 -212
person 0.016317572 558 -232 573 -212
person 0.016315589 537 -232 553 -212
person 0.016311413 0 225 13 269
person 0.016301652 869 -227 893 -172
person 0.016262952 472 416 487 454
person 0.016249096 442 364 449 379
person 0.016227007 742 -232 755 -225
person 0.016186895 251 763 273 835
person 0.016181663 994 616 1002 633
person 0.016173165 249 -121 279 -33
person 0.016168922 578 -232 594 -212
person 0.016166095 650 578 658 613
person 0.016159074 210 763 232 835
person 0.016148023 167 -232 183 -212
person 0.016136618 128 763 149 835
person 0.01612927 512 371 521 384
person 0.016122354 268 421 287 448
person 0.016114263 749 -226 764 -173
person 0.016111284 -14 233 52 383
person 0.01610122 178 -16 231 86
person 0.016094007 55 25 76 61
person 0.016089085 176 108 184 121
person 0.016083794 471 117 484 134
person 0.016082037 370 730 387 756
person 0.01607905 262 122 279 142
person 0.01604291 909 611 917 631
person 0.016037798 816 279 884 358
person 0.016010266 247 730 264 756
person 0.01600965 734 189 757 215
person 0.016007591 0 372 5 411
person 0.015989786 256 743 287 838
person 0.015961055 991 764 1013 835
person 0.015954906 967 -232 983 -214
person 0.015953215 953 121 967 134
person 0.0159465 604 -178 633 -94
person 0.015927425 140 -226 155 -176
person 0.015887959 842 180 862 202
person 0.015885528 67 -221 78 -174
person 0.015867164 225 215 251 237
person 0.01585922 599 -232 614 -212
person 0.015852919 780 382 831 490
person 0.015840016 426 213 454 245
person 0.015821429 400 411 414 433
person 0.015803559 36 428 56 495
person 0.015760608 427 -216 458 -137
person 0.01575813 415 536 426 564
person 0.015754033 507 213 537 248
person 0.015747255 664 -152 677 -106
person 0.015743095 359 17 368 31
person 0.015725534 356 16 372 33
person 0.01568101 249 671 263 716
person 0.015680833 619 68 652 111
person 0.015664436 1059 255 1073 282
person 0.015650965 512 562 527 592
person 0.015650429 485 470 497 498
person 0.015642166 147 -232 162 -212
person 0.0155993095 374 155 393 179
person 0.015592824 421 744 452 839
person 0.015581833 337 620 350 667
person 0.0155708585 226 730 243 756
person 0.0155704925 670 -225 685 -174
person 0.01556608 0 330 5 370
person 0.015556605 536 212 576 259
person 0.01555529 103 -217 135 -138
person 0.015511039 802 729 822 799
person 0.015478785 131 717 153 783
person 0.015462123 451 671 470 721
person 0.015458908 106 -222 118 -176
person 0.0154217845 330 490 360 550
person 0.015416024 132 286 222 450
person 0.015405069 369 -178 397 -92
person 0.015402539 0 428 7 524
person 0.015400248 462 379 469 397
person 0.015389059 265 448 283 473
person 0.015360805 206 730 223 756
person 0.015359427 338 745 369 839
person 0.015331314 177 235 206 256
person 0.015329614 379 37 393 56
person 0.015328737 55 279 67 334
person 0.01531767 679 730 696 756
person 0.015314874 585 745 616 842
person 0.015313629 391 730 408 756
person 0.01530312 699 730 717 756
person 0.01530238 932 -217 941 -182
person 0.015289114 1015 174 1026 197
person 0.015286466 910 86 941 131
person 0.015279025 751 307 836 474
person 0.015277168 749 43 759 55
person 0.01527097 624 -154 635 -109
person 0.015252977 478 513 499 577
person 0.015230094 658 730 675 756
person 0.015220222 424 248 498 324
person 0.015219358 185 730 202 756
person 0.015219135 329 590 342 647
person 0.015216877 880 136 957 271
person 0.015208082 662 205 673 216
person 0.015193385 229 461 251 486
person 0.015176922 105 614 119 683
person 0.01516464 1019 161 1029 183
person 0.015164398 1008 732 1027 803
person 0.015146297 411 560 430 591
person 0.015125037 689 100 727 144
person 0.015102907 532 371 550 384
person 0.015089486 736 214 758 233
person 0.015075666 557 392 565 407
person 0.015063775 -1 -178 13 -97
person 0.015053258 -3 -234 13 -165
person 0.015045624 667 744 698 841
person 0.015039423 128 106 139 121
person 0.015019453 620 -232 635 -213
person 0.015016357 341 122 352 134
person 0.014996331 637 730 655 756
person 0.014980704 720 730 737 755
person 0.014977185 417 71 448 114
person 0.014969612 742 669 756 721
person 0.014892983 48 497 76 615
person 0.014886246 952 609 962 639
person 0.01487465 291 117 308 137
person 0.014871059 181 381 192 395
person 0.014870975 0 -184 5 -142
person 0.014851862 126 -232 142 -213
person 0.014850968 1059 -28 1070 16
person 0.0148115065 534 317 578 384
person 0.01480807 830 -233 846 -172
person 0.014799472 0 -99 9 -17
person 0.014787859 338 75 397 162
person 0.014786303 1063 59 1070 74
person 0.014763557 1059 176 1073 202
person 0.014763011 97 -109 117 -61
person 0.014758413 757 675 794 806
person 0.014749436 617 730 634 756
person 0.014747793 706 37 728 66
person 0.014742086 165 730 182 756
person 0.014736089 950 633 963 686
person 0.01471176 698 148 739 191
person 0.014703654 874 -16 889 16
person 0.014703426 -4 91 10 116
person 0.014696719 740 730 758 755
person 0.014695284 967 -232 980 -225
person 0.014666163 78 439 92 469
person 0.014637923 750 746 781 841
person 0.01463113 341 396 367 429
person 0.014619469 87 763 108 836
person 0.0146167 534 458 547 489
person 0.014616645 0 -56 10 10
person 0.014612903 1063 173 1069 204
person 0.014606332 702 -232 717 -213
person 0.014599534 338 98 349 108
person 0.01459869 1052 -232 1072 -172
person 0.014576085 761 729 781 800
person 0.014575571 716 198 736 220
person 0.01457088 64 -232 80 -215
person 0.014554983 451 -176 480 -91
person 0.014550593 1054 705 1071 776
person 0.01453562 927 39 943 60
person 0.014511079 367 604 380 634
person 0.014498108 718 49 749 94
person 0.014483507 1061 728 1070 805
person 0.014478798 853 582 862 614
person 0.0144722825 596 730 614 756
person 0.014465666 -4 317 8 346
person 0.014465251 27 418 41 449
person 0.0144557655 49 250 57 280
person 0.01444177 737 58 770 103
person 0.014418889 411 730 428 756
person 0.014411864 820 673 839 722
person 0.014404116 626 25 635 39
person 0.014395719 605 98 694 233
person 0.014382452 895 35 905 48
person 0.014371504 640 -232 655 -213
person 0.014361491 988 -232 1001 -225
person 0.0143556455 43 404 56 433
person 0.014332462 324 213 357 248
person 0.014314104 677 200 697 220
person 0.014310115 442 214 471 248
person 0.014308117 873 102 908 147
person 0.014292283 537 -174 566 -90
person 0.0142907575 185 201 207 222
person 0.014281423 840 682 879 800
person 0.014267515 1062 -198 1069 -161
person 0.014266865 576 730 593 756
person 0.01426337 1014 614 1021 630
person 0.014253526 503 743 533 839
person 0.014227025 1008 253 1028 277
person 0.014225641 376 31 397 62
person 0.014221443 418 -154 430 -111
person 0.014219345 105 -232 121 -213
person 0.01421681 1053 -197 1071 -131
person 0.014199699 920 -19 935 15
person 0.014197503 169 378 197 414
person 0.014189738 588 -217 618 -136
person 0.01418417 639 350 702 443
person 0.014178603 375 141 411 186
person 0.014153491 866 251 902 300
person 0.014146327 988 -232 1003 -215
person 0.01413704 990 633 1006 686
person 0.014132889 70 418 85 449
person 0.014121524 0 392 5 431
person 0.014114609 787 -229 802 -171
person 0.014112372 27 559 35 598
person 0.014104268 175 -228 190 -178
person 0.014104167 761 730 778 755
person 0.014103519 949 56 964 77
person 0.014081317 573 666 594 732
person 0.014072099 614 667 635 732
person 0.014047279 555 730 572 756
person 0.014046197 861 195 881 217
person 0.014005628 240 97 248 112
person 0.013988399 49 356 64 387
person 0.013984302 600 91 612 104
person 0.013967007 951 683 971 728
person 0.013942698 499 -152 511 -109
person 0.013930399 235 87 244 101
person 0.013904654 1063 603 1069 638
person 0.013902987 1020 521 1084 706
person 0.013902314 462 66 473 78
person 0.013872249 796 -67 808 -26
person 0.013868557 395 545 417 608
person 0.013863133 1063 317 1069 350
person 0.013862187 931 625 941 654
person 0.013857925 789 -218 798 -182
person 0.013852824 1063 555 1071 567
person 0.013845609 584 215 614 249
person 0.013825355 359 404 373 425
person 0.013823367 -8 -102 28 18
person 0.013814347 720 729 739 800
person 0.013785986 904 216 924 235
person 0.013779156 535 730 552 756
person 0.013753998 640 359 659 384
person 0.01374706 207 672 222 717
person 0.013738567 661 -232 676 -213
person 0.013736764 693 -173 721 -87
person 0.013704861 681 -232 697 -213
person 0.013691982 171 615 184 669
person 0.0136883315 930 614 938 634
person 0.013681529 512 -217 542 -138
person 0.013676182 116 12 167 114
person 0.013670832 721 -232 735 -225
person 0.013646176 92 142 117 171
person 0.01364431 481 139 579 282
person 0.013635342 1053 -156 1071 -90
person 0.013631302 659 359 678 382
person 0.013613573 432 730 449 756
person 0.013609386 289 -90 305 -64
person 0.013542076 333 613 352 678
person 0.0135414135 1063 10 1069 41
person 0.013532053 657 159 670 180
person 0.013528138 697 668 718 733
person 0.0135222105 782 730 799 755
person 0.01352104 514 730 531 756
person 0.013520855 251 426 270 452
person 0.013520664 743 352 762 381
person 0.013506253 -3 -219 8 -190
person 0.013504977 179 224 201 245
person 0.013499298 1058 19 1069 59
person 0.013494182 576 178 616 221
person 0.013488279 931 609 940 642
person 0.013484695 810 -218 818 -182
person 0.013475729 459 -153 470 -109
person 0.013467412 870 601 879 634
person 0.01345402 144 730 161 756
person 0.013380328 30 435 42 465
person 0.013372677 53 276 60 296
person 0.013370186 1062 644 1069 680
person 0.013369763 215 -228 230 -178
person 0.01336872 410 518 434 575
person 0.0133389905 233 84 248 103
person 0.01333798 998 511 1036 604
person 0.013321876 509 115 522 135
person 0.013302046 450 560 465 592
person 0.0132927615 992 628 1003 652
person 0.0132901855 71 226 100 280
person 0.013290122 1059 238 1073 265
person 0.013279172 290 670 305 714
person 0.013276467 481 67 491 78
person 0.013269929 902 151 916 170
person 0.013266969 1059 218 1073 245
person 0.013258919 1062 -158 1069 -119
person 0.013254702 1063 194 1069 227
person 0.013254067 494 730 511 756
person 0.01325108 453 729 470 756
person 0.0132403225 0 555 5 599
person 0.013234361 642 134 659 152
person 0.013231971 373 51 389 71
person 0.013207382 831 611 838 628
person 0.013205978 37 149 61 183
person 0.013201336 268 -91 285 -65
person 0.013197647 1064 526 1070 555
person 0.013194536 1062 -178 1069 -140
person 0.013189292 1062 335 1068 369
person 0.013185512 206 388 234 425
person 0.013182634 867 407 905 497
person 0.013181381 829 33 843 56
person 0.013178515 174 71 200 102
person 0.013174615 452 527 469 556
person 0.013153815 204 378 223 400
person 0.013136376 679 729 698 800
person 0.013132847 378 -155 389 -111
person 0.01313176 198 152 236 195
person 0.013119678 73 337 83 366
person 0.013109397 60 -152 79 -86
person 0.013109304 701 673 714 722
person 0.013084742 473 730 490 756
person 0.013074598 118 132 133 152
person 0.01306311 488 64 520 109
person 0.01305743 505 27 529 58
person 0.013053296 537 517 555 548
person 0.013043871 1015 347 1028 360
person 0.0130435135 623 423 634 457
person 0.0130286915 659 578 673 610
person 0.013017745 310 -90 326 -64
person 0.01301004 1062 664 1069 701
person 0.013005724 993 57 1008 79
person 0.012999151 538 389 547 408
person 0.012993585 386 448 400 473
person 0.01298587 0 658 5 700
person 0.01298474 57 72 80 105
person 0.012972627 802 729 820 755
person 0.012953573 297 77 312 97
person 0.012944206 256 -228 271 -178
person 0.012936818 922 189 932 213
person 0.012926556 410 671 429 721
person 0.01289475 0 -163 5 -121
person 0.012890612 324 299 341 312
person 0.012865172 1062 -117 1069 -78
person 0.012859299 629 -226 644 -176
person 0.012857155 391 112 406 127
person 0.012842754 926 119 940 133
person 0.012817877 20 317 29 350
person 0.012815446 118 295 135 319
person 0.01280182 567 103 603 148
person 0.012776479 845 359 870 422
person 0.012757733 1054 737 1070 817
person 0.012749101 707 619 720 674
person 0.012746245 1053 666 1071 731
person 0.01273871 132 129 141 141
person 0.01273374 783 669 798 721
person 0.012724469 126 272 186 364
person 0.012723978 186 114 194 128
person 0.0127128465 69 275 75 293
person 0.0126871625 0 -5 13 20
person 0.012682336 1006 276 1027 297
person 0.012679029 935 476 1016 630
person 0.012678068 362 406 369 420
person 0.012677764 -2 280 7 294
person 0.012668028 917 71 947 115
person 0.012663633 492 671 510 722
person 0.012660448 637 24 649 39
person 0.012642996 638 730 657 800
person 0.012618709 458 372 469 388
person 0.012615958 1062 -137 1069 -99
person 0.012614545 0 136 6 151
person 0.012591949 0 618 5 659
person 0.012585085 0 639 8 721
person 0.012584783 419 129 432 149
person 0.012579397 554 160 574 179
person 0.012557993 456 113 472 128
person 0.01255626 349 155 368 178
person 0.012552661 1012 59 1027 80
person 0.012539889 987 -224 1009 -166
person 0.012536105 705 250 739 302
person 0.012535928 225 500 247 524
person 0.012522942 39 177 61 215
person 0.012516434 703 111 716 129
person 0.012509829 103 -149 122 -96
person 0.012498247 110 243 201 396
person 0.012490664 294 383 319 415
person 0.012481675 1053 -115 1071 -50
person 0.012471833 474 -90 490 -64
person 0.012460996 1053 -75 1072 -12
person 0.012457353 1062 624 1069 659
person 0.0124524385 913 689 958 795
person 0.012446734 1010 -11 1024 24
person 0.0124347005 -3 -197 8 -169
person 0.012431727 831 602 840 639
person 0.012411978 803 373 824 402
person 0.012406591 40 379 54 408
person 0.012400645 98 -98 162 61
person 0.01238858 823 729 840 755
person 0.01237296 999 17 1014 50
person 0.0123722665 0 432 5 472
person 0.012368113 827 -226 858 -148
person 0.012366191 535 -90 550 -64
person 0.012365062 494 -90 510 -64
person 0.012356941 0 596 8 683
person 0.0123560615 460 579 475 654
person 0.012299888 523 517 538 547
person 0.012272622 557 563 576 640
person 0.012269819 230 540 252 564
person 0.012246396 85 -232 101 -214
person 0.012239978 952 614 960 632
person 0.012229634 0 638 5 679
person 0.012205396 0 469 8 567
person 0.01220097 457 27 482 57
person 0.012179404 347 440 363 464
person 0.012175927 768 66 800 112
person 0.012173283 228 151 332 292
person 0.012171535 1014 361 1025 374
person 0.012157233 876 21 891 52
person 0.012125869 555 730 575 800
person 0.01212166 331 -90 346 -63
person 0.012087892 790 132 802 151
person 0.012087117 60 729 79 801
person 0.012079365 596 729 616 800
person 0.012065204 271 526 290 551
person 0.012059101 0 28 7 60
person 0.01205106 -4 51 10 76
person 0.0120509975 -2 239 13 254
person 0.012047564 129 127 145 142
person 0.012046745 895 170 906 191
person 0.012044788 1027 481 1037 562
person 0.012043585 514 -90 530 -64
person 0.0120274825 232 312 271 361
person 0.012023246 168 222 189 266
person 0.012011729 62 668 80 736
person 0.011937785 136 -112 158 -63
person 0.011937003 57 459 74 490
person 0.011914523 -3 31 11 57
person 0.011902992 1064 504 1070 533
person 0.011902049 480 528 497 558
person 0.011891452 870 32 885 53
person 0.011887575 829 249 864 300
person 0.011872344 843 196 863 218
person 0.011867985 144 -152 164 -101
person 0.011865201 275 -7 327 95
person 0.011857567 572 517 586 546
person 0.011843608 199 522 224 544
person 0.011839367 849 34 864 56
person 0.011836579 430 21 446 39
person 0.011827012 769 -218 778 -182
person 0.011819502 0 679 5 720
person 0.011812403 514 730 534 800
person 0.011811729 786 -145 807 -86
person 0.011808901 967 731 987 801
person 0.011802655 892 158 906 174
person 0.011784366 594 177 614 199
person 0.0117794685 553 179 573 199
person 0.011765617 469 543 489 614
person 0.011762545 1029 148 1039 161
person 0.011761155 306 108 316 119
person 0.011729539 399 85 410 96
person 0.011722251 534 561 549 590
person 0.011716651 860 438 884 464
person 0.011685848 701 -232 715 -225
person 0.011649629 792 495 869 631
person 0.011641928 102 172 198 311
person 0.01163958 843 729 861 755
person 0.011634622 1029 16 1062 89
person 0.011630363 575 116 588 128
person 0.011621283 830 -218 838 -182
person 0.011610301 890 101 981 234
person 0.0116097545 0 780 5 826
person 0.011609278 952 133 963 147
person 0.011607057 976 166 1059 316
person 0.011601747 899 702 967 851
person 0.011600784 299 596 311 650
person 0.011583378 150 604 158 637
person 0.011578116 1064 764 1070 805
person 0.011568831 109 670 122 721
person 0.011566122 747 -176 774 -89
person 0.011562584 529 317 554 338
person 0.011532857 874 590 881 611
person 0.01153216 212 498 245 558
person 0.011531356 0 47 6 80
person 0.01152997 297 -228 312 -178
person 0.011523445 912 -218 920 -182
person 0.011477466 832 -193 850 -125
person 0.01147449 853 609 860 627
person 0.011467537 789 -66 812 -30
person 0.01146563 429 130 439 151
person 0.011459065 18 382 31 412
person 0.011447425 641 198 654 209
person 0.011445974 655 668 677 732
person 0.0114408815 306 154 407 293
person 0.01144023 620 438 632 469
person 0.011423922 770 157 782 179
person 0.011422857 487 297 508 319
person 0.011399178 473 729 493 800
person 0.0113905445 431 560 447 590
person 0.011374228 0 -143 5 -101
person 0.011371526 656 171 667 193
person 0.011356263 130 615 144 671
person 0.011354781 797 -10 811 21
person 0.011350734 395 422 410 447
person 0.011349706 379 399 404 430
person 0.011349412 523 479 535 509
person 0.011341213 336 127 372 172
person 0.011333271 1059 198 1073 224
person 0.011331294 225 522 249 546
person 0.0113282595 46 743 61 773
person 0.011318342 125 20 149 56
person 0.011316757 746 -216 758 -182
person 0.011315642 495 575 505 616
person 0.011312501 64 -232 78 -225
person 0.011296715 649 376 675 402
person 0.011296203 0 453 5 494
person 0.011292523 593 384 612 412
person 0.011276228 58 297 68 316
person 0.01126823 168 -34 242 121
person 0.011262622 1003 325 1033 381
person 0.011223211 24 143 40 164
person 0.01121884 351 8 389 78
person 0.011217466 821 -99 848 -53
person 0.011217191 439 523 455 552
person 0.011200711 432 729 452 800
person 0.011198209 328 61 412 211
person 0.011191089 999 294 1025 318
person 0.011189559 873 -191 894 -129
person 0.011183503 283 136 301 158
person 0.011165226 0 549 7 653
person 0.011157074 987 193 1007 217
person 0.011150169 318 126 329 138
person 0.011147729 20 341 32 371
person 0.011147451 429 105 489 190
person 0.01113958 257 101 318 187
person 0.01113928 1048 94 1074 146
person 0.011134759 1063 592 1069 606
person 0.011080794 1063 355 1069 389
person 0.011073471 1013 628 1023 651
person 0.011072573 128 100 154 131
person 0.011066633 1018 502 1044 522
person 0.011062397 864 728 881 755
person 0.0110590365 953 -216 961 -182
person 0.011057081 1062 -76 1069 -37
person 0.011056634 351 38 367 57
person 0.01104771 693 381 712 406
person 0.011023157 499 120 561 203
person 0.011015575 207 381 219 393
person 0.011004485 556 -89 571 -63
person 0.01100119 1062 139 1069 153
person 0.010979696 1063 745 1070 783
person 0.010966841 958 -58 970 -13
person 0.010962937 617 560 635 588
person 0.010951672 641 378 662 405
person 0.0109458575 783 710 798 737
person 0.010942456 123 730 140 756
person 0.010935631 391 729 410 801
person 0.010891108 97 281 112 308
person 0.010881476 496 -232 510 -225
person 0.010880424 350 730 369 801
person 0.01087513 516 -232 530 -225
person 0.010870216 586 -227 600 -177
person 0.010867622 557 -232 571 -225
person 0.010867454 475 -232 489 -225
person 0.010866203 413 -232 427 -225
person 0.010864041 434 -232 448 -225
person 0.010860573 537 -232 551 -225
person 0.010860387 393 -232 407 -225
person 0.010857104 455 -232 468 -225
person 0.0108568175 331 -232 345 -225
person 0.01085631 352 -232 366 -225
person 0.010854821 311 -232 324 -225
person 0.010854421 372 -232 386 -225
person 0.010852603 24 580 35 618
person 0.010852389 0 700 5 741
person 0.010851524 290 -232 304 -225
person 0.010849431 270 -232 283 -225
person 0.010849206 208 -232 222 -225
person 0.010848091 249 -232 263 -225
person 0.010847216 228 -232 242 -225
person 0.010843143 187 -232 201 -225
person 0.010816882 870 608 876 627
person 0.010812826 37 158 52 181
person 0.010808493 824 568 844 597
person 0.010806423 578 -232 592 -225
person 0.010803207 328 154 347 177
person 0.010798622 505 119 518 136
person 0.01079854 922 176 932 203
person 0.0107966345 0 720 5 760
person 0.0107933255 556 537 570 566
person 0.010790119 347 31 369 62
person 0.010786572 874 585 883 616
person 0.010758319 311 745 329 772
person 0.010746471 167 -232 181 -225
person 0.010740429 677 674 712 809
person 0.01073582 66 -191 78 -136
person 0.0107351225 1063 295 1069 327
person 0.0107315425 74 427 95 491
person 0.01072681 415 176 454 221
person 0.01071935 1052 530 1061 624
person 0.010718701 247 -91 266 -66
person 0.010714001 434 710 449 738
person 0.01071112 290 745 309 772
person 0.010703287 828 626 842 673
person 0.01068703 987 376 1022 433
person 0.010686078 681 -232 694 -225
person 0.010685654 763 710 778 737
person 0.010681687 886 123 899 137
person 0.010673437 455 710 469 738
person 0.010666792 523 41 534 55
person 0.010666164 331 745 350 772
person 0.010662959 971 57 986 78
person 0.0106507875 533 670 552 721
person 0.010650687 599 -232 612 -225
person 0.010626972 207 450 226 473
person 0.010622992 704 255 812 393
person 0.010608078 77 416 93 445
person 0.0106014935 175 683 211 806
person 0.010598509 541 69 576 113
person 0.0105973575 0 -122 5 -81
person 0.010591765 475 710 490 738
person 0.010590001 496 711 510 738
person 0.0105896015 618 -90 633 -64
person 0.010585346 414 711 428 738
person 0.010582225 516 711 531 738
person 0.010576535 951 -216 984 -141
person 0.010573696 -13 -167 34 -22
person 0.010565981 537 711 552 738
person 0.010563599 1007 234 1028 259
person 0.0105583025 270 745 288 772
person 0.010558282 557 711 572 738
person 0.0105438605 352 745 370 772
person 0.010542363 804 710 819 736
person 0.010518034 103 -195 121 -142
person 0.010515206 309 729 328 801
person 0.010511272 561 573 573 616
person 0.010478555 146 -232 160 -225
person 0.010468583 210 454 226 498
person 0.010466464 633 125 646 136
person 0.010465516 1063 272 1070 304
person 0.0104565965 382 38 389 53
person 0.010455605 742 711 757 737
person 0.010447506 589 22 604 41
person 0.010436218 578 711 593 738
person 0.010432172 45 724 60 754
person 0.010431354 205 373 216 385
person 0.010427998 803 525 876 695
person 0.010427063 908 220 919 231
person 0.010427063 591 538 606 566
person 0.010418471 578 416 589 447
person 0.010415551 819 548 830 560
person 0.010406639 206 200 228 207
person 0.010393531 61 313 75 343
person 0.010389795 22 787 37 818
person 0.010382336 352 -89 367 -63
person 0.010376409 824 531 843 554
person 0.010375469 619 -232 633 -225
person 0.010365643 0 412 5 451
person 0.010360952 136 56 161 88
person 0.010348287 249 745 267 772
person 0.010347461 -4 604 8 631
person 0.010327076 397 561 413 590
person 0.010320971 141 317 165 340
person 0.010319875 836 22 858 52
person 0.010317164 640 -232 653 -225
person 0.010314242 455 369 473 393
person 0.01030177 1056 634 1071 681
person 0.010298988 18 277 26 295
person 0.010295048 813 601 821 642
person 0.010286472 454 -89 469 -63
person 0.010284957 721 381 739 408
person 0.010282127 345 430 359 452
person 0.010268365 660 -232 674 -225
person 0.010265487 -4 726 9 754
person 0.010254475 185 730 205 800
person 0.010251727 386 438 408 470
person 0.010250397 706 -157 719 -109
person 0.010240875 599 711 613 738
person 0.010234613 92 339 100 355
person 0.010234015 541 419 551 447
person 0.01022851 499 579 517 652
person 0.010224215 884 728 902 755
person 0.010218893 587 603 596 636
person 0.010215316 268 729 287 801
person 0.010207961 372 745 391 772
person 0.010207025 393 711 408 738
person 0.010200684 229 745 247 772
person 0.010197348 393 745 411 772
person 0.010188399 105 666 124 732
person 0.010183121 726 -216 738 -183
person 0.010175794 336 -155 347 -109
person 0.010172807 1063 36 1069 52
person 0.010168746 582 404 591 428
person 0.010168483 785 253 821 304
person 0.0101653775 0 95 8 145
person 0.01015118 906 627 920 677
person 0.010136836 1059 276 1074 301
person 0.01013188 -4 274 10 303
person 0.010130417 142 262 163 283
person 0.010123443 168 625 181 656
person 0.010121216 244 667 266 729
person 0.010117978 656 176 668 187
person 0.01010481 185 108 196 122
person 0.010104037 639 -91 653 -64
person 0.01009505 662 599 673 640
person 0.010081094 964 197 983 219
person 0.010076298 208 745 226 772
person 0.010074647 338 -228 353 -178
person 0.010073811 851 -219 859 -182
person 0.010073345 993 727 1043 844
person 0.010068211 896 21 923 70
person 0.01006126 787 618 802 675
person 0.010053119 127 -199 145 -145
person 0.010034268 414 744 432 772
person 0.010029305 441 65 452 77
person 0.01002912 619 711 634 738
person 0.010019377 187 745 206 772
person 0.010016752 226 729 246 801
person 0.010015929 261 485 288 540
person 0.010014086 0 217 15 228
person 0.010009748 511 129 522 149
person 0.01000971 -4 356 8 385
person 0.010000254 126 -232 139 -225
