person 0.7283853 873 178 905 218
person 0.72470295 958 177 990 219
person 0.7139924 798 72 815 92
person 0.7132622 617 190 650 229
person 0.7123893 802 163 833 201
person 0.711915 337 171 358 198
person 0.7038372 825 198 859 240
person 0.70347124 1035 90 1052 113
person 0.7016851 934 85 952 108
person 0.7008203 1058 214 1090 255
person 0.69759005 1067 157 1094 194
person 0.69572294 1123 166 1150 204
person 0.6944749 879 139 908 174
person 0.6921159 1014 165 1042 201
person 0.6884623 756 95 775 118
person 0.6881688 833 71 850 92
person 0.6819818 370 171 392 199
person 0.67927927 914 240 955 292
person 0.67674077 462 179 494 215
person 0.6738832 1057 123 1076 151
person 0.66871905 404 146 425 171
person 0.6601988 925 146 954 181
person 0.65813005 721 74 738 94
person 0.6482467 664 202 699 244
person 0.64812803 972 95 992 120
person 0.6479579 537 110 555 132
person 0.64541966 892 102 912 126
person 0.64404047 938 110 958 136
person 0.6386486 695 146 724 182
person 0.6293803 755 153 784 189
person 0.6270046 416 172 445 206
person 0.6260643 1002 79 1019 103
person 0.6242159 1090 139 1116 175
person 0.6241902 1032 139 1053 168
person 0.6221525 554 99 571 121
person 0.6199684 806 112 828 138
person 0.61946756 720 95 738 117
person 0.60974944 1077 97 1094 121
person 0.60883707 815 142 843 174
person 0.6074572 511 122 532 147
person 0.6021026 633 99 652 123
person 0.5921955 574 101 593 123
person 0.59207654 577 144 606 177
person 0.5905913 967 130 994 163
person 0.5829757 481 124 503 150
person 0.581889 754 67 772 87
person 0.569459 590 122 610 147
person 0.55871594 209 266 266 332
person 0.54929197 1004 110 1022 138
person 0.547588 651 132 674 160
person 0.54288906 615 84 632 107
person 0.53358924 311 175 332 201
person 0.53151214 918 119 940 146
person 0.5062297 849 104 869 129
person 0.48476684 497 140 530 178
person 0.48352167 566 111 584 133
person 0.47817442 700 95 719 117
person 0.4304629 742 137 763 165
person 0.41333643 532 157 555 185
person 0.41292372 695 117 716 142
person 0.3979109 767 73 784 93
person 0.36576858 606 133 628 160
person 0.34670746 504 154 527 182
person 0.31828997 863 134 886 162
person 0.2950781 1097 126 1116 152
person 0.114861146 751 92 781 125
person 0.100761265 929 85 956 115
person 0.09706008 381 168 407 198
person 0.08617543 649 123 672 150
person 0.07832152 1005 84 1023 108
person 0.07550966 527 114 559 151
person 0.06824697 745 55 762 76
person 0.05787889 608 83 635 114
person 0.053233504 378 151 399 174
person 0.05138099 529 145 552 171
person 0.049677584 480 132 502 158
person 0.046447143 1072 94 1098 125
person 0.044185545 580 154 615 190
person 0.041697673 1030 87 1056 118
person 0.039940584 694 95 723 125
person 0.03855585 757 69 769 82
person 0.034320116 651 99 672 121
person 0.031665128 634 110 655 134
person 0.03149921 762 93 781 115
person 0.030880298 1004 84 1015 105
person 0.025521692 801 90 822 112
person 0.024713269 1061 133 1083 162
person 0.02411037 384 180 409 207
person 0.022644268 546 99 575 129
person 0.022048395 800 73 812 86
person 0.017796012 723 76 736 88
person 0.017726392 864 112 888 139
person 0.014671773 1035 114 1056 142
person 0.012339499 222 272 262 317
person 0.0109382095 825 94 847 119
person 0.010833359 790 74 821 108
person 0.010549916 748 58 758 73
person 0.010257394 556 101 568 114
