person 0.7722108 434 90 454 117
person 0.67752105 529 50 543 69
person 0.6374722 566 48 584 73
person 0.62764484 390 66 409 90
person 0.6049142 492 51 506 69
person 0.58179253 458 46 472 64
person 0.58053946 208 191 254 251
person 0.57885873 268 69 282 88
person 0.5635422 351 81 370 105
person 0.55229783 93 144 107 162
person 0.52336496 462 32 474 46
person 0.5170832 239 79 253 97
person 0.49035174 478 93 506 129
person 0.48832005 410 112 431 140
person 0.4865112 303 97 323 124
person 0.43851474 373 105 395 132
person 0.435474 450 26 462 41
person 0.43502337 140 178 188 235
person 0.40695566 310 83 330 106
person 0.40676045 481 70 503 96
person 0.36490068 299 86 315 103
person 0.34488156 90 142 110 166
person 0.34278035 77 142 90 160
person 0.33635724 63 141 82 166
person 0.32598048 65 144 78 163
person 0.2795581 429 28 442 43
person 0.27378234 278 88 292 107
person 0.2218255 509 24 521 41
person 0.21875449 39 188 71 237
person 0.21575958 461 28 478 51
person 0.21296503 455 44 468 61
person 0.20261566 473 43 486 61
person 0.1948272 777 103 788 121
person 0.19312964 490 26 503 42
person 0.17512964 316 144 350 189
person 0.17223625 390 65 404 82
person 0.17014948 281 89 298 109
person 0.16794701 452 28 460 37
person 0.16720738 486 28 498 43
person 0.15808924 197 181 264 274
person 0.15560864 249 387 266 418
person 0.15412769 96 161 118 188
person 0.15356652 314 360 326 380
person 0.14829418 223 337 243 366
person 0.14825082 313 102 335 127
person 0.14733666 764 384 802 478
person 0.14013642 297 90 329 136
person 0.13701405 486 23 504 47
person 0.13499665 413 117 428 137
person 0.1343017 756 209 785 261
person 0.130562 322 142 345 173
person 0.1300724 130 167 198 259
person 0.12378695 237 102 257 125
person 0.120258644 524 44 547 78
person 0.120214246 226 335 239 351
person 0.1181312 442 96 464 123
person 0.115246065 786 116 797 134
person 0.11503843 145 178 181 216
person 0.114273906 253 99 274 123
person 0.11123492 487 43 511 77
person 0.11031618 520 69 540 92
person 0.108566955 464 32 472 42
person 0.10798412 488 71 505 90
person 0.10589317 427 24 445 48
person 0.10556052 232 393 250 424
person 0.105249256 295 83 322 118
person 0.10349541 393 89 409 108
person 0.10285834 775 91 785 109
person 0.0991404 484 52 499 71
person 0.09851183 431 28 439 39
person 0.09832315 234 71 260 105
person 0.09829489 180 373 205 410
person 0.097777076 505 24 523 48
person 0.09635688 292 107 308 127
person 0.09437589 824 485 831 537
person 0.09248558 383 90 400 109
person 0.092296414 267 62 286 85
person 0.0916454 413 29 424 43
person 0.08979106 570 71 590 94
person 0.08859728 63 166 85 196
person 0.08830337 308 82 322 98
person 0.08725613 56 239 81 279
person 0.08710989 254 92 269 110
person 0.08684057 171 -56 194 9
person 0.08661245 228 164 261 200
person 0.08659001 440 94 455 113
person 0.086563565 314 82 329 97
person 0.086485595 263 68 290 102
person 0.08556987 71 129 83 145
person 0.08549789 360 89 393 135
person 0.08305724 482 88 500 107
person 0.081910506 452 39 477 73
person 0.079957575 715 160 734 188
person 0.07955984 410 132 435 161
person 0.07912075 495 50 504 64
person 0.078266 36 387 73 480
person 0.07815953 61 147 95 196
person 0.07781947 447 63 461 80
person 0.077066205 227 368 247 400
person 0.07692203 471 82 512 142
person 0.076606706 284 391 297 412
person 0.076415874 403 100 436 146
person 0.07639359 215 199 247 241
person 0.07386944 106 157 120 175
person 0.07374398 772 101 789 126
person 0.07208372 823 173 831 211
person 0.07195392 43 226 90 285
person 0.06917456 233 78 264 126
person 0.06882059 316 86 324 102
person 0.0682024 141 180 167 208
person 0.06818185 212 160 263 224
person 0.06785378 375 108 387 135
person 0.066841036 485 127 513 164
person 0.065600336 302 86 312 101
person 0.06505148 262 75 276 91
person 0.063702784 556 69 577 93
person 0.06365587 -1 271 21 336
person 0.0634551 487 92 506 109
person 0.06279855 294 129 314 156
person 0.06265035 539 57 555 76
person 0.062482815 381 129 402 156
person 0.062446937 777 94 788 112
person 0.062381197 421 52 441 76
person 0.062071357 823 454 829 511
person 0.061904848 285 79 299 95
person 0.06026659 509 43 523 61
person 0.060027644 66 124 85 147
person 0.059691507 348 103 364 122
person 0.058410373 367 88 384 106
person 0.05831094 443 76 459 95
person 0.05807905 210 343 225 362
person 0.057649918 0 108 7 144
person 0.05712215 354 52 375 76
person 0.05684448 95 255 121 293
person 0.056789324 826 87 831 109
person 0.056747653 30 144 49 170
person 0.056735896 338 91 353 108
person 0.05625768 826 72 831 94
person 0.05624457 113 110 133 132
person 0.05584067 270 141 306 189
person 0.055799883 104 168 121 186
person 0.055265184 33 171 64 223
person 0.054999355 -3 -180 7 -161
person 0.054615747 487 30 496 38
person 0.05380455 514 54 529 72
person 0.053510964 822 -179 830 -141
person 0.052819427 430 43 444 58
person 0.05194067 457 44 466 56
person 0.05171506 532 52 540 67
person 0.050286934 123 110 144 132
person 0.049622808 39 180 61 211
person 0.049573574 122 113 134 126
person 0.04952902 715 151 735 179
person 0.049454 433 62 448 77
person 0.049401347 361 78 377 94
person 0.04922354 826 57 831 79
person 0.049058877 360 131 383 159
person 0.048870213 170 97 182 109
person 0.04859768 -2 -172 15 -100
person 0.048319254 0 -182 5 -160
person 0.04818786 826 103 831 125
person 0.047869075 326 46 347 69
person 0.04773211 248 183 302 244
person 0.047393106 33 386 47 408
person 0.047254704 514 107 538 133
person 0.047094915 24 176 86 278
person 0.047057696 -3 -179 6 -174
person 0.046797417 0 246 7 308
person 0.046547875 82 -53 104 15
person 0.04616552 822 143 831 177
person 0.045574408 137 138 161 160
person 0.044751957 142 187 170 226
person 0.04453634 78 148 87 163
person 0.044323295 452 137 473 165
person 0.0443059 234 375 248 396
person 0.0442059 766 544 788 613
person 0.044019144 296 44 316 67
person 0.043928504 415 30 422 39
person 0.0439184 708 152 738 198
person 0.0437414 823 88 833 108
person 0.04351355 475 44 485 54
person 0.043313466 505 136 534 174
person 0.04264434 163 106 184 126
person 0.042060502 814 -106 834 -41
person 0.042054128 823 519 830 564
person 0.04123392 162 13 189 70
person 0.041194297 148 172 179 202
person 0.041101355 411 110 427 128
person 0.04104111 30 374 42 396
person 0.04100139 492 27 501 36
person 0.040971607 686 148 707 175
person 0.04096909 237 50 258 73
person 0.04090462 -9 323 21 426
person 0.04086836 457 109 473 127
person 0.040697657 378 21 396 45
person 0.04067773 394 102 410 121
person 0.040443815 382 25 394 40
person 0.040385142 237 117 254 135
person 0.040259905 414 92 430 111
person 0.04024494 76 129 87 144
person 0.040192757 761 308 814 456
person 0.04006542 229 376 244 397
person 0.04005504 826 39 830 62
person 0.039735213 460 52 470 67
person 0.039668474 194 78 215 100
person 0.039586477 187 116 209 139
person 0.039154086 79 142 88 151
person 0.03888697 823 104 833 124
person 0.038858928 511 146 545 193
person 0.038841568 315 370 328 390
person 0.038835436 -2 -117 12 -34
person 0.038785443 517 67 549 115
person 0.03869554 323 159 343 188
person 0.03856483 619 48 639 71
person 0.0384274 605 77 627 102
person 0.03817044 657 319 678 366
person 0.038132653 460 41 470 57
person 0.038014974 376 115 392 133
person 0.03800615 823 73 833 93
person 0.037960656 818 176 833 205
person 0.037878834 821 -180 830 -174
person 0.037280507 62 164 81 185
person 0.037155792 222 358 241 380
person 0.037043884 523 159 549 198
person 0.036845837 364 24 382 49
person 0.036828145 184 375 200 394
person 0.036733314 821 -180 832 -162
person 0.036634076 616 -7 632 19
person 0.036578935 729 198 761 250
person 0.03657775 434 72 449 91
person 0.03656076 822 -150 830 -106
person 0.036433347 265 167 292 206
person 0.036361232 769 119 783 138
person 0.036244668 640 281 695 408
person 0.036098734 823 262 831 319
person 0.036066685 242 81 251 90
person 0.03603457 729 116 749 141
person 0.035909846 370 371 383 393
person 0.035766903 484 95 498 126
person 0.035715155 318 225 371 292
person 0.03561507 813 -162 834 -103
person 0.035539698 606 108 628 133
person 0.035514314 298 -57 323 6
person 0.0354698 671 149 703 196
person 0.035239466 281 89 289 105
person 0.035145827 277 393 291 414
person 0.034892503 647 77 668 100
person 0.03488316 695 274 737 350
person 0.0348708 -10 250 39 358
person 0.034869988 539 46 553 63
person 0.034728274 353 -34 370 -2
person 0.03449209 0 -183 6 -143
person 0.03435208 315 389 333 411
person 0.03420612 341 -54 367 7
person 0.034197647 367 225 415 289
person 0.03400292 813 -56 834 7
person 0.033875316 76 167 93 184
person 0.033839185 571 53 580 68
person 0.033814423 0 165 6 210
person 0.03375231 635 212 667 264
person 0.033719033 274 403 289 424
person 0.03343481 298 123 314 141
person 0.033319972 251 119 265 136
person 0.033246562 400 140 437 187
person 0.033223264 770 -168 781 -136
person 0.03308349 588 281 631 350
person 0.032934304 779 105 786 115
person 0.032716233 821 108 830 139
person 0.032693744 34 -180 47 -167
person 0.032626595 67 145 76 155
person 0.032598075 457 22 481 56
person 0.032487355 822 170 833 191
person 0.032466397 269 296 283 312
person 0.03237352 649 298 689 384
person 0.032201577 591 59 605 76
person 0.03197751 19 -180 30 -175
person 0.031889196 179 169 213 205
person 0.031730697 187 386 206 407
person 0.031684596 229 395 244 415
person 0.03156066 460 70 475 88
person 0.031464305 821 422 827 484
person 0.03146117 568 52 576 68
person 0.03144023 188 -55 213 10
person 0.031345103 714 109 734 133
person 0.031264756 354 63 369 79
person 0.03112967 413 72 429 90
person 0.031090297 48 301 106 434
person 0.031026868 336 80 351 95
person 0.030987218 413 64 428 79
person 0.030887144 19 -180 32 -167
person 0.030829916 777 105 783 117
person 0.030790756 188 138 212 161
person 0.03069645 274 100 290 118
person 0.030693855 477 120 526 179
person 0.030664729 299 122 367 225
person 0.030610578 511 72 527 90
person 0.03057597 272 297 281 309
person 0.030566957 679 78 700 100
person 0.03045787 759 136 778 160
person 0.030371714 589 -45 599 -15
person 0.030356249 824 547 831 596
person 0.030349622 349 2 379 56
person 0.030343298 597 133 631 178
person 0.030269897 823 58 833 78
person 0.030247062 588 -9 605 18
person 0.030175915 823 136 834 157
person 0.030101987 334 105 350 123
person 0.030037722 675 105 696 129
person 0.029989516 826 24 830 47
person 0.029888423 765 133 778 150
person 0.029710166 826 151 831 176
person 0.029500453 0 181 8 234
person 0.029483166 821 81 830 111
person 0.029412227 541 74 556 92
person 0.029356793 414 141 428 156
person 0.02933489 489 275 502 296
person 0.029318683 641 273 684 349
person 0.029302109 826 119 830 142
person 0.02922846 48 154 63 172
person 0.02918881 366 387 385 410
person 0.029163359 826 134 831 158
person 0.029162517 206 82 218 94
person 0.029098028 82 -1 108 56
person 0.02887928 197 137 272 246
person 0.028862579 356 85 365 101
person 0.028833177 614 -47 633 -20
person 0.028779704 418 42 432 57
person 0.028614763 652 48 671 70
person 0.028604366 647 106 669 131
person 0.028578425 567 226 600 276
person 0.02856994 205 335 219 350
person 0.028568853 388 11 399 25
person 0.02851231 264 57 290 90
person 0.02849523 776 388 801 406
person 0.028480025 747 135 768 162
person 0.028370041 231 139 257 165
person 0.028363153 556 18 574 43
person 0.028341152 165 -64 198 26
person 0.028125765 220 6 249 61
person 0.028116362 318 125 333 142
person 0.02805817 646 -10 662 18
person 0.027934732 615 135 637 160
person 0.027818043 741 -171 753 -133
person 0.027763594 731 299 783 431
person 0.027605025 241 84 251 99
person 0.027589075 715 569 739 638
person 0.027587598 173 98 180 107
person 0.02749061 79 -38 99 6
person 0.027450075 640 -179 650 -174
person 0.027440475 100 262 116 282
person 0.027435094 44 106 64 130
person 0.027434917 826 167 831 192
person 0.027433759 624 -179 634 -174
person 0.027307438 590 76 604 92
person 0.027288966 656 -179 666 -174
person 0.027282817 45 127 112 235
person 0.027231796 818 145 833 172
person 0.027197035 461 68 522 172
person 0.027158162 0 229 6 281
person 0.027142022 672 -179 682 -174
person 0.027098961 398 23 428 75
person 0.027056007 688 -179 698 -174
person 0.02704079 -2 110 12 140
person 0.027020335 365 65 379 79
person 0.027004214 777 93 783 103
person 0.026949117 34 -180 45 -175
person 0.026874494 797 -180 807 -175
person 0.026857382 761 170 781 197
person 0.026802165 588 72 620 120
person 0.02678747 33 144 46 162
person 0.026761917 711 78 731 100
person 0.026724657 627 179 654 216
person 0.026693484 120 237 144 277
person 0.02667781 57 317 100 396
person 0.026623892 823 121 833 141
person 0.026356515 156 140 180 163
person 0.026340153 482 474 497 526
person 0.026239505 823 193 830 238
person 0.026125008 236 362 250 382
person 0.026011858 648 575 673 645
person 0.025962416 804 138 832 192
person 0.025949854 293 133 307 151
person 0.02593305 389 12 396 23
person 0.02589652 655 57 669 72
person 0.025866777 608 -179 618 -174
person 0.02584125 269 313 282 329
person 0.0257912 262 431 280 467
person 0.025705788 254 404 270 425
person 0.025699042 185 410 230 476
person 0.025685295 704 -179 714 -174
person 0.02565833 825 6 830 31
person 0.025639335 566 68 594 103
person 0.025559185 242 64 257 80
person 0.025512414 517 231 565 291
person 0.025499707 452 18 464 32
person 0.025459161 581 558 599 607
person 0.025398338 271 72 280 81
person 0.025394516 768 272 811 357
person 0.025389003 316 362 324 372
person 0.025287848 286 88 296 106
person 0.025250176 624 -180 635 -162
person 0.025221767 587 5 604 31
person 0.025193168 -6 447 22 555
person 0.025132095 149 74 182 125
person 0.025057955 194 309 208 324
person 0.025009489 613 557 631 607
person 0.024939755 825 181 830 206
person 0.024934595 274 5 305 59
person 0.024924349 644 558 662 607
person 0.024914727 609 -180 619 -163
person 0.02486842 641 -180 651 -162
person 0.024859106 229 337 237 346
person 0.024854587 155 175 172 192
person 0.024760988 282 404 299 425
person 0.024722455 322 -34 339 -2
person 0.024705019 687 258 745 373
person 0.024691809 368 32 380 45
person 0.02468421 166 109 179 123
person 0.024616979 757 247 818 381
person 0.024561118 191 405 208 423
person 0.024524234 823 41 833 61
person 0.024511946 687 59 700 72
person 0.024482148 823 -118 830 -74
person 0.024466516 44 46 61 72
person 0.024464533 0 256 14 311
person 0.024352709 657 -180 667 -162
person 0.024227245 85 63 116 112
person 0.024110887 95 182 115 199
person 0.024063064 237 171 253 191
person 0.024029102 673 -180 683 -162
person 0.02400839 452 476 463 523
person 0.023979798 592 -180 604 -164
person 0.02391606 689 -180 699 -162
person 0.023911772 673 58 686 71
person 0.023894828 573 87 588 103
person 0.023815608 62 366 122 495
person 0.023785885 316 88 324 97
person 0.023742458 549 558 567 607
person 0.023725573 574 105 597 131
person 0.02371858 607 56 621 72
person 0.023707101 387 -35 406 -1
person 0.02370574 513 475 529 526
person 0.023634253 681 163 704 192
person 0.02360514 256 65 269 80
person 0.023575217 439 221 488 287
person 0.023541389 797 -180 809 -167
person 0.023503454 745 194 798 302
person 0.023494154 676 558 694 607
person 0.023480985 592 -180 602 -174
person 0.023463171 240 342 255 361
person 0.023308374 32 209 101 295
person 0.023267178 295 -97 318 -33
person 0.023227293 488 71 496 87
person 0.023151081 424 18 448 54
person 0.023118526 205 41 225 65
person 0.023096988 0 86 5 110
person 0.023067398 657 73 688 121
person 0.02302905 0 -172 6 -112
person 0.023011908 248 119 325 228
person 0.022972587 67 36 86 62
person 0.022960344 49 270 101 338
person 0.02293146 704 -180 715 -162
person 0.02292835 96 150 104 160
person 0.022865893 292 123 307 141
person 0.022773217 542 103 566 130
person 0.02275879 483 18 507 54
person 0.02269939 420 476 431 522
person 0.022683386 715 -176 728 -133
person 0.022664726 358 377 371 395
person 0.022623653 168 224 249 343
person 0.022599664 145 -95 168 -28
person 0.022579215 327 17 346 42
person 0.02257798 773 78 784 94
person 0.02257413 124 338 171 405
person 0.022573719 702 60 715 73
person 0.02256713 477 100 503 119
person 0.022559837 770 -142 780 -107
person 0.02254407 720 -180 729 -174
person 0.022467934 69 295 83 312
person 0.022455646 0 459 5 536
person 0.022454487 738 79 757 101
person 0.022447873 459 94 475 110
person 0.022422243 576 -180 588 -164
person 0.022358412 -2 166 12 215
person 0.022313986 610 48 623 63
person 0.022298267 143 328 159 343
person 0.022296153 297 132 311 150
person 0.022200545 642 593 659 648
person 0.022169542 279 385 301 426
person 0.022151355 58 254 78 285
person 0.022126833 111 316 182 433
person 0.022099432 46 -83 60 -43
person 0.022052657 343 172 371 211
person 0.022046756 96 146 104 156
person 0.022013748 618 4 635 30
person 0.02199427 732 124 745 143
person 0.021990025 396 69 405 85
person 0.021979231 610 593 627 648
person 0.021956667 646 136 668 162
person 0.021877255 39 -64 59 6
person 0.02186486 674 593 691 648
person 0.021824816 781 373 801 391
person 0.021818073 73 132 80 141
person 0.021766445 125 114 132 124
person 0.02174059 67 150 75 160
person 0.021700466 254 391 262 412
person 0.021684498 384 133 400 150
person 0.021667777 77 566 100 644
person 0.021664815 0 431 4 519
person 0.02162599 504 274 547 344
person 0.02159722 661 472 667 498
person 0.021589858 74 -79 89 -40
person 0.021570096 681 45 700 67
person 0.021544464 228 317 242 332
person 0.02150001 783 -180 795 -167
person 0.021494282 232 169 315 273
person 0.021476708 466 17 479 32
person 0.021435881 570 32 599 84
person 0.021434616 578 593 595 648
person 0.021422032 303 203 385 306
person 0.021351634 770 -108 779 -73
person 0.021292174 165 479 176 519
person 0.021207808 720 -180 731 -163
person 0.021149196 222 168 239 189
person 0.021145914 623 567 639 620
person 0.021064105 783 -180 793 -174
person 0.020986097 47 143 61 160
person 0.02097971 99 239 129 277
person 0.020968968 125 254 183 321
person 0.020950759 398 137 414 152
person 0.02093496 73 -101 95 -31
person 0.020899862 202 423 219 442
person 0.020888308 639 59 653 73
person 0.020868732 706 593 723 648
person 0.02084704 592 47 606 62
person 0.02084377 530 31 543 47
person 0.020803196 643 -108 663 -69
person 0.02076858 112 228 194 346
person 0.020763652 655 567 670 620
person 0.020749202 271 314 279 325
person 0.0206937 307 326 323 351
person 0.020681567 511 26 519 35
person 0.020636238 133 479 144 521
person 0.020572359 392 69 401 84
person 0.020557536 136 573 162 647
person 0.020556742 517 557 534 608
person 0.020545777 821 48 830 78
person 0.020529825 50 -34 65 0
person 0.020429557 0 85 23 142
person 0.0204219 611 -110 629 -68
person 0.02034155 823 627 828 662
person 0.020307682 701 72 714 86
person 0.020302547 283 419 313 471
person 0.02025261 655 74 669 89
person 0.020248909 463 323 472 345
person 0.0201816 591 567 606 620
person 0.020167371 264 363 284 393
person 0.020157672 576 -180 586 -174
person 0.020112477 826 406 831 430
person 0.020109085 321 137 337 156
person 0.020085918 761 149 774 167
person 0.020067962 826 392 831 415
person 0.02005617 658 47 671 61
person 0.02001746 546 593 563 648
person 0.02001665 43 553 59 606
person 0.01994967 260 138 283 165
person 0.019894522 736 73 749 88
person 0.019876678 575 258 640 370
person 0.019875923 98 125 111 140
person 0.019871335 389 -56 415 4
person 0.019827925 224 300 238 315
person 0.0197923 560 -180 572 -165
person 0.019791495 448 326 458 370
person 0.019787943 772 557 787 597
person 0.01974496 689 61 698 70
person 0.019662851 823 228 830 277
person 0.019629974 332 -61 372 23
person 0.019586505 823 25 833 46
person 0.01957845 181 -62 218 26
person 0.019576408 7 154 13 180
person 0.01953167 623 56 637 71
person 0.01949322 22 370 33 392
person 0.019475428 292 483 304 521
person 0.019460632 645 471 651 497
person 0.019456401 267 326 287 350
person 0.019451234 497 153 507 162
person 0.019427957 171 229 201 266
person 0.019427408 229 74 242 87
person 0.01940357 52 390 68 411
person 0.019304918 686 567 702 620
person 0.01927299 34 4 57 64
person 0.019163175 669 154 684 174
person 0.019148977 -1 183 15 234
person 0.01913923 275 486 285 509
person 0.019138815 488 335 498 376
person 0.019087022 417 117 424 136
person 0.019078307 0 87 8 119
person 0.01906948 150 253 176 293
person 0.01906054 484 17 496 32
person 0.01905564 280 67 342 174
person 0.019038625 826 436 830 464
person 0.01903223 356 207 426 310
person 0.019011317 147 175 164 192
person 0.018986313 329 295 344 315
person 0.01896965 735 -180 747 -165
person 0.018965637 13 149 85 245
person 0.018954212 625 45 639 59
person 0.018945066 554 -10 571 17
person 0.01894192 384 27 391 37
person 0.018931262 324 481 336 519
person 0.018878661 721 123 735 141
person 0.018844366 291 -65 327 24
person 0.018844156 101 76 121 98
person 0.018810982 436 310 444 333
person 0.01878256 396 221 459 344
person 0.018744325 582 578 607 649
person 0.01873963 109 143 122 159
person 0.018709324 618 440 634 462
person 0.018701568 375 362 386 383
person 0.018687394 318 -95 342 -30
person 0.018660834 640 74 654 88
person 0.01858175 264 297 271 308
person 0.018577203 -4 523 10 622
person 0.018558564 0 163 4 190
person 0.018549103 401 121 417 139
person 0.018517023 514 593 531 648
person 0.01849919 735 -180 745 -174
person 0.018493848 230 403 244 422
person 0.018457081 138 344 156 360
person 0.018448135 826 453 830 481
person 0.018434925 192 -100 215 -34
person 0.01843392 165 88 185 110
person 0.018424086 227 142 260 178
person 0.018420171 -2 88 8 108
person 0.018397927 748 73 761 87
person 0.018378148 773 404 804 420
person 0.018364025 485 557 502 608
person 0.01832525 355 12 367 25
person 0.018267086 544 137 574 174
person 0.018241847 136 -171 159 -110
person 0.018225413 690 74 703 88
person 0.018224863 295 24 314 48
person 0.018221313 704 62 713 71
person 0.018219223 782 568 806 641
person 0.01817333 437 18 448 31
person 0.018162472 59 393 73 411
person 0.018159235 203 23 220 50
person 0.018158598 590 92 604 108
person 0.01814876 0 3 3 30
person 0.018109808 524 85 540 101
person 0.01804734 621 137 635 155
person 0.018045058 429 120 445 139
person 0.018038135 734 417 748 438
person 0.017961273 197 423 220 467
person 0.017932236 37 250 111 362
person 0.017929591 490 -175 502 -135
person 0.017927459 431 44 442 54
person 0.017921237 674 59 684 68
person 0.017915215 262 296 274 311
person 0.017887983 708 558 726 607
person 0.017887315 -4 167 7 188
person 0.017875658 0 39 6 76
person 0.017873146 4 157 16 178
person 0.017858163 122 260 153 297
person 0.017857784 415 -33 432 -3
person 0.017816935 455 -176 466 -137
person 0.017799169 674 46 687 60
person 0.017783621 826 376 831 398
person 0.017768694 134 76 154 98
person 0.017745722 0 -158 4 -126
person 0.017744865 734 107 748 125
person 0.017738916 0 561 9 627
person 0.017713344 102 -77 117 -39
person 0.017712988 544 -180 556 -165
person 0.017710656 205 202 234 241
person 0.017685985 292 487 300 507
person 0.017660314 0 -174 4 -143
person 0.017652715 0 38 3 66
person 0.017625563 80 -166 104 -104
person 0.017598707 46 231 70 274
person 0.017587375 61 280 76 297
person 0.017521242 803 437 838 541
person 0.017516589 781 79 792 96
person 0.017512912 309 373 323 393
person 0.017477881 196 478 207 519
person 0.017472994 75 -62 109 29
person 0.017411083 514 -167 538 -104
person 0.017398443 672 75 685 89
person 0.017371865 822 410 834 426
person 0.017343082 521 -174 533 -134
person 0.017334478 482 592 499 648
person 0.017334338 453 557 470 608
person 0.017331056 675 -176 694 -134
person 0.017287323 517 578 542 650
person 0.017286602 718 567 734 621
person 0.017276302 199 577 224 649
person 0.01725018 270 277 287 294
person 0.017230894 370 401 385 423
person 0.017228328 559 567 574 620
person 0.017222483 641 47 654 61
person 0.017168798 510 259 526 282
person 0.017155422 198 82 210 95
person 0.017115084 805 7 829 66
person 0.017093953 42 193 63 228
person 0.017091718 610 484 618 506
person 0.017082268 385 -3 394 8
person 0.017071206 768 249 779 261
person 0.01703982 751 107 764 124
person 0.0170384 0 465 4 495
person 0.017014459 721 74 734 88
person 0.017011333 607 108 621 125
person 0.017009458 -4 180 7 201
person 0.017006341 166 37 186 62
person 0.016989976 737 593 754 648
person 0.016958985 201 -173 225 -113
person 0.016957037 825 607 830 641
person 0.016941339 223 93 237 107
person 0.016912647 559 -180 570 -174
person 0.016884523 822 395 834 411
person 0.01686817 573 521 589 559
person 0.01683488 536 167 566 206
person 0.016822824 0 623 6 660
person 0.016796377 -2 277 9 299
person 0.016782751 259 592 276 648
person 0.016780196 259 101 268 118
person 0.016773453 502 19 526 55
person 0.0167717 133 138 165 172
person 0.01677129 660 477 666 491
person 0.016759768 644 -50 664 -23
person 0.016759211 670 89 684 106
person 0.016698344 290 592 307 648
person 0.0166939 131 592 148 648
person 0.016676163 579 479 591 524
person 0.016649513 634 438 650 460
person 0.016649231 0 273 6 302
person 0.016645571 227 592 244 648
person 0.016624946 205 335 230 374
person 0.016598253 423 -177 435 -137
person 0.016586883 753 125 766 143
person 0.016551524 191 297 213 324
person 0.016532216 654 89 668 106
person 0.016529068 174 386 241 493
person 0.0165282 450 592 467 648
person 0.016528161 494 248 556 364
person 0.016495787 429 141 445 156
person 0.0164838 722 61 734 74
person 0.016456688 453 578 478 650
person 0.01644705 737 90 749 106
person 0.016445052 823 -88 830 -43
person 0.016444767 195 592 212 648
person 0.016435891 755 135 769 154
person 0.016432818 108 -176 119 -137
person 0.016424565 322 592 339 648
person 0.016409788 163 592 180 648
person 0.016368624 162 -180 174 -165
person 0.01635534 178 -180 190 -165
person 0.016355248 257 -180 269 -165
person 0.016352035 242 -180 253 -165
person 0.016351819 461 275 480 297
person 0.016348569 146 -180 158 -165
person 0.016347036 273 -180 285 -165
person 0.016346866 194 -180 206 -165
person 0.016346605 385 -180 397 -165
person 0.01634416 210 -180 222 -165
person 0.016342932 226 -180 237 -165
person 0.016339952 321 -180 333 -165
person 0.016332343 305 -180 317 -165
person 0.01633232 369 -180 381 -165
person 0.016331729 289 -180 301 -165
person 0.016331455 337 -180 349 -165
person 0.016310692 620 123 634 142
person 0.016310371 73 541 95 624
person 0.016308306 353 -180 365 -165
person 0.016282234 439 21 446 30
person 0.016279995 825 76 830 87
person 0.016265806 825 61 830 72
person 0.01625612 35 592 52 649
person 0.016253954 401 -180 413 -165
person 0.016253175 720 72 750 120
person 0.016241668 482 -118 493 -81
person 0.016241051 258 486 269 509
person 0.016234491 197 311 205 321
person 0.016226148 0 132 4 158
person 0.016211677 99 592 116 649
person 0.016180031 0 528 6 592
person 0.016166186 130 -180 142 -165
person 0.016161999 483 163 514 200
person 0.01615623 -7 -124 17 -24
person 0.016149782 354 592 371 648
person 0.016136944 283 282 298 299
person 0.01613291 824 566 830 625
person 0.01613179 262 578 287 650
person 0.016111732 769 593 786 648
person 0.016105799 295 -177 306 -138
person 0.016105678 418 592 435 648
person 0.016066771 551 -175 563 -134
person 0.016044134 386 592 403 649
person 0.016012235 370 33 377 43
person 0.016005106 417 -180 429 -165
person 0.01597948 751 -180 763 -166
person 0.015963487 355 81 364 94
person 0.015960904 354 42 367 57
person 0.015921462 360 17 386 53
person 0.015906362 221 191 240 209
person 0.015905749 433 -180 445 -165
person 0.015881734 657 59 667 68
person 0.015857039 447 161 473 199
person 0.015836397 389 578 415 650
person 0.015834657 622 91 636 108
person 0.015811652 548 478 558 523
person 0.015810532 327 -171 352 -111
person 0.01579263 327 -177 338 -138
person 0.015787918 0 305 5 332
person 0.015772142 391 -177 402 -138
person 0.015768036 736 63 749 76
person 0.015755484 215 60 278 170
person 0.015725046 574 138 588 156
person 0.015720567 181 251 237 320
person 0.015718237 303 -33 320 -2
person 0.01571176 782 568 797 623
person 0.0157037 594 485 602 507
person 0.015696863 510 93 526 108
person 0.015685476 258 454 286 515
person 0.015672635 263 -177 274 -138
person 0.015668223 357 197 384 238
person 0.01566748 169 98 177 108
person 0.015664678 326 578 351 650
person 0.015658474 309 355 331 395
person 0.01565674 80 -122 96 -71
person 0.015654586 114 -180 126 -165
person 0.015649077 -3 41 6 62
person 0.015648577 99 276 116 295
person 0.015636873 663 5 692 57
person 0.01562427 631 190 657 230
person 0.015623938 421 557 438 608
person 0.015602743 741 559 756 600
person 0.015590268 323 148 339 167
person 0.015587766 528 -180 540 -166
person 0.015587424 100 198 128 237
person 0.01557129 708 44 727 67
person 0.015558878 242 486 253 509
person 0.015539104 738 485 746 509
person 0.01553036 823 7 833 29
person 0.015523217 453 456 464 510
person 0.015506231 208 84 215 92
person 0.015505336 359 -177 370 -138
person 0.015496189 485 -121 508 -56
person 0.015465817 578 -179 601 -118
person 0.015465005 825 91 830 102
person 0.015445038 357 12 364 23
person 0.015442796 -3 119 7 140
person 0.015438685 240 120 251 130
person 0.015432927 229 557 247 608
person 0.015428985 628 473 635 496
person 0.015372175 114 121 127 135
person 0.0153597435 228 483 239 523
person 0.015352988 82 -172 91 -136
person 0.015347339 771 -79 780 -42
person 0.015334654 449 -180 461 -165
person 0.015332465 129 464 138 475
person 0.015332436 308 487 316 509
person 0.015325384 207 320 256 387
person 0.015312536 724 -168 730 -141
person 0.0153119685 685 106 699 124
person 0.015307684 544 258 560 281
person 0.015298308 731 164 752 192
person 0.01528061 19 274 30 297
person 0.0152745275 463 101 535 214
person 0.015267974 655 121 669 139
person 0.015244626 173 -36 189 0
person 0.0152425505 57 203 85 241
person 0.0152307805 611 136 641 172
person 0.015227827 174 249 188 257
person 0.015224783 206 358 222 376
person 0.015221908 155 4 194 85
person 0.0151921315 52 -171 61 -135
person 0.015183894 401 46 415 61
person 0.015170423 93 -38 113 5
person 0.015160446 670 139 684 158
person 0.015143978 750 91 763 107
person 0.015138504 410 163 440 202
person 0.015112803 200 83 207 93
person 0.015109788 608 122 622 140
person 0.015106887 607 72 622 88
person 0.015095765 319 567 333 587
person 0.015088465 303 567 317 587
person 0.01508612 703 92 716 107
person 0.015061115 277 167 306 206
person 0.015052615 335 567 349 587
person 0.015027553 122 112 129 125
person 0.015014465 351 567 365 587
person 0.015013486 623 74 637 89
person 0.015012125 635 271 657 322
person 0.015007521 383 567 396 587
person 0.015001242 367 567 381 587
person 0.014996796 399 567 412 587
person 0.014987066 720 106 733 124
person 0.0149818165 195 488 205 509
person 0.014969273 578 135 602 162
person 0.014965892 287 567 301 587
person 0.014954262 35 401 50 425
person 0.014947584 694 375 757 497
person 0.014939554 415 310 423 331
person 0.014935232 192 294 266 422
person 0.014932615 168 188 188 205
person 0.0149197085 237 435 255 469
person 0.014918629 0 177 4 204
person 0.014916828 62 118 89 153
person 0.014916471 0 -143 4 -110
person 0.014913766 415 567 428 587
person 0.014912666 542 89 557 106
person 0.01489588 655 104 669 122
person 0.014866638 98 -180 110 -165
person 0.014862336 307 101 319 118
person 0.014852656 687 121 701 140
person 0.014846253 689 46 702 60
person 0.014845214 316 350 327 368
person 0.014832145 391 -172 416 -113
person 0.014831864 198 87 210 101
person 0.014827748 708 537 741 618
person 0.0147988675 431 567 444 587
person 0.014793647 670 104 683 122
person 0.014783748 826 422 830 447
person 0.01476967 599 301 620 348
person 0.014769572 0 -73 6 -20
person 0.014761726 446 520 461 559
person 0.014750579 788 119 795 130
person 0.014747974 271 567 285 587
person 0.014730192 160 567 173 587
person 0.014728101 0 191 5 223
person 0.014728075 516 -120 525 -84
person 0.014719026 781 80 808 134
person 0.014716433 642 -174 660 -129
person 0.01471384 637 90 651 107
person 0.014708678 323 485 333 508
person 0.0147009 751 -180 761 -174
person 0.014687871 144 567 157 587
person 0.014687808 465 -180 477 -165
person 0.014686444 825 293 830 319
person 0.014678944 14 346 25 369
person 0.01466963 228 468 245 504
person 0.014668706 163 23 181 51
person 0.014635056 817 -180 832 -133
person 0.01463505 0 497 6 559
person 0.014631996 626 484 634 506
person 0.014630284 649 7 666 32
person 0.014620512 823 -60 830 -15
person 0.014599828 826 309 830 335
person 0.014599588 779 96 786 106
person 0.014598532 623 422 638 443
person 0.0145980315 67 592 84 649
person 0.014590522 426 197 500 312
person 0.014589363 50 -180 62 -166
person 0.014585422 447 567 460 587
person 0.014572161 176 567 189 587
person 0.014561085 687 92 700 108
person 0.014551489 77 268 94 283
person 0.0145382425 374 14 400 50
person 0.0145351365 231 -177 242 -138
person 0.014524675 652 277 672 325
person 0.014514741 825 44 830 56
person 0.014510423 513 -180 525 -165
person 0.014490479 296 108 304 125
person 0.0144808395 621 106 635 124
person 0.014469119 255 567 269 587
person 0.014457673 -2 -182 10 -127
person 0.0144479815 580 72 588 89
person 0.014425694 579 -177 591 -133
person 0.014390396 192 567 205 587
person 0.014389577 224 106 239 122
person 0.0143807 45 403 62 424
person 0.014375287 271 70 281 78
person 0.014358853 735 134 749 153
person 0.014351113 523 259 539 280
person 0.014349961 33 -52 51 -2
person 0.014344074 -1 229 12 283
person 0.014342462 389 557 407 608
person 0.014336012 496 328 504 352
person 0.014331661 618 410 633 429
person 0.014318194 463 567 476 587
person 0.014317791 293 557 311 608
person 0.014316849 671 121 685 139
person 0.014307003 273 -170 298 -111
person 0.01430442 767 -180 777 -174
person 0.014296213 801 87 812 105
person 0.014269024 544 -180 555 -174
person 0.014239369 82 -180 94 -165
person 0.014235615 240 567 253 587
person 0.014211078 1 291 15 313
person 0.014210711 128 567 141 587
person 0.014205969 78 133 86 140
person 0.014201368 627 475 634 489
person 0.014200367 208 567 221 587
person 0.014196342 578 485 586 507
person 0.014192873 317 402 334 424
person 0.014184503 350 119 366 136
person 0.014179689 324 -77 379 46
person 0.014158402 355 389 370 408
person 0.0141579965 224 567 237 587
person 0.014142392 479 567 492 587
person 0.014141348 654 138 669 157
person 0.014138163 261 557 279 608
person 0.014136548 493 72 502 88
person 0.014133684 723 63 732 72
person 0.014115544 767 -180 779 -166
person 0.014115516 135 -177 147 -138
person 0.01409856 609 480 624 521
person 0.014061585 615 168 644 206
person 0.014054109 373 472 380 495
person 0.014046547 822 379 834 395
person 0.014039172 402 295 409 317
person 0.014034816 769 530 784 564
person 0.014019174 541 521 557 559
person 0.014012677 497 -180 509 -165
person 0.014009019 210 487 221 509
person 0.014007479 675 477 681 490
person 0.014007432 650 533 682 620
person 0.014000565 0 129 7 163
person 0.013972033 339 321 355 347
person 0.013953111 495 567 508 587
person 0.013951367 527 566 542 621
person 0.013945904 152 141 184 176
person 0.01394454 481 -180 493 -165
person 0.013943544 207 202 228 219
person 0.013929076 105 381 170 496
person 0.013920989 454 21 462 30
person 0.013910259 813 274 822 341
person 0.013858687 613 -181 625 -131
person 0.013856251 825 -154 830 -125
person 0.013853319 233 46 261 81
person 0.01385018 759 208 781 241
person 0.013829348 754 486 762 507
person 0.013825519 609 135 624 153
person 0.013823034 768 98 792 135
person 0.013819064 106 185 124 201
person 0.013814951 0 -138 10 -75
person 0.013814445 356 557 375 608
person 0.013794918 74 295 88 311
person 0.013781307 702 105 716 123
person 0.013779816 241 100 251 118
person 0.01377841 189 382 202 414
person 0.01376314 143 316 152 326
person 0.013757063 511 567 524 587
person 0.0137552 506 278 519 299
person 0.013746205 351 48 379 82
person 0.013743736 197 557 215 608
person 0.013733714 311 412 363 542
person 0.013726218 60 409 116 548
person 0.013706724 620 151 635 170
person 0.013705493 388 477 399 520
person 0.013703295 722 485 730 508
person 0.013696735 483 329 492 352
person 0.013688833 597 -169 603 -141
person 0.013684856 101 474 109 497
person 0.013674202 236 229 317 349
person 0.013671622 0 450 4 482
person 0.013671442 182 472 189 494
person 0.013669887 17 355 29 379
person 0.013661435 644 476 650 490
person 0.013657535 48 -120 62 -67
person 0.013647101 271 180 288 200
person 0.013630154 0 -108 7 -48
person 0.013628128 606 521 622 560
person 0.013594109 139 -76 154 -39
person 0.0135802915 449 -117 460 -79
person 0.013575048 325 557 343 608
person 0.0135265365 131 336 164 374
person 0.013522285 177 -70 189 -49
person 0.013516048 -2 -170 6 -147
person 0.0135096405 719 91 732 107
person 0.013502099 524 251 539 272
person 0.01350196 400 -2 410 8
person 0.013500638 675 471 682 498
person 0.013470196 573 124 587 140
person 0.013468117 689 409 746 537
person 0.0134584205 135 537 167 621
person 0.013447035 115 474 124 495
person 0.013383326 101 163 110 181
person 0.013382878 -3 261 6 282
person 0.013369267 527 567 540 587
person 0.013357592 637 105 651 123
person 0.013350926 478 520 493 558
person 0.0133496635 165 557 183 608
person 0.013344628 388 46 402 62
person 0.013338614 57 245 80 265
person 0.013321563 786 487 794 504
person 0.013309533 606 90 620 107
person 0.013300476 819 573 831 634
person 0.013293956 75 283 89 298
person 0.013289229 0 480 4 511
person 0.0132850455 374 117 456 225
person 0.01327578 0 100 5 123
person 0.013274268 490 271 503 290
person 0.013274174 774 266 781 277
person 0.013253519 292 302 305 317
person 0.013239924 167 -177 178 -138
person 0.013226183 676 48 684 57
person 0.013225361 273 325 286 343
person 0.013221199 199 -177 210 -138
person 0.013213909 193 -70 205 -49
person 0.013209086 0 21 3 48
person 0.013205587 108 263 127 281
person 0.013203959 341 -4 383 71
person 0.013201231 397 387 409 409
person 0.013193133 222 294 242 317
person 0.013186319 457 -170 482 -109
person 0.013178571 44 357 56 377
person 0.013156191 292 475 300 495
person 0.013151338 387 -94 411 -30
person 0.013144212 116 407 161 484
person 0.013130091 719 136 734 156
person 0.01312378 511 251 527 273
person 0.013089602 352 0 362 10
person 0.013060393 798 79 809 97
person 0.0130585255 209 -70 221 -49
person 0.013045705 99 486 109 509
person 0.013040193 0 257 4 286
person 0.013037709 701 122 715 140
person 0.013033856 482 485 492 508
person 0.013028299 784 358 802 378
person 0.013026975 -3 135 7 155
person 0.01302098 392 68 402 77
person 0.013014652 0 337 4 365
person 0.013008894 354 486 364 508
person 0.012998405 -3 6 6 27
person 0.012994833 163 461 180 500
person 0.012988609 179 488 189 508
person 0.012972162 638 121 653 139
person 0.012956908 543 566 556 587
person 0.012939606 0 -126 4 -94
person 0.012917257 333 123 347 139
person 0.012912266 447 119 461 138
person 0.012901531 627 488 632 502
person 0.012896097 286 520 301 557
person 0.012892122 112 567 125 587
person 0.012878676 380 -63 420 20
person 0.012872488 52 168 67 187
person 0.012869398 611 474 619 497
person 0.0128539 0 116 4 143
person 0.012850089 588 530 618 622
person 0.012835743 755 474 763 496
person 0.012835436 83 486 93 509
person 0.012779114 226 486 237 509
person 0.012773606 544 30 556 46
person 0.012753399 68 82 88 105
person 0.012750307 822 15 830 47
person 0.012740113 738 65 747 74
person 0.012738351 678 -12 689 15
person 0.012733122 825 -122 830 -92
person 0.012727015 824 485 830 511
person 0.012724116 150 472 157 494
person 0.012715541 825 -138 830 -108
person 0.012713159 514 485 524 508
person 0.012709454 390 472 397 495
person 0.012700494 510 520 525 559
person 0.012683387 638 138 652 156
person 0.012658297 817 -122 831 -69
person 0.012645763 752 62 764 75
person 0.012644728 417 144 425 153
person 0.012644646 544 -83 553 -48
person 0.012640758 818 547 831 602
person 0.012639396 380 74 453 177
person 0.012638657 491 183 506 196
person 0.012638485 781 134 795 152
person 0.01262203 134 473 141 495
person 0.0126172 770 486 779 505
person 0.012617105 384 402 434 546
person 0.012615513 417 50 445 84
person 0.01260021 825 469 830 496
person 0.012598199 558 89 573 105
person 0.012581762 96 -119 110 -79
person 0.012574252 528 -180 539 -174
person 0.012565777 825 -8 830 18
person 0.012546893 654 153 669 172
person 0.012544483 109 158 117 174
person 0.012535314 188 174 204 192
person 0.012515533 109 106 137 140
person 0.012482914 448 403 495 553
person 0.012481763 -3 -153 6 -131
person 0.012478431 61 543 112 669
person 0.012447074 1 274 10 332
person 0.012440938 0 511 4 543
person 0.012435895 368 -2 378 8
person 0.012421651 625 325 641 346
person 0.012413605 254 122 263 131
person 0.01241241 589 138 604 156
person 0.0124095185 211 0 253 76
person 0.012401228 540 241 563 287
person 0.012394205 194 451 224 510
person 0.012393131 613 -169 619 -141
person 0.0123902075 -3 196 8 218
person 0.012386899 66 309 85 326
person 0.012383428 638 154 652 172
person 0.012379714 660 49 669 58
person 0.012372028 699 146 744 209
person 0.012366162 202 534 234 620
person 0.012366156 567 52 577 61
person 0.012365683 706 436 719 459
person 0.012354529 498 485 508 508
person 0.012345166 122 247 138 263
person 0.012327784 427 258 443 279
person 0.012310522 729 435 745 460
person 0.0123100765 394 29 407 44
person 0.012288423 145 329 156 339
person 0.012271425 559 566 572 587
person 0.012269253 287 -107 322 -19
person 0.012263453 66 -180 78 -166
person 0.012263094 124 261 141 277
person 0.012260368 825 -74 830 -45
person 0.012255941 161 -70 173 -49
person 0.012254497 646 -147 662 -98
person 0.012243455 140 315 155 329
person 0.012239765 766 -174 783 -129
person 0.012237096 692 476 698 489
person 0.012227636 489 124 563 229
person 0.012213245 601 309 618 328
person 0.012209777 564 408 603 489
person 0.012208638 -3 101 7 122
person 0.012192559 407 241 451 315
person 0.01218494 397 89 406 106
person 0.012184573 76 311 94 328
person 0.012180166 304 64 318 79
person 0.012178106 237 403 246 420
person 0.012174694 698 546 751 661
person 0.012172189 581 -169 588 -141
person 0.012169494 825 -90 830 -61
person 0.012152584 190 343 205 358
person 0.012145619 779 392 799 400
person 0.012135555 611 478 618 491
person 0.012133668 546 484 555 508
person 0.012130337 82 -153 92 -110
person 0.012126709 530 484 539 507
person 0.012124241 0 386 6 483
person 0.012117144 767 -146 783 -99
person 0.012114142 4 288 12 315
person 0.012103532 825 261 830 287
person 0.012100927 264 77 274 86
person 0.012092983 356 479 367 518
person 0.012065624 825 -106 830 -76
person 0.0120638795 817 517 832 568
person 0.012060379 744 -155 755 -105
person 0.012055738 32 22 48 51
person 0.012040857 52 380 65 399
person 0.01204013 750 568 765 622
person 0.012038276 466 486 476 508
person 0.012036761 591 106 605 122
person 0.0120326625 819 493 832 529
person 0.012026333 138 407 157 423
person 0.012021671 825 107 830 118
person 0.012021275 524 527 552 625
person 0.012012183 502 311 508 337
person 0.012002442 152 191 179 222
person 0.011990098 384 391 400 413
person 0.011987625 212 198 246 210
person 0.0119774565 166 472 173 493
person 0.01194372 237 336 250 351
person 0.011940119 183 114 213 148
person 0.011934366 260 467 276 502
person 0.011925647 497 16 509 32
person 0.011923423 177 368 193 384
person 0.011920901 576 415 629 555
person 0.011912907 644 485 651 507
person 0.0119093135 329 149 344 167
person 0.011903615 236 181 255 200
person 0.011903502 0 384 4 415
person 0.0118969595 826 324 830 350
person 0.011891232 386 90 396 106
person 0.011882893 131 487 141 508
person 0.011882585 0 -28 3 2
person 0.0118816495 793 341 807 361
person 0.011857528 691 48 699 57
person 0.011823216 161 522 172 557
person 0.01182003 329 166 345 183
person 0.011810349 575 566 588 587
person 0.011802872 338 279 352 298
person 0.0117967725 317 411 358 485
person 0.0117787635 266 0 310 75
person 0.011753902 562 485 571 508
person 0.011749661 74 -11 113 73
person 0.011740229 87 332 115 370
person 0.011737751 826 359 831 382
person 0.011714598 749 324 764 348
person 0.011713349 703 74 712 83
person 0.011694844 0 -110 4 -78
person 0.011693918 238 391 248 412
person 0.011691753 177 465 186 476
person 0.011679549 513 409 562 554
person 0.011658163 605 -79 624 -42
person 0.011652753 826 342 830 366
person 0.01163986 814 197 832 243
person 0.011639465 0 606 4 642
person 0.011634766 0 527 4 559
person 0.011633866 0 -8 4 19
person 0.0116261095 308 388 323 407
person 0.011624214 558 137 573 154
person 0.011619542 635 184 650 203
person 0.011616394 152 359 170 376
person 0.011614789 227 340 238 356
person 0.011602124 526 -11 542 14
person 0.0115865925 414 521 429 558
person 0.011580403 262 315 275 330
person 0.011579354 8 207 14 238
person 0.01157602 825 28 830 40
person 0.011572224 0 495 4 527
person 0.011568363 341 66 406 174
person 0.01155833 751 463 758 474
person 0.011555328 806 -115 838 -28
person 0.011555225 161 463 171 475
person 0.011554582 495 566 510 621
person 0.011538554 708 -169 714 -141
person 0.011534384 98 185 111 195
person 0.011523651 802 380 810 443
person 0.011513993 765 181 779 201
person 0.011494347 115 486 125 508
person 0.011490799 206 92 221 107
person 0.011483179 738 75 746 84
person 0.01147766 708 476 714 490
person 0.011462916 767 -114 782 -66
person 0.011462506 825 277 830 304
person 0.011452158 72 556 88 608
person 0.011441071 450 486 460 508
person 0.011436626 641 61 651 69
person 0.011432493 258 483 273 521
person 0.011430262 190 521 206 558
person 0.011425688 35 364 47 386
person 0.011411037 531 51 541 59
person 0.011403069 132 292 158 319
person 0.011396587 46 566 61 622
person 0.011381811 35 577 48 600
person 0.01137331 462 242 479 264
person 0.011371338 163 487 173 508
person 0.0113652665 513 -180 523 -174
person 0.011360568 171 -77 187 -39
person 0.011355252 682 16 698 41
person 0.011336922 119 543 175 665
person 0.011325965 50 -180 60 -174
person 0.011284701 223 62 238 77
person 0.011281423 822 198 833 219
person 0.011280371 562 263 577 286
person 0.011280047 357 474 365 496
person 0.011266669 341 90 350 106
person 0.011251762 460 526 487 626
person 0.011247245 631 543 686 662
person 0.011233687 445 136 461 151
person 0.01123284 783 339 810 412
person 0.011220216 747 207 771 249
person 0.011216106 340 64 353 78
person 0.011213494 524 -134 547 -69
person 0.011212447 647 385 714 498
person 0.011192804 591 152 606 171
person 0.011192054 208 337 216 346
person 0.01117594 79 21 96 50
person 0.011170296 451 330 459 353
person 0.01116132 268 167 283 186
person 0.011152836 591 566 604 587
person 0.011131494 371 486 380 508
person 0.01112781 0 358 5 446
person 0.01112334 339 486 349 509
person 0.011119292 474 267 489 287
person 0.011118075 705 44 717 58
person 0.011107564 267 20 286 43
person 0.011063893 289 65 303 79
person 0.011059965 692 471 699 498
person 0.011058067 75 58 120 128
person 0.011057989 119 107 148 142
person 0.01105765 826 593 830 625
person 0.011054141 277 42 290 58
person 0.011046648 466 266 481 287
person 0.011039274 592 273 650 413
person 0.011037338 190 132 205 150
person 0.011031374 452 311 460 333
person 0.011027744 106 279 123 297
person 0.011027509 66 179 84 199
person 0.011022938 478 241 495 263
person 0.011019545 -3 389 7 410
person 0.011017773 512 17 524 33
person 0.011015192 494 151 510 164
person 0.01101192 510 291 526 314
person 0.011007319 629 -169 635 -141
person 0.010990063 722 5 750 58
person 0.010987456 147 487 157 508
person 0.010980246 318 520 333 557
person 0.010974529 740 -168 746 -141
person 0.01096875 170 386 198 425
person 0.010941368 774 81 782 90
person 0.010939742 575 334 594 379
person 0.010937881 420 -77 436 -39
person 0.010936384 163 81 178 95
person 0.0109282425 825 460 830 472
person 0.010898071 710 179 777 299
person 0.010887139 630 418 687 548
person 0.010883488 406 472 413 495
person 0.010877571 479 -121 495 -72
person 0.010875888 467 314 474 338
person 0.01086896 385 -180 395 -174
person 0.010865183 161 -180 172 -174
person 0.010862749 145 -180 156 -174
person 0.010859317 661 407 704 494
person 0.010856188 257 -180 268 -174
person 0.010854924 241 -180 252 -174
person 0.010854821 177 -180 188 -174
person 0.010854083 369 -180 380 -174
person 0.010851759 273 -180 284 -174
person 0.010849722 193 -180 204 -174
person 0.010848397 225 -180 236 -174
person 0.010847895 321 -180 332 -174
person 0.010847487 209 -180 220 -174
person 0.010843542 305 -180 316 -174
person 0.010843389 337 -180 348 -174
person 0.010842872 289 -180 300 -174
person 0.010838188 0 242 4 270
person 0.010835322 353 -180 364 -174
person 0.010835153 733 -43 758 13
person 0.01083411 -3 24 6 45
person 0.0108138975 772 564 810 656
person 0.010811588 401 -180 411 -174
person 0.010802896 403 315 411 336
person 0.010802604 0 543 4 575
person 0.010801428 0 559 4 590
person 0.0107991565 579 254 603 301
person 0.010793728 276 475 284 494
person 0.010787386 61 232 79 248
person 0.01077544 513 -84 525 -47
person 0.01076468 129 -180 140 -174
person 0.010760736 470 27 514 99
person 0.010750416 742 46 761 68
person 0.010745411 263 386 332 498
person 0.010743617 421 451 433 511
person 0.010741399 176 417 239 542
person 0.010731223 329 522 363 599
person 0.010711051 558 123 572 139
person 0.010710296 434 486 444 508
person 0.010704382 145 464 154 475
person 0.010701408 560 551 572 572
person 0.010699783 751 75 759 84
person 0.010698799 497 209 580 309
person 0.0106951045 417 -180 427 -174
person 0.010694096 638 358 661 401
person 0.010685982 675 -109 694 -71
person 0.010683421 607 565 620 587
person 0.010672676 796 325 809 346
person 0.010671956 609 320 634 367
person 0.010667712 544 552 556 573
person 0.010663169 433 -180 443 -174
person 0.010662823 825 196 830 221
person 0.0106620435 271 566 287 621
person 0.010655944 824 500 830 527
person 0.010647959 202 434 222 456
person 0.010646929 786 477 792 490
person 0.010646778 212 344 222 355
person 0.010644483 158 103 189 137
person 0.0106412 494 185 503 193
person 0.010636206 575 103 589 119
person 0.010608823 756 312 767 335
person 0.010607938 571 52 581 60
person 0.010598278 456 -75 471 -38
person 0.010597179 206 393 222 409
person 0.010594495 496 -180 507 -174
person 0.0105922595 303 566 319 621
person 0.010590156 717 436 730 460
person 0.010585386 352 104 360 120
person 0.010579565 35 148 44 165
person 0.01057428 108 94 122 109
person 0.010567178 607 435 625 458
person 0.010564641 446 388 457 410
person 0.010562622 641 479 656 519
person 0.010559198 557 336 572 370
person 0.010548738 181 316 190 326
person 0.0105299605 709 471 716 499
person 0.010520475 484 91 497 98
person 0.010497934 205 413 221 429
person 0.010493838 113 -180 124 -174
person 0.010481488 449 -180 459 -174
person 0.010480157 240 566 255 621
person 0.010474615 137 355 163 374
person 0.010467312 35 562 46 585
person 0.010460134 692 76 701 85
person 0.0104582235 194 303 209 317
person 0.010452063 324 444 349 517
person 0.010451431 494 273 549 416
person 0.010450751 52 261 69 280
person 0.010447073 96 566 109 587
person 0.010437355 314 363 321 373
person 0.010437036 463 566 478 621
person 0.010434663 241 -86 252 -64
person 0.010432255 723 476 730 489
person 0.010431921 485 -154 495 -116
person 0.010431114 276 487 282 505
person 0.010417066 66 292 94 332
person 0.010409552 768 85 791 122
person 0.010408201 686 138 700 157
person 0.010408074 529 552 540 573
person 0.010398766 131 327 146 342
person 0.010397186 655 440 670 462
person 0.010396656 17 611 28 635
person 0.010388309 256 282 267 294
person 0.010387962 310 85 320 93
person 0.01036938 574 167 603 206
person 0.010363911 468 20 477 29
person 0.010356118 320 460 329 472
person 0.010351618 557 -44 569 -13
person 0.0103482185 44 79 63 104
person 0.010340799 576 551 588 572
person 0.010336662 401 139 411 148
person 0.010328645 133 557 151 608
person 0.01032609 744 138 772 175
person 0.010318419 395 521 427 600
person 0.010316432 52 -149 61 -105
person 0.010310986 102 -154 111 -115
person 0.010310451 476 -60 503 -1
person 0.01031015 513 552 524 573
person 0.010308967 126 123 140 138
person 0.010306131 523 125 538 140
person 0.010302231 723 75 732 84
person 0.010300505 0 352 4 381
person 0.010298829 454 -154 463 -117
person 0.01029565 465 -180 475 -174
person 0.010282316 634 329 647 348
person 0.010279993 -3 564 7 585
person 0.0102763055 129 279 146 296
person 0.010274182 59 220 76 235
person 0.010273978 292 41 320 76
person 0.010273091 497 552 508 573
person 0.010262905 481 552 492 573
person 0.010260173 484 455 496 512
person 0.010257728 465 552 476 573
person 0.010257229 645 -170 651 -141
person 0.01025191 602 274 618 298
person 0.010238826 738 -168 763 -110
person 0.010236151 815 266 832 317
person 0.010234185 -3 308 7 330
person 0.010230619 825 578 830 608
person 0.010211932 623 565 636 586
person 0.01021026 390 16 433 89
person 0.010208891 177 78 187 89
person 0.0102073345 193 552 205 573
person 0.010206367 122 404 182 539
person 0.010204935 335 566 350 621
person 0.010203886 321 64 335 79
person 0.0102027105 589 122 603 139
person 0.01019872 384 521 396 557
person 0.010196394 420 403 433 425
person 0.010196193 0 -94 4 -62
person 0.010193113 147 -11 202 108
person 0.010192305 822 425 834 442
person 0.010180689 177 552 189 573
person 0.010179815 100 477 112 522
person 0.01017873 0 51 5 81
person 0.010171174 481 -180 491 -174
person 0.010170921 449 552 460 573
person 0.010168366 517 -154 527 -114
person 0.01016376 770 60 782 75
person 0.010161156 209 552 221 573
person 0.010153887 388 137 396 146
person 0.010152723 41 42 64 81
person 0.010149159 495 137 504 145
person 0.010146309 208 320 222 334
person 0.010145274 512 126 529 138
person 0.010145251 689 438 703 462
person 0.010141242 614 194 641 236
person 0.010140362 294 302 302 315
person 0.010137544 181 542 238 662
person 0.010129466 113 251 130 268
person 0.010128897 208 566 223 621
person 0.010106302 484 297 497 320
person 0.010103817 825 444 830 454
person 0.010078743 768 489 781 534
person 0.010068733 144 567 159 621
person 0.0100681055 225 552 237 573
person 0.010062619 161 552 173 573
person 0.010057504 538 405 575 491
person 0.010054903 655 463 664 476
person 0.010046851 200 -14 259 104
person 0.010043944 433 552 444 573
person 0.010040863 754 64 762 73
person 0.010029243 176 566 191 622
person 0.01002142 0 368 4 398
person 0.010016932 131 54 198 172
person 0.010016437 245 472 253 494
person 0.010016138 97 -180 108 -174
person 0.010010305 305 578 319 599
person 0.010006332 289 578 303 599
