person 0.7504799 866 80 882 101
person 0.7499723 758 143 785 177
person 0.7371019 868 162 893 197
person 0.72252685 572 82 587 101
person 0.71850723 908 91 924 113
person 0.717763 806 69 821 91
person 0.71741647 908 147 930 178
person 0.7174049 570 138 594 167
person 0.71442235 721 79 737 101
person 0.7122883 626 129 650 159
person 0.7090605 606 87 622 107
person 0.7078305 486 89 502 107
person 0.70359015 700 58 715 80
person 0.7009545 804 96 820 118
person 0.6803144 545 101 562 124
person 0.6713074 929 101 945 124
person 0.66559064 529 86 544 103
person 0.66505307 384 103 401 125
person 0.6630691 968 86 981 107
person 0.66206306 732 95 749 118
person 0.6605808 459 132 482 159
person 0.65874547 519 102 536 123
person 0.65780026 962 159 984 190
person 0.6564873 726 57 741 76
person 0.65633124 786 70 801 89
person 0.65374655 437 79 452 98
person 0.653457 842 148 865 178
person 0.65284324 773 102 790 125
person 0.6509188 563 66 577 83
person 0.64980626 390 123 407 146
person 0.6484631 977 127 992 151
person 0.6448202 436 105 453 127
person 0.643738 594 70 609 88
person 0.6436493 681 177 716 221
person 0.63886267 633 162 662 198
person 0.6385357 548 71 563 89
person 0.63657063 681 57 696 79
person 0.63393533 758 88 775 111
person 0.627722 822 111 840 135
person 0.62720776 465 84 481 103
person 0.62139565 480 72 494 88
person 0.6183118 819 80 834 102
person 0.6171148 981 102 996 124
person 0.6163439 412 126 435 153
person 0.6147742 485 117 507 143
person 0.59587526 687 107 704 130
person 0.59329015 646 61 661 78
person 0.5928242 609 62 624 80
person 0.58028936 875 115 891 138
person 0.5451941 622 48 637 66
person 0.54315186 888 99 904 121
person 0.5394088 196 241 244 296
person 0.53665096 522 68 536 84
person 0.5226703 650 107 668 129
person 0.5179724 783 79 799 101
person 0.50517046 634 62 649 81
person 0.46755198 504 67 521 87
person 0.44676045 457 107 474 129
person 0.439358 922 120 939 144
person 0.41390282 448 75 463 92
person 0.40896457 976 105 991 127
person 0.3916661 400 109 418 130
person 0.3688302 943 93 958 113
person 0.36271957 661 119 680 142
person 0.3583262 777 128 796 153
person 0.25820625 923 136 941 160
person 0.2383707 748 76 766 100
person 0.16036642 805 87 822 112
person 0.13511524 753 96 771 118
person 0.11938572 746 73 762 92
person 0.11232139 828 127 852 158
person 0.10889259 506 61 519 79
person 0.10498392 691 56 716 84
person 0.10253061 509 84 527 103
person 0.0978105 856 81 872 102
person 0.08789123 235 252 276 297
person 0.08632451 431 108 450 131
person 0.08025287 683 54 694 71
person 0.07941323 618 77 632 95
person 0.063003734 639 52 654 70
person 0.054804336 913 131 931 153
person 0.052596863 361 121 381 141
person 0.051820092 640 77 657 96
person 0.044673398 484 88 507 115
person 0.038499 625 49 634 62
person 0.034257974 467 73 481 89
person 0.031623937 565 67 574 79
person 0.02985909 936 93 951 113
person 0.029028485 612 64 621 76
person 0.028347738 721 54 744 81
person 0.02337605 512 100 529 120
person 0.022708923 550 70 560 83
person 0.021747116 547 81 564 100
person 0.018864496 650 116 670 140
person 0.017410837 447 120 466 144
person 0.017168645 741 123 769 154
person 0.01587029 648 63 658 74
person 0.015716605 513 57 524 72
person 0.015228793 487 100 505 120
person 0.014862469 589 68 612 93
person 0.012525378 636 64 646 77
person 0.012049647 451 77 460 89
person 0.010886471 610 59 636 86
person 0.010610361 884 90 901 113
