person 0.73430187 697 148 724 179
person 0.7297902 584 153 613 186
person 0.70587444 750 146 777 177
person 0.69986016 946 150 970 180
person 0.69549584 417 152 443 182
person 0.6846334 636 164 668 200
person 0.68154335 935 100 951 123
person 0.680227 886 151 914 186
person 0.6794266 644 80 660 97
person 0.671714 527 155 555 186
person 0.66895956 796 68 811 85
person 0.66512805 360 136 378 159
person 0.66279715 795 126 819 154
person 0.66143906 741 97 759 119
person 0.6585786 463 100 480 121
person 0.6566129 553 108 571 132
person 0.6492339 871 111 890 135
person 0.6427337 480 127 505 155
person 0.63926286 749 79 765 98
person 0.63926256 363 110 379 131
person 0.63771933 788 174 817 206
person 0.6345414 699 116 724 144
person 0.6327443 420 118 437 141
person 0.62597257 945 83 959 101
person 0.6213171 584 86 600 107
person 0.620693 881 82 896 100
person 0.61711854 387 97 402 117
person 0.615877 545 89 561 109
person 0.6152503 890 92 906 112
person 0.6150029 202 217 242 265
person 0.60759515 601 113 626 141
person 0.6054487 325 129 343 150
person 0.6038124 698 94 715 114
person 0.5960225 646 59 661 75
person 0.59057724 486 78 501 95
person 0.59045297 602 64 616 81
person 0.57886225 621 72 636 90
person 0.55525285 678 75 693 92
person 0.5435477 809 82 825 101
person 0.53339297 383 132 400 156
person 0.527259 262 149 280 172
person 0.5256749 292 151 313 177
person 0.5125312 840 86 857 107
person 0.50374097 614 90 631 111
person 0.49436203 817 106 834 129
person 0.49325034 512 70 526 88
person 0.49123862 500 108 518 130
person 0.4796177 653 115 678 142
person 0.47402468 398 148 424 178
person 0.46908113 548 180 579 212
person 0.45348123 735 116 760 144
person 0.44600412 686 63 700 78
person 0.4346082 825 83 841 102
person 0.41846392 762 98 779 118
person 0.41682968 811 87 828 107
person 0.41548637 608 87 625 107
person 0.40882912 447 97 462 116
person 0.38448915 717 63 732 80
person 0.373049 527 106 545 128
person 0.3039752 786 98 804 121
person 0.25756496 888 107 906 128
person 0.2418897 302 151 321 174
person 0.23072705 978 149 998 172
person 0.22987042 788 107 806 127
person 0.22830737 891 143 911 167
person 0.21586387 674 71 690 88
person 0.20177604 285 144 303 165
person 0.19849755 652 142 680 172
person 0.16418616 719 68 735 87
person 0.14830093 498 102 516 122
person 0.11557974 544 83 560 101
person 0.1001009 775 107 794 128
person 0.089338094 403 109 420 131
person 0.087009594 537 107 557 129
person 0.0840752 649 60 659 72
person 0.0796502 666 64 681 79
person 0.075310245 777 79 794 96
person 0.0670345 845 84 862 103
person 0.056118388 272 145 290 165
person 0.039392103 322 125 338 143
person 0.038690235 463 107 481 128
person 0.038598068 483 99 501 119
person 0.035616405 481 120 501 142
person 0.032448817 886 83 901 100
person 0.03190041 638 77 664 103
person 0.03156987 515 72 523 84
person 0.031204112 581 80 605 105
person 0.030727753 713 64 738 89
person 0.028148035 948 91 964 111
person 0.027381264 641 93 659 112
person 0.024982102 604 65 614 77
person 0.02408526 394 101 420 128
person 0.023829676 586 84 597 102
person 0.022446964 488 79 498 92
person 0.019480346 673 72 698 98
person 0.019063089 739 126 759 151
person 0.017891655 718 66 728 84
person 0.01764409 667 65 678 76
person 0.01563492 882 159 918 201
person 0.014356349 623 73 634 84
person 0.0132168 629 64 644 80
person 0.0131576415 912 103 930 124
person 0.011565751 564 93 582 114
person 0.011484523 687 117 708 139
person 0.011077994 719 64 729 77
person 0.010575407 420 127 439 151
