person 0.57668924 314 103 334 130
person 0.53921115 884 93 897 115
person 0.22487 491 28 499 42
person 0.22367209 521 27 528 39
person 0.19300616 529 42 538 57
person 0.16036583 491 47 500 63
person 0.13836643 519 26 531 43
person 0.13771228 869 411 933 548
person 0.12241399 901 300 948 403
person 0.10505987 876 349 942 507
person 0.10156225 889 97 898 114
person 0.09670467 941 551 949 607
person 0.09475105 737 -75 778 39
person 0.086880945 327 117 344 138
person 0.08670051 875 234 924 320
person 0.08384441 808 -75 848 37
person 0.08373457 43 240 62 276
person 0.073214374 678 -77 719 39
person 0.0726412 535 16 542 27
person 0.0720336 321 105 336 125
person 0.070301406 939 165 949 205
person 0.06563505 46 244 59 269
person 0.06289669 875 -75 915 38
person 0.06249223 318 107 328 125
person 0.059867572 519 19 527 30
person 0.05974069 538 132 559 160
person 0.059210993 217 407 236 426
person 0.059094533 40 439 81 553
person 0.058756933 492 56 505 74
person 0.05754798 130 345 201 483
person 0.05711796 311 100 338 139
person 0.0550128 -4 -209 8 -188
person 0.05489752 514 44 526 61
person 0.054672744 940 590 948 638
person 0.053791694 939 -208 948 -165
person 0.052126314 940 188 949 237
person 0.05189037 145 284 227 421
person 0.051780246 581 52 590 63
person 0.05139964 603 -78 646 39
person 0.051298387 204 419 224 441
person 0.05042015 0 219 7 273
person 0.050273687 865 213 934 353
person 0.04965779 533 33 543 45
person 0.049467333 687 67 700 83
person 0.049392123 873 -110 898 -31
person 0.049328633 890 180 911 215
person 0.048720997 124 -68 148 16
person 0.048535217 221 444 242 466
person 0.048329953 0 -212 5 -187
person 0.048017886 654 84 667 102
person 0.0478239 -3 -201 17 -117
person 0.04753073 129 255 185 324
person 0.047317203 226 350 304 485
person 0.047286414 886 96 895 109
person 0.047061384 -3 -209 7 -203
person 0.046836514 0 103 9 145
person 0.04661392 624 94 638 114
person 0.045901284 482 48 497 66
person 0.045305476 485 44 505 69
person 0.044719122 582 304 628 394
person 0.044611473 375 88 398 112
person 0.044541664 37 169 58 196
person 0.04422466 485 23 504 50
person 0.043806642 886 183 919 241
person 0.043478772 709 319 771 470
person 0.04341542 160 306 216 382
person 0.043183975 524 40 543 65
person 0.042618368 940 512 947 573
person 0.042539164 660 69 674 85
person 0.04248026 212 420 232 441
person 0.04232242 929 -191 954 -124
person 0.04198733 136 -81 174 37
person 0.04153301 516 24 535 51
person 0.0412907 472 89 495 115
person 0.041000657 -3 221 8 245
person 0.04036238 578 50 592 67
person 0.040005255 0 218 5 249
person 0.039902996 457 92 479 118
person 0.03916344 49 257 63 280
person 0.03894687 176 304 196 319
person 0.03893602 530 127 552 155
person 0.038854077 -3 4 9 28
person 0.038700975 887 210 914 258
person 0.038510416 472 95 487 114
person 0.038468935 896 127 916 156
person 0.038455367 105 113 125 137
person 0.038403332 938 -209 948 -202
person 0.038263123 940 623 949 677
person 0.03810108 340 455 354 479
person 0.038028933 891 153 912 185
person 0.03792501 232 181 255 210
person 0.037827518 875 619 902 695
person 0.03758579 0 0 5 32
person 0.037531547 533 13 545 29
person 0.037412398 590 87 603 106
person 0.037317377 937 -210 951 -189
person 0.037221156 531 32 545 49
person 0.037183892 690 69 698 79
person 0.03693429 908 126 921 163
person 0.036532927 938 251 947 320
person 0.03643091 228 319 249 341
person 0.036125455 580 120 603 149
person 0.03603494 888 89 901 106
person 0.03580984 907 372 933 421
person 0.035809595 571 280 635 419
person 0.035617497 879 -196 891 -160
person 0.03550394 467 152 488 182
person 0.035468217 -3 78 20 146
person 0.035224065 -7 240 36 325
person 0.03521123 940 -176 948 -125
person 0.035124924 457 123 479 150
person 0.035122767 878 85 904 126
person 0.034946997 517 16 530 32
person 0.034914598 0 -214 7 -167
person 0.03468643 933 274 945 348
person 0.034674928 940 211 949 266
person 0.03437649 662 71 671 82
person 0.03426517 572 17 579 28
person 0.034185342 -2 -138 14 -39
person 0.034172237 159 96 180 121
person 0.033929873 892 114 907 135
person 0.033671502 875 113 890 134
person 0.033653658 163 98 176 115
person 0.033619817 847 -198 860 -157
person 0.033070467 272 99 287 117
person 0.033009417 817 -202 831 -158
person 0.032987863 -2 239 9 264
person 0.032919288 684 65 694 81
person 0.032916866 229 329 249 349
person 0.03287355 376 115 400 142
person 0.03271215 39 -209 54 -195
person 0.032678258 830 336 899 493
person 0.032563347 45 247 67 301
person 0.03255201 399 90 422 115
person 0.03247675 574 265 611 324
person 0.032250606 225 171 250 199
person 0.032079875 860 97 874 115
person 0.032023292 65 446 112 547
person 0.03198257 22 -209 34 -203
person 0.031961292 294 104 309 123
person 0.031879924 404 101 419 120
person 0.03186305 -5 498 24 631
person 0.031638935 241 378 297 464
person 0.031563945 137 265 171 307
person 0.0314817 878 11 887 24
person 0.031417377 42 255 58 282
person 0.031219019 694 341 737 438
person 0.03108893 263 118 286 144
person 0.031026123 601 52 611 64
person 0.030950615 41 387 81 491
person 0.030945886 89 442 104 465
person 0.030895129 22 -209 36 -195
person 0.03085306 224 314 244 335
person 0.030842612 290 117 306 136
person 0.030757576 572 59 586 77
person 0.03074193 340 476 354 501
person 0.03068981 626 541 638 597
person 0.030619295 399 116 423 144
person 0.030233858 495 59 502 71
person 0.03020721 231 285 248 304
person 0.030195551 0 308 5 341
person 0.030056994 441 540 457 600
person 0.02988122 404 540 421 599
person 0.029825559 724 310 774 396
person 0.029818438 551 538 568 600
person 0.029809155 530 61 544 79
person 0.029594654 304 41 325 68
person 0.0295053 598 48 618 74
person 0.029501505 596 501 613 564
person 0.029493233 0 238 8 320
person 0.029429829 484 49 494 61
person 0.029370107 727 153 750 185
person 0.02933405 589 60 604 79
person 0.029192824 224 282 243 302
person 0.028884806 105 218 128 249
person 0.028843613 584 87 605 112
person 0.02870352 844 121 867 149
person 0.028683195 771 121 794 149
person 0.028654797 935 83 946 116
person 0.028599916 370 472 384 498
person 0.028560929 935 45 945 84
person 0.028528817 587 537 604 597
person 0.028465018 668 55 688 83
person 0.028453235 802 119 824 146
person 0.028397646 726 62 740 77
person 0.028374437 378 86 393 103
person 0.028310994 769 -132 781 -99
person 0.028285503 602 11 610 23
person 0.028180989 577 55 585 65
person 0.028131995 230 293 249 314
person 0.028108701 862 536 871 562
person 0.028047789 622 86 636 104
person 0.027957775 476 456 489 482
person 0.027944008 894 10 903 22
person 0.027900716 326 132 342 154
person 0.027891897 267 88 290 114
person 0.027780533 631 50 652 76
person 0.027767127 625 118 648 146
person 0.027456798 661 119 683 146
person 0.027442679 922 289 947 342
person 0.027421517 291 132 307 153
person 0.027414184 574 52 587 68
person 0.027295839 750 -209 761 -202
person 0.027275288 659 149 681 179
person 0.027247109 227 120 249 145
person 0.027139183 774 -205 789 -159
person 0.027077276 768 -209 779 -202
person 0.027053915 771 79 785 95
person 0.027053302 565 56 586 81
person 0.027039329 786 -209 797 -202
person 0.026996661 731 -209 742 -202
person 0.026985174 910 -209 922 -203
person 0.026963525 39 -209 52 -203
person 0.026865587 703 54 723 81
person 0.02680973 749 -34 793 79
person 0.026769307 160 296 184 315
person 0.026746595 679 77 693 95
person 0.026738664 535 135 551 158
person 0.026650716 478 117 502 146
person 0.026586922 217 439 248 481
person 0.026536806 859 11 868 24
person 0.026526826 480 543 492 595
person 0.026475001 911 327 940 376
person 0.02647468 50 628 67 688
person 0.026465723 895 156 908 179
person 0.026432335 899 137 914 159
person 0.02641442 588 93 602 115
person 0.026291257 337 48 358 74
person 0.026182996 258 303 330 418
person 0.026156519 741 116 763 143
person 0.026146315 708 116 729 143
person 0.026117515 570 15 582 30
person 0.026100885 742 49 762 77
person 0.026058005 836 164 858 196
person 0.025942788 700 633 721 689
person 0.025939714 713 -209 724 -202
person 0.025937652 354 495 367 521
person 0.025920238 673 -49 732 101
person 0.025758771 918 362 930 424
person 0.025757149 804 -209 815 -202
person 0.025714835 0 235 6 268
person 0.025603015 816 647 844 726
person 0.025600124 683 323 744 473
person 0.0255827 705 152 727 183
person 0.025561461 712 290 785 429
person 0.025476102 801 152 824 184
person 0.025462652 728 64 738 74
person 0.025439925 127 293 145 312
person 0.02538416 372 88 387 105
person 0.02536264 328 -192 354 -121
person 0.02535231 884 47 905 77
person 0.025338724 692 79 707 96
person 0.025292078 479 59 494 76
person 0.025238885 886 93 894 103
person 0.025121111 518 83 540 109
person 0.025082614 143 300 165 318
person 0.025081228 618 54 627 65
person 0.02501283 627 633 647 690
person 0.024969729 931 161 952 210
person 0.02491483 732 -210 744 -189
person 0.024856176 713 -210 726 -190
person 0.024808783 12 161 24 197
person 0.02478734 882 633 898 678
person 0.024741508 57 284 72 308
person 0.024700832 515 61 529 78
person 0.024683306 784 322 836 407
person 0.024649817 387 98 404 116
person 0.024512174 750 -210 762 -189
person 0.024446698 663 633 684 690
person 0.024422146 181 277 205 295
person 0.02439804 482 31 496 48
person 0.024293147 841 10 850 23
person 0.0242793 660 81 682 107
person 0.0242777 932 190 952 244
person 0.02427439 165 99 173 112
person 0.024233112 0 289 5 322
person 0.024220824 830 151 865 206
person 0.02418627 777 50 796 78
person 0.024183681 695 -210 708 -191
person 0.024003536 768 -210 780 -189
person 0.024000503 269 244 325 322
person 0.023968704 214 207 272 280
person 0.023940833 943 78 949 100
person 0.02389876 736 633 757 689
person 0.023898115 787 80 802 96
person 0.02387903 143 275 165 297
person 0.02385656 787 -210 799 -189
person 0.02380317 -3 22 9 44
person 0.02379157 940 -140 948 -87
person 0.023779294 0 84 9 130
person 0.023759115 887 447 923 528
person 0.02368618 910 -209 924 -195
person 0.023636406 551 248 601 330
person 0.023603508 551 87 572 113
person 0.023567177 0 -200 7 -132
person 0.023516083 657 -106 686 -27
person 0.0234888 514 540 530 602
person 0.023461528 775 152 798 183
person 0.023446001 26 138 57 197
person 0.023436572 -2 220 13 282
person 0.023419945 695 -209 706 -202
person 0.023262784 332 -165 356 -87
person 0.023244344 425 30 439 47
person 0.02320918 -14 228 51 344
person 0.023137197 590 633 610 691
person 0.0230795 937 11 946 62
person 0.023043733 756 162 792 216
person 0.023043178 331 456 351 481
person 0.023042927 -4 592 12 708
person 0.022932306 52 -102 70 -45
person 0.022929627 475 84 490 102
person 0.022915304 805 -210 817 -189
person 0.022884877 644 81 659 98
person 0.022865208 668 296 717 384
person 0.022861434 115 234 202 349
person 0.022841265 603 59 617 77
person 0.022796087 224 456 243 477
person 0.022769274 772 633 793 689
person 0.022746978 382 72 416 127
person 0.022722034 769 673 789 736
person 0.022650992 637 348 655 370
person 0.022646176 106 195 131 225
person 0.022632333 676 -210 689 -192
person 0.022621745 822 -209 833 -202
person 0.022590242 698 -205 712 -159
person 0.02258652 554 633 574 691
person 0.02254008 371 546 383 592
person 0.022514023 160 209 185 236
person 0.022436306 112 10 141 86
person 0.022356203 760 79 793 139
person 0.022283824 612 82 646 139
person 0.022232847 733 673 753 736
person 0.022209823 484 34 493 45
person 0.02220831 161 118 183 142
person 0.02217369 654 272 726 428
person 0.02216783 453 78 488 133
person 0.022104222 806 673 825 736
person 0.022005824 700 83 722 110
person 0.022005742 858 116 874 136
person 0.021978112 -3 312 8 336
person 0.021977693 656 84 665 96
person 0.021940302 805 -105 833 -27
person 0.02193197 931 213 951 268
person 0.021874992 664 -205 677 -159
person 0.021819172 778 84 800 109
person 0.021817176 927 263 949 319
person 0.021798912 92 455 110 480
person 0.021777818 162 284 184 301
person 0.021758324 810 49 830 77
person 0.021713438 623 13 631 25
person 0.021631878 894 -210 908 -195
person 0.021620069 803 79 818 95
person 0.02161304 109 161 132 186
person 0.021599498 199 193 288 330
person 0.021562707 162 70 195 129
person 0.021385398 728 -105 757 -27
person 0.021277916 743 85 765 111
person 0.02124779 846 635 864 681
person 0.021231096 895 -209 906 -203
person 0.021219594 623 149 646 179
person 0.021205809 939 80 952 99
person 0.021199599 822 -210 835 -191
person 0.021193618 549 63 564 81
person 0.021175772 161 -198 187 -128
person 0.021170653 91 121 112 147
person 0.021163573 813 85 835 110
person 0.021157796 531 97 565 152
person 0.021148684 599 51 613 67
person 0.021138858 740 654 769 735
person 0.021098299 632 -203 646 -157
person 0.021076104 900 432 926 482
person 0.02107152 862 554 871 577
person 0.021046914 697 673 716 736
person 0.020985622 88 643 114 733
person 0.020983169 419 81 434 98
person 0.02095615 591 16 598 28
person 0.020927595 642 61 657 77
person 0.020925662 174 314 206 333
person 0.020923126 591 62 601 74
person 0.02087957 658 -210 671 -192
person 0.020842506 0 204 4 234
person 0.020837003 418 69 434 86
person 0.020834163 262 171 285 199
person 0.020752545 498 256 515 281
person 0.020727355 152 405 228 544
person 0.02071783 381 49 402 74
person 0.020686474 676 -209 688 -203
person 0.020647261 420 216 497 356
person 0.02062263 943 170 948 199
person 0.020615496 851 88 874 114
person 0.02061309 0 19 6 47
person 0.020612424 552 99 566 120
person 0.020599814 906 -48 925 9
person 0.020585934 50 59 70 88
person 0.020544166 731 80 745 96
person 0.02049849 659 98 673 119
person 0.020455854 493 16 502 27
person 0.020444065 723 465 740 487
person 0.020434916 433 240 486 323
person 0.020360075 423 101 438 119
person 0.02035333 170 256 206 298
person 0.020337427 186 294 279 422
person 0.020330273 336 544 347 586
person 0.020239562 461 132 477 155
person 0.020222494 940 713 946 753
person 0.02010976 598 -45 658 104
person 0.020066168 344 120 360 140
person 0.020059608 684 145 720 198
person 0.02004117 43 232 56 256
person 0.019988706 371 633 391 690
person 0.01997995 690 82 724 141
person 0.019944549 167 237 201 279
person 0.019933088 366 98 382 117
person 0.019918509 401 112 417 131
person 0.019874936 95 177 134 229
person 0.019871578 217 310 252 350
person 0.019865643 433 101 448 120
person 0.019864522 225 155 264 209
person 0.01984587 824 -33 866 81
person 0.019810889 858 83 872 100
person 0.019776514 69 455 86 479
person 0.019741312 660 673 680 736
person 0.019717464 517 632 537 691
person 0.019715555 93 -194 119 -122
person 0.019670712 943 186 948 216
person 0.01960628 107 112 120 130
person 0.019593293 943 117 948 142
person 0.019394405 574 62 583 73
person 0.019382816 224 297 243 316
person 0.019368814 -3 78 9 100
person 0.019332182 599 -197 626 -129
person 0.01931573 784 644 802 704
person 0.019315124 188 122 210 146
person 0.01928319 844 553 853 579
person 0.019271204 307 130 325 151
person 0.019267444 635 98 650 118
person 0.019208087 586 118 601 140
person 0.019184956 943 511 948 543
person 0.019130254 859 134 873 156
person 0.019088523 335 633 355 690
person 0.019066036 943 134 948 161
person 0.019062229 936 373 947 382
person 0.019045616 597 146 620 177
person 0.01903394 84 613 107 710
person 0.018976599 941 97 947 121
person 0.018960793 851 48 870 76
person 0.018939937 840 -210 853 -192
person 0.01892793 236 351 257 371
person 0.018925462 551 81 565 100
person 0.0189036 824 10 833 23
person 0.018901827 156 143 195 196
person 0.01889838 644 63 654 74
person 0.01883882 880 603 893 637
person 0.018821143 804 65 819 80
person 0.018789737 736 -205 750 -159
person 0.018774942 172 434 204 476
person 0.018764082 155 651 184 736
person 0.018757885 564 79 578 98
person 0.018751943 399 81 415 99
person 0.018750958 532 64 542 75
person 0.018749 -4 207 7 232
person 0.018736737 437 69 452 86
person 0.01873128 473 247 490 272
person 0.018712686 179 412 201 427
person 0.01871079 -17 278 38 411
person 0.01869133 691 -19 721 61
person 0.018685173 311 34 327 51
person 0.01866573 717 64 731 80
person 0.018657314 665 -203 693 -136
person 0.018640133 83 159 105 184
person 0.018638575 510 132 526 155
person 0.018590048 840 99 855 117
person 0.018573586 481 632 501 691
person 0.01856283 594 -203 607 -158
person 0.018542035 840 -209 851 -203
person 0.018507235 0 272 5 307
person 0.018485047 444 632 464 691
person 0.018482322 0 76 6 103
person 0.018469904 624 673 643 736
person 0.018469144 605 61 615 73
person 0.018443454 360 495 376 522
person 0.018424887 656 226 692 285
person 0.018421847 408 632 428 691
person 0.018393273 662 543 675 599
person 0.018368589 619 61 634 79
person 0.018355679 258 224 340 344
person 0.018348206 610 35 617 47
person 0.018347867 141 268 159 286
person 0.018340511 944 497 948 527
person 0.01833462 460 83 475 101
person 0.01831766 821 644 838 705
person 0.01830736 446 52 469 77
person 0.018258432 0 253 5 287
person 0.018256653 454 150 476 182
person 0.018256577 753 82 768 98
person 0.018253902 737 218 773 275
person 0.0182534 156 160 180 184
person 0.018251564 475 254 493 278
person 0.018245883 809 634 830 689
person 0.018234098 894 183 908 207
person 0.018212814 508 118 524 140
person 0.018205062 153 292 191 333
person 0.018187726 97 83 132 144
person 0.018180959 845 534 853 561
person 0.01816597 941 -85 949 -17
person 0.018124348 240 -195 265 -125
person 0.018109037 710 501 726 527
person 0.018075876 748 644 766 705
person 0.01805969 719 67 728 77
person 0.01805941 230 84 252 109
person 0.018051231 0 637 11 712
person 0.01804873 779 133 794 155
person 0.018044826 877 -167 893 -124
person 0.018035952 -7 -148 20 -27
person 0.018018568 324 167 380 242
person 0.018006805 822 81 836 97
person 0.018003022 833 -20 861 63
person 0.01799233 695 99 710 118
person 0.017967068 298 633 319 690
person 0.017961036 162 312 187 330
person 0.017950198 750 116 765 138
person 0.017949678 53 280 75 336
person 0.017931975 841 82 856 99
person 0.017908294 448 -195 474 -125
person 0.017905569 245 72 279 129
person 0.017880538 744 9 762 45
person 0.017880438 936 99 950 120
person 0.017874712 377 -165 402 -89
person 0.017809752 603 97 617 117
person 0.017800888 212 267 229 283
person 0.01776306 842 673 862 737
person 0.017748348 0 -184 5 -148
person 0.017712107 639 -210 653 -193
person 0.017663192 0 -202 5 -168
person 0.017662548 490 98 505 118
person 0.017625993 769 133 785 156
person 0.017618934 587 673 606 737
person 0.017614726 775 -178 787 -138
person 0.017606145 535 128 563 169
person 0.017594635 902 397 930 446
person 0.017582286 623 356 647 406
person 0.017517015 386 -190 412 -120
person 0.017511379 150 673 169 736
person 0.017467476 915 -17 940 63
person 0.017456202 658 -209 670 -203
person 0.017399551 144 -118 167 -29
person 0.017396234 893 646 921 728
person 0.017392617 408 49 431 73
person 0.017297558 812 -181 824 -136
person 0.01722464 635 118 650 140
person 0.017217916 941 -109 948 -48
person 0.017215358 129 287 149 307
person 0.017202849 715 81 729 98
person 0.017149786 170 311 208 352
person 0.017147295 551 673 570 737
person 0.017139543 604 82 618 98
person 0.017138338 594 -107 623 -28
person 0.017136177 155 230 192 273
person 0.017125787 880 540 888 557
person 0.017089274 186 673 205 737
person 0.017053772 506 261 523 287
person 0.017039983 939 189 952 214
person 0.017038688 786 68 800 83
person 0.017038224 752 11 760 24
person 0.017021788 348 102 364 120
person 0.017021287 131 261 150 283
person 0.01702111 471 164 486 185
person 0.017016325 475 283 494 305
person 0.017008383 615 447 654 553
person 0.017007425 474 136 491 158
person 0.01698499 492 79 507 98
person 0.01698328 676 152 691 176
person 0.01697848 602 290 619 316
person 0.016966213 363 115 379 135
person 0.01695579 942 689 948 728
person 0.016954955 769 67 784 82
person 0.016953979 -3 258 8 282
person 0.016944889 665 656 693 739
person 0.016944492 273 116 289 135
person 0.016938226 643 14 650 26
person 0.016930453 717 547 725 576
person 0.016910149 113 673 133 737
person 0.016909737 514 673 534 737
person 0.016903443 513 79 527 98
person 0.016877947 434 116 450 137
person 0.016852481 894 175 909 199
person 0.01684816 943 150 948 178
person 0.016847331 478 673 497 737
person 0.01683189 826 80 859 141
person 0.01683065 0 708 7 750
person 0.01683001 641 51 650 62
person 0.016816918 441 673 461 737
person 0.016815081 527 -199 554 -130
person 0.016791197 182 -15 209 60
person 0.016790418 222 673 242 737
person 0.016774412 713 101 728 119
person 0.016774265 803 -132 814 -95
person 0.016766943 661 451 722 606
person 0.016751425 292 644 307 667
person 0.016737843 405 673 424 737
person 0.016728155 566 100 580 120
person 0.016710391 751 101 766 119
person 0.016705057 295 673 315 737
person 0.016703991 547 115 563 137
person 0.016701266 943 221 948 251
person 0.016694682 635 154 651 177
person 0.016687239 53 23 72 54
person 0.01668008 259 673 278 737
person 0.01667711 368 673 388 737
person 0.016674357 342 133 357 153
person 0.016673967 558 -204 571 -160
person 0.016665462 332 673 351 737
person 0.016664071 0 -88 8 -25
person 0.016661024 0 269 8 350
person 0.016617464 309 38 324 56
person 0.016609184 298 81 347 157
person 0.01659861 310 644 325 667
person 0.016574748 615 52 629 67
person 0.016568841 449 275 466 297
person 0.016561003 0 600 7 672
person 0.016560119 481 61 491 72
person 0.016554218 68 452 131 616
person 0.016554069 274 644 289 667
person 0.016553046 208 86 222 103
person 0.016515454 0 326 5 358
person 0.016512845 601 140 637 192
person 0.01649967 401 151 417 173
person 0.016438514 891 72 920 134
person 0.016431639 40 673 60 737
person 0.0164271 462 354 471 379
person 0.016400386 -2 114 10 137
person 0.016389498 440 -209 454 -192
person 0.016381115 841 172 855 195
person 0.016377049 458 -209 472 -192
person 0.016372994 16 293 27 320
person 0.016371857 367 -209 381 -192
person 0.016371014 767 120 782 141
person 0.0163699 185 -209 198 -192
person 0.016368289 422 -209 435 -192
person 0.016367642 385 -209 399 -192
person 0.016364979 203 -209 217 -192
person 0.016364167 584 478 623 599
person 0.01636326 221 -209 235 -192
person 0.016363136 294 -209 308 -192
person 0.016362792 349 -209 362 -192
person 0.016362024 276 -209 290 -192
person 0.01636151 239 -209 253 -192
person 0.016360665 258 -209 271 -192
person 0.016360428 312 -209 326 -192
person 0.016354911 331 -209 344 -192
person 0.016354375 436 414 446 460
person 0.016351352 404 -209 417 -192
person 0.016351199 167 -209 180 -192
person 0.016344175 261 633 282 690
person 0.016343486 879 673 898 736
person 0.016338725 555 55 564 66
person 0.016328849 598 322 658 486
person 0.016317252 495 -209 508 -192
person 0.016317122 720 536 727 567
person 0.016315522 476 -209 490 -192
person 0.016311841 190 86 213 110
person 0.016287168 0 309 7 385
person 0.01626856 511 -84 525 -61
person 0.016219001 454 66 469 83
person 0.016203731 -3 277 8 302
person 0.01619117 148 -210 162 -192
person 0.016167467 197 498 214 521
person 0.016167201 711 643 729 705
person 0.016157163 513 -209 527 -192
person 0.016140282 766 97 781 116
person 0.01612983 531 118 547 140
person 0.016120683 328 644 344 666
person 0.016079307 255 644 271 667
person 0.016043931 943 203 948 234
person 0.016012108 529 -84 544 -61
person 0.015996698 675 99 689 119
person 0.015977876 530 79 545 97
person 0.015962822 858 -210 871 -193
person 0.015956553 229 368 253 387
person 0.015943112 585 133 600 156
person 0.015937667 713 134 728 157
person 0.015927492 944 481 949 508
person 0.015857643 706 6 725 41
person 0.015855992 -10 71 28 160
person 0.015851535 881 553 887 575
person 0.015837392 -3 293 8 317
person 0.015831959 531 -209 545 -192
person 0.015817707 201 320 264 396
person 0.015815444 615 -15 645 61
person 0.01581045 512 100 526 120
person 0.01580419 894 645 911 707
person 0.015780605 593 37 600 48
person 0.01577668 592 656 619 740
person 0.01574585 0 126 7 156
person 0.015743198 421 115 437 135
person 0.015718788 706 407 772 550
person 0.015715374 0 -128 7 -58
person 0.015706915 130 -210 144 -192
person 0.015692929 621 63 632 74
person 0.01567853 87 226 109 257
person 0.015676249 773 81 782 91
person 0.01564818 714 12 722 25
person 0.015639486 226 656 255 738
person 0.015607009 346 644 362 666
person 0.0156068755 748 63 763 78
person 0.015597823 473 -162 499 -87
person 0.015551859 259 60 280 85
person 0.015550589 760 184 784 220
person 0.015544166 59 -200 69 -158
person 0.015517598 887 157 916 202
person 0.015493169 553 52 566 68
person 0.015491075 -1 201 7 240
person 0.015483232 123 -205 136 -160
person 0.015482164 750 66 760 76
person 0.015470553 730 12 739 25
person 0.015469877 166 92 175 104
person 0.015460998 700 532 709 564
person 0.0154409185 941 642 949 710
person 0.015438194 674 395 697 447
person 0.015429333 656 51 665 62
person 0.015416002 237 644 252 667
person 0.015406812 260 104 275 120
person 0.015402358 493 -84 506 -61
person 0.015392981 547 13 555 25
person 0.015391883 519 656 546 742
person 0.015382203 827 -196 834 -165
person 0.015350509 333 150 356 180
person 0.015346725 436 82 451 100
person 0.015342021 839 115 855 136
person 0.015315427 916 497 960 603
person 0.0153149795 0 111 7 140
person 0.015303797 750 502 766 526
person 0.015273315 0 -162 11 -90
person 0.015271867 905 462 964 621
person 0.015263687 0 527 4 562
person 0.015259352 94 -201 105 -159
person 0.0152419135 1 93 7 120
person 0.015238871 806 67 816 77
person 0.015226419 844 603 862 642
person 0.015216912 847 -174 861 -127
person 0.015203357 730 98 745 117
person 0.015202265 565 644 581 666
person 0.015180271 943 505 949 516
person 0.015142472 180 307 193 315
person 0.015139371 803 152 818 175
person 0.0151174385 821 99 836 116
person 0.015113995 547 644 562 666
person 0.015111953 -2 95 11 118
person 0.015109518 681 80 690 90
person 0.015108084 765 -68 785 -50
person 0.015104866 584 644 599 666
person 0.015083598 747 -68 767 -50
person 0.015073207 771 69 781 79
person 0.015061533 622 -210 636 -193
person 0.015058533 264 71 276 87
person 0.015051364 509 591 526 636
person 0.015031753 225 633 246 690
person 0.015002842 804 99 818 117
person 0.014990486 91 195 114 224
person 0.014980894 695 81 704 92
person 0.01496391 77 673 96 738
person 0.014962378 732 115 747 137
person 0.014956516 0 -167 5 -129
person 0.014937954 549 -210 563 -192
person 0.01493089 660 116 675 139
person 0.014923949 461 337 469 361
person 0.01492031 775 11 793 47
person 0.014920023 112 -210 125 -192
person 0.014919855 422 26 441 52
person 0.014911974 0 -1 8 45
person 0.014910915 365 644 380 666
person 0.014905572 729 -68 749 -50
person 0.014889708 82 631 101 689
person 0.014886617 330 86 345 104
person 0.014877333 825 552 834 578
person 0.014870884 457 249 528 394
person 0.014861695 648 376 671 426
person 0.014859042 738 188 763 224
person 0.014840877 -4 -32 7 -6
person 0.014836604 405 69 420 85
person 0.014828444 438 275 456 296
person 0.014827002 397 173 412 194
person 0.014825086 529 644 544 666
person 0.014823353 939 391 948 400
person 0.014804342 551 146 575 177
person 0.014797847 786 98 801 116
person 0.0147928195 934 622 950 684
person 0.014781901 806 11 814 24
person 0.014780824 276 87 290 103
person 0.014770828 679 12 687 25
person 0.014763661 554 27 562 39
person 0.014759051 219 644 234 667
person 0.0147570735 933 -209 951 -156
person 0.014753691 942 489 949 499
person 0.014713468 858 -209 869 -203
person 0.014696955 520 142 556 194
person 0.014679591 671 598 703 709
person 0.014673992 660 12 668 25
person 0.014658889 70 446 87 470
person 0.014656857 110 -94 158 58
person 0.014655815 602 644 617 666
person 0.014646489 788 70 798 80
person 0.014643447 784 -68 803 -50
person 0.014630546 270 357 303 400
person 0.014618863 812 212 849 270
person 0.0146151 675 643 692 705
person 0.014609545 303 149 327 180
person 0.014606409 57 -210 71 -194
person 0.014604301 899 541 905 555
person 0.014581723 941 26 948 49
person 0.014577138 160 52 180 79
person 0.014571735 651 388 667 411
person 0.014553226 803 115 819 136
person 0.014550026 475 -84 488 -60
person 0.014549431 385 118 401 138
person 0.014536447 -3 -211 12 -150
person 0.014527965 841 134 856 156
person 0.014520881 910 132 918 151
person 0.014518178 939 207 952 231
person 0.014515723 17 264 30 289
person 0.014494401 672 116 687 138
person 0.014487442 674 136 689 158
person 0.014461852 787 11 796 24
person 0.014447547 407 508 420 576
person 0.014445545 0 478 6 582
person 0.01444509 511 644 526 666
person 0.014433581 372 657 400 741
person 0.0144330645 55 290 73 315
person 0.014424535 639 -209 651 -203
person 0.014404794 332 538 350 595
person 0.014397857 768 10 777 24
person 0.014385601 876 -209 888 -203
person 0.014382532 621 115 636 138
person 0.014379842 54 -140 71 -80
person 0.014368864 729 501 747 526
person 0.014367703 804 134 819 156
person 0.014356328 657 459 702 555
person 0.014347782 711 -69 730 -50
person 0.014302107 381 149 403 179
person 0.014282875 552 239 632 351
person 0.014279102 518 148 542 180
person 0.014269796 93 -210 107 -193
person 0.014265772 92 -144 109 -84
person 0.014261916 567 -210 581 -192
person 0.014239878 817 11 830 53
person 0.014224431 942 -179 948 -146
person 0.014224411 844 538 852 554
person 0.014211272 939 119 952 140
person 0.014181395 383 643 398 666
person 0.014179349 700 -197 707 -165
person 0.01417022 565 115 580 137
person 0.014169261 591 34 604 50
person 0.014163742 876 -210 890 -194
person 0.014162429 201 644 216 667
person 0.014149873 463 381 474 423
person 0.014144964 781 426 863 560
person 0.014142963 529 99 544 119
person 0.014136263 -4 40 8 62
person 0.014132456 516 62 526 74
person 0.0141321905 563 12 583 40
person 0.01412475 187 158 212 183
person 0.014117124 789 81 800 92
person 0.014116831 104 -4 146 103
person 0.014113553 857 152 872 174
person 0.014113274 458 119 473 141
person 0.014110654 749 -213 777 -150
person 0.0140755465 156 389 177 406
person 0.014062338 621 591 634 635
person 0.014058273 0 -37 4 0
person 0.014054116 668 5 686 39
person 0.014049618 620 643 635 666
person 0.014048051 492 643 508 667
person 0.014044137 443 -140 453 -99
person 0.014043158 364 592 380 636
person 0.014038888 625 515 637 578
person 0.014024617 445 657 473 741
person 0.014024057 324 110 338 138
person 0.014010337 824 30 838 46
person 0.013960751 434 295 452 319
person 0.013954248 608 33 621 49
person 0.013950633 839 153 854 175
person 0.013943694 248 402 284 448
person 0.01394262 851 11 863 53
person 0.013942042 315 109 346 149
person 0.013934465 551 65 562 76
person 0.013913183 730 135 745 158
person 0.01389934 194 323 216 338
person 0.013888181 402 0 432 63
person 0.0138626695 520 -205 533 -161
person 0.013850505 604 -210 618 -193
person 0.0138415145 939 224 952 247
person 0.013837122 494 116 509 138
person 0.0138289565 646 82 656 93
person 0.013822568 696 12 704 25
person 0.013820903 494 133 510 155
person 0.013818258 473 591 489 636
person 0.0138157895 733 -135 744 -99
person 0.013810189 299 658 327 741
person 0.01379002 471 116 486 138
person 0.013788794 390 69 404 86
person 0.013787809 153 404 186 422
person 0.013768544 939 294 945 321
person 0.013755408 586 -210 600 -193
person 0.013735484 493 475 507 502
person 0.01370597 182 643 198 667
person 0.013695724 401 643 416 667
person 0.013695717 599 8 613 24
person 0.013694854 821 135 836 157
person 0.013686781 451 167 467 189
person 0.013668909 442 402 453 429
person 0.0136646805 474 643 489 667
person 0.013662463 84 -117 109 -33
person 0.013650381 0 520 6 606
person 0.013650228 276 328 312 391
person 0.013640806 892 219 910 242
person 0.013620682 547 -84 562 -62
person 0.013619337 820 115 835 136
person 0.013612548 911 101 925 121
person 0.013601725 900 123 926 169
person 0.013594109 536 -84 580 30
person 0.013587255 565 136 581 158
person 0.013583562 44 311 55 337
person 0.013583064 729 154 744 178
person 0.013580381 262 549 274 589
person 0.013576613 638 643 656 705
person 0.013541095 827 533 835 563
person 0.013520606 -3 -198 7 -172
person 0.013485171 899 554 905 573
person 0.013477073 719 483 734 507
person 0.013476522 400 137 415 158
person 0.013474511 599 594 631 712
person 0.013446112 700 359 727 412
person 0.013440078 114 99 136 126
person 0.013427365 783 119 798 139
person 0.013424944 371 214 460 355
person 0.013417798 456 643 471 667
person 0.013411222 496 348 505 373
person 0.013394594 873 152 888 175
person 0.013380555 35 280 49 306
person 0.013377516 38 195 59 224
person 0.013357667 181 497 200 522
person 0.013351706 419 643 435 667
person 0.013345199 748 135 763 158
person 0.013342368 54 -40 72 0
person 0.013333332 857 500 873 525
person 0.0133231655 636 134 651 157
person 0.013310755 438 643 453 667
person 0.013308976 455 146 493 199
person 0.013304349 638 643 654 666
person 0.013300587 226 -141 236 -101
person 0.01325807 827 538 834 554
person 0.013257709 785 151 801 174
person 0.01325403 164 643 179 667
person 0.013246061 942 -143 948 -110
person 0.013241755 822 66 837 81
person 0.013226144 592 88 600 100
person 0.013165463 457 -83 470 -60
person 0.013163839 0 -148 5 -111
person 0.0131614115 600 116 615 138
person 0.013152063 458 457 473 484
person 0.013150731 736 535 744 566
person 0.013139505 695 115 709 137
person 0.013120734 935 650 949 720
person 0.013118573 189 633 209 690
person 0.013112581 835 181 857 215
person 0.013082785 942 -162 948 -128
person 0.01307746 566 500 583 566
person 0.013071801 0 507 4 543
person 0.013064591 0 -10 5 20
person 0.013054137 908 118 923 139
person 0.013043048 40 120 62 147
person 0.013030268 218 495 237 519
person 0.013029506 601 136 616 158
person 0.013028188 942 531 948 562
person 0.013027533 0 380 4 416
person 0.012993194 876 -130 892 -88
person 0.012993127 572 27 581 39
person 0.0129898 823 152 838 175
person 0.01298977 232 460 251 478
person 0.012984196 210 87 218 101
person 0.012972096 584 151 600 174
person 0.012970282 103 197 135 241
person 0.012968152 349 84 364 101
person 0.012960092 486 284 505 305
person 0.0129567925 477 5 508 69
person 0.012927055 196 474 213 495
person 0.012908905 602 643 619 706
person 0.012900687 570 25 584 42
person 0.01288867 147 -83 161 -60
person 0.012876269 693 -69 712 -49
person 0.012849103 261 81 275 97
person 0.012805201 200 448 219 466
person 0.012804851 113 39 134 68
person 0.012799476 383 134 400 155
person 0.0127688795 454 320 461 332
person 0.012767763 624 86 634 97
person 0.012751813 473 353 482 377
person 0.012743588 858 644 875 707
person 0.012740605 76 342 150 498
person 0.01272042 696 185 720 221
person 0.012720414 698 542 712 597
person 0.012716989 436 591 453 636
person 0.012709592 0 544 5 580
person 0.012695718 657 643 672 666
person 0.012692103 -4 59 8 81
person 0.012687013 544 149 560 172
person 0.012679029 227 53 249 80
person 0.012676082 169 325 210 368
person 0.012665266 802 -69 821 -50
person 0.012658392 623 135 638 157
person 0.012651147 329 152 345 171
person 0.012650153 146 643 161 667
person 0.012639258 875 -202 894 -151
person 0.012638401 805 81 815 91
person 0.012633827 875 135 891 155
person 0.012631001 682 -197 690 -165
person 0.012616374 565 -85 581 -62
person 0.012581009 13 -10 38 64
person 0.012575874 196 468 215 486
person 0.012558105 482 505 495 577
person 0.012552945 819 496 834 522
person 0.012550167 418 154 434 175
person 0.012548926 528 594 559 713
person 0.012512969 94 -178 106 -130
person 0.012510665 857 520 866 538
person 0.012482315 -3 -179 7 -154
person 0.012458439 733 81 743 92
person 0.012456139 892 240 911 261
person 0.0124532655 527 254 542 280
person 0.012428384 834 -202 863 -138
person 0.012423347 796 620 859 750
person 0.012408338 262 -140 272 -101
person 0.012391999 166 -83 179 -60
person 0.012391276 189 410 261 538
person 0.012374853 473 292 496 315
person 0.012359042 718 -197 725 -165
person 0.012344382 152 632 173 690
person 0.012328625 129 -84 143 -60
person 0.012325625 76 49 98 79
person 0.012322826 381 89 391 98
person 0.012303533 585 292 603 318
person 0.012301963 289 66 360 195
person 0.012299547 939 367 946 389
person 0.012288378 176 263 202 283
person 0.012286532 75 -210 89 -193
person 0.012215811 491 13 505 30
person 0.012203999 942 520 948 532
person 0.012202798 933 587 950 644
person 0.012197039 0 343 5 378
person 0.012194138 629 8 648 40
person 0.012170045 230 446 249 463
person 0.012169437 942 550 948 581
person 0.012165372 0 38 5 65
person 0.012162234 754 541 761 556
person 0.012144591 622 -209 634 -203
person 0.012112984 731 168 746 192
person 0.012102665 941 385 947 407
person 0.012101042 565 643 583 706
person 0.012096813 653 48 667 65
person 0.012065795 735 542 742 556
person 0.012064851 299 547 310 586
person 0.012064158 163 90 178 106
person 0.012061965 811 4 834 55
person 0.012060413 696 134 711 157
person 0.012059062 -3 330 8 354
person 0.012055947 53 643 70 706
person 0.012039155 147 303 161 314
person 0.01203438 86 -95 103 -50
person 0.012033722 944 461 949 487
person 0.012033445 892 8 906 24
person 0.0120263845 439 -83 452 -60
person 0.012023557 0 580 5 617
person 0.012021162 600 16 619 46
person 0.012015913 942 -125 948 -92
person 0.012000588 0 -130 5 -93
person 0.011997122 934 -143 950 -83
person 0.011996958 659 134 674 157
person 0.011991912 440 154 456 176
person 0.011964069 0 361 4 397
person 0.011959903 675 643 690 666
person 0.011957915 125 255 156 300
person 0.011956568 39 382 51 409
person 0.011952648 942 567 948 599
person 0.011945048 388 240 444 324
person 0.011935553 171 -28 213 80
person 0.011933269 400 592 417 636
person 0.011925688 942 470 950 479
person 0.011910656 119 19 139 52
person 0.01188259 939 137 951 159
person 0.011841928 699 540 707 555
person 0.011825183 585 -102 598 -79
person 0.0118200015 230 592 270 681
person 0.011818137 716 553 723 568
person 0.011810632 942 -18 948 14
person 0.011800914 471 400 483 427
person 0.011791115 632 372 651 395
person 0.011764757 326 451 343 473
person 0.011763965 805 29 819 45
person 0.011737364 901 421 932 439
person 0.011737104 865 153 939 281
person 0.01173581 550 422 563 449
person 0.011727506 533 0 565 70
person 0.011722904 -4 296 19 382
person 0.011712395 0 598 5 635
person 0.011707605 755 84 765 94
person 0.011707119 859 -135 914 -6
person 0.011694921 343 455 351 477
person 0.01169366 155 -206 168 -161
person 0.011686117 679 49 693 66
person 0.011683888 624 -179 640 -131
person 0.011678994 18 279 30 305
person 0.011676847 683 535 691 564
person 0.011668283 639 48 653 64
person 0.011665347 0 688 4 729
person 0.01166234 942 585 948 618
person 0.0116512915 45 75 66 103
person 0.011629556 936 356 949 365
person 0.011622275 335 521 347 567
person 0.011615436 100 211 140 265
person 0.011613827 881 256 912 307
person 0.011605202 314 84 329 103
person 0.011602326 892 204 910 229
person 0.011584131 767 463 786 481
person 0.011578192 941 6 947 32
person 0.011576468 308 145 394 270
person 0.011566318 281 359 313 406
person 0.011558673 843 66 857 82
person 0.011555268 86 477 104 500
person 0.01154831 940 153 951 177
person 0.011547107 40 655 54 681
person 0.011532677 809 -197 816 -165
person 0.011519737 905 -28 944 83
person 0.011518752 841 30 856 46
person 0.011512229 78 631 118 750
person 0.011511828 899 386 935 468
person 0.011510672 334 531 345 558
person 0.011508572 128 643 143 667
person 0.011504678 681 52 690 63
person 0.011488908 603 425 662 569
person 0.011484019 454 242 474 268
person 0.011480999 306 590 345 680
person 0.011471224 765 152 781 175
person 0.011438292 693 642 708 666
person 0.011437134 406 102 417 113
person 0.011426528 698 413 726 461
person 0.011415127 59 592 70 644
person 0.011406945 248 403 277 420
person 0.0113957375 588 -180 603 -133
person 0.011384276 0 562 5 598
person 0.011376411 900 440 929 458
person 0.011373794 163 299 181 309
person 0.011370834 184 -83 198 -60
person 0.01134477 116 632 136 690
person 0.011336408 316 13 331 30
person 0.011335857 57 -210 69 -203
person 0.0113289505 42 -89 65 0
person 0.011321154 38 510 49 546
person 0.011312735 589 13 602 28
person 0.011299889 766 496 784 522
person 0.011290767 767 168 783 191
person 0.01128677 737 436 765 483
person 0.011280792 223 337 263 378
person 0.011273093 880 28 889 42
person 0.0112629505 222 406 232 425
person 0.011257743 38 400 52 428
person 0.011256957 735 193 766 239
person 0.01123363 240 104 255 120
person 0.011214493 250 392 273 410
person 0.011203104 483 -206 496 -161
person 0.011191157 328 -94 346 -61
person 0.011155301 943 673 949 710
person 0.011150653 529 643 546 706
person 0.011122412 843 564 855 607
person 0.011121883 584 273 599 300
person 0.011120325 656 -83 673 -65
person 0.011118239 878 117 888 128
person 0.011114731 735 549 743 576
person 0.01111385 627 97 635 108
person 0.011112289 437 134 452 156
person 0.011099637 531 418 544 445
person 0.011095005 479 -139 489 -99
person 0.011089769 845 -195 852 -165
person 0.011080105 579 329 597 352
person 0.011079028 407 -140 417 -100
person 0.011075299 573 510 582 541
person 0.011062061 0 -112 5 -75
person 0.011055335 164 643 182 705
person 0.011052891 0 57 5 84
person 0.011050686 418 137 433 158
person 0.011030859 824 83 834 93
person 0.011029428 736 -198 743 -165
person 0.011014636 942 -197 948 -165
person 0.01101409 636 308 654 333
person 0.011003644 693 154 708 177
person 0.010998208 16 337 27 363
person 0.010972683 742 604 779 703
person 0.010967317 703 367 727 388
person 0.010966743 310 643 327 706
person 0.010958564 466 95 475 112
person 0.010957314 748 153 763 176
person 0.010954668 862 29 871 42
person 0.010949245 198 407 231 448
person 0.010923652 583 -85 599 -63
person 0.010910465 658 626 671 650
person 0.0108927265 347 643 364 706
person 0.010885932 711 642 727 666
person 0.010884546 440 -209 452 -203
person 0.010884264 642 389 661 413
person 0.010883061 604 -209 616 -203
person 0.010879434 308 -1 338 64
person 0.01087888 567 -102 580 -79
person 0.010876438 458 -209 470 -203
person 0.010876119 52 401 66 426
person 0.010876109 714 167 729 191
person 0.0108697135 421 -209 434 -203
person 0.010868739 0 617 5 653
person 0.010867689 494 -209 506 -203
person 0.010867248 597 330 623 350
person 0.010866551 367 -209 379 -203
person 0.010864414 385 -209 397 -203
person 0.010864312 0 635 5 671
person 0.01086363 184 -209 197 -203
person 0.010861053 348 -209 361 -203
person 0.0108607 476 -209 488 -203
person 0.010860301 166 -209 178 -203
person 0.0108595835 203 -209 215 -203
person 0.010858947 294 -209 306 -203
person 0.010858339 275 -209 288 -203
person 0.010858308 221 -209 233 -203
person 0.010857791 403 -209 415 -203
person 0.010857637 312 -209 324 -203
person 0.01085735 239 -209 251 -203
person 0.01085717 257 -209 269 -203
person 0.010857144 750 27 764 44
person 0.0108555425 330 -209 342 -203
person 0.0108539555 699 548 707 579
person 0.010841411 227 -164 251 -81
person 0.010837519 825 69 834 79
person 0.010837463 59 -174 69 -124
person 0.01082944 143 384 167 406
person 0.010829323 136 616 199 755
person 0.010829236 826 30 834 44
person 0.010825948 0 453 5 489
person 0.010820939 437 421 445 449
person 0.010814633 663 -196 671 -165
person 0.01080892 528 152 544 174
person 0.010803228 495 461 507 488
person 0.010802983 513 -209 525 -203
person 0.010802519 0 398 4 434
person 0.010797935 383 643 400 706
person 0.010795923 492 643 510 706
person 0.010788255 0 -93 5 -57
person 0.010787112 717 83 726 93
person 0.01078705 369 535 377 564
person 0.010784425 386 158 426 212
person 0.01077819 148 -209 160 -203
person 0.010774057 274 135 290 156
person 0.010772106 527 503 544 571
person 0.010770374 274 643 291 706
person 0.010760882 207 534 216 559
person 0.0107583795 915 80 928 98
person 0.010757355 524 300 539 323
person 0.010740334 579 319 597 341
person 0.010734929 284 328 302 352
person 0.010733623 324 10 339 27
person 0.01073218 942 61 949 84
person 0.0107277045 942 -71 948 -37
person 0.010727655 40 638 53 664
person 0.010712106 862 100 872 110
person 0.010709054 237 643 254 706
person 0.010693517 419 643 437 706
person 0.010689889 25 119 38 139
person 0.0106894 682 541 689 555
person 0.010682696 941 450 949 460
person 0.010677778 942 44 948 67
person 0.010667996 110 114 117 127
person 0.0106678 524 310 539 332
person 0.010665485 493 287 565 422
person 0.010664679 48 247 56 260
person 0.0106550045 531 -209 543 -203
person 0.010652868 675 -71 694 -48
person 0.010650425 456 643 473 706
person 0.010634003 403 626 416 650
person 0.010630868 549 -114 577 -34
person 0.010622777 0 -49 7 4
person 0.010613238 911 9 918 22
person 0.0106131835 803 182 826 215
person 0.010612182 640 626 653 650
person 0.010610015 786 28 801 44
person 0.010609734 179 460 200 479
person 0.010603745 679 551 688 578
person 0.010601214 201 643 218 706
person 0.010595984 111 90 121 103
person 0.010579105 330 591 343 631
person 0.010577403 421 626 434 650
person 0.010573717 0 -75 5 -39
person 0.010549289 217 591 235 633
person 0.010543299 462 49 476 65
person 0.010539087 56 421 73 447
person 0.01053674 385 626 398 650
person 0.010530089 603 -102 616 -80
person 0.010526265 0 -57 4 -21
person 0.010525098 130 -209 142 -203
person 0.010524725 939 62 952 83
person 0.010521408 440 626 453 650
person 0.010514366 233 407 258 425
person 0.010514193 622 295 641 323
person 0.010511436 209 407 238 439
person 0.010506091 452 594 482 714
person 0.010496368 0 435 5 470
person 0.010484767 551 25 565 42
person 0.010474759 769 29 783 45
person 0.0104744565 402 -66 416 -42
person 0.010467278 458 626 471 650
person 0.010466829 294 657 310 681
person 0.010458629 495 448 533 560
person 0.010455165 720 616 783 752
person 0.010451294 276 657 292 681
person 0.010448296 547 273 564 300
person 0.010446679 443 50 457 67
person 0.010440835 39 456 53 482
person 0.010435535 939 412 948 422
person 0.010432319 804 608 817 631
person 0.010421617 934 317 947 328
person 0.010417808 19 694 33 722
person 0.010416205 476 626 489 650
person 0.010415836 0 342 7 421
person 0.010410682 87 77 138 161
person 0.010407912 312 657 328 681
person 0.010404955 0 563 7 635
person 0.010401686 46 52 73 97
person 0.010399978 730 642 745 666
person 0.010396568 942 -107 948 -74
person 0.010394056 478 420 491 448
person 0.010382178 677 626 689 650
person 0.010379048 943 443 948 468
person 0.010374034 435 498 448 525
person 0.010371231 549 -209 561 -203
person 0.010366494 -3 640 8 665
person 0.0103640035 585 -209 598 -203
person 0.01035407 212 84 227 101
person 0.010339324 454 495 466 521
person 0.010330731 942 -89 948 -56
person 0.010328435 471 270 519 358
person 0.010325862 257 657 274 681
person 0.010324337 920 -200 958 -109
person 0.010323231 151 64 201 147
person 0.01031952 567 -209 579 -203
person 0.010319208 687 303 712 359
person 0.0103136385 895 298 910 311
person 0.010312163 678 403 694 427
person 0.010310509 791 539 798 553
person 0.0103028 839 497 855 524
person 0.010300257 225 527 247 571
person 0.010297647 494 626 507 650
person 0.010296603 368 -93 379 -57
person 0.01029291 42 301 55 326
person 0.0102912 21 243 34 268
person 0.01028682 0 488 4 528
person 0.010262784 655 590 672 634
person 0.010262716 149 591 192 686
person 0.010261824 553 369 574 424
person 0.01026103 489 156 506 177
person 0.010259622 0 416 5 453
person 0.010259558 117 -180 128 -135
person 0.010245932 741 458 763 480
person 0.010243814 -3 458 8 483
person 0.0102403965 622 626 635 650
person 0.010239479 380 592 415 682
person 0.010236371 421 -83 434 -60
person 0.010236295 253 118 269 137
person 0.010235309 627 32 634 44
person 0.0102235 50 232 64 254
person 0.010222545 367 627 380 650
person 0.010221364 442 508 454 574
person 0.01020232 620 10 634 26
person 0.010201675 719 541 726 556
person 0.010193022 186 192 214 221
person 0.010191054 782 465 857 609
person 0.010188121 330 657 346 681
person 0.010183491 942 278 947 305
person 0.010177432 128 643 145 706
person 0.010172807 478 382 486 409
person 0.010169725 202 -83 216 -60
person 0.010169615 665 184 687 218
person 0.010168856 364 133 380 153
person 0.010166006 92 642 109 706
person 0.010164446 374 91 383 101
person 0.010162149 936 558 950 599
person 0.010144121 225 549 237 588
person 0.010140577 349 656 365 681
person 0.010133559 722 477 739 501
person 0.010131578 695 626 708 650
person 0.010129762 239 657 255 681
person 0.0101284655 920 317 935 381
person 0.010125694 115 109 124 121
person 0.010125531 113 108 127 123
person 0.010114869 185 626 197 651
person 0.010111284 263 455 291 492
person 0.010098272 508 153 524 174
person 0.010093174 943 657 949 690
person 0.010090339 33 163 61 204
person 0.010087168 203 627 216 651
person 0.010077511 843 570 852 598
person 0.010076555 166 626 179 651
person 0.010072756 179 486 207 535
person 0.010068363 474 447 487 473
person 0.010065022 755 535 763 566
person 0.010059499 669 367 689 391
person 0.010056269 204 553 215 579
person 0.010053977 220 524 230 540
person 0.0100500295 111 -209 124 -203
person 0.010048303 475 98 484 108
person 0.010043381 448 456 500 620
person 0.010043353 513 627 526 650
person 0.010034315 0 470 4 508
person 0.010027705 640 12 653 27
person 0.010025803 801 498 816 524
person 0.0100243585 457 68 466 78
person 0.01002091 -3 -7 9 15
person 0.010019307 281 537 292 564
person 0.010009015 195 285 214 301
person 0.010001435 244 534 252 559
