person 0.80644745 864 174 888 208
person 0.76540816 723 96 740 117
person 0.74232435 520 149 547 183
person 0.72550905 711 165 738 198
person 0.7153699 610 178 637 213
person 0.70620203 783 132 806 161
person 0.70544076 822 115 839 138
person 0.6995695 524 114 543 137
person 0.69444114 890 142 912 172
person 0.6834266 800 215 829 250
person 0.6826516 746 120 766 144
person 0.67469347 381 106 397 128
person 0.67397803 910 123 927 148
person 0.66319454 309 124 325 146
person 0.6600959 694 142 718 172
person 0.65863746 834 130 855 160
person 0.65301013 747 74 762 94
person 0.6521139 785 66 800 85
person 0.64634365 398 104 415 126
person 0.639136 632 137 656 167
person 0.63749987 579 130 598 155
person 0.6347236 539 64 553 82
person 0.624326 601 59 614 77
person 0.620957 779 90 794 111
person 0.6190331 483 75 498 92
person 0.6182322 435 86 452 105
person 0.6095845 478 95 494 114
person 0.60286385 766 106 783 128
person 0.6016775 345 136 364 159
person 0.600407 83 201 128 263
person 0.5957929 927 210 959 259
person 0.5954532 571 83 587 103
person 0.58798206 595 90 612 111
person 0.5834525 483 111 501 134
person 0.57391274 727 53 741 70
person 0.5709159 954 124 971 147
person 0.5606504 670 70 684 88
person 0.5603541 435 131 459 160
person 0.55903405 843 218 871 254
person 0.5491964 651 111 670 134
person 0.5483391 551 81 566 101
person 0.5466742 329 133 346 155
person 0.5435818 299 113 314 132
person 0.54326975 809 71 827 94
person 0.5425879 837 79 851 97
person 0.5343708 704 63 718 80
person 0.5330538 452 103 469 125
person 0.53252417 557 67 571 86
person 0.5319305 686 52 696 68
person 0.53138345 523 89 540 110
person 0.5298088 631 63 645 82
person 0.5294347 621 51 634 68
person 0.5290698 335 98 350 117
person 0.52311075 522 75 536 93
person 0.5075718 810 168 836 200
person 0.47521734 810 81 825 101
person 0.4494886 64 165 99 209
person 0.4444988 459 78 474 95
person 0.43282378 682 88 699 109
person 0.42988935 733 70 748 89
person 0.42681372 340 108 358 129
person 0.4191868 640 73 655 91
person 0.3945212 174 247 214 291
person 0.39439118 426 79 441 97
person 0.39345407 431 82 447 102
person 0.37319937 709 56 724 74
person 0.35588726 458 83 475 103
person 0.35499254 690 63 705 80
person 0.34088343 691 102 708 124
person 0.34073 959 165 978 189
person 0.34025806 566 102 584 123
person 0.32382926 717 94 741 124
person 0.30988878 502 68 519 85
person 0.29915482 771 80 786 97
person 0.28069127 541 61 552 76
person 0.279293 623 52 632 64
person 0.2732922 638 125 660 148
person 0.2721112 730 151 751 175
person 0.25414932 428 128 451 155
person 0.25180742 359 114 376 133
person 0.2483732 730 54 738 67
person 0.24625397 643 83 661 103
person 0.24096772 769 87 789 110
person 0.23685457 834 82 850 102
person 0.22871861 971 262 1003 311
person 0.2273096 576 115 594 136
person 0.22467722 518 60 528 75
person 0.22253825 643 26 653 42
person 0.1989589 374 153 398 180
person 0.19435611 706 65 715 77
person 0.1894915 461 79 472 90
person 0.18183945 508 55 526 73
person 0.1802842 456 130 474 152
person 0.17810197 699 90 719 110
person 0.17703873 953 167 971 191
person 0.17525923 542 66 551 78
person 0.17490335 496 91 513 111
person 0.17182791 809 68 826 83
person 0.17101255 827 187 847 211
person 0.17018376 446 77 463 95
person 0.16814825 162 239 223 305
person 0.1645279 732 206 763 237
person 0.16366452 559 69 568 81
person 0.15641798 809 104 828 128
person 0.15526952 630 82 647 102
person 0.15223977 485 74 495 88
person 0.15214096 524 70 534 89
person 0.15065655 633 66 642 78
person 0.1477712 646 167 677 201
person 0.14660509 692 66 702 77
person 0.14543079 330 115 348 135
person 0.14489105 938 166 969 204
person 0.14450623 54 163 94 228
person 0.14326456 477 73 499 99
person 0.14264973 783 64 804 91
person 0.14169815 796 186 819 211
person 0.14090621 859 236 896 280
person 0.14073527 572 121 604 162
person 0.14058992 798 205 839 261
person 0.13978742 435 140 454 162
person 0.13975091 596 88 606 107
person 0.13961972 660 90 679 110
person 0.1377936 958 481 1011 592
person 0.13606945 593 78 608 96
person 0.13458332 522 121 543 146
person 0.13359495 359 132 379 154
person 0.13332574 907 114 929 141
person 0.13215144 335 101 344 113
person 0.13209453 296 112 318 139
person 0.13005413 897 145 917 171
person 0.1297836 639 57 653 74
person 0.12745507 516 135 555 191
person 0.12606359 533 66 556 92
person 0.1252576 837 77 846 90
person 0.12506042 397 99 415 117
person 0.12497533 554 71 576 97
person 0.12324655 559 56 572 72
person 0.122604564 568 123 590 148
person 0.12144131 602 64 611 77
person 0.11831997 457 106 467 124
person 0.11812275 -4 256 25 333
person 0.117830135 835 73 856 101
person 0.11752712 597 56 618 82
person 0.11393252 381 126 400 148
person 0.11334051 950 114 972 142
person 0.112539224 918 129 936 153
person 0.11186147 642 70 653 86
person 0.11155274 764 126 784 149
person 0.11096694 840 80 849 92
person 0.10975972 603 165 646 218
person 0.10950706 787 68 797 80
person 0.10932319 779 111 799 133
person 0.108939745 185 252 218 284
person 0.1089304 981 153 998 174
person 0.10834731 424 111 443 132
person 0.10795093 301 114 311 126
person 0.107590415 480 131 507 161
person 0.10654321 672 56 684 73
person 0.10513117 666 69 687 95
person 0.104669385 924 154 942 177
person 0.10465572 72 172 93 197
person 0.10453304 374 161 400 190
person 0.10452567 630 135 651 158
person 0.104242735 63 180 147 290
person 0.103590615 597 111 616 132
person 0.10344295 785 177 813 208
person 0.10300874 460 86 472 98
person 0.10169212 634 40 644 51
person 0.09926554 501 110 520 132
person 0.09922625 696 105 715 127
person 0.098349676 926 163 945 187
person 0.09675398 1037 606 1046 672
person 0.09599482 960 157 979 178
person 0.0948165 935 202 955 224
person 0.094231956 746 85 764 106
person 0.09411465 938 193 959 216
person 0.093622714 428 82 438 92
person 0.09332495 957 254 1012 332
person 0.093206935 750 74 760 88
person 0.09171981 892 134 910 157
person 0.088458896 827 128 858 170
person 0.08743501 491 59 507 76
person 0.08695784 574 169 604 202
person 0.08657613 632 37 647 54
person 0.086517565 952 157 983 201
person 0.0850154 557 32 573 51
person 0.08422865 476 165 505 197
person 0.083958626 454 75 476 100
person 0.083206855 539 132 559 155
person 0.08283524 807 349 850 408
person 0.08263255 869 149 889 174
person 0.08243617 77 216 143 297
person 0.08166177 977 207 1004 240
person 0.081382535 -4 127 10 150
person 0.08025243 66 170 87 194
person 0.07967904 693 58 718 86
person 0.07954303 517 106 549 146
person 0.079233006 698 136 718 157
person 0.07910541 694 202 727 235
person 0.07632068 736 162 756 185
person 0.076094285 438 88 449 99
person 0.07577189 886 216 914 251
person 0.07549027 249 200 276 229
person 0.07495726 855 92 879 121
person 0.074161604 0 126 6 151
person 0.07406503 0 121 9 163
person 0.073503956 813 85 822 97
person 0.07327547 338 101 348 112
person 0.07300255 707 161 750 218
person 0.072578624 210 298 250 343
person 0.072377205 553 85 562 97
person 0.071956165 1036 218 1046 267
person 0.071720235 600 130 620 152
person 0.07157873 239 193 265 222
person 0.07065684 480 91 491 109
person 0.07061422 160 296 204 342
person 0.07037412 399 125 419 147
person 0.07035504 958 117 973 136
person 0.07033766 121 202 161 246
person 0.070067674 388 98 405 117
person 0.069551416 770 242 809 284
person 0.069222115 772 218 806 252
person 0.069196716 348 396 362 416
person 0.06897488 915 201 968 272
person 0.06856264 96 192 120 214
person 0.06740765 867 361 925 437
person 0.06699395 741 115 773 157
person 0.06669239 866 88 883 107
person 0.06668832 456 163 484 193
person 0.06615416 601 33 614 46
person 0.065138 595 55 605 71
person 0.06485134 179 127 203 153
person 0.06426156 434 85 444 98
person 0.064038046 684 129 704 151
person 0.06322472 611 203 641 235
person 0.063152485 840 85 849 96
person 0.06313449 338 128 370 169
person 0.06303506 948 116 977 158
person 0.06277766 364 149 384 172
person 0.062749766 658 130 679 152
person 0.06267328 573 86 584 98
person 0.062392257 886 167 913 198
person 0.062381137 913 125 924 145
person 0.06159064 870 77 886 93
person 0.060343683 574 205 603 236
person 0.06007573 556 39 564 51
person 0.05998503 802 130 821 153
person 0.059926957 845 108 862 130
person 0.059478696 812 59 827 77
person 0.059083357 760 168 780 190
person 0.058488104 318 150 337 172
person 0.058428578 654 113 665 131
person 0.05835632 1036 570 1044 640
person 0.058069665 878 243 913 288
person 0.058013987 553 36 568 54
person 0.057946667 956 388 1034 561
person 0.05759566 0 107 5 133
person 0.05747942 749 57 765 75
person 0.05746782 846 191 868 214
person 0.05729323 1033 137 1046 176
person 0.05703541 35 174 53 196
person 0.056719482 342 109 356 122
person 0.056366116 801 241 842 284
person 0.056275748 945 150 964 173
person 0.056221947 476 102 508 143
person 0.056000777 88 205 122 243
person 0.055452503 955 160 991 224
person 0.055324394 292 112 306 129
person 0.0550915 -1 193 18 252
person 0.055077545 0 193 9 253
person 0.054999128 -4 -231 9 -207
person 0.054956105 365 385 378 405
person 0.05484671 728 125 748 147
person 0.05470135 616 170 638 193
person 0.054402895 980 171 997 194
person 0.054311723 922 253 967 314
person 0.05416658 1035 -229 1045 -182
person 0.054080717 1040 85 1046 111
person 0.05402268 145 222 240 349
person 0.05381874 715 181 735 202
person 0.05379445 289 132 306 152
person 0.05354447 528 116 539 135
person 0.05350856 27 422 77 527
person 0.053438332 0 180 10 226
person 0.053412046 502 36 520 54
person 0.052885268 924 236 957 283
person 0.052562583 1033 174 1046 217
person 0.052430324 1040 106 1046 132
person 0.052414145 1040 67 1046 94
person 0.052095752 816 105 846 146
person 0.052084602 828 230 850 252
person 0.051968016 459 152 479 174
person 0.051859897 429 143 448 163
person 0.051589992 865 107 883 127
person 0.05135192 843 209 865 232
person 0.051188298 805 152 825 175
person 0.051178884 499 132 518 154
person 0.05040582 579 151 600 174
person 0.050372165 280 181 306 209
person 0.050298255 658 112 669 131
person 0.050256565 541 110 561 131
person 0.05023405 183 127 198 146
person 0.05011564 234 100 241 113
person 0.05008361 638 200 670 233
person 0.049615446 572 22 580 34
person 0.049596764 -3 123 15 157
person 0.049506724 843 168 862 193
person 0.049228195 159 317 204 361
person 0.049224645 934 214 950 253
person 0.04903712 265 138 281 156
person 0.048881494 840 136 851 156
person 0.04880446 178 251 205 274
person 0.048608318 153 210 191 244
person 0.048551284 930 195 951 219
person 0.048422743 125 178 156 209
person 0.048363563 866 232 888 255
person 0.04835903 625 111 644 132
person 0.048320394 0 -234 6 -206
person 0.048000075 -3 -222 18 -129
person 0.047953453 600 151 622 173
person 0.047900923 661 152 682 174
person 0.047812533 592 33 606 51
person 0.04760284 165 160 212 221
person 0.047553238 423 122 456 164
person 0.04749741 684 168 704 192
person 0.047448624 1036 649 1046 705
person 0.047288634 272 241 300 272
person 0.047283683 325 174 354 207
person 0.047129523 399 156 419 176
person 0.047060356 -4 -230 8 -224
person 0.04705991 443 134 454 153
person 0.046994798 298 145 317 168
person 0.046645585 744 192 764 211
person 0.046570845 786 60 801 78
person 0.046480276 526 88 537 104
person 0.046310157 423 206 452 239
person 0.04606436 645 104 677 145
person 0.045905598 -4 109 9 131
person 0.045900363 1036 107 1050 130
person 0.045899548 403 165 432 197
person 0.045615528 -4 144 10 166
person 0.04560708 373 97 405 140
person 0.045605436 996 318 1023 375
person 0.04557555 684 89 696 102
person 0.045551486 426 207 462 253
person 0.045351375 594 35 603 48
person 0.04515588 -17 239 49 365
person 0.04487002 663 169 684 190
person 0.044770572 255 136 281 162
person 0.044622596 0 142 6 169
person 0.044597436 491 206 522 238
person 0.04453841 583 132 594 151
person 0.044395935 758 149 777 172
person 0.04427208 725 243 767 287
person 0.04404609 478 151 499 173
person 0.043968283 866 245 888 266
person 0.04395175 247 230 317 300
person 0.04378646 1032 237 1043 293
person 0.0437289 207 424 228 447
person 0.043724533 609 176 630 199
person 0.04354492 498 88 512 104
person 0.043360066 750 122 762 142
person 0.042842127 1027 178 1048 211
person 0.042376682 1029 222 1049 259
person 0.04231261 362 97 379 115
person 0.042005274 115 140 143 167
person 0.042004727 713 95 746 139
person 0.041990597 885 285 922 331
person 0.041659165 499 148 519 171
person 0.04160097 731 598 744 661
person 0.04152985 946 234 1024 372
person 0.041145544 845 279 884 327
person 0.04101918 1036 86 1049 110
person 0.040760454 971 417 1028 524
person 0.040724467 902 172 921 195
person 0.040468298 784 165 805 189
person 0.0404568 965 303 1021 395
person 0.040109403 37 439 103 580
person 0.040036146 836 85 847 98
person 0.040006153 -14 346 29 449
person 0.03999608 471 58 487 76
person 0.03977852 885 189 906 214
person 0.03966673 781 87 792 105
person 0.03958339 984 136 1000 156
person 0.0395681 983 204 1004 226
person 0.039496507 1032 279 1042 342
person 0.039430372 868 133 886 156
person 0.03936188 526 156 542 188
person 0.039133612 77 136 106 166
person 0.038923506 56 132 83 162
person 0.038876105 476 461 489 489
person 0.038833257 789 189 810 211
person 0.038818862 -4 187 11 209
person 0.03866359 751 60 763 72
person 0.038218025 963 188 982 209
person 0.038128857 1034 -231 1046 -223
person 0.038098868 283 144 301 167
person 0.03796401 561 148 582 170
person 0.037919685 886 90 903 109
person 0.037383627 527 206 567 249
person 0.037377894 120 181 160 224
person 0.03734886 1035 57 1045 98
person 0.037320394 709 244 776 313
person 0.037187904 807 284 846 330
person 0.037175506 311 127 322 140
person 0.03716336 1008 313 1019 376
person 0.037160136 611 21 619 33
person 0.037064496 822 212 844 236
person 0.03703887 738 207 758 226
person 0.037008096 1033 -232 1048 -209
person 0.036924835 543 148 565 171
person 0.03689484 136 -80 162 17
person 0.03688729 305 95 321 113
person 0.036734566 302 114 333 157
person 0.036679957 192 254 215 276
person 0.03661173 462 277 530 354
person 0.036503892 880 173 899 198
person 0.03635028 1036 -193 1045 -138
person 0.036343507 369 146 403 187
person 0.036342498 1035 98 1046 136
person 0.03620773 688 240 730 284
person 0.036190655 34 151 113 281
person 0.036112126 152 -91 193 46
person 0.036046106 836 236 900 306
person 0.03593494 790 135 801 156
person 0.035871856 314 241 360 297
person 0.035670433 274 229 302 260
person 0.035670314 38 441 55 469
person 0.03564763 938 280 974 328
person 0.03551002 348 142 359 160
person 0.035491098 685 127 728 184
person 0.035350762 -1 183 18 220
person 0.035184465 92 232 127 282
person 0.03516364 1025 -209 1051 -132
person 0.034874514 1036 69 1049 93
person 0.0348461 692 39 701 50
person 0.034797292 1017 287 1043 345
person 0.0347413 471 462 486 491
person 0.034710437 -2 -152 16 -39
person 0.03458892 0 -235 8 -184
person 0.034551896 966 678 993 768
person 0.034498617 175 433 196 453
person 0.034488004 570 20 584 35
person 0.034339685 231 98 245 115
person 0.034327142 1035 230 1050 253
person 0.03374237 21 154 40 176
person 0.03370632 55 693 74 758
person 0.03354069 970 -216 983 -176
person 0.033475075 884 113 902 134
person 0.03337083 0 185 7 211
person 0.033317145 361 114 374 126
person 0.03326246 390 97 421 140
person 0.03314799 369 498 385 522
person 0.03300582 454 107 466 120
person 0.03295304 444 94 477 136
person 0.03294328 1040 125 1046 151
person 0.032925785 206 97 217 111
person 0.032860804 811 359 889 514
person 0.032702338 43 -231 59 -215
person 0.03263176 331 126 343 148
person 0.03257389 700 146 712 166
person 0.032465108 978 485 1011 504
person 0.03237379 383 108 395 121
person 0.032369856 425 353 440 375
person 0.032334015 223 326 265 371
person 0.032017823 961 106 984 134
person 0.031983458 25 -231 38 -224
person 0.031982202 644 245 685 291
person 0.03193099 1037 684 1046 747
person 0.0318461 768 54 784 73
person 0.031789534 37 430 53 458
person 0.031733103 811 697 834 760
person 0.031700917 87 203 125 221
person 0.0316793 294 114 304 125
person 0.03167709 984 192 1004 214
person 0.031589746 426 120 467 179
person 0.031506937 26 174 44 197
person 0.031361036 0 96 10 140
person 0.031341117 1018 244 1044 299
person 0.031217676 451 58 466 76
person 0.031164082 105 249 144 294
person 0.031066975 1036 127 1050 150
person 0.030909322 588 84 621 126
person 0.030907871 66 180 89 206
person 0.030892545 24 -231 40 -215
person 0.030795299 771 697 794 760
person 0.030782491 586 21 594 33
person 0.030780489 714 41 723 53
person 0.030691698 607 595 625 662
person 0.030500941 647 593 666 659
person 0.030444259 207 211 240 243
person 0.030433033 145 205 167 226
person 0.030426724 760 285 800 331
person 0.030410869 179 121 188 132
person 0.030167144 64 373 152 540
person 0.030124798 649 266 719 335
person 0.030107671 367 387 374 401
person 0.02994597 960 -85 1000 43
person 0.029911602 949 282 1031 446
person 0.029889263 1040 227 1046 255
person 0.029665185 960 128 970 140
person 0.029431697 956 168 967 188
person 0.029427087 -8 555 27 684
person 0.02938004 566 595 586 662
person 0.029363737 1040 46 1046 73
person 0.029173603 278 246 297 266
person 0.029155025 983 465 1010 486
person 0.029140212 1034 525 1043 603
person 0.029070776 508 374 518 388
person 0.029048502 254 190 300 248
person 0.028931158 934 -220 948 -173
person 0.028902857 364 52 389 81
person 0.028752485 481 172 501 194
person 0.028669806 560 92 596 134
person 0.02861165 826 55 840 74
person 0.028600942 927 224 955 251
person 0.02859004 980 244 1001 264
person 0.028496603 593 251 661 323
person 0.028375654 748 117 760 136
person 0.028296344 53 87 78 116
person 0.028276226 381 153 391 173
person 0.028111322 786 318 870 460
person 0.027849974 128 -93 167 40
person 0.027780524 886 76 903 92
person 0.027718697 1036 151 1050 174
person 0.027503341 203 136 229 162
person 0.02740216 826 -230 838 -223
person 0.02731694 981 224 1002 247
person 0.027227571 846 -230 858 -223
person 0.027149353 921 113 937 132
person 0.027089793 866 -230 879 -223
person 0.027084865 770 115 811 175
person 0.027080443 806 -230 818 -223
person 0.027077654 580 168 600 190
person 0.02697751 188 327 259 401
person 0.026955606 43 -231 57 -224
person 0.026949266 117 143 135 164
person 0.026931118 1004 -231 1017 -224
person 0.026906986 645 86 659 98
person 0.026887504 815 63 824 74
person 0.026802024 178 86 216 153
person 0.026769325 852 698 874 760
person 0.026742399 834 132 846 154
person 0.026681071 334 51 359 81
person 0.026661675 432 126 444 146
person 0.02663235 400 107 412 119
person 0.026622083 903 190 922 213
person 0.026597302 522 378 532 393
person 0.026560295 687 594 705 661
person 0.02654522 108 275 143 322
person 0.026479982 24 137 40 156
person 0.026360627 350 395 358 411
person 0.02635312 760 195 780 213
person 0.026339047 486 104 498 127
person 0.02633539 1000 154 1017 176
person 0.026324706 905 91 922 110
person 0.026264226 473 61 484 73
person 0.02619193 824 393 881 489
person 0.026188748 968 321 1006 372
person 0.02606181 598 85 610 106
person 0.026037663 786 -230 798 -223
person 0.025982173 176 119 191 135
person 0.025975527 779 233 800 253
person 0.025818693 690 36 704 53
person 0.025790354 504 145 567 219
person 0.025766356 398 170 418 191
person 0.025652833 886 -230 899 -223
person 0.025617419 1035 210 1050 234
person 0.025614431 901 -225 917 -172
person 0.02548833 284 64 307 92
person 0.025459433 571 564 585 634
person 0.02545331 318 255 347 287
person 0.02544674 100 290 124 299
person 0.025431246 729 39 738 51
person 0.025406336 724 208 746 226
person 0.025359888 234 188 270 230
person 0.02535389 731 697 753 761
person 0.02534623 898 58 921 88
person 0.025285449 475 134 512 176
person 0.025231667 504 308 566 383
person 0.02517491 290 104 328 170
person 0.025174348 1035 190 1050 213
person 0.025111277 -3 171 14 193
person 0.02506216 134 390 233 538
person 0.024963776 342 156 387 213
person 0.024963625 807 -231 820 -209
person 0.024911998 168 300 274 445
person 0.024889056 786 -231 800 -210
person 0.024862403 724 102 736 121
person 0.024779025 644 170 664 192
person 0.024760932 54 459 88 552
person 0.024672307 769 108 780 121
person 0.024623508 827 -231 840 -209
person 0.024622971 0 77 29 150
person 0.024597218 543 167 564 188
person 0.024534533 290 90 305 107
person 0.024322635 399 522 416 549
person 0.024312675 560 172 581 191
person 0.02426498 1036 168 1050 192
person 0.024236834 858 207 880 230
person 0.024225175 766 -231 780 -210
person 0.024195235 1040 207 1046 235
person 0.024184773 563 248 604 294
person 0.024171328 847 -231 860 -208
person 0.024115257 623 209 644 227
person 0.02402725 1040 149 1046 176
person 0.02399459 28 421 41 450
person 0.023981147 867 -231 880 -209
person 0.023919208 204 359 247 405
person 0.023898639 89 519 116 584
person 0.023766007 513 446 525 475
person 0.023642667 651 -215 680 -135
person 0.023637757 766 -231 778 -223
person 0.02362344 209 330 254 376
person 0.023607949 1003 -231 1019 -215
person 0.023601297 255 244 292 290
person 0.02358732 58 460 138 604
person 0.023556424 -1 84 5 111
person 0.023535553 900 714 930 803
person 0.023518862 917 510 935 534
person 0.023471465 218 390 237 402
person 0.023381494 711 38 726 55
person 0.023290949 329 205 360 237
person 0.02327891 267 143 284 165
person 0.023263039 0 -221 8 -146
person 0.02323871 963 168 974 180
person 0.023036737 174 106 199 133
person 0.022961661 887 -231 900 -209
person 0.02289503 -3 204 12 229
person 0.02285463 746 -231 760 -211
person 0.022804443 1040 565 1045 599
person 0.022771312 1 168 9 195
person 0.022625819 486 595 505 660
person 0.0224721 906 -231 918 -223
person 0.022374798 101 175 121 196
person 0.022348972 202 97 227 123
person 0.022288974 994 364 1021 420
person 0.022274937 728 -227 757 -149
person 0.022261674 408 78 423 95
person 0.02225531 176 443 203 465
person 0.02213064 -5 655 13 779
person 0.022056274 477 494 492 521
person 0.022051906 680 91 714 132
person 0.02204727 1040 491 1046 518
person 0.02202281 530 246 569 295
person 0.022022659 425 240 496 316
person 0.021993378 55 65 77 97
person 0.021988595 887 119 925 184
person 0.021963777 894 146 905 168
person 0.02187163 410 190 477 265
person 0.021789607 1040 187 1046 214
person 0.021781547 485 289 580 429
person 0.021762587 568 106 581 117
person 0.021674763 918 548 934 579
person 0.0216531 449 602 462 653
person 0.021643566 970 -182 983 -139
person 0.02163908 986 112 1001 130
person 0.021623634 935 54 957 85
person 0.021604214 972 697 991 748
person 0.021553403 530 601 542 654
person 0.021553291 986 -231 1001 -215
person 0.02154576 195 449 221 470
person 0.02153056 977 265 1000 288
person 0.021526407 278 -214 306 -136
person 0.021513099 256 389 277 408
person 0.021406982 726 36 740 54
person 0.021392059 637 350 699 428
person 0.021271074 463 171 483 191
person 0.021266345 320 164 340 187
person 0.021215668 725 -231 740 -212
person 0.021183161 906 -231 920 -210
person 0.021145184 358 -211 386 -133
person 0.021139381 1014 94 1045 166
person 0.021137847 900 179 983 299
person 0.021135291 986 -231 999 -224
person 0.02111149 928 414 986 514
person 0.021088947 745 -231 758 -224
person 0.021087212 257 100 281 125
person 0.021054892 848 742 870 811
person 0.02098067 47 461 62 489
person 0.020949967 19 391 32 420
person 0.02092002 1034 246 1050 270
person 0.0208932 442 129 455 146
person 0.020870764 93 679 120 780
person 0.020865884 867 89 880 101
person 0.020834394 781 213 801 234
person 0.02080976 600 240 643 286
person 0.02077904 214 386 240 405
person 0.02076296 888 742 910 811
person 0.02071404 771 597 784 656
person 0.020703575 483 37 500 55
person 0.020692136 1040 470 1046 498
person 0.020622712 176 -218 204 -140
person 0.020575495 97 710 126 809
person 0.02057479 780 -63 793 -27
person 0.020505132 892 698 914 760
person 0.020442786 124 316 137 326
person 0.020440407 808 742 830 812
person 0.020345151 1040 166 1046 193
person 0.020253329 1036 785 1042 830
person 0.020244611 974 54 995 85
person 0.020183891 577 142 666 276
person 0.02014491 206 174 235 201
person 0.020094305 580 192 600 212
person 0.020084154 36 210 68 261
person 0.020054206 -5 86 8 109
person 0.020053415 227 214 334 344
person 0.020045208 852 341 941 457
person 0.020007415 21 401 35 431
person 0.019972067 609 18 623 34
person 0.019941002 339 163 360 185
person 0.019919436 644 19 658 37
person 0.019903067 672 38 682 51
person 0.019901538 0 237 8 317
person 0.01989368 349 45 364 65
person 0.019880319 361 168 381 189
person 0.019854376 915 382 993 535
person 0.019823499 400 102 412 111
person 0.019716369 164 174 195 202
person 0.019649386 757 97 790 139
person 0.019632561 114 485 146 506
person 0.019606043 289 697 311 761
person 0.01955986 175 330 200 339
person 0.019534439 862 264 882 283
person 0.019527016 933 700 952 751
person 0.019526182 694 106 705 118
person 0.019475078 1039 25 1046 53
person 0.019446848 -3 99 16 134
person 0.019416096 993 -130 1019 -33
person 0.01941057 691 697 713 761
person 0.019379934 529 501 544 530
person 0.019362295 768 742 789 812
person 0.019292766 459 480 476 508
person 0.019242868 734 152 745 171
person 0.01923977 106 596 119 664
person 0.019233696 220 310 240 327
person 0.01921424 733 331 776 392
person 0.01920381 102 -213 130 -133
person 0.019181637 928 615 940 668
person 0.019168612 329 697 351 761
person 0.019152269 1039 72 1045 87
person 0.019151665 91 695 111 760
person 0.01913152 104 74 144 143
person 0.019128473 369 697 392 761
person 0.019114746 0 703 12 785
person 0.01909146 813 -62 834 -23
person 0.019083198 839 417 869 471
person 0.019008156 889 78 900 89
person 0.018995844 237 99 247 111
person 0.018968416 248 697 271 761
person 0.018949486 926 -231 940 -212
person 0.018926738 509 504 525 532
person 0.018885668 979 263 995 303
person 0.018877069 81 398 141 490
person 0.01886824 213 505 233 527
person 0.018861849 610 697 632 762
person 0.0188509 640 208 661 226
person 0.018816361 1036 47 1049 72
person 0.018813066 58 -113 77 -48
person 0.018781576 268 140 278 152
person 0.018771108 768 530 794 629
person 0.018769776 208 697 231 761
person 0.018701257 307 98 319 109
person 0.018683275 138 144 233 282
person 0.018660134 816 722 846 814
person 0.018659834 1041 526 1046 556
person 0.018631006 705 -231 720 -213
person 0.018597556 650 697 673 762
person 0.018518602 740 149 752 169
person 0.01849747 171 718 203 811
person 0.018468825 527 388 536 406
person 0.018457625 926 -231 938 -224
person 0.018450374 575 -216 604 -136
person 0.01844617 972 664 986 702
person 0.018390812 439 166 459 185
person 0.01838298 728 742 749 812
person 0.018343946 635 144 646 163
person 0.018328289 262 115 278 132
person 0.018285647 789 64 798 74
person 0.018277664 993 408 1020 464
person 0.01826026 644 195 664 215
person 0.018256204 927 93 943 111
person 0.018237993 182 464 208 486
person 0.018193437 901 23 921 58
person 0.018192021 154 213 176 235
person 0.018135145 315 454 335 477
person 0.018096587 1040 547 1045 579
person 0.018086616 348 131 361 151
person 0.018065382 293 93 302 104
person 0.018038925 446 252 548 378
person 0.01801147 726 90 737 111
person 0.01799793 776 172 863 297
person 0.017986616 725 -231 738 -224
person 0.017954007 168 697 190 761
person 0.017927878 393 397 407 418
person 0.017869866 83 92 109 120
person 0.017829916 949 90 965 109
person 0.01779417 850 -225 873 -173
person 0.01778658 409 697 432 761
person 0.017776627 831 64 860 108
person 0.017770525 601 208 623 228
person 0.017746694 0 -203 5 -163
person 0.017736465 165 742 186 812
person 0.017727097 580 214 600 234
person 0.017677747 904 230 924 250
person 0.017669905 671 298 711 347
person 0.017663954 633 85 644 97
person 0.017661009 492 373 501 390
person 0.01765871 0 -223 5 -185
person 0.017653301 528 37 540 51
person 0.017631177 881 232 901 253
person 0.017629657 166 78 222 173
person 0.017629435 60 137 79 155
person 0.01761159 570 697 592 761
person 0.017608786 530 697 552 761
person 0.01759527 0 665 12 743
person 0.017590431 186 128 194 142
person 0.0175621 61 154 81 175
person 0.017515613 523 412 537 438
person 0.01749406 931 329 964 380
person 0.017485244 1036 -155 1045 -96
person 0.01747956 629 299 665 350
person 0.017475653 687 742 709 812
person 0.017458266 721 645 742 709
person 0.017438808 205 742 226 812
person 0.017405177 205 53 230 83
person 0.017403636 809 -145 832 -95
person 0.017389568 799 253 821 271
person 0.01738898 1040 509 1046 537
person 0.017311554 829 59 838 70
person 0.017305633 490 103 580 221
person 0.017289447 740 64 769 106
person 0.017285923 99 280 130 318
person 0.017272068 165 329 186 340
person 0.017270425 1039 243 1046 272
person 0.017258322 119 -8 151 75
person 0.017205317 387 544 405 574
person 0.017202277 984 712 1014 804
person 0.017190084 647 22 655 34
person 0.017185679 245 742 267 812
person 0.017178062 125 742 146 812
person 0.017161654 449 697 472 761
person 0.017117845 390 102 403 112
person 0.017115356 -4 222 10 247
person 0.017110456 498 -215 527 -137
person 0.017103 285 742 307 812
person 0.017093584 366 742 387 812
person 0.017092494 408 602 421 655
person 0.017084725 890 549 904 578
person 0.017084412 1039 90 1046 103
person 0.017083973 406 742 427 812
person 0.017074566 326 742 347 812
person 0.017070279 929 742 950 812
person 0.017068679 696 148 706 168
person 0.017000237 36 190 56 211
person 0.016984545 351 111 392 175
person 0.016968567 1035 494 1051 513
person 0.016954867 738 225 758 242
person 0.016949624 204 418 236 449
person 0.016941488 446 742 468 812
person 0.016885791 1039 760 1045 803
person 0.016859539 670 35 685 53
person 0.016850268 420 171 441 191
person 0.016837658 801 654 820 703
person 0.016829113 743 654 777 786
person 0.016821407 647 742 669 812
person 0.01681464 227 465 246 485
person 0.016808437 0 780 8 826
person 0.01676321 370 522 386 550
person 0.016742647 770 57 781 69
person 0.016712569 665 362 685 386
person 0.01671141 486 742 508 812
person 0.01670613 215 489 238 511
person 0.016691942 45 741 66 812
person 0.016680159 641 128 659 139
person 0.01666311 903 212 923 232
person 0.016660197 908 74 925 91
person 0.016566355 685 -231 701 -213
person 0.01654132 490 697 512 761
person 0.016488306 864 709 884 777
person 0.0164788 905 710 924 777
person 0.0164758 -1 -102 18 5
person 0.016464546 527 742 548 812
person 0.016452072 661 189 680 210
person 0.016435614 607 742 628 812
person 0.016406257 930 664 950 708
person 0.016401364 130 95 155 123
person 0.016388068 214 324 287 393
person 0.016372317 485 -231 500 -212
person 0.016368503 405 -231 420 -212
person 0.016366437 204 -231 219 -212
person 0.016362108 324 -231 339 -212
person 0.016360344 425 -231 440 -212
person 0.016359016 304 -231 319 -212
person 0.016358463 344 -231 359 -212
person 0.01635801 224 -231 239 -212
person 0.01635709 385 -231 400 -212
person 0.016354635 465 -231 480 -212
person 0.016353676 244 -231 259 -212
person 0.016353032 284 -231 299 -212
person 0.016352579 264 -231 279 -212
person 0.016349105 364 -231 380 -212
person 0.016346797 184 -231 199 -212
person 0.01633664 445 -231 460 -212
person 0.01633612 201 115 213 130
person 0.016332611 364 100 377 111
person 0.016329577 567 742 588 812
person 0.016319599 129 697 150 761
person 0.016309576 688 141 771 273
person 0.016303603 505 -231 520 -212
person 0.016289324 763 652 782 703
person 0.01628638 250 722 282 813
person 0.01627701 579 116 592 129
person 0.016273957 0 220 6 249
person 0.016265431 420 -212 448 -135
person 0.01623459 838 256 859 274
person 0.016228119 933 -72 961 20
person 0.016212255 260 390 273 402
person 0.016177975 -1 246 18 313
person 0.016172368 -1 148 6 162
person 0.01617063 164 -231 179 -212
person 0.016143806 952 591 961 621
person 0.016141033 786 529 803 556
person 0.016140163 291 134 303 145
person 0.016138377 560 648 581 710
person 0.016131857 969 742 990 812
person 0.01608476 926 -86 967 41
person 0.016083123 214 418 233 434
person 0.016081953 525 -231 540 -212
person 0.01607941 494 250 531 298
person 0.016072758 1010 127 1027 148
person 0.01606975 778 56 808 101
person 0.016039424 950 610 960 636
person 0.016036693 36 156 56 176
person 0.016029809 461 410 475 448
person 0.016018517 882 210 902 233
person 0.016018305 545 -231 560 -212
person 0.0160003 290 221 385 351
person 0.015998589 985 711 1004 780
person 0.015997928 1037 708 1046 782
person 0.015951965 946 -231 961 -213
person 0.015946958 801 186 814 207
person 0.015895834 301 397 318 416
person 0.015893007 319 -85 362 56
person 0.015888622 298 442 383 603
person 0.015866315 150 422 219 506
person 0.015865935 384 527 403 555
person 0.015859332 654 382 678 413
person 0.01582892 530 -155 541 -112
person 0.015778793 625 21 634 34
person 0.01577292 621 31 644 60
person 0.015768554 34 208 52 231
person 0.01574874 1039 111 1046 124
person 0.015742436 922 522 939 549
person 0.01571018 752 334 783 389
person 0.015699347 810 330 846 383
person 0.015686361 500 14 517 32
person 0.01566676 143 -231 158 -212
person 0.015646022 824 709 844 777
person 0.01563454 1039 -40 1045 0
person 0.015629089 831 188 842 209
person 0.015615964 414 110 473 193
person 0.015594193 72 137 111 181
person 0.015578221 794 414 822 473
person 0.01556277 208 419 227 438
person 0.01552135 565 -231 581 -212
person 0.015483254 618 320 712 457
person 0.015459466 282 167 300 191
person 0.015455142 758 106 817 192
person 0.015388242 156 426 184 449
person 0.01536224 66 -220 76 -174
person 0.015356412 961 120 971 130
person 0.0153307 911 -216 919 -182
person 0.015323051 364 593 384 657
person 0.015310458 936 -197 951 -139
person 0.015294636 0 1 4 37
person 0.015290938 655 -223 669 -174
person 0.015280819 451 376 461 392
person 0.015266539 549 62 580 105
person 0.015248577 266 428 288 452
person 0.015244183 85 741 106 813
person 0.015240639 704 -231 718 -224
person 0.015203057 299 352 320 370
person 0.0152030075 479 457 488 482
person 0.015134503 187 98 198 113
person 0.015133493 267 410 286 430
person 0.015123517 362 570 374 631
person 0.015111831 1035 474 1051 493
person 0.015085631 572 723 602 818
person 0.015082087 691 220 792 355
person 0.015060535 643 710 660 735
person 0.015058278 330 724 362 815
person 0.015052156 663 710 680 735
person 0.0150304185 0 201 8 230
person 0.015021372 507 482 521 510
person 0.015008332 812 -231 828 -173
person 0.015005442 680 191 699 211
person 0.015003363 0 -141 8 -64
person 0.014997824 107 309 121 320
person 0.014990959 665 -231 681 -213
person 0.014971482 0 -184 5 -143
person 0.01495956 345 38 359 54
person 0.01495878 600 342 620 366
person 0.014943961 280 92 334 188
person 0.014941329 1039 -78 1045 -41
person 0.014939862 411 723 442 815
person 0.014926606 268 302 305 347
person 0.014917515 585 -231 601 -212
person 0.014916534 136 -226 150 -176
person 0.014916471 548 390 556 408
person 0.014911672 840 656 860 703
person 0.01489641 684 710 700 735
person 0.014887031 623 710 640 735
person 0.014881862 1036 10 1045 67
person 0.014880843 123 -231 138 -212
person 0.014860326 870 248 885 261
person 0.014857828 0 240 8 274
person 0.014846266 103 -221 115 -176
person 0.014822957 866 268 878 279
person 0.01481928 347 16 356 30
person 0.014816739 720 168 732 191
person 0.014803812 256 50 279 79
person 0.014784165 951 595 959 612
person 0.014782844 696 -224 711 -173
person 0.014777949 1028 -231 1048 -172
person 0.014769427 258 198 276 218
person 0.0147673935 -1 -178 12 -99
person 0.014711747 56 468 75 494
person 0.014710723 1038 587 1045 621
person 0.014704629 489 -154 500 -112
person 0.014693159 -5 5 8 32
person 0.014690921 453 61 463 73
person 0.014683013 174 -49 238 124
person 0.014673785 825 113 837 130
person 0.0146693885 945 -231 958 -224
person 0.014663958 603 710 620 735
person 0.014656816 820 171 830 191
person 0.014656691 737 361 814 517
person 0.01463886 731 -227 745 -173
person 0.014613128 911 120 923 136
person 0.014607795 1039 -59 1046 -20
person 0.014604282 269 96 279 109
person 0.01459454 63 -231 78 -214
person 0.014585503 968 11 978 26
person 0.014562768 769 -147 790 -92
person 0.014556911 802 -106 827 -69
person 0.0145362355 930 609 939 638
person 0.014524464 970 506 1013 523
person 0.014501051 0 190 7 203
person 0.0144750755 895 224 989 361
person 0.014445558 704 709 721 735
person 0.014440229 247 428 267 447
person 0.014419987 646 -231 661 -213
person 0.014408214 848 55 864 73
person 0.014396051 119 468 144 484
person 0.014391809 -3 -233 13 -165
person 0.014391072 882 376 916 433
person 0.014383904 583 709 600 735
person 0.014376133 727 284 770 331
person 0.014367405 784 709 804 778
person 0.014362166 601 -177 628 -90
person 0.014348565 344 391 368 420
person 0.014342038 652 722 682 817
person 0.01433226 542 29 565 58
person 0.0143135255 965 -231 978 -224
person 0.014289113 1017 -4 1043 86
person 0.014286264 570 228 677 364
person 0.014277235 0 454 7 550
person 0.014266877 681 648 702 712
person 0.014247598 103 -231 118 -213
person 0.014247096 577 522 593 549
person 0.014245877 788 141 799 161
person 0.0142095825 491 724 521 816
person 0.014197363 521 652 540 700
person 0.014197083 0 -56 8 6
person 0.014192413 240 380 281 426
person 0.014182982 783 245 805 264
person 0.014178382 299 451 320 475
person 0.014176864 45 137 63 155
person 0.014171919 282 709 299 735
person 0.014160398 606 -231 621 -212
person 0.0141558135 51 134 88 178
person 0.014147544 59 481 80 509
person 0.014140277 812 108 826 119
person 0.014135339 674 -179 702 -92
person 0.0141324755 563 709 580 735
person 0.01413126 302 709 319 735
person 0.0141145615 965 -231 981 -214
person 0.014088887 801 65 832 108
person 0.014079763 625 -231 641 -212
person 0.014067403 581 26 604 56
person 0.014026372 1038 -198 1045 -161
person 0.014020208 724 709 741 735
person 0.014010118 450 486 465 514
person 0.013993353 400 544 421 574
person 0.0139910765 236 393 351 545
person 0.013983015 262 709 278 735
person 0.013976875 583 18 598 34
person 0.013971355 772 -217 780 -182
person 0.013966738 902 107 934 148
person 0.013931754 322 709 339 735
person 0.013912515 965 94 980 112
person 0.013910469 543 709 560 735
person 0.013909964 585 482 600 511
person 0.013874044 703 299 795 457
person 0.013872582 1006 359 1016 422
person 0.013825564 934 208 948 217
person 0.013811898 944 379 973 432
person 0.013809987 0 340 5 377
person 0.013801294 762 213 783 232
person 0.013767129 837 142 847 161
person 0.013757814 771 -229 785 -171
person 0.01374914 1039 51 1045 66
person 0.01372536 127 602 140 653
person 0.013719338 197 527 218 549
person 0.013710799 1030 684 1047 754
person 0.013707561 733 723 763 819
person 0.013707445 440 652 459 701
person 0.013695866 1014 475 1024 553
person 0.013689168 888 92 901 103
person 0.01368277 1011 549 1056 674
person 0.01367938 638 144 650 163
person 0.0136702275 242 709 258 735
person 0.013666634 481 652 500 701
person 0.013648212 523 709 540 735
person 0.0136442 748 502 805 671
person 0.013618313 342 709 359 735
person 0.013580009 1038 606 1045 640
person 0.013577372 523 -180 550 -95
person 0.013572935 389 78 404 95
person 0.013538261 472 65 504 107
person 0.013516752 -3 -218 8 -190
person 0.013514655 355 545 372 573
person 0.013499394 199 546 221 573
person 0.0134594655 1012 117 1027 137
person 0.013426675 60 -155 78 -88
person 0.013424812 339 501 363 531
person 0.013412295 1031 717 1046 793
person 0.013379404 503 709 519 735
person 0.013374288 685 -231 699 -224
person 0.013366451 106 651 119 700
person 0.013359119 404 515 421 543
person 0.013346091 562 501 578 529
person 0.013345042 425 108 441 124
person 0.013343114 1029 646 1047 711
person 0.013322126 617 -225 632 -175
person 0.013317338 982 489 1008 499
person 0.013315683 358 381 383 409
person 0.013307273 816 212 911 353
person 0.013287741 0 -164 5 -123
person 0.013276798 174 289 202 304
person 0.013273712 0 419 5 456
person 0.013273131 221 709 238 735
person 0.013272282 744 709 761 735
person 0.013269541 944 159 999 245
person 0.0132571785 361 131 376 145
person 0.013253431 347 39 356 53
person 0.013248042 362 709 379 735
person 0.013241494 176 60 199 90
person 0.013228982 113 506 140 531
person 0.013223214 382 408 398 432
person 0.013202542 688 368 706 392
person 0.01317567 948 13 957 27
person 0.013153283 506 388 516 409
person 0.0131376255 449 -153 460 -110
person 0.01310867 831 128 849 147
person 0.0131043745 116 194 139 212
person 0.013100726 145 588 154 617
person 0.013097674 77 154 97 174
person 0.01309556 475 458 484 481
person 0.013094481 42 327 144 463
person 0.01308526 483 545 497 575
person 0.013085105 563 190 583 209
person 0.013084731 752 386 804 480
person 0.013079343 0 599 5 640
person 0.013077658 65 653 77 708
person 0.013075812 998 195 1015 216
person 0.0130723715 1035 513 1051 532
person 0.013069339 201 709 218 735
person 0.013052478 344 13 360 31
person 0.0130481925 58 708 77 779
person 0.013044607 483 709 499 735
person 0.013035334 649 24 673 55
person 0.013031518 44 255 72 307
person 0.013012017 197 486 221 508
person 0.013009991 404 218 513 355
person 0.01300611 299 168 318 190
person 0.0129828155 368 205 398 237
person 0.0129507445 419 66 450 108
person 0.012930072 1038 -158 1045 -121
person 0.012929343 181 709 198 735
person 0.012923338 247 396 267 413
person 0.012920898 382 709 399 735
person 0.012914308 932 587 941 621
person 0.012902017 989 9 998 25
person 0.012898537 320 469 340 494
person 0.012888087 732 149 747 165
person 0.01288617 944 19 957 58
person 0.012880707 109 -23 156 98
person 0.012877027 264 117 276 129
person 0.0128755905 0 379 5 416
person 0.012873977 1038 -178 1045 -141
person 0.012868672 337 486 357 511
person 0.012865365 718 166 734 183
person 0.0128611745 762 230 783 249
person 0.012855668 246 113 262 131
person 0.012853984 519 349 547 366
person 0.012851178 744 709 763 778
person 0.012850633 240 286 280 332
person 0.012838286 155 59 234 210
person 0.012833109 220 492 234 504
person 0.012828603 842 259 855 270
person 0.012808523 746 402 765 426
person 0.012808312 752 -217 760 -182
person 0.012799711 980 -142 1021 -15
person 0.012795054 974 282 998 304
person 0.0127949035 463 378 472 394
person 0.012790459 0 619 5 660
person 0.012787786 58 359 129 439
person 0.012783284 730 -112 740 -67
person 0.012774369 0 -100 8 -25
person 0.012772126 161 709 178 735
person 0.012769705 463 709 479 735
person 0.012765821 192 471 215 491
person 0.012755428 267 94 282 111
person 0.012753302 1039 573 1045 588
person 0.012740455 167 466 262 614
person 0.012731828 990 450 1011 473
person 0.012719008 556 110 617 191
person 0.012718127 626 239 739 367
person 0.012695263 0 579 5 620
person 0.012692701 928 32 944 49
person 0.0126919225 274 424 295 449
person 0.012688793 632 542 644 614
person 0.012682301 939 208 952 217
person 0.012681101 402 709 419 735
person 0.012672304 985 596 993 612
person 0.012646365 817 171 827 193
person 0.012644145 330 97 363 140
person 0.012639627 0 559 5 600
person 0.012626465 931 593 939 609
person 0.012625413 764 709 781 734
person 0.012624248 199 652 218 700
person 0.0126171885 660 653 694 787
person 0.012605307 592 49 623 94
person 0.012600376 462 503 483 533
person 0.012597304 443 709 459 735
person 0.012572221 223 453 245 475
person 0.012560547 14 107 30 127
person 0.012553808 422 709 439 735
person 0.012550349 71 495 98 553
person 0.01254596 525 409 534 433
person 0.012545027 984 154 995 167
person 0.012510954 498 169 518 188
person 0.012491911 441 355 460 377
person 0.0124904765 -3 -197 8 -170
person 0.012483378 0 639 5 680
person 0.012481856 376 513 392 540
person 0.012481593 810 599 823 653
person 0.012479371 948 32 964 50
person 0.0124777965 102 -159 120 -93
person 0.012474218 104 -197 116 -143
person 0.012466895 393 161 496 296
person 0.012464212 173 123 208 166
person 0.012454861 0 399 5 435
person 0.012451951 171 327 204 343
person 0.012443399 -4 424 9 451
person 0.012424476 459 130 471 145
person 0.012410558 957 122 967 133
person 0.012405219 249 130 265 148
person 0.012403465 868 462 949 618
person 0.01238351 0 533 7 631
person 0.01238256 0 -144 5 -103
person 0.012382397 160 358 174 368
person 0.012376083 167 601 181 652
person 0.012369062 338 100 397 192
person 0.012366278 998 172 1016 194
person 0.0123649435 811 -222 840 -146
person 0.0123602105 364 40 379 56
person 0.0123391505 538 507 555 536
person 0.012327394 681 209 701 229
person 0.012312789 1038 -98 1045 -61
person 0.01229596 870 181 881 202
person 0.012288274 0 539 5 579
person 0.012276235 894 669 935 775
person 0.012273565 429 493 446 520
person 0.012273132 637 362 657 388
person 0.01226908 83 -231 98 -213
person 0.012268751 965 -223 986 -167
person 0.01226251 366 381 377 398
person 0.012256852 94 -136 120 -41
person 0.012237403 402 84 492 225
person 0.012214177 181 709 200 778
person 0.012212838 820 13 835 47
person 0.012200493 274 178 311 221
person 0.012189516 792 -217 800 -182
person 0.012153512 970 610 980 634
person 0.012152086 1024 134 1051 183
person 0.012150667 121 326 155 373
person 0.0121329995 945 710 964 779
person 0.012130851 154 247 177 266
person 0.012091338 544 132 554 153
person 0.012090444 1039 2 1045 35
person 0.012078607 1038 -138 1045 -101
person 0.012070666 0 439 5 478
person 0.012056528 93 72 151 169
person 0.012053768 665 -231 679 -224
person 0.012046053 723 382 741 406
person 0.012014389 704 709 723 778
person 0.012012659 784 708 801 734
person 0.012004093 204 27 224 61
person 0.01199072 314 134 409 276
person 0.011988031 967 614 983 670
person 0.011987523 232 -89 274 58
person 0.011987122 546 412 560 437
person 0.011985241 -7 72 37 169
person 0.011970587 998 214 1015 236
person 0.011964407 966 -188 985 -128
person 0.011964305 141 709 158 735
person 0.011941413 861 22 882 54
person 0.011939146 85 59 109 91
person 0.011932083 1039 286 1045 315
person 0.011905157 660 60 692 103
person 0.011904954 345 74 361 94
person 0.011898053 909 32 924 51
person 0.011879114 924 561 935 600
person 0.011861898 1035 530 1051 551
person 0.011851077 908 549 924 580
person 0.011847464 0 659 5 700
person 0.011839619 570 -157 581 -112
person 0.011839468 232 106 241 119
person 0.011831832 82 203 109 224
person 0.011830818 823 251 844 269
person 0.011795894 574 585 582 616
person 0.011795289 335 413 352 437
person 0.011783321 812 -194 831 -131
person 0.011774164 1032 615 1047 661
person 0.011763544 279 236 300 257
person 0.011716585 163 -92 178 -66
person 0.011701868 0 -21 5 14
person 0.011690481 582 127 596 144
person 0.011680013 0 -123 5 -83
person 0.011676467 420 194 440 213
person 0.011668871 687 387 707 414
person 0.011649129 892 -217 899 -182
person 0.011644743 120 139 137 157
person 0.011631387 227 159 326 296
person 0.011624877 146 369 192 413
person 0.011623283 408 589 417 620
person 0.011621831 638 503 694 685
person 0.011610625 119 650 139 701
person 0.011602775 0 759 5 803
person 0.011601178 812 102 870 190
person 0.011600172 221 709 241 778
person 0.01158703 876 333 909 387
person 0.011584421 1039 497 1046 509
person 0.011577658 229 104 245 121
person 0.0115765985 110 136 148 179
person 0.0115736965 120 289 136 298
person 0.011565567 945 576 953 592
person 0.011526112 1038 -118 1045 -81
person 0.011523098 76 495 96 518
person 0.011522858 232 333 255 352
person 0.011521978 940 203 950 222
person 0.011520589 804 708 821 734
person 0.011510155 1039 -21 1045 17
person 0.011499739 -4 403 9 430
person 0.011476044 -1 62 5 92
person 0.011471343 896 135 907 153
person 0.011467365 659 90 751 225
person 0.011462047 227 80 237 94
person 0.011453837 996 470 1017 490
person 0.011447068 804 258 816 269
person 0.011430058 204 392 226 409
person 0.011423701 0 261 6 292
person 0.011422726 262 709 281 778
person 0.011420799 267 69 345 219
person 0.011416945 276 396 296 415
person 0.011415907 349 382 358 395
person 0.011410155 143 -92 157 -66
person 0.011409634 -4 344 8 372
person 0.011409101 320 483 345 508
person 0.011399241 821 660 858 781
person 0.011397312 939 551 954 578
person 0.01139221 524 460 538 491
person 0.011389117 326 75 412 222
person 0.011384356 762 403 785 428
person 0.011374083 573 -226 586 -177
person 0.01136712 521 187 540 205
person 0.011363626 423 56 440 76
person 0.011363568 988 31 1003 50
person 0.01135257 1040 449 1046 477
person 0.011341197 0 413 7 511
person 0.011329852 63 -231 76 -224
person 0.011315654 -7 -113 25 22
person 0.011308005 183 -92 198 -66
person 0.011307409 140 198 161 217
person 0.011303635 53 287 72 308
person 0.011290843 245 513 265 536
person 0.011284817 81 505 159 678
person 0.011271875 0 358 6 396
person 0.011268901 911 77 922 88
person 0.011265033 985 248 997 258
person 0.0112609975 -4 244 12 271
person 0.011252103 256 416 294 463
person 0.011251508 -4 384 9 411
person 0.011245817 481 184 502 203
person 0.011241375 299 191 319 214
person 0.011240591 741 162 751 184
person 0.011211321 0 -42 5 -2
person 0.011206131 45 722 60 751
person 0.011198626 749 192 759 211
person 0.011195838 1036 27 1049 51
person 0.011177557 763 -106 785 -57
person 0.011157979 645 -231 659 -224
person 0.011154576 115 174 134 194
person 0.011141355 0 -103 5 -63
person 0.011128555 421 543 438 573
person 0.01112632 651 548 670 617
person 0.011114454 484 -92 498 -66
person 0.011112662 504 -92 518 -66
person 0.011101144 441 544 458 574
person 0.011092646 745 393 763 420
person 0.011089388 685 652 698 702
person 0.011082775 68 173 84 182
person 0.011079055 583 -73 601 -50
person 0.011073836 879 682 945 828
person 0.011067338 491 15 506 33
person 0.011059219 0 519 5 560
person 0.011058824 395 400 403 413
person 0.011054788 159 651 179 701
person 0.011046596 209 588 218 618
person 0.0110423975 1039 477 1046 489
person 0.011038904 323 -72 338 -48
person 0.011032306 383 129 398 141
person 0.011029865 142 709 160 778
person 0.011013135 663 709 682 778
person 0.011012298 839 425 866 447
person 0.011012022 986 469 1007 480
person 0.011009552 335 -187 361 -96
person 0.01100598 160 -146 184 -44
person 0.011003981 1040 742 1046 783
person 0.011003037 171 -227 185 -178
person 0.010999541 302 -72 318 -48
person 0.010988263 58 454 77 479
person 0.010981348 -4 -37 8 -9
person 0.010977398 0 574 7 666
person 0.010974147 700 208 721 227
person 0.010968771 812 -218 820 -182
person 0.010968202 438 507 456 535
person 0.010966769 579 503 597 533
person 0.010966474 853 -195 872 -136
person 0.010964602 929 13 938 28
person 0.01095457 302 709 321 778
person 0.010954162 931 -216 940 -182
person 0.010952001 531 560 545 637
person 0.010948557 302 378 321 396
person 0.010937126 224 78 241 97
person 0.010934517 602 650 620 699
person 0.01093445 251 590 259 621
person 0.010933569 639 353 657 377
person 0.0109252175 723 229 746 246
person 0.010922761 464 -92 478 -66
person 0.010914726 266 378 286 395
person 0.010904488 824 708 841 734
person 0.010900188 619 293 653 343
person 0.010890112 229 590 238 619
person 0.010889173 731 -217 740 -182
person 0.010888674 207 395 222 406
person 0.010885942 485 -231 498 -224
person 0.010869278 464 -231 478 -224
person 0.010868714 404 -231 418 -224
person 0.010867104 86 697 130 828
person 0.010864634 424 -231 438 -224
person 0.010864019 203 -231 217 -224
person 0.010862821 342 709 361 778
person 0.0108618215 384 -231 398 -224
person 0.010861252 324 -231 337 -224
person 0.01086092 183 -231 197 -224
person 0.010859783 344 -231 357 -224
person 0.010859408 304 -231 317 -224
person 0.010857422 17 -17 44 66
person 0.010857293 223 -231 237 -224
person 0.010855736 364 -231 377 -224
person 0.010855271 444 -231 458 -224
person 0.0108550405 284 -231 297 -224
person 0.010854642 243 -231 257 -224
person 0.010853792 264 -231 277 -224
person 0.010851125 207 602 221 651
person 0.01084206 505 -231 518 -224
person 0.01083408 990 31 999 47
person 0.010831336 850 -146 871 -95
person 0.010827699 289 79 304 96
person 0.010819388 1039 555 1046 568
person 0.010810822 279 268 301 287
person 0.010807835 42 110 60 129
person 0.010805179 0 680 5 720
person 0.010796731 343 -72 359 -47
person 0.010790602 721 182 731 201
person 0.0107842265 65 -193 77 -137
person 0.010776467 179 551 195 578
person 0.010767118 163 -231 177 -224
person 0.01076568 525 443 538 474
person 0.010762009 768 127 780 146
person 0.010760776 1039 232 1046 245
person 0.010750644 330 397 346 417
person 0.010748412 560 493 575 522
person 0.010745513 1039 534 1046 545
person 0.0107443575 525 -231 538 -224
person 0.010741458 37 232 55 256
person 0.0107400445 195 -17 226 70
person 0.010728131 545 -231 558 -224
person 0.01072759 877 252 898 271
person 0.0107068205 101 708 120 778
person 0.010701908 223 327 248 344
person 0.010693167 320 284 349 316
person 0.0106929 746 690 760 716
person 0.010690999 995 446 1017 469
person 0.010686611 250 28 272 61
person 0.010684692 386 606 396 636
person 0.010674978 0 700 5 739
person 0.010645854 1038 625 1045 661
person 0.010640673 726 690 740 716
person 0.010623649 563 -72 581 -50
person 0.010612848 989 609 1000 633
person 0.010608888 585 443 598 473
person 0.010602053 542 521 558 549
person 0.010597463 641 648 662 712
person 0.010595993 428 355 437 369
person 0.010593235 170 305 201 322
person 0.010589771 27 140 37 152
person 0.010567931 565 -231 578 -224
person 0.010556141 744 82 830 224
person 0.010550902 51 58 81 106
person 0.010548628 625 -231 639 -224
person 0.010540324 527 107 540 129
person 0.010536575 946 568 954 598
person 0.01053646 728 209 741 221
person 0.010526796 283 356 305 373
person 0.01052039 182 371 196 384
person 0.010518932 970 33 980 47
person 0.01051778 0 319 5 356
person 0.01050149 143 -231 156 -224
person 0.010488878 927 72 943 90
person 0.0104857115 623 709 642 778
person 0.01047462 42 414 58 441
person 0.010473835 545 83 634 222
person 0.010471265 1027 49 1049 104
person 0.010469991 318 298 435 438
person 0.010468227 528 15 544 32
person 0.010467263 748 195 760 205
person 0.01045663 135 54 159 85
person 0.010453523 182 574 193 592
person 0.010450352 0 -83 5 -43
person 0.010445573 422 709 441 778
person 0.010441544 935 203 946 223
person 0.010441267 980 349 998 364
person 0.010437849 382 709 401 778
person 0.010432703 485 690 499 717
person 0.010430587 462 709 481 778
person 0.010429229 505 690 519 717
person 0.0104259215 336 547 354 575
person 0.010425041 503 709 522 778
person 0.010422616 404 690 418 717
person 0.0104199555 778 440 847 601
person 0.010409322 424 690 439 717
person 0.010409174 384 690 398 717
person 0.01040695 610 -156 621 -111
person 0.01040492 465 690 479 717
person 0.010400891 113 446 138 465
person 0.01039617 445 690 459 717
person 0.010388751 525 691 539 717
person 0.010383487 1036 -74 1048 -45
person 0.01038287 585 -231 599 -224
person 0.010378349 943 192 956 211
person 0.010373329 22 765 36 796
person 0.010365348 844 708 861 734
person 0.010364719 364 690 378 717
person 0.0103617795 543 709 562 778
person 0.010347515 -1 -60 14 11
person 0.010337856 245 410 264 431
person 0.010337291 342 319 417 389
person 0.01033574 531 18 540 31
person 0.010328485 545 691 559 717
person 0.010325556 522 545 537 573
person 0.010324585 120 210 146 227
person 0.010317324 886 608 899 656
person 0.010308223 344 690 358 717
person 0.010305372 409 -154 420 -111
person 0.01030262 870 51 885 69
person 0.010300612 150 679 220 833
person 0.010300573 346 380 362 399
person 0.010277523 183 690 197 717
person 0.010277358 997 424 1018 447
person 0.010276378 1039 130 1046 143
person 0.010274347 1039 389 1045 418
person 0.010272907 203 690 218 717
person 0.010269838 169 591 178 619
person 0.010264867 179 435 193 445
person 0.010255477 361 586 374 615
person 0.010255143 282 -72 299 -49
person 0.010247712 224 312 236 322
person 0.010238561 223 690 238 717
person 0.010235922 742 209 754 219
person 0.01022739 766 690 780 715
person 0.010225634 964 208 986 226
person 0.010222719 605 -231 619 -224
person 0.010217075 163 690 177 717
person 0.01020721 927 -220 958 -146
person 0.0102064675 604 -92 619 -67
person 0.0102054505 129 -199 141 -149
person 0.010200587 565 691 579 717
person 0.010196915 101 424 128 447
person 0.010193565 22 190 41 213
person 0.010190549 324 691 338 717
person 0.0101898 977 273 993 315
person 0.010187996 744 205 753 225
person 0.0101838615 44 703 59 732
person 0.01017896 -5 65 8 89
person 0.010177279 695 150 707 162
person 0.010173657 0 22 6 55
person 0.010168803 244 690 258 717
person 0.010163323 435 312 502 386
person 0.010145265 993 435 1018 494
person 0.010140506 1039 724 1046 761
person 0.010129155 -4 706 9 733
person 0.010128328 911 594 919 611
person 0.0101231225 941 467 967 492
person 0.010122349 503 109 517 124
person 0.010114468 563 395 571 415
person 0.0101136705 710 -215 721 -182
person 0.010110406 583 709 602 778
person 0.010106422 628 215 639 226
person 0.010106236 543 -73 560 -49
person 0.010100255 228 528 247 550
person 0.0100983195 706 690 720 717
person 0.010090444 105 610 117 638
person 0.01008892 203 -92 218 -66
person 0.010072289 624 356 701 527
person 0.010071067 498 651 536 754
person 0.010067969 777 553 794 581
person 0.010059912 1038 645 1045 681
person 0.010058088 505 545 520 574
person 0.010055686 566 312 667 455
person 0.0100545045 264 691 278 717
person 0.0100463815 121 708 137 735
person 0.010042456 527 60 561 102
person 0.010035424 273 584 282 614
person 0.010033965 304 691 318 717
person 0.010025556 123 -231 136 -224
person 0.010022182 533 -227 547 -177
person 0.0100209145 585 691 600 717
person 0.010012521 920 1 952 82
