person 0.76665485 755 105 771 126
person 0.75042623 754 141 775 171
person 0.7485805 817 164 837 194
person 0.7327226 657 124 679 152
person 0.727915 706 129 727 157
person 0.7123727 529 71 542 90
person 0.6964796 799 104 813 125
person 0.69640255 779 132 798 160
person 0.6957555 327 90 341 109
person 0.6874424 608 118 629 145
person 0.6677089 715 70 727 88
person 0.6557369 467 84 481 103
person 0.65248656 497 83 512 102
person 0.6402444 363 109 378 131
person 0.63781905 839 104 852 123
person 0.63442534 708 98 723 119
person 0.630041 644 106 660 128
person 0.62880534 444 96 459 117
person 0.6273906 417 95 431 115
person 0.62678564 823 69 834 85
person 0.6257409 744 60 756 76
person 0.6224224 797 66 809 83
person 0.62047535 385 99 399 118
person 0.61475784 764 66 776 82
person 0.6139643 629 71 641 89
person 0.60886735 545 51 557 69
person 0.60248995 656 62 668 80
person 0.60038584 814 80 827 98
person 0.5983204 393 78 406 95
person 0.5965177 517 110 539 137
person 0.5962329 645 85 659 104
person 0.59251475 600 50 612 65
person 0.59105295 426 81 439 99
person 0.58590764 706 63 718 80
person 0.58041894 235 105 248 125
person 0.5797909 510 62 522 79
person 0.5743178 393 118 412 143
person 0.5684837 551 112 573 138
person 0.56268317 842 128 857 150
person 0.5592926 575 89 590 110
person 0.55705965 586 44 598 59
person 0.55659306 613 46 625 62
person 0.5514013 480 72 493 88
person 0.54330957 674 92 688 113
person 0.5404043 521 53 532 69
person 0.53661835 349 82 363 102
person 0.53116333 717 56 728 71
person 0.53048295 367 74 379 91
person 0.51995265 674 62 686 80
person 0.5178329 352 93 366 112
person 0.5101879 417 65 429 80
person 0.50804895 844 81 858 100
person 0.5025108 625 50 636 67
person 0.49521843 485 62 497 77
person 0.48903915 683 33 696 50
person 0.4812103 663 83 677 103
person 0.48023012 460 62 472 77
person 0.4799178 648 26 660 43
person 0.47914445 61 128 80 156
person 0.4678626 569 59 582 77
person 0.45992202 435 62 447 78
person 0.4437967 685 62 697 79
person 0.44359094 843 155 863 183
person 0.43526173 471 57 480 70
person 0.4286575 829 117 843 138
person 0.42744508 761 88 775 106
person 0.42457137 765 83 780 102
person 0.4084751 597 93 613 112
person 0.3953605 566 55 579 72
person 0.382143 525 29 533 44
person 0.36741063 299 108 313 125
person 0.3499678 518 100 539 125
person 0.3464437 300 115 315 136
person 0.3462412 437 50 447 64
person 0.33596817 684 124 701 146
person 0.3248268 831 100 844 120
person 0.32094455 397 63 409 78
person 0.30624586 733 78 747 95
person 0.28837365 650 113 672 139
person 0.28791967 840 119 856 140
person 0.2737602 394 73 407 89
person 0.26874858 846 76 858 90
person 0.26360196 349 91 368 118
person 0.260117 349 76 361 91
person 0.24356897 852 96 863 115
person 0.24325596 615 47 623 58
person 0.23744696 588 45 596 56
person 0.23690434 615 60 628 76
person 0.22622292 462 63 470 74
person 0.22594175 419 66 427 76
person 0.21810374 548 114 566 136
person 0.21663384 629 76 643 95
person 0.21631712 826 150 842 172
person 0.20532112 253 120 267 139
person 0.20256357 712 65 731 91
person 0.20230597 538 95 554 115
person 0.20104283 719 58 726 68
person 0.198446 558 85 573 103
person 0.1982446 724 77 738 95
person 0.19808908 566 56 586 80
person 0.19580728 686 35 693 46
person 0.19271877 627 49 635 63
person 0.18874624 437 64 445 75
person 0.1880372 314 108 328 126
person 0.18437599 399 65 408 75
person 0.18321933 68 143 87 175
person 0.18116228 567 52 577 67
person 0.17804767 448 99 463 119
person 0.17520949 767 67 774 78
person 0.17062655 746 62 753 73
person 0.17057167 825 70 832 82
person 0.16923176 650 28 658 39
person 0.16816434 516 56 529 72
person 0.1667322 442 83 458 102
person 0.16545834 654 55 667 72
person 0.16081323 369 75 376 87
person 0.15997748 791 88 806 107
person 0.15976109 461 58 472 72
person 0.158922 687 63 695 75
person 0.15708567 573 62 583 77
person 0.15583931 547 49 555 63
person 0.15522778 764 66 772 78
person 0.1528794 685 54 697 70
person 0.1525761 775 111 791 132
person 0.15176302 397 79 413 96
person 0.15006094 487 64 495 74
person 0.14822093 595 63 610 80
person 0.14730896 523 53 531 65
person 0.14711803 708 64 715 76
person 0.1459858 848 78 856 87
person 0.14422126 375 54 387 71
person 0.14332789 799 67 807 79
person 0.14273444 512 64 520 75
person 0.1417402 318 113 334 133
person 0.14132628 507 59 527 83
person 0.13719256 801 68 809 78
person 0.13700181 673 144 699 175
person 0.13559262 237 104 255 128
person 0.13546659 541 88 557 107
person 0.1351199 -3 140 19 206
person 0.13427587 512 103 530 123
person 0.13220903 351 78 359 87
person 0.12930377 703 148 729 177
person 0.12887764 770 143 792 170
person 0.12697928 607 47 627 73
person 0.1266995 649 23 658 37
person 0.12516823 61 157 93 211
person 0.12408114 675 63 683 75
person 0.12314873 365 70 383 94
person 0.12187883 767 95 788 122
person 0.1214373 420 114 443 138
person 0.12109228 852 85 864 102
person 0.120623626 0 106 8 148
person 0.12031508 823 403 884 531
person 0.11931733 655 127 671 149
person 0.118275344 678 90 688 108
person 0.11726171 395 72 405 83
person 0.11601674 377 56 384 68
person 0.114692666 827 129 843 151
person 0.11391259 547 60 560 76
person 0.113745034 706 81 720 100
person 0.11367039 754 138 772 160
person 0.11266392 640 40 649 53
person 0.11249694 794 62 811 87
person 0.11238056 655 53 665 67
person 0.11111373 64 125 77 144
person 0.11094361 428 57 441 71
person 0.11064404 823 290 870 372
person 0.11013425 404 100 420 121
person 0.110020004 98 216 124 260
person 0.10984378 645 22 663 49
person 0.10927704 636 96 652 116
person 0.107557155 903 536 911 590
person 0.10728612 706 56 717 72
person 0.106644385 481 66 490 86
person 0.10640147 820 66 838 91
person 0.10558609 241 108 250 123
person 0.105139606 675 57 685 73
person 0.10399532 639 98 665 133
person 0.10384006 906 97 911 119
person 0.10376024 902 197 911 238
person 0.10374395 740 57 759 82
person 0.103718884 514 111 531 132
person 0.101610295 327 90 335 106
person 0.10097095 232 109 250 134
person 0.10094906 466 83 475 100
person 0.100244515 747 58 758 72
person 0.100126386 658 64 666 76
person 0.09977856 487 56 502 72
person 0.098691635 358 110 373 132
person 0.09851767 799 111 814 132
person 0.096696265 737 98 753 118
person 0.09658457 712 123 729 143
person 0.09452333 855 179 877 209
person 0.09425862 837 121 861 159
person 0.093253866 787 116 803 137
person 0.09297071 747 137 780 187
person 0.09137595 673 59 693 84
person 0.08847497 490 100 506 119
person 0.08813848 902 212 910 259
person 0.08804814 717 62 725 86
person 0.087364204 610 103 627 123
person 0.08706677 563 34 575 49
person 0.08686398 858 169 875 191
person 0.08671677 351 80 361 94
person 0.08578868 552 39 561 53
person 0.085677914 395 81 403 91
person 0.085428596 557 102 575 123
person 0.08480175 673 35 686 51
person 0.08412877 570 85 597 121
person 0.084030464 766 98 781 117
person 0.08355587 817 181 839 209
person 0.08289649 609 128 626 150
person 0.08288904 681 29 698 57
person 0.08069496 905 83 911 106
person 0.08029381 68 172 92 218
person 0.08025574 469 102 485 121
person 0.0796067 902 98 914 118
person 0.07877612 571 62 579 73
person 0.07809807 845 130 854 148
person 0.077458896 428 82 437 94
person 0.07707534 749 97 775 133
person 0.07660633 900 118 911 154
person 0.07538485 853 156 869 178
person 0.07324644 905 65 911 87
person 0.07266528 357 104 384 140
person 0.07213215 817 275 878 401
person 0.07146 896 200 913 233
person 0.0712934 860 135 875 157
person 0.07114003 519 28 537 53
person 0.06897493 302 131 319 153
person 0.06888258 464 114 489 141
person 0.06854337 430 63 451 87
person 0.06791269 156 95 163 105
person 0.06744264 396 128 411 148
person 0.067290954 906 113 911 137
person 0.066645406 819 81 828 94
person 0.065830626 616 63 626 73
person 0.0656231 854 99 861 110
person 0.06519912 582 33 599 59
person 0.06506251 767 83 778 95
person 0.06497216 222 178 245 205
person 0.06493654 630 63 639 85
person 0.064543486 900 156 911 195
person 0.06451654 853 119 866 140
person 0.06433114 702 121 718 141
person 0.06430579 508 106 537 143
person 0.063989505 34 390 85 521
person 0.06356126 326 435 340 457
person 0.062276967 842 101 850 118
person 0.06165709 419 115 435 135
person 0.061366297 384 56 398 72
person 0.061200347 617 40 627 53
person 0.061135028 710 314 773 455
person 0.060972888 613 84 629 102
person 0.060230285 595 116 613 138
person 0.060218096 0 139 8 191
person 0.060100924 391 70 410 93
person 0.06004334 575 115 593 135
person 0.059461664 160 236 193 275
person 0.059410367 816 82 824 94
person 0.059115574 809 151 843 202
person 0.058559537 0 112 6 138
person 0.05759127 902 85 914 105
person 0.057292856 100 223 117 246
person 0.05696493 735 80 745 91
person 0.056812678 366 111 375 129
person 0.05679316 854 86 863 96
person 0.056552634 604 148 630 176
person 0.056436054 405 54 417 69
person 0.05643126 665 83 675 94
person 0.055414464 798 106 807 123
person 0.05524123 902 499 909 560
person 0.05509617 901 -194 910 -153
person 0.055004824 -4 -195 8 -175
person 0.05495742 399 121 408 139
person 0.054892506 558 148 584 176
person 0.054809872 367 31 380 47
person 0.05462162 902 114 914 135
person 0.05458574 294 110 321 148
person 0.054420423 668 85 694 121
person 0.054373838 838 142 869 196
person 0.05431008 298 402 313 422
person 0.053899497 675 36 684 47
person 0.05387593 -2 114 9 136
person 0.053629402 100 109 112 124
person 0.053472057 281 117 297 137
person 0.053376608 32 232 76 315
person 0.05323301 703 91 730 127
person 0.053140704 883 108 895 126
person 0.052734673 749 61 756 70
person 0.05270804 99 117 119 142
person 0.052413795 593 43 602 52
person 0.052268796 847 220 877 263
person 0.05207313 639 151 665 179
person 0.05058557 816 358 882 492
person 0.050518665 260 100 274 116
person 0.0503552 900 90 910 122
person 0.050112832 367 107 378 124
person 0.04998434 415 401 426 424
person 0.04895819 119 197 142 227
person 0.04890805 805 154 821 175
person 0.048843045 771 183 796 211
person 0.048804283 849 254 883 310
person 0.048438758 237 107 246 118
person 0.04832482 0 -198 5 -174
person 0.048311923 744 183 770 214
person 0.048052933 103 118 116 137
person 0.047942724 894 160 912 190
person 0.047060594 -3 -195 7 -189
person 0.047021154 -2 -187 16 -107
person 0.047017608 833 101 842 114
person 0.04650372 720 336 766 430
person 0.046171304 880 114 893 135
person 0.046140056 436 116 453 136
person 0.04610473 103 111 110 121
person 0.04599385 808 134 823 156
person 0.045541827 229 97 254 134
person 0.045517884 0 100 6 125
person 0.045456488 327 114 343 134
person 0.04539291 892 214 912 264
person 0.045170963 503 82 513 98
person 0.04509697 902 66 914 86
person 0.045081377 902 243 910 298
person 0.044860736 533 278 605 401
person 0.044858854 342 74 354 90
person 0.044820417 310 132 327 152
person 0.044725794 652 116 686 167
person 0.0444608 530 77 540 93
person 0.04392626 355 97 363 108
person 0.043915685 842 69 860 94
person 0.0435743 518 37 527 47
person 0.043569732 902 571 911 619
person 0.043182477 762 84 772 101
person 0.04284902 764 315 814 392
person 0.042642742 265 316 286 347
person 0.04255768 370 32 377 44
person 0.042397846 517 34 529 50
person 0.042148538 446 40 454 51
person 0.04212706 33 374 46 399
person 0.04203778 489 120 507 137
person 0.041803975 706 183 734 214
person 0.041795246 438 255 495 322
person 0.041617226 906 134 911 160
person 0.041533776 451 119 467 137
person 0.041321564 475 30 487 47
person 0.041209016 365 133 381 151
person 0.04102909 66 131 75 149
person 0.04089219 627 119 643 140
person 0.040773313 390 131 406 152
person 0.040733393 60 113 92 170
person 0.040455338 162 246 197 285
person 0.04041583 558 137 575 154
person 0.040108282 809 171 825 193
person 0.039992183 39 390 53 415
person 0.039875142 701 118 734 172
person 0.039829154 794 96 818 134
person 0.039327413 31 371 70 476
person 0.03927512 302 110 311 120
person 0.039243378 330 90 339 103
person 0.03917896 -2 102 9 123
person 0.038962517 301 83 315 99
person 0.038961206 250 128 264 149
person 0.038805805 260 300 289 344
person 0.03874274 490 76 518 113
person 0.03872558 543 300 597 380
person 0.038634967 18 230 29 305
person 0.03851753 647 79 657 99
person 0.03847198 901 -195 910 -189
person 0.03843381 893 -177 915 -109
person 0.03833343 590 85 619 122
person 0.03816342 443 38 457 53
person 0.038151547 600 106 634 158
person 0.038046245 579 94 589 111
person 0.03766406 905 48 911 71
person 0.037569787 733 136 750 156
person 0.037442718 153 93 165 107
person 0.03739108 900 -196 913 -176
person 0.03714282 824 113 850 150
person 0.036965467 500 153 525 181
person 0.03694324 902 136 914 158
person 0.036939945 151 230 185 270
person 0.03638464 372 308 385 324
person 0.036100507 345 93 372 132
person 0.035935372 530 63 540 86
person 0.035829972 888 422 897 492
person 0.035614565 627 133 644 153
person 0.03553767 901 465 908 530
person 0.035485882 216 159 253 210
person 0.03527888 469 80 479 97
person 0.035236098 179 124 200 147
person 0.035152785 282 108 297 124
person 0.035151955 844 -182 856 -148
person 0.035148002 0 -199 7 -155
person 0.034903903 471 119 487 137
person 0.03481792 849 156 858 176
person 0.034713507 9 201 21 268
person 0.03461087 -2 -125 13 -32
person 0.034595363 276 403 292 422
person 0.034577116 591 40 604 54
person 0.0345295 0 81 4 106
person 0.03446094 522 99 532 116
person 0.034392655 810 370 858 468
person 0.034382407 902 -163 910 -114
person 0.03423919 549 22 555 33
person 0.034064125 366 157 389 186
person 0.033998195 539 252 596 319
person 0.033972763 0 94 8 134
person 0.033936318 774 117 805 172
person 0.033897962 498 81 509 97
person 0.0336681 101 232 121 254
person 0.03365303 194 378 210 402
person 0.033615723 615 122 624 140
person 0.03348533 773 55 786 70
person 0.03331087 121 201 136 222
person 0.033091333 209 340 239 382
person 0.033088617 533 25 540 35
person 0.033053942 0 129 5 157
person 0.03270486 38 -195 51 -181
person 0.032616943 850 428 877 445
person 0.032569326 366 167 404 216
person 0.03244644 -3 132 9 154
person 0.032418925 433 251 509 377
person 0.03234705 312 16 325 33
person 0.032259792 903 602 911 655
person 0.032143548 734 118 751 138
person 0.03214008 155 96 164 110
person 0.032130767 437 89 465 126
person 0.032108612 419 134 434 153
person 0.032067418 394 120 403 137
person 0.03199297 49 395 63 419
person 0.03198254 21 -195 33 -190
person 0.03189924 678 80 689 104
person 0.031854525 902 152 914 175
person 0.031834714 813 -185 826 -145
person 0.031633064 905 150 910 177
person 0.031499293 536 153 560 179
person 0.03138027 263 304 283 324
person 0.03126613 387 100 397 112
person 0.031065568 0 276 5 343
person 0.031060848 647 111 656 128
person 0.030924203 189 371 215 414
person 0.03089247 21 -195 35 -182
person 0.030800372 320 82 347 120
person 0.030790893 352 136 368 156
person 0.03075513 667 139 704 189
person 0.030664163 522 63 548 99
person 0.03056804 781 146 797 167
person 0.03050151 841 599 865 674
person 0.030133292 332 63 351 88
person 0.030078342 -2 107 14 160
person 0.030044077 129 249 184 315
person 0.02998487 -4 83 7 104
person 0.02991866 139 310 158 320
person 0.029788444 250 85 263 102
person 0.029718382 302 143 339 194
person 0.029608823 541 96 551 112
person 0.029533932 303 117 312 129
person 0.029484669 270 278 286 295
person 0.02940576 905 101 911 112
person 0.029238941 155 121 176 144
person 0.029154574 369 179 392 208
person 0.029095123 905 202 910 229
person 0.029026248 154 75 187 131
person 0.028866537 718 152 736 170
person 0.028729977 784 -189 798 -145
person 0.028579509 853 410 877 429
person 0.028552907 900 59 910 91
person 0.028321292 415 407 427 433
person 0.028050024 377 161 400 190
person 0.027982362 49 62 69 91
person 0.027934866 842 118 855 131
person 0.027930697 331 96 338 108
person 0.027921816 57 404 118 540
person 0.027790455 150 93 158 105
person 0.02772518 215 355 232 377
person 0.02768312 304 45 316 62
person 0.02765011 783 627 811 702
person 0.027528323 854 73 867 89
person 0.02752822 234 83 247 100
person 0.027494576 -13 281 36 403
person 0.027462477 546 19 558 35
person 0.027459927 385 152 402 169
person 0.027382178 719 -195 730 -188
person 0.027335027 430 149 454 176
person 0.027178653 211 353 242 398
person 0.027152775 505 133 522 152
person 0.02711621 737 -195 748 -188
person 0.027076738 828 151 838 169
person 0.027058603 754 -195 765 -188
person 0.02705755 87 211 135 286
person 0.027047599 793 381 860 524
person 0.027013863 874 -195 885 -190
person 0.026990859 637 185 663 215
person 0.026958307 38 -195 50 -190
person 0.026884694 866 318 888 368
person 0.026776046 459 76 487 112
person 0.026738664 831 116 840 131
person 0.026677454 6 112 32 177
person 0.026670245 134 263 170 304
person 0.02665372 702 -195 713 -189
person 0.026585992 794 52 807 67
person 0.026281517 453 272 491 328
person 0.02624655 750 297 827 412
person 0.026226446 238 111 247 128
person 0.026215758 810 536 819 558
person 0.026212208 48 610 65 666
person 0.026188435 328 135 344 153
person 0.026172303 671 184 698 214
person 0.026163053 264 296 282 314
person 0.026149046 299 48 318 74
person 0.026133297 54 150 70 173
person 0.026129857 255 120 264 133
person 0.025987472 148 90 168 114
person 0.025979223 199 520 207 543
person 0.025916794 50 -92 67 -38
person 0.02576756 772 -195 782 -189
person 0.025675394 905 87 911 99
person 0.025525995 905 69 911 81
person 0.025501601 244 274 261 291
person 0.025479304 4 229 12 263
person 0.025394255 784 135 794 154
person 0.025391487 691 365 714 414
person 0.025340876 420 98 429 109
person 0.02529409 344 77 352 87
person 0.02525503 436 136 455 154
person 0.02523982 315 18 322 30
person 0.025041908 710 634 738 710
person 0.02501718 367 155 384 173
person 0.024967743 702 -196 714 -176
person 0.024963502 684 -195 695 -189
person 0.024959551 706 613 726 667
person 0.02492971 531 22 543 37
person 0.024905212 901 170 914 192
person 0.024901481 457 150 484 177
person 0.02489599 787 18 800 51
person 0.024870142 672 613 691 668
person 0.024790458 241 209 281 258
person 0.024743145 0 178 5 213
person 0.024727875 720 -196 732 -176
person 0.02467375 874 389 882 448
person 0.024655664 576 141 593 157
person 0.024608593 685 -196 697 -177
person 0.024607731 462 38 471 49
person 0.024602536 905 167 910 194
person 0.024583867 902 49 914 70
person 0.0245069 876 349 885 410
person 0.024416875 64 126 72 142
person 0.02437963 155 145 192 198
person 0.024287615 177 357 192 376
person 0.024218094 224 405 253 449
person 0.024151597 1 167 9 225
person 0.024132371 32 364 45 389
person 0.024107264 793 534 801 559
person 0.02409449 737 -196 749 -176
person 0.02403822 0 -186 7 -121
person 0.02400921 523 114 532 132
person 0.023993889 523 134 541 152
person 0.023992928 594 137 611 154
person 0.023909586 828 524 835 539
person 0.02388899 755 -196 767 -176
person 0.023797814 905 185 910 213
person 0.02377788 316 110 326 121
person 0.023765069 30 153 43 176
person 0.023739688 667 -196 679 -178
person 0.023730382 874 -195 887 -181
person 0.023640653 743 -191 757 -147
person 0.023577698 636 613 656 668
person 0.023570128 378 92 405 129
person 0.023542566 566 23 572 34
person 0.023502907 174 -5 201 62
person 0.023441646 71 193 144 331
person 0.023436554 168 381 185 404
person 0.023427436 109 156 132 183
person 0.023207957 73 173 90 196
person 0.023165861 687 19 699 35
person 0.023158005 43 230 64 281
person 0.023147825 747 21 760 53
person 0.023121681 699 37 713 54
person 0.023106236 61 382 73 405
person 0.023014113 161 -69 185 13
person 0.022940408 842 431 876 511
person 0.02292914 772 -196 784 -176
person 0.022733308 892 249 911 301
person 0.022729013 901 204 913 227
person 0.022659851 807 54 820 70
person 0.022611782 789 -195 800 -189
person 0.022611141 704 309 755 386
person 0.022610582 833 96 857 133
person 0.022599604 179 156 202 180
person 0.022588821 589 146 628 196
person 0.02255663 571 -183 595 -115
person 0.022521721 446 98 456 110
person 0.02250321 155 312 167 320
person 0.022480603 733 153 751 173
person 0.022439567 115 236 135 256
person 0.02231414 778 113 788 130
person 0.02224456 548 63 558 73
person 0.022231948 115 221 133 243
person 0.022174321 827 536 836 557
person 0.022136997 541 134 560 152
person 0.02213485 667 -195 678 -189
person 0.022131177 22 124 35 143
person 0.022098914 288 150 312 177
person 0.022077078 649 -196 662 -179
person 0.021970084 708 59 734 97
person 0.021882124 552 115 561 133
person 0.02187515 84 625 110 709
person 0.021796608 636 -188 660 -120
person 0.021770237 222 429 237 450
person 0.021758735 158 390 180 415
person 0.021726301 902 188 914 211
person 0.021700026 858 -196 872 -181
person 0.021665474 822 21 834 54
person 0.021652428 731 364 756 412
person 0.021635469 670 -191 683 -147
person 0.021619953 875 316 884 369
person 0.021614496 0 213 4 243
person 0.021603804 101 -64 124 17
person 0.021597648 846 613 863 657
person 0.021567203 235 520 243 542
person 0.021499436 73 149 83 172
person 0.021447064 739 652 757 712
person 0.021445109 621 239 678 308
person 0.02141506 373 436 387 461
person 0.021413721 380 105 415 156
person 0.021410625 391 613 411 668
person 0.021383151 136 292 162 301
person 0.021310143 859 -195 870 -189
person 0.021307142 317 152 340 179
person 0.021288887 180 90 201 114
person 0.021280548 601 613 621 668
person 0.021280313 356 613 376 668
person 0.021268047 0 266 4 297
person 0.021245403 448 86 484 137
person 0.021221986 312 444 331 466
person 0.021206431 327 453 342 476
person 0.021197319 621 60 646 98
person 0.021196116 48 135 108 256
person 0.021194296 563 20 575 36
person 0.021167338 789 -196 801 -177
person 0.021122994 137 307 161 324
person 0.021062464 150 -186 174 -118
person 0.021030547 777 216 808 257
person 0.021003228 217 520 225 543
person 0.020996625 774 652 792 712
person 0.020946044 425 147 463 196
person 0.020934146 775 58 785 68
person 0.020916365 461 613 481 668
person 0.020912629 72 201 89 225
person 0.020904947 562 51 590 89
person 0.020877494 426 613 446 668
person 0.020870034 0 -8 5 23
person 0.020867744 704 652 722 712
person 0.020844918 -4 574 11 684
person 0.02080106 905 29 911 52
person 0.020760264 0 301 7 377
person 0.020760076 269 521 277 542
person 0.020737132 249 377 272 410
person 0.020723836 500 92 551 163
person 0.0206953 267 90 280 106
person 0.020692583 606 -189 620 -146
person 0.0206823 23 355 34 381
person 0.02060094 798 217 830 258
person 0.020597404 70 180 88 204
person 0.02058025 67 128 75 137
person 0.02057726 304 17 317 33
person 0.020535989 879 84 892 102
person 0.020477476 698 153 716 172
person 0.020476868 610 148 627 167
person 0.020462034 252 159 274 186
person 0.020434773 151 194 176 223
person 0.020421775 638 -191 651 -146
person 0.020398756 490 37 500 49
person 0.020357702 163 381 189 424
person 0.020336134 902 690 908 728
person 0.020300996 631 -195 645 -179
person 0.02029913 307 46 313 60
person 0.020273246 668 509 678 523
person 0.020246724 253 521 260 541
person 0.020235851 496 613 516 668
person 0.020209443 321 613 341 668
person 0.020207658 836 -84 870 36
person 0.020169755 251 73 265 89
person 0.020152388 -3 148 9 170
person 0.02010854 707 221 745 274
person 0.020067625 701 40 711 52
person 0.020044295 169 193 196 221
person 0.020016667 669 652 687 712
person 0.020010594 741 213 772 255
person 0.020001644 753 623 770 682
person 0.019987874 0 510 6 586
person 0.019984614 212 427 232 450
person 0.019965705 741 614 761 667
person 0.01994974 153 -76 190 34
person 0.019910026 293 98 320 135
person 0.019863129 160 380 179 402
person 0.01983673 718 623 735 682
person 0.019758424 248 63 268 88
person 0.019744325 870 135 883 157
person 0.019743131 566 613 586 668
person 0.019716509 630 80 641 91
person 0.019713948 857 76 866 86
person 0.019706735 477 22 489 36
person 0.019682283 880 277 890 333
person 0.019679964 47 179 64 214
person 0.019671319 0 4 4 34
person 0.019636601 279 135 295 154
person 0.019578788 305 -152 329 -80
person 0.019575493 278 409 300 441
person 0.019518998 826 512 834 523
person 0.019480815 634 309 703 457
person 0.019441862 649 -195 660 -189
person 0.019423408 531 613 551 668
person 0.019409094 713 25 732 55
person 0.019384574 367 103 378 119
person 0.01935523 248 -149 270 -72
person 0.019311273 259 134 274 153
person 0.019301677 0 513 4 547
person 0.019285003 628 259 706 404
person 0.019263804 634 652 652 712
person 0.019177267 906 431 911 455
person 0.019173345 310 -179 335 -111
person 0.01916771 607 31 626 59
person 0.01916521 704 383 729 428
person 0.01910833 222 324 240 344
person 0.01909962 490 134 507 152
person 0.01907248 46 80 66 108
person 0.019036174 284 212 323 261
person 0.019006386 143 -110 166 -29
person 0.01898801 500 -185 525 -117
person 0.018967923 149 632 177 712
person 0.018951993 0 618 10 689
person 0.018948019 393 41 401 52
person 0.01893959 711 407 787 535
person 0.01893635 89 -180 113 -111
person 0.018935338 422 153 439 170
person 0.018904263 806 -196 819 -178
person 0.018889926 33 136 47 157
person 0.018860098 506 141 545 190
person 0.01882012 407 38 421 54
person 0.018786043 391 529 403 573
person 0.018781662 306 19 313 30
person 0.018776145 801 100 811 118
person 0.018707896 599 652 617 712
person 0.018679429 724 519 732 545
person 0.01867717 50 91 63 106
person 0.018660506 479 24 486 35
person 0.018651027 688 124 697 143
person 0.018648153 826 223 901 345
person 0.018638166 286 614 306 668
person 0.01859203 365 28 383 53
person 0.018545445 806 -195 817 -189
person 0.01848305 110 251 184 380
person 0.018479511 588 310 648 466
person 0.018473726 17 338 29 364
person 0.018448036 208 299 235 329
person 0.018444728 16 327 28 352
person 0.018416481 689 286 766 416
person 0.018402632 564 652 582 712
person 0.018396063 361 112 370 129
person 0.018386943 83 -86 99 -43
person 0.018368362 558 284 574 307
person 0.01833693 1 234 15 259
person 0.01832552 529 652 547 712
person 0.018316006 642 16 666 57
person 0.018296566 664 149 682 169
person 0.01829001 445 424 457 449
person 0.018274417 570 -189 583 -146
person 0.01827413 494 652 512 712
person 0.018262295 -6 493 22 617
person 0.018175319 459 652 477 713
person 0.018170696 474 131 491 149
person 0.018160637 788 624 805 682
person 0.018118566 846 21 858 54
person 0.018110573 663 122 673 140
person 0.01810839 201 343 254 414
person 0.018108359 0 -31 4 2
person 0.018105231 845 -153 856 -115
person 0.018083729 857 626 884 704
person 0.018082358 424 652 442 713
person 0.018078135 866 356 888 407
person 0.018069845 379 -178 405 -111
person 0.01806769 901 434 915 452
person 0.0180402 230 -182 255 -115
person 0.018031728 683 623 700 682
person 0.018025797 0 -117 7 -51
person 0.018014709 669 534 678 557
person 0.018006224 0 582 7 650
person 0.017996274 389 652 407 713
person 0.017989393 637 637 665 713
person 0.01797912 246 220 273 250
person 0.017975828 385 -151 410 -79
person 0.017973859 398 117 409 132
person 0.017917387 224 349 243 368
person 0.017891645 868 283 891 334
person 0.017882062 742 -124 752 -89
person 0.017876454 354 652 372 713
person 0.01786533 710 99 720 112
person 0.017834952 526 233 611 341
person 0.017787129 49 26 66 56
person 0.017784862 436 153 453 172
person 0.017769117 292 418 309 438
person 0.017745106 0 -171 4 -136
person 0.017742772 149 158 173 183
person 0.01773379 409 40 418 51
person 0.017730866 676 96 685 109
person 0.017730385 0 -79 7 -18
person 0.017697163 431 -179 457 -111
person 0.017679153 319 651 337 713
person 0.017675634 121 268 174 339
person 0.017660985 0 -189 4 -155
person 0.017659478 451 -151 475 -80
person 0.017650887 391 39 404 54
person 0.017645083 0 144 5 174
person 0.017591842 172 446 191 469
person 0.017587598 853 264 877 300
person 0.017552314 633 535 650 575
person 0.017501341 226 64 246 89
person 0.017479101 0 -40 7 13
person 0.017454829 600 97 610 107
person 0.017442388 531 528 543 576
person 0.01742996 188 324 267 463
person 0.017404199 775 533 783 560
person 0.01740128 284 651 302 713
person 0.017348006 285 83 298 98
person 0.017340796 270 322 292 350
person 0.0173111 614 -196 627 -180
person 0.017310312 46 409 72 508
person 0.017303476 144 652 162 713
person 0.017285703 809 652 827 713
person 0.017264187 197 509 206 522
person 0.017218037 239 312 297 381
person 0.017207848 716 311 739 362
person 0.01716357 117 93 138 119
person 0.017094329 839 189 856 208
person 0.017087577 249 651 267 713
person 0.017058842 774 -93 811 35
person 0.017047787 231 510 239 523
person 0.017045852 822 168 831 189
person 0.01703543 906 449 911 474
person 0.017027678 39 407 55 433
person 0.017024446 844 524 851 539
person 0.01699203 251 614 271 668
person 0.016971525 885 111 892 122
person 0.01696005 905 667 910 705
person 0.016957149 -3 -4 8 18
person 0.01695184 683 401 708 448
person 0.016948877 179 651 197 713
person 0.016906455 214 651 232 713
person 0.016900567 846 584 858 617
person 0.016900504 854 432 874 440
person 0.016879205 109 652 127 713
person 0.016878461 706 -192 719 -146
person 0.016855752 374 310 381 321
person 0.016821753 -2 299 19 389
person 0.016797598 0 685 7 725
person 0.016794667 796 55 804 65
person 0.016794061 220 356 243 378
person 0.016793063 197 364 214 385
person 0.016791599 263 102 272 111
person 0.016777426 -2 165 10 188
person 0.01677174 235 262 267 303
person 0.016744232 52 409 71 434
person 0.016694166 208 323 229 343
person 0.016624447 244 187 271 215
person 0.0166238 39 651 58 713
person 0.016616061 286 535 298 572
person 0.016611481 286 522 295 542
person 0.016606387 906 415 911 439
person 0.016600782 304 37 311 49
person 0.016551811 0 528 4 562
person 0.016524488 689 23 697 33
person 0.016505327 812 616 829 659
person 0.01648342 631 -195 643 -189
person 0.016478065 686 508 695 522
person 0.01646694 -12 127 36 248
person 0.016459003 313 109 341 146
person 0.016456673 567 637 595 714
person 0.016456472 128 90 137 103
person 0.016451478 687 534 696 558
person 0.01644281 705 216 737 258
person 0.016409304 -3 7 7 30
person 0.016399994 243 114 271 152
person 0.016397202 779 -167 791 -123
person 0.016389899 778 616 795 660
person 0.016380208 352 -195 365 -179
person 0.016377196 370 -195 383 -179
person 0.01637393 151 102 158 114
person 0.01637314 455 135 472 153
person 0.016371958 422 -195 435 -179
person 0.016365945 177 -195 190 -179
person 0.016363759 405 -195 418 -179
person 0.016362185 387 -195 400 -179
person 0.016362162 335 -195 348 -179
person 0.016360926 282 -195 295 -179
person 0.016359715 195 -195 208 -179
person 0.016359339 265 -195 278 -179
person 0.016358908 440 -195 453 -179
person 0.016357489 212 -195 225 -179
person 0.016356714 247 -195 260 -179
person 0.016356485 300 -195 313 -179
person 0.01635633 230 -195 243 -179
person 0.016347395 160 -195 173 -179
person 0.016346207 317 -195 330 -179
person 0.016333628 769 172 785 190
person 0.016308513 644 283 696 361
person 0.016300544 805 186 821 204
person 0.016291102 707 -196 731 -129
person 0.016291011 475 -195 488 -179
person 0.016278928 615 295 630 319
person 0.016275674 457 -195 470 -179
person 0.016262343 1 195 8 228
person 0.016253069 178 509 188 523
person 0.016250294 216 637 245 714
person 0.016226772 843 652 862 712
person 0.016226672 460 35 474 51
person 0.016215267 416 113 448 150
person 0.016196502 689 519 697 544
person 0.016180404 142 -195 155 -179
person 0.01617579 204 88 218 105
person 0.016158102 865 393 887 443
person 0.016126584 601 531 613 574
person 0.016116614 217 106 230 122
person 0.016111722 648 623 665 682
person 0.016085537 492 -195 505 -179
person 0.016083388 597 181 630 221
person 0.016063087 221 372 245 397
person 0.01602656 1 160 6 193
person 0.01602277 903 622 910 687
person 0.016004408 216 614 236 668
person 0.015999189 0 -150 11 -81
person 0.015985532 0 117 5 130
person 0.015983216 106 119 113 131
person 0.015983006 905 53 910 65
person 0.015979728 823 -196 836 -180
person 0.015979646 858 625 874 685
person 0.015946584 558 116 569 133
person 0.01594576 775 523 782 539
person 0.015939867 536 -190 549 -147
person 0.015934944 603 43 631 82
person 0.015916217 901 418 915 436
person 0.015915733 357 520 365 544
person 0.015905736 849 163 858 182
person 0.01589864 52 -129 68 -71
person 0.01586916 671 522 680 544
person 0.01585332 181 519 190 543
person 0.015852852 905 117 911 129
person 0.015831312 497 637 525 715
person 0.015828542 323 38 335 54
person 0.015814822 652 534 660 558
person 0.01579234 415 406 421 417
person 0.01578117 266 509 274 522
person 0.015771048 111 15 138 85
person 0.015766956 362 159 393 199
person 0.015722876 80 -108 103 -29
person 0.01572208 816 58 841 97
person 0.015721276 845 537 854 556
person 0.015703775 -4 270 7 292
person 0.015699804 905 217 910 244
person 0.015687643 125 -195 138 -179
person 0.01568706 259 121 268 137
person 0.01568282 510 -195 523 -179
person 0.015670745 707 519 714 545
person 0.015658658 560 86 571 96
person 0.01565801 642 106 691 178
person 0.015645208 428 39 437 50
person 0.015630284 563 530 579 573
person 0.015625495 319 114 331 127
person 0.015614349 57 -186 67 -146
person 0.015609271 393 350 456 473
person 0.0155847 0 104 5 118
person 0.015571406 428 19 441 34
person 0.015565954 628 573 645 614
person 0.015531687 -7 -135 19 -21
person 0.015523406 0 282 4 318
person 0.015493928 101 258 135 302
person 0.015491092 901 452 915 470
person 0.015463241 508 -75 521 -53
person 0.01541399 226 176 242 196
person 0.015400666 461 -129 470 -90
person 0.015390886 112 229 201 338
person 0.015388842 -1 250 4 282
person 0.015368639 401 153 417 170
person 0.015350256 472 61 499 98
person 0.01533842 794 -183 801 -153
person 0.015335091 705 533 713 559
person 0.015308884 357 638 385 716
person 0.015306045 902 -130 910 -77
person 0.015302206 862 522 868 536
person 0.015299507 319 535 330 561
person 0.015259959 77 -42 98 8
person 0.015243881 383 573 400 614
person 0.01523307 172 345 197 375
person 0.0152009865 450 100 462 112
person 0.015196983 55 -62 73 -6
person 0.015193266 119 -191 131 -148
person 0.015188322 810 523 817 538
person 0.015146859 357 50 371 69
person 0.015139749 30 101 44 119
person 0.015131999 543 -75 556 -53
person 0.015125137 577 83 589 99
person 0.015113117 90 -187 100 -147
person 0.01510517 526 -75 539 -53
person 0.015087642 317 344 332 362
person 0.015085545 731 374 753 396
person 0.015075708 74 651 92 714
person 0.015055394 56 104 70 122
person 0.015051965 791 55 815 95
person 0.015050035 284 535 295 560
person 0.015026085 895 -195 913 -144
person 0.015019778 427 637 455 715
person 0.014988789 803 456 820 476
person 0.014988121 81 595 104 687
person 0.0149837155 99 326 115 344
person 0.014978586 215 192 299 313
person 0.014962792 613 623 629 682
person 0.014961541 776 519 784 546
person 0.014955175 88 -133 105 -75
person 0.014934383 0 -154 4 -119
person 0.014920844 41 395 51 407
person 0.014917024 634 535 643 558
person 0.0149033675 302 36 314 51
person 0.014900497 107 -196 120 -179
person 0.014899337 220 285 313 410
person 0.0148938075 744 -165 755 -126
person 0.014890464 174 464 194 486
person 0.014868502 720 15 733 31
person 0.014853417 517 245 577 313
person 0.014842355 597 -196 611 -180
person 0.01483245 740 533 748 559
person 0.014828681 527 -195 540 -179
person 0.014814002 79 612 97 667
person 0.014795976 387 419 400 441
person 0.014762912 245 623 260 645
person 0.01475123 228 623 242 645
person 0.014743387 828 138 875 210
person 0.014743062 823 -195 835 -189
person 0.014702245 491 -75 504 -53
person 0.014691658 889 -120 910 -30
person 0.0146848215 -3 216 7 240
person 0.014663661 210 623 225 645
person 0.014642897 263 623 277 645
person 0.014634698 266 534 277 560
person 0.014624622 -3 -197 11 -138
person 0.01462337 873 432 895 484
person 0.014605647 33 124 47 141
person 0.014599754 55 -196 68 -181
person 0.014585956 213 305 232 324
person 0.014584572 757 533 765 560
person 0.014561017 54 -41 74 9
person 0.014545876 503 54 531 92
person 0.014525597 722 533 731 559
person 0.014521249 83 189 98 210
person 0.014496166 193 623 207 645
person 0.01448495 770 184 786 202
person 0.014461995 125 345 205 486
person 0.014460915 841 -195 852 -189
person 0.014460004 490 72 565 195
person 0.014448233 815 -163 828 -116
person 0.014443269 140 271 162 287
person 0.014441424 349 573 365 614
person 0.014423952 260 389 337 528
person 0.01442326 280 623 295 645
person 0.014410015 25 106 38 125
person 0.014409982 175 623 190 645
person 0.014407551 444 354 455 389
person 0.0143765565 196 535 206 559
person 0.014359878 473 -74 486 -52
person 0.0143354675 693 107 740 183
person 0.01432704 904 -167 910 -135
person 0.014317543 -3 -26 7 -2
person 0.014316344 14 216 26 242
person 0.014314655 175 352 191 370
person 0.01429761 578 623 594 682
person 0.01426997 13 232 24 257
person 0.014258056 90 -196 103 -179
person 0.0142541025 892 118 915 163
person 0.014251053 181 613 201 668
person 0.014246734 545 -195 558 -179
person 0.014242422 213 535 224 560
person 0.0142293265 158 623 172 645
person 0.014210237 841 -196 854 -181
person 0.014208193 427 519 435 544
person 0.014206777 253 397 278 432
person 0.014200801 672 -183 679 -153
person 0.014194594 286 638 315 716
person 0.01418075 301 534 312 560
person 0.014157046 85 155 99 175
person 0.01413108 468 403 532 539
person 0.014114209 505 27 525 53
person 0.014081927 831 315 859 363
person 0.014073204 149 101 161 116
person 0.014065776 -4 64 7 85
person 0.014063613 129 313 141 326
person 0.014059199 298 623 312 645
person 0.014053065 905 500 910 529
person 0.014045186 898 543 912 581
person 0.014036024 216 533 228 568
person 0.014021513 689 522 696 538
person 0.014017354 873 12 886 31
person 0.014017302 902 30 913 51
person 0.014009296 543 623 559 682
person 0.013969259 89 509 100 519
person 0.013967908 0 431 6 526
person 0.013967835 178 534 189 559
person 0.013949819 291 423 319 468
person 0.013940469 249 534 259 560
person 0.013929697 598 534 609 560
person 0.0139180105 231 534 242 560
person 0.01388299 613 -195 625 -189
person 0.013868187 515 103 525 120
person 0.013863647 648 510 659 524
person 0.013853104 271 217 303 259
person 0.013848871 723 17 730 29
person 0.013846754 456 -74 468 -52
person 0.013830341 580 -196 593 -179
person 0.013825947 861 171 872 182
person 0.0138234515 508 623 524 682
person 0.013801976 419 405 490 544
person 0.013791414 562 -196 576 -179
person 0.0137894815 162 520 174 545
person 0.01378753 140 623 155 646
person 0.01378469 117 52 138 80
person 0.01376483 906 464 911 490
person 0.013753144 343 204 401 272
person 0.013751042 473 623 489 682
person 0.013744919 139 330 158 347
person 0.013743646 0 353 4 385
person 0.013730486 315 623 330 645
person 0.013724592 426 -129 435 -91
person 0.013669887 844 -77 866 15
person 0.013665073 654 520 662 544
person 0.013664758 146 613 166 668
person 0.0136590265 251 -129 261 -92
person 0.013657009 63 134 73 144
person 0.013652655 17 -8 40 61
person 0.0136229815 141 -74 155 -53
person 0.01359671 869 451 922 605
person 0.013586463 438 623 454 682
person 0.01357031 0 544 4 580
person 0.013568032 24 138 37 160
person 0.013566992 564 184 596 224
person 0.013565869 678 23 701 63
person 0.013551622 127 110 136 121
person 0.013549989 495 528 508 577
person 0.0135175735 -3 -184 7 -160
person 0.013499958 0 -49 4 -14
person 0.01349462 251 534 263 570
person 0.013480985 236 85 244 96
person 0.013479348 0 562 4 598
person 0.01347765 276 184 302 213
person 0.013467027 689 -183 696 -153
person 0.013463215 159 -74 172 -53
person 0.013451788 168 390 184 413
person 0.013450743 520 429 534 455
person 0.013441691 403 623 419 682
person 0.013429783 333 623 347 645
person 0.013412774 905 481 910 510
person 0.01340499 898 630 911 697
person 0.013402643 904 -132 910 -100
person 0.013393044 392 519 400 544
person 0.013360144 460 527 472 576
person 0.01334567 616 15 629 32
person 0.013343636 593 573 610 614
person 0.013340453 712 588 749 678
person 0.01331021 496 502 510 559
person 0.0133099845 215 510 223 523
person 0.013287859 415 426 430 451
person 0.013287371 602 520 610 543
person 0.013270715 66 431 83 454
person 0.013260442 616 535 627 560
person 0.013259568 480 520 488 543
person 0.013255259 528 510 537 524
person 0.013245419 904 -150 910 -117
person 0.013244858 90 -165 101 -119
person 0.013244074 392 31 412 56
person 0.013241954 99 108 107 122
person 0.0132358195 350 623 365 645
person 0.013234293 702 509 711 524
person 0.013214207 636 520 645 543
person 0.013192855 368 623 384 682
person 0.0131902285 468 27 488 52
person 0.013187286 904 -80 910 -47
person 0.0131823355 137 329 162 358
person 0.01316511 590 286 606 311
person 0.013157361 287 508 295 521
person 0.013146655 518 113 527 129
person 0.013141396 125 108 139 123
person 0.013123519 232 414 247 434
person 0.013110753 176 -74 190 -52
person 0.01310265 0 -137 4 -101
person 0.013094425 567 520 575 544
person 0.013075393 599 -166 614 -120
person 0.013067882 368 623 382 645
person 0.013050255 558 271 576 297
person 0.013044134 0 547 7 612
person 0.013037186 764 600 824 725
person 0.013019037 632 509 642 523
person 0.013005858 809 57 818 67
person 0.012993995 905 12 910 36
person 0.012980121 899 18 908 59
person 0.012976718 522 363 534 389
person 0.012975015 0 371 4 404
person 0.012961342 385 623 400 645
person 0.012954604 846 447 880 461
person 0.012947673 0 -67 4 -31
person 0.012901859 438 -74 451 -52
person 0.012883412 897 602 912 662
person 0.012881822 333 623 349 683
person 0.012864371 322 522 330 544
person 0.012863807 286 -128 296 -91
person 0.012863602 184 91 191 102
person 0.012861725 403 623 417 645
person 0.012861714 790 13 802 30
person 0.012855316 426 528 437 575
person 0.012839398 768 -58 784 -49
person 0.012837302 901 220 913 242
person 0.012835888 -3 183 8 208
person 0.012835326 426 36 440 53
person 0.012832148 110 507 119 519
person 0.012824474 153 413 174 434
person 0.012822318 -4 45 7 66
person 0.012806786 102 312 119 328
person 0.012804254 738 14 751 30
person 0.01279603 420 623 435 645
person 0.012751244 630 623 645 645
person 0.01273979 438 623 452 645
person 0.012738446 48 240 61 264
person 0.012734986 595 623 610 645
person 0.012733098 462 519 470 544
person 0.012727069 496 23 503 34
person 0.012722815 399 426 414 452
person 0.0127223 375 520 382 544
person 0.012716726 561 -76 574 -53
person 0.012713708 613 623 627 645
person 0.012709084 648 623 662 645
person 0.012705308 499 -191 511 -149
person 0.012704896 578 623 592 645
person 0.012703119 560 623 575 645
person 0.012695437 336 534 347 560
person 0.012671749 455 623 470 645
person 0.012669923 51 622 67 684
person 0.012667901 705 17 718 33
person 0.012664944 543 623 557 645
person 0.012658672 604 217 693 339
person 0.012642246 840 -189 858 -139
person 0.012640015 319 66 332 82
person 0.012630115 525 623 540 645
person 0.012627375 473 623 487 645
person 0.012615757 194 -74 207 -52
person 0.012614053 758 523 765 539
person 0.012611499 222 402 297 538
person 0.012603669 135 284 171 325
person 0.01260361 150 400 223 537
person 0.012603129 325 40 332 52
person 0.012599575 490 623 505 645
person 0.012599451 741 519 749 545
person 0.0125981225 709 134 719 154
person 0.012594759 508 623 522 645
person 0.012588043 619 520 627 543
person 0.01257719 823 624 839 684
person 0.012569339 765 106 811 184
person 0.012550911 123 623 137 646
person 0.012547739 659 128 667 148
person 0.012544489 -1 85 4 99
person 0.012531053 26 372 37 399
person 0.01252792 844 277 873 324
person 0.0125226 173 310 193 324
person 0.012514272 771 13 784 30
person 0.012512592 618 18 626 30
person 0.012505972 161 534 172 560
person 0.012502404 665 623 680 645
person 0.012498966 581 534 592 559
person 0.012494629 298 623 314 683
person 0.01248452 490 318 498 327
person 0.012478948 -3 -166 7 -142
person 0.012471952 453 573 470 615
person 0.012461871 123 -75 137 -53
person 0.012440089 748 376 768 398
person 0.012424891 361 63 386 100
person 0.01241634 0 398 6 488
person 0.012414681 904 -115 910 -82
person 0.012400633 563 366 573 379
person 0.012380777 497 520 505 543
person 0.012375809 81 172 95 193
person 0.012343964 112 612 131 668
person 0.012340639 64 440 125 602
person 0.012333847 284 110 295 119
person 0.012331849 0 499 5 533
person 0.012324393 252 509 259 521
person 0.012311995 490 444 550 599
person 0.012305548 207 412 225 434
person 0.012299987 642 574 681 658
person 0.012289165 303 85 313 95
person 0.012277519 72 -196 86 -180
person 0.01226578 793 523 800 540
person 0.012254751 679 150 699 168
person 0.012248929 842 543 856 586
person 0.012234428 26 153 38 177
person 0.012232883 141 340 159 356
person 0.012228367 741 523 747 539
person 0.012224452 0 62 4 88
person 0.01218602 904 534 910 563
person 0.012182192 353 534 364 559
person 0.012158391 67 598 123 735
person 0.012156408 584 520 592 543
person 0.012154274 558 149 576 166
person 0.012150357 148 91 161 106
person 0.012127965 85 295 98 307
person 0.012121951 904 -97 910 -65
person 0.012113828 683 623 698 645
person 0.012113503 713 100 723 111
person 0.012102621 758 519 766 545
person 0.01210177 155 358 172 379
person 0.012098357 0 580 4 615
person 0.012095467 9 -83 29 4
person 0.0120770605 905 234 910 260
person 0.012074159 856 414 874 424
person 0.012072026 858 398 878 416
person 0.012064999 654 -183 662 -153
person 0.012063471 488 572 505 614
person 0.012061992 862 509 869 519
person 0.012059846 282 95 331 170
person 0.012047846 750 -58 767 -49
person 0.012047404 0 300 5 333
person 0.012038209 216 -129 226 -92
person 0.012033003 855 236 869 256
person 0.012028566 475 329 485 345
person 0.012026973 344 142 427 262
person 0.012023432 252 88 261 98
person 0.012018703 458 534 469 560
person 0.01201465 298 381 313 400
person 0.01201319 191 391 207 414
person 0.012011244 222 314 242 333
person 0.012009032 77 89 96 116
person 0.01197119 706 523 713 539
person 0.011968223 638 22 646 33
person 0.0119459145 0 -119 4 -84
person 0.011929992 129 521 137 544
person 0.011928976 313 573 330 614
person 0.011928356 455 391 467 418
person 0.011921754 233 1 262 66
person 0.011914527 144 575 187 663
person 0.011910487 597 -195 609 -189
person 0.01190776 792 -28 844 124
person 0.011904663 263 623 279 683
person 0.011902594 526 478 543 502
person 0.011896365 356 531 367 573
person 0.01189316 755 13 767 30
person 0.011880557 629 152 645 170
person 0.011875566 336 468 354 492
person 0.011872237 212 -74 225 -52
person 0.011867131 318 532 334 574
person 0.011865493 493 21 506 36
person 0.011864374 613 -75 627 -56
person 0.011826243 904 551 910 581
person 0.011816617 840 513 851 522
person 0.0118162995 218 79 266 157
person 0.011810382 70 373 83 396
person 0.011794438 722 34 735 51
person 0.011789548 494 535 504 560
person 0.011747584 211 574 224 610
person 0.01171294 476 535 487 560
person 0.011690651 495 -128 505 -89
person 0.011680887 124 192 140 213
person 0.011676435 515 21 540 60
person 0.011676121 318 336 333 352
person 0.011662818 92 222 109 243
person 0.011660218 700 622 715 645
person 0.011624532 905 -63 910 -30
person 0.0116111105 567 -166 578 -123
person 0.011608075 91 536 102 561
person 0.011607336 707 -184 714 -153
person 0.011593635 550 519 558 542
person 0.011581455 418 573 435 615
person 0.011579606 630 83 706 202
person 0.011578367 0 666 4 705
person 0.0115770735 648 151 665 170
person 0.011573309 681 168 697 185
person 0.011563882 315 150 332 170
person 0.011560612 732 399 759 446
person 0.011533633 726 117 794 238
person 0.011529818 776 -184 783 -153
person 0.011524987 225 133 241 154
person 0.011516196 879 -129 913 -9
person 0.011508593 804 504 816 522
person 0.011503511 130 597 192 730
person 0.011493475 862 181 872 201
person 0.011478093 158 623 174 683
person 0.011477163 57 -162 67 -114
person 0.011475762 215 375 234 399
person 0.011474199 792 15 799 28
person 0.0114703 0 335 4 367
person 0.011468867 870 154 884 175
person 0.011460334 246 574 259 610
person 0.011455516 595 -76 609 -55
person 0.011451025 444 520 453 544
person 0.011431819 598 15 611 32
person 0.011431377 503 573 540 658
person 0.011422834 258 391 315 463
person 0.011420945 829 100 871 182
person 0.011415664 435 15 450 32
person 0.011410065 904 207 910 219
person 0.011407096 -4 254 6 278
person 0.011404138 542 307 560 331
person 0.011403858 228 623 244 683
person 0.0113970125 417 403 425 415
person 0.011396662 167 253 193 271
person 0.011379082 635 -182 645 -153
person 0.011372277 691 598 752 727
person 0.011361907 242 366 331 481
person 0.011358206 -3 517 7 542
person 0.011354181 196 137 273 260
person 0.011332742 646 100 658 119
person 0.0113320155 55 -196 66 -189
person 0.011323737 578 -76 592 -54
person 0.011323636 370 133 378 151
person 0.011314868 -3 358 7 381
person 0.011304968 39 634 52 660
person 0.011298359 48 145 73 189
person 0.011297934 441 534 451 560
person 0.01128817 585 18 592 30
person 0.011281159 477 344 487 365
person 0.011278966 510 344 522 369
person 0.011278185 736 52 762 91
person 0.011275554 70 106 83 123
person 0.011267566 146 520 157 545
person 0.0112655265 777 592 815 678
person 0.011262669 667 350 692 401
person 0.011260774 142 332 155 342
person 0.011260704 896 569 912 624
person 0.011250548 547 502 555 527
person 0.011249535 904 254 910 280
person 0.011249301 452 155 468 172
person 0.011240077 780 207 834 277
person 0.011230102 881 70 894 88
person 0.0112296045 149 -192 161 -149
person 0.011222363 583 15 595 32
person 0.011221465 447 398 457 423
person 0.01122121 305 134 315 146
person 0.011218211 121 398 139 418
person 0.011210581 -3 533 7 557
person 0.011208984 724 37 732 48
person 0.011204182 550 390 561 414
person 0.011198889 491 342 502 366
person 0.011187938 855 122 864 134
person 0.011176055 572 573 610 658
person 0.011174785 525 371 533 397
person 0.011173994 493 509 502 523
person 0.01117262 811 -182 818 -153
person 0.01116122 558 573 575 615
person 0.011159736 630 -75 645 -57
person 0.01115913 554 307 572 327
person 0.011158489 0 -84 4 -49
person 0.01114772 862 536 870 556
person 0.011147152 283 119 294 130
person 0.011147094 356 523 363 537
person 0.011141665 75 220 100 268
person 0.011141577 529 -141 553 -64
person 0.011137474 193 623 209 683
person 0.0111255795 905 517 910 546
person 0.011121442 0 318 5 350
person 0.011104118 905 652 910 688
person 0.011102924 409 519 417 544
person 0.011101374 476 334 553 478
person 0.011095969 575 152 592 169
person 0.011087014 0 -102 4 -67
person 0.011078313 734 168 752 185
person 0.011076165 718 622 733 645
person 0.011075555 400 130 408 147
person 0.0110687 573 270 588 295
person 0.011067677 810 153 818 174
person 0.011065924 515 519 523 542
person 0.011062642 102 224 116 234
person 0.0110618435 229 -74 242 -52
person 0.011060227 619 523 626 537
person 0.011056951 904 -184 910 -153
person 0.011056424 -3 89 14 140
person 0.011054084 452 317 467 328
person 0.011049116 83 237 99 257
person 0.011047028 504 358 514 385
person 0.01104572 92 573 104 615
person 0.011015275 -2 -43 11 19
person 0.011011929 112 -167 122 -124
person 0.011009499 371 534 381 560
person 0.011002467 600 18 608 30
person 0.011000516 563 534 574 559
person 0.011000381 450 180 481 222
person 0.0109817665 578 26 603 65
person 0.010980354 594 151 610 168
person 0.010976186 122 373 139 396
person 0.010942817 718 167 734 185
person 0.010936957 0 597 5 632
person 0.010920004 532 518 540 544
person 0.010915292 0 42 4 69
person 0.010907023 184 276 204 290
person 0.010901967 0 47 7 88
person 0.010898107 300 70 314 87
person 0.010896601 421 -74 434 -52
person 0.010883935 602 523 608 537
person 0.010883411 824 14 837 30
person 0.010874339 352 -195 364 -189
person 0.010873073 369 -195 381 -189
person 0.01087301 422 -195 434 -189
person 0.0108651575 404 -195 416 -189
person 0.01086462 387 -195 399 -189
person 0.01086443 -1 199 11 225
person 0.010863728 334 -195 346 -189
person 0.010863318 439 -195 451 -189
person 0.0108619435 177 -195 189 -189
person 0.010861754 542 482 557 506
person 0.010860598 474 -195 486 -189
person 0.010858979 159 -195 171 -189
person 0.010858186 282 -195 294 -189
person 0.010857222 264 -195 276 -189
person 0.01085694 194 -195 206 -189
person 0.010855952 299 -195 311 -189
person 0.01085543 212 -195 224 -189
person 0.010855317 247 -195 259 -189
person 0.010854677 229 -195 241 -189
person 0.010852354 317 -195 329 -189
person 0.010851298 144 534 155 560
person 0.010849348 224 277 242 292
person 0.010841271 457 -195 469 -189
person 0.010836829 859 12 873 29
person 0.010831856 579 -195 591 -189
person 0.010826488 572 406 640 547
person 0.010824758 478 318 492 328
person 0.010823849 828 53 840 69
person 0.010819168 233 74 246 90
person 0.01080676 510 508 520 520
person 0.0107889995 552 321 580 343
person 0.010788561 0 388 4 422
person 0.010788348 0 615 5 649
person 0.010783662 -3 -44 7 -20
person 0.010771812 142 -195 154 -189
person 0.010771008 492 -195 504 -189
person 0.010770713 176 311 189 321
person 0.010767417 642 115 721 241
person 0.010757446 460 116 493 153
person 0.010755133 511 535 522 560
person 0.010752849 841 -158 858 -106
person 0.010730221 613 373 628 398
person 0.010721538 92 -74 128 37
person 0.0107173165 740 34 753 52
person 0.010715209 103 254 123 273
person 0.010709554 735 622 750 645
person 0.010708215 272 266 304 309
person 0.010700035 841 14 855 30
person 0.010699041 186 445 202 467
person 0.0106971795 354 452 369 476
person 0.010697072 741 16 747 28
person 0.0106951855 388 534 399 560
person 0.010689914 165 -15 205 81
person 0.010662728 240 189 274 229
person 0.010661977 725 441 778 529
person 0.010659831 774 15 781 28
person 0.01065785 52 366 63 390
person 0.010634394 881 86 890 97
person 0.010611337 284 17 298 33
person 0.010610315 708 -26 764 125
person 0.010609088 406 533 416 559
person 0.010608544 509 -195 521 -189
person 0.010607727 117 274 137 291
person 0.010604915 211 254 245 294
person 0.010601234 145 70 192 149
person 0.010597243 828 361 856 406
person 0.010595573 707 -128 716 -90
person 0.010593339 528 506 548 559
person 0.010592555 -12 562 24 672
person 0.010587074 250 381 267 401
person 0.010584742 806 14 819 30
person 0.010575936 86 258 110 307
person 0.010575691 369 97 420 169
person 0.010573707 529 503 537 530
person 0.01056796 322 -128 332 -92
person 0.010555847 201 88 213 104
person 0.010547159 667 607 679 630
person 0.0105410395 775 -125 784 -86
person 0.010537231 423 534 434 560
person 0.010525833 387 607 399 630
person 0.010522942 385 -82 401 -49
person 0.010517953 578 75 650 199
person 0.01051602 369 607 382 630
person 0.010515667 88 622 104 683
person 0.010513324 124 -195 136 -189
person 0.010498493 221 574 260 658
person 0.010497864 364 573 401 657
person 0.010497542 405 607 417 630
person 0.010496349 529 341 540 366
person 0.01049312 -3 -62 7 -38
person 0.010482907 195 412 212 432
person 0.010481255 649 331 697 423
person 0.010479059 126 533 137 559
person 0.010475668 352 607 364 630
person 0.010474354 281 574 294 611
person 0.010469121 422 607 434 630
person 0.010454933 580 607 592 630
person 0.010452872 685 606 697 629
person 0.010451964 391 -128 401 -92
person 0.010449326 528 535 539 560
person 0.010447945 562 607 574 630
person 0.01044514 440 607 452 630
person 0.010442129 597 607 609 630
person 0.010438169 273 288 290 305
person 0.010435613 123 623 140 683
person 0.010435027 475 607 487 630
person 0.010432757 457 607 469 630
person 0.010427453 492 607 504 630
person 0.010423929 334 607 347 630
person 0.010422622 827 15 834 28
person 0.010419922 904 567 910 598
person 0.010417768 38 618 51 643
person 0.010415979 545 607 557 630
person 0.010414563 77 222 91 243
person 0.010403958 510 607 522 630
person 0.0103988545 527 607 539 630
person 0.010395204 203 91 210 102
person 0.010389922 546 507 554 521
person 0.0103851035 371 509 380 521
person 0.010371607 562 -195 574 -189
person 0.010363456 19 672 31 699
person 0.010362463 615 607 627 630
person 0.0103611285 87 139 100 159
person 0.010360752 317 607 329 630
person 0.010358254 757 15 764 28
person 0.010355317 -4 376 7 398
person 0.010345782 412 447 471 596
person 0.010342716 432 570 468 657
person 0.010340473 632 607 644 630
person 0.010327392 527 -195 539 -189
person 0.010318643 635 19 649 35
person 0.010317076 650 607 662 630
person 0.0103157265 357 438 370 459
person 0.01031179 544 -195 556 -189
person 0.010309078 240 292 258 309
person 0.010308251 211 117 225 135
person 0.010308242 82 293 100 312
person 0.010306253 253 74 262 86
person 0.010289496 596 -93 609 -71
person 0.010284957 618 -182 628 -153
person 0.010284258 -1 277 11 347
person 0.010278023 613 301 629 326
person 0.010266418 225 28 242 57
person 0.010262377 211 298 228 314
person 0.0102620525 809 583 826 621
person 0.010258871 781 136 790 155
person 0.010257182 299 607 312 630
person 0.010253241 -3 620 7 644
person 0.010245903 812 255 841 300
person 0.010242022 280 -58 296 -37
person 0.010236609 737 508 745 525
person 0.010225295 561 -92 574 -70
person 0.010216357 486 314 501 333
person 0.010210086 105 623 119 646
person 0.010204744 663 573 680 615
person 0.010203476 785 169 802 187
person 0.010197362 732 -59 750 -49
person 0.0101844 245 272 337 390
person 0.010181804 464 -192 476 -149
person 0.010180829 809 15 816 28
person 0.010179473 497 176 528 218
person 0.010171439 45 87 110 198
person 0.010139275 173 413 191 433
person 0.010138725 905 636 911 668
person 0.010131426 261 287 321 353
person 0.010121278 0 328 7 419
person 0.010120815 481 118 565 244
person 0.0101196775 160 607 172 630
person 0.010093626 142 607 155 630
person 0.010086415 -3 288 7 312
person 0.010084301 523 572 540 614
person 0.010083983 322 460 337 482
person 0.010077026 247 -74 260 -52
person 0.010073963 197 595 261 727
person 0.0100706825 579 -93 591 -70
person 0.010070615 529 408 541 434
person 0.010069636 724 -184 731 -153
person 0.010063289 282 607 294 630
person 0.010061872 31 252 44 277
person 0.010054756 272 278 282 290
person 0.010049379 497 522 504 536
person 0.010043144 669 54 697 93
person 0.010041736 597 322 614 344
person 0.010041115 859 204 875 223
person 0.010040669 905 139 910 151
person 0.010039111 349 -84 366 -52
person 0.010037348 107 -195 119 -189
person 0.010036324 901 256 913 278
person 0.010032984 702 606 714 629
person 0.010030058 538 272 553 298
person 0.010021373 708 20 715 31
person 0.010017391 177 607 190 630
person 0.010008056 844 15 852 28
person 0.010006312 821 171 832 180
person 0.010003232 798 478 816 504
person 0.010003177 772 589 784 612
person 0.010002577 823 350 848 397
