person 0.7394637 796 144 821 177
person 0.5645725 945 78 958 97
person 0.5414721 604 134 626 164
person 0.541231 536 167 559 199
person 0.49319744 916 74 929 92
person 0.44819218 554 67 569 86
person 0.43031293 502 78 516 97
person 0.30799267 486 164 510 197
person 0.29632032 543 162 566 192
person 0.19153947 947 79 955 92
person 0.18231183 918 76 927 88
person 0.17377329 938 254 976 318
person 0.15087269 551 62 572 90
person 0.14945675 794 145 813 170
person 0.13713178 498 75 519 103
person 0.13212863 548 154 570 184
person 0.12542601 45 493 91 599
person 0.12516546 482 80 495 97
person 0.122107536 897 172 921 203
person 0.107852325 504 79 513 92
person 0.10207193 41 48 74 117
person 0.09901039 1015 600 1024 661
person 0.096759334 557 70 566 82
person 0.08667113 901 90 917 109
person 0.086489074 913 71 934 99
person 0.085140005 935 453 1002 608
person 0.08163104 486 155 509 185
person 0.08131798 940 74 960 102
person 0.08072298 801 169 828 202
person 0.08046963 54 170 111 256
person 0.079226255 47 149 100 240
person 0.07901392 792 131 826 193
person 0.07690172 286 374 315 411
person 0.07576369 202 128 216 147
person 0.07361466 229 416 264 461
person 0.07302298 653 109 670 130
person 0.07208341 278 409 313 454
person 0.07183652 43 71 78 139
person 0.0706582 484 81 492 93
person 0.07044657 470 184 488 207
person 0.06997875 635 21 649 38
person 0.06830289 91 276 170 424
person 0.06803029 300 420 334 466
person 0.06635195 165 288 231 362
person 0.06608229 707 82 722 99
person 0.06569143 937 182 961 212
person 0.06523181 472 175 490 199
person 0.06517659 638 23 646 36
person 0.063541286 0 351 7 420
person 0.06348364 104 297 163 388
person 0.06333057 579 65 593 80
person 0.06322773 35 139 112 276
person 0.06255295 827 146 854 174
person 0.06253249 889 162 927 219
person 0.061883043 507 79 517 90
person 0.061733726 1014 238 1023 292
person 0.061472923 800 140 819 162
person 0.061434396 570 72 588 92
person 0.060996942 1014 643 1024 695
person 0.06061227 702 141 728 169
person 0.060019724 353 -74 380 13
person 0.059698936 919 91 934 110
person 0.058693387 1015 217 1024 265
person 0.058532465 534 71 550 89
person 0.058115166 794 167 833 225
person 0.057120994 39 437 52 464
person 0.05682724 923 234 993 372
person 0.05607456 197 128 220 155
person 0.0551409 703 91 727 118
person 0.05510459 930 296 1004 464
person 0.054995585 -4 -220 9 -197
person 0.054716766 1013 -218 1023 -172
person 0.053470332 232 377 261 410
person 0.053396836 38 479 55 506
person 0.05331592 455 151 478 180
person 0.05300944 289 366 308 389
person 0.052784346 1009 312 1020 395
person 0.052408874 634 127 660 157
person 0.05216196 0 119 9 175
person 0.052011717 169 298 261 442
person 0.051472902 566 95 590 124
person 0.05121782 602 113 627 142
person 0.05098864 1013 291 1022 355
person 0.050816756 22 387 42 450
person 0.05077752 531 148 554 179
person 0.050500553 529 90 551 118
person 0.05029347 1018 91 1024 117
person 0.049854703 803 201 831 234
person 0.04955869 180 297 217 345
person 0.04953565 491 187 510 211
person 0.049448125 826 169 854 201
person 0.049171682 594 184 621 217
person 0.0490308 922 364 993 548
person 0.048847023 65 383 82 407
person 0.048828136 936 167 972 228
person 0.048690706 72 403 89 426
person 0.048317276 0 -223 6 -196
person 0.0479842 192 422 213 444
person 0.047320716 -3 -210 18 -121
person 0.047058884 -4 -219 8 -213
person 0.046897925 92 272 157 367
person 0.046820074 747 138 777 166
person 0.04660849 493 91 509 112
person 0.046507873 69 30 101 103
person 0.04627725 1018 109 1024 136
person 0.04617556 25 401 39 429
person 0.04609259 891 75 907 91
person 0.045436878 794 99 821 126
person 0.04538038 487 91 511 120
person 0.045344397 548 186 567 209
person 0.045339152 707 89 723 108
person 0.045181245 -6 545 27 684
person 0.044785555 509 172 527 196
person 0.044631686 610 137 621 157
person 0.044556733 963 127 978 148
person 0.044451527 604 42 618 58
person 0.044441584 -4 402 8 427
person 0.043946046 663 137 690 167
person 0.043553818 195 6 228 75
person 0.04329867 1018 73 1024 98
person 0.043205768 91 -64 119 13
person 0.04263413 -7 226 58 372
person 0.04218038 186 330 252 418
person 0.04177169 64 163 101 209
person 0.041494716 394 132 421 162
person 0.041409913 -3 -143 15 -42
person 0.04124218 589 202 615 235
person 0.040849023 0 398 5 431
person 0.040407483 904 93 915 104
person 0.039680935 942 327 998 433
person 0.039439414 611 285 672 358
person 0.039414663 761 63 776 79
person 0.039384857 704 76 727 103
person 0.039265227 1015 678 1024 737
person 0.039196357 649 126 667 148
person 0.03917684 885 171 912 203
person 0.039146837 305 430 340 477
person 0.03897609 752 171 780 202
person 0.03870316 1014 563 1022 629
person 0.03866146 941 209 967 242
person 0.03860054 1018 130 1024 158
person 0.03854044 902 140 927 169
person 0.038179483 893 90 909 107
person 0.038166665 18 386 32 412
person 0.037996102 1013 -220 1024 -212
person 0.037897643 873 133 900 162
person 0.03779485 490 29 504 49
person 0.037693866 610 145 620 163
person 0.037678596 581 67 590 78
person 0.037538715 794 689 817 750
person 0.037249167 1004 -199 1029 -123
person 0.03720093 830 98 856 124
person 0.03718091 504 189 522 211
person 0.03717533 964 120 978 141
person 0.036995284 886 97 910 123
person 0.036862794 1012 -221 1026 -198
person 0.036636624 752 99 779 126
person 0.03635557 589 148 606 170
person 0.036221154 535 73 547 84
person 0.036219668 0 100 9 154
person 0.035728894 755 689 778 750
person 0.035565637 450 280 504 363
person 0.03556456 144 270 247 382
person 0.03551888 605 56 620 73
person 0.035465267 236 409 261 430
person 0.035415586 480 92 496 111
person 0.035406668 1013 229 1027 254
person 0.03539063 949 -205 962 -167
person 0.034875173 0 -224 8 -174
person 0.034863576 768 73 785 90
person 0.034685425 715 169 744 200
person 0.034667853 0 307 7 386
person 0.03456784 74 425 94 454
person 0.03440483 1014 -184 1023 -129
person 0.0343233 607 44 616 55
person 0.03417629 187 415 219 449
person 0.034171883 35 467 50 494
person 0.03413081 682 95 706 121
person 0.033956517 388 284 445 364
person 0.033744775 349 203 392 260
person 0.033729922 1014 93 1027 116
person 0.033239465 558 593 570 647
person 0.033104923 943 258 972 300
person 0.033013023 269 382 290 405
person 0.032965817 10 281 86 420
person 0.032907076 665 75 680 92
person 0.03287489 44 497 60 524
person 0.0328571 752 73 769 90
person 0.032837927 662 100 678 118
person 0.032807887 1013 177 1024 219
person 0.03272876 0 528 6 627
person 0.032697156 42 -220 58 -204
person 0.032603923 0 417 5 452
person 0.032489385 716 598 728 646
person 0.032369144 914 -208 928 -164
person 0.03235072 590 128 608 152
person 0.032342386 719 162 760 218
person 0.0322971 292 403 318 426
person 0.032280646 434 -75 460 14
person 0.03227909 453 80 469 97
person 0.032239556 74 438 90 462
person 0.03198163 24 -220 37 -213
person 0.031951856 996 330 1021 390
person 0.031836078 114 255 151 301
person 0.031815592 564 150 581 172
person 0.031806193 715 690 738 750
person 0.031769074 1014 111 1027 135
person 0.031766783 1018 53 1024 79
person 0.031546865 207 450 228 473
person 0.03149781 25 51 97 193
person 0.031445004 956 127 979 156
person 0.031289734 494 67 523 110
person 0.031097246 876 -98 916 49
person 0.031088764 189 -80 218 -1
person 0.031031005 901 93 924 120
person 0.030889938 24 -220 39 -205
person 0.030845627 206 370 291 525
person 0.030766988 1018 189 1024 219
person 0.030744165 199 439 236 483
person 0.030695746 1014 211 1027 237
person 0.030687546 236 138 261 165
person 0.030681333 710 84 720 95
person 0.03065757 1008 221 1027 257
person 0.0306499 289 -77 317 6
person 0.030632898 794 60 818 88
person 0.030508332 598 595 610 646
person 0.03046327 786 168 806 191
person 0.030440617 423 120 437 139
person 0.030434132 486 26 506 58
person 0.030433958 247 92 260 109
person 0.030376468 36 313 54 336
person 0.030310696 55 363 72 387
person 0.03023758 424 179 453 215
person 0.030234776 756 59 779 86
person 0.030091137 882 -212 897 -164
person 0.030070364 68 400 84 426
person 0.029972292 749 95 766 112
person 0.029751422 849 342 904 432
person 0.029653175 1014 191 1027 217
person 0.029597938 248 410 267 431
person 0.02957667 0 484 7 591
person 0.029517509 1018 149 1024 177
person 0.029445237 480 592 491 645
person 0.029424844 310 121 327 138
person 0.029411227 412 108 437 135
person 0.02907046 506 89 521 109
person 0.029046796 265 454 304 500
person 0.028962784 230 368 249 389
person 0.028937446 1002 238 1025 294
person 0.028896727 1012 136 1023 174
person 0.028837055 319 -118 346 -32
person 0.028821174 0 378 5 413
person 0.0287913 946 91 961 111
person 0.028748862 1014 75 1027 97
person 0.028732112 398 136 414 157
person 0.02863614 230 421 259 445
person 0.02850265 187 91 225 151
person 0.028495753 596 120 632 181
person 0.02846278 774 529 792 554
person 0.028449357 635 41 650 58
person 0.028426345 303 118 319 136
person 0.028423065 833 689 856 750
person 0.028391384 211 401 233 421
person 0.028370189 0 436 5 473
person 0.02833523 163 -120 190 -38
person 0.028284559 76 51 100 84
person 0.02826881 -4 422 8 447
person 0.028248258 868 75 884 91
person 0.028119568 314 130 340 159
person 0.028104989 754 211 784 243
person 0.027990373 519 590 531 647
person 0.027860116 37 321 54 345
person 0.027797537 787 72 803 88
person 0.027776469 56 -105 75 -44
person 0.027721493 308 412 328 432
person 0.02763616 0 193 9 262
person 0.027577309 364 132 390 160
person 0.027571065 637 689 659 751
person 0.027519811 598 689 619 751
person 0.027510375 849 73 865 89
person 0.027485907 687 89 703 107
person 0.027430119 945 671 972 759
person 0.027399823 829 -219 840 -212
person 0.02739875 0 -87 8 -24
person 0.027377449 986 394 1011 450
person 0.027253019 809 -219 821 -212
person 0.02716705 848 -219 860 -212
person 0.027094569 -1 414 9 512
person 0.027082521 693 80 710 96
person 0.027069313 663 146 679 168
person 0.02701281 1014 132 1027 157
person 0.026954532 65 396 152 529
person 0.026951654 42 -220 56 -214
person 0.026947604 595 56 612 73
person 0.026924271 637 42 647 55
person 0.026899321 983 -220 995 -213
person 0.026832154 455 82 467 93
person 0.026805302 636 57 659 85
person 0.026742755 353 84 390 145
person 0.026697695 697 250 760 326
person 0.026650447 -1 118 19 175
person 0.026629942 766 153 785 175
person 0.026528426 842 59 865 87
person 0.026498333 830 207 860 242
person 0.026400417 824 175 843 196
person 0.026349314 285 135 311 163
person 0.026331784 831 74 847 90
person 0.026290407 370 542 388 568
person 0.026259584 500 62 515 80
person 0.026223281 613 120 630 141
person 0.026198678 336 50 359 79
person 0.026162513 240 91 263 118
person 0.026094189 284 419 312 444
person 0.02602746 133 370 219 527
person 0.025992084 266 356 331 433
person 0.025961049 881 705 911 791
person 0.02581157 274 361 293 385
person 0.02576676 27 418 41 448
person 0.02574774 655 98 673 117
person 0.025715625 277 9 310 81
person 0.025684927 204 131 212 143
person 0.02567713 554 343 569 372
person 0.025667522 1018 209 1024 239
person 0.025636785 342 53 357 71
person 0.0256179 868 -219 880 -212
person 0.02554339 514 60 530 78
person 0.025534347 147 140 161 159
person 0.02551677 369 102 395 129
person 0.02547933 789 -219 801 -212
person 0.025436278 489 154 529 210
person 0.025421856 55 503 73 529
person 0.025387459 952 690 970 738
person 0.025386026 558 689 580 751
person 0.025371147 1017 226 1024 256
person 0.02536739 823 403 849 458
person 0.02527877 676 689 698 751
person 0.025251947 210 171 234 199
person 0.02524972 664 139 682 160
person 0.025126858 18 440 31 468
person 0.025114609 931 601 940 626
person 0.025107015 207 368 229 386
person 0.025082406 809 -220 823 -198
person 0.025032539 0 567 7 662
person 0.02502936 797 -95 837 58
person 0.024990331 308 422 331 444
person 0.024988925 344 0 377 75
person 0.024981901 209 385 234 407
person 0.024948575 92 -41 111 0
person 0.02493183 790 -220 803 -199
person 0.024916656 608 57 617 69
person 0.024831334 345 185 370 217
person 0.024812313 1018 561 1023 594
person 0.024805702 764 66 774 76
person 0.02478406 536 321 551 348
person 0.02476495 32 -93 57 -7
person 0.024749756 510 321 529 348
person 0.024703434 199 121 215 138
person 0.024651438 549 88 567 109
person 0.02464763 413 188 439 220
person 0.024585301 829 -220 842 -198
person 0.024578916 1018 169 1024 198
person 0.024570687 404 -119 431 -31
person 0.024465641 810 72 826 88
person 0.024358906 253 392 274 412
person 0.024340736 -4 383 8 408
person 0.02425513 546 56 576 100
person 0.024255104 600 29 620 61
person 0.024244606 240 -130 267 -46
person 0.024145033 849 -220 862 -198
person 0.024140704 519 689 541 751
person 0.024139607 313 127 329 146
person 0.024103431 633 17 653 51
person 0.024087459 442 96 467 124
person 0.02398363 789 341 819 395
person 0.023922605 746 645 765 693
person 0.023830568 898 245 940 307
person 0.02376883 677 61 702 89
person 0.023704216 1012 102 1024 138
person 0.023691555 769 -220 783 -200
person 0.023666585 731 73 747 89
person 0.02366077 950 656 964 694
person 0.023623621 -2 367 66 521
person 0.023582714 982 -220 998 -204
person 0.02353295 1001 293 1023 351
person 0.023497984 0 -210 7 -136
person 0.023433523 406 -211 434 -135
person 0.023373047 641 -207 667 -127
person 0.023309465 563 -208 589 -131
person 0.023229761 593 18 607 36
person 0.023226755 269 81 307 143
person 0.023031877 603 44 611 56
person 0.023021296 55 492 71 516
person 0.023010395 868 -220 882 -199
person 0.023002148 790 258 833 319
person 0.022973122 56 350 76 374
person 0.022945076 379 111 396 129
person 0.022929333 769 95 786 112
person 0.022887936 1012 247 1027 272
person 0.022762403 602 57 626 85
person 0.022757052 589 119 605 140
person 0.022738261 895 92 906 103
person 0.022711942 1007 180 1026 213
person 0.022701163 769 -220 781 -213
person 0.022681057 654 72 671 90
person 0.022642968 91 -96 109 -48
person 0.022623125 835 -215 850 -166
person 0.022595719 606 164 625 188
person 0.02258797 28 458 41 486
person 0.022530956 479 689 501 751
person 0.022513114 656 148 674 170
person 0.022494402 913 692 932 741
person 0.022490364 529 191 548 215
person 0.022455746 18 296 70 398
person 0.02245306 150 422 175 440
person 0.022451337 486 -210 513 -134
person 0.022449214 922 93 932 105
person 0.022424558 626 131 643 153
person 0.02241346 670 170 699 201
person 0.022412442 887 -220 899 -212
person 0.022406898 308 440 336 463
person 0.022399027 753 593 767 644
person 0.022316013 839 324 916 458
person 0.022236254 632 169 659 200
person 0.022219196 712 593 732 654
person 0.022214077 663 -99 702 46
person 0.022175783 234 250 302 331
person 0.02214143 88 -124 114 -41
person 0.022138257 759 63 769 78
person 0.02211907 395 118 412 136
person 0.022108814 749 -220 764 -201
person 0.021937927 997 390 1009 454
person 0.02186925 323 104 350 131
person 0.021831138 72 394 91 415
person 0.021739034 435 92 452 109
person 0.021710353 472 30 487 51
person 0.02160131 245 328 344 460
person 0.021597754 550 644 567 691
person 0.021546144 965 -220 980 -204
person 0.021527408 294 99 319 127
person 0.02146985 983 353 1010 410
person 0.02145944 905 349 972 522
person 0.021454573 437 81 454 98
person 0.021423826 790 59 806 75
person 0.021419931 68 203 109 250
person 0.021419147 830 733 851 800
person 0.021387134 39 338 60 367
person 0.021311084 326 -211 354 -135
person 0.021307046 763 114 782 135
person 0.021299202 194 99 218 128
person 0.021271488 440 689 462 751
person 0.021267276 400 689 423 751
person 0.0212593 782 333 840 415
person 0.021258695 748 112 767 132
person 0.021255823 1014 151 1027 176
person 0.021223754 1014 55 1027 78
person 0.021149542 887 -220 901 -200
person 0.021145128 911 600 921 628
person 0.021132965 553 166 566 186
person 0.02113031 482 93 493 106
person 0.02111691 965 -220 978 -213
person 0.0211078 3 275 16 346
person 0.021105152 338 110 355 127
person 0.021066567 870 733 891 800
person 0.021011893 246 171 272 200
person 0.021009382 651 94 688 156
person 0.020970393 754 -215 769 -165
person 0.020935189 989 89 1020 157
person 0.020893414 760 15 780 51
person 0.020893404 -4 643 13 772
person 0.02088741 451 92 467 109
person 0.02086399 791 733 812 800
person 0.020776507 745 134 764 156
person 0.020760044 589 642 607 691
person 0.02068714 288 322 315 356
person 0.020669276 238 434 277 480
person 0.02062618 704 109 722 130
person 0.020608444 798 714 829 802
person 0.020581484 423 -2 454 73
person 0.020539656 877 60 900 88
person 0.02051848 534 62 550 79
person 0.020508125 54 684 73 749
person 0.020476462 0 340 6 372
person 0.020460678 282 601 296 645
person 0.020407166 236 146 253 167
person 0.020406162 764 134 783 156
person 0.020362698 72 140 102 172
person 0.020359023 627 150 644 172
person 0.020358786 40 428 50 456
person 0.02035038 715 -211 740 -130
person 0.020274244 32 414 55 472
person 0.020266356 637 599 649 644
person 0.020230372 420 133 436 154
person 0.020171192 1014 775 1020 818
person 0.020160027 770 74 782 85
person 0.020128794 752 732 773 801
person 0.020123255 967 80 982 98
person 0.020117233 170 449 193 467
person 0.02006455 870 77 882 87
person 0.020062575 906 154 923 176
person 0.020057237 722 -214 737 -164
person 0.02003803 202 312 242 358
person 0.019997278 828 94 845 111
person 0.019992901 420 97 436 115
person 0.019987402 728 96 746 113
person 0.019968182 851 75 862 86
person 0.019951958 96 698 123 799
person 0.019933911 729 -220 744 -202
person 0.01992213 714 17 734 52
person 0.01992166 851 60 867 76
person 0.019900408 232 26 252 59
person 0.019886564 793 348 873 508
person 0.019885477 75 495 141 664
person 0.019883879 873 690 895 750
person 0.019871105 628 115 644 135
person 0.01983921 1018 34 1024 60
person 0.019745369 0 162 8 222
person 0.019699633 1014 172 1027 197
person 0.019697161 682 -213 696 -164
person 0.019690251 869 58 885 75
person 0.019684235 793 -216 808 -166
person 0.019679725 1012 63 1023 100
person 0.019615337 0 351 14 422
person 0.019592771 218 400 279 485
person 0.019583795 848 94 865 111
person 0.01956927 674 20 683 32
person 0.019544736 322 689 344 751
person 0.01954304 41 407 56 432
person 0.019538185 902 112 918 132
person 0.019524224 433 111 449 129
person 0.019462667 189 292 209 315
person 0.019461306 712 732 733 801
person 0.019460035 3 245 31 332
person 0.019444125 409 61 433 90
person 0.019409921 362 52 387 81
person 0.019408632 679 18 700 53
person 0.019384943 54 467 69 493
person 0.019362433 749 -220 762 -213
person 0.019300602 168 709 199 801
person 0.019256841 214 231 319 372
person 0.019255698 408 196 450 254
person 0.019234119 -4 441 8 468
person 0.019059908 575 15 588 34
person 0.019057522 280 413 302 434
person 0.019052085 913 62 927 78
person 0.01902523 550 276 613 356
person 0.018958986 361 689 384 750
person 0.018929582 949 590 957 607
person 0.018919582 906 -220 921 -201
person 0.018880203 886 92 921 157
person 0.018876437 671 17 686 34
person 0.018875951 586 74 603 93
person 0.018852603 900 183 918 206
person 0.018851561 668 76 677 87
person 0.018850522 101 -145 117 -94
person 0.01883009 334 225 396 308
person 0.01879669 731 97 768 162
person 0.01877065 673 732 694 801
person 0.018760057 677 598 689 643
person 0.018755374 642 -213 656 -165
person 0.018725907 843 152 862 175
person 0.01867735 652 20 662 33
person 0.01866751 754 75 766 86
person 0.018654369 633 52 650 69
person 0.01865161 439 262 517 382
person 0.018638257 9 247 39 304
person 0.018600624 10 229 26 309
person 0.018580329 608 80 624 98
person 0.018560514 747 150 766 172
person 0.018545726 437 56 462 86
person 0.018540585 352 111 369 128
person 0.018523768 833 75 844 86
person 0.018509634 313 389 334 410
person 0.01847649 566 205 591 237
person 0.018469192 301 82 316 99
person 0.018453574 872 61 882 73
person 0.018448608 425 -86 465 35
person 0.018433746 906 -220 919 -213
person 0.018430365 28 479 42 508
person 0.018428009 853 62 864 73
person 0.018423015 165 134 191 162
person 0.018389829 125 600 134 628
person 0.018389631 747 173 785 215
person 0.018368997 844 132 862 154
person 0.018351316 567 173 586 196
person 0.018347995 279 170 305 199
person 0.018317707 439 83 450 95
person 0.018294523 -9 -153 22 -30
person 0.018254153 0 -131 8 -58
person 0.01824573 634 732 655 801
person 0.01823798 950 -172 962 -130
person 0.018237518 710 -220 725 -202
person 0.018209366 394 98 412 116
person 0.018205956 175 161 239 243
person 0.018187782 323 170 351 200
person 0.01818452 151 138 166 157
person 0.018168857 969 603 979 625
person 0.018166484 969 590 976 605
person 0.018156605 692 16 706 33
person 0.0181521 697 139 732 182
person 0.0181511 832 59 848 75
person 0.018143672 446 26 467 60
person 0.018130701 148 412 171 429
person 0.018106388 965 96 981 116
person 0.018077726 210 320 236 345
person 0.018057894 866 93 883 110
person 0.018036889 493 91 530 152
person 0.018024478 37 28 59 65
person 0.017953428 950 603 960 625
person 0.01795018 827 135 845 157
person 0.017908622 596 199 614 219
person 0.017895686 552 151 563 171
person 0.017857041 451 145 483 188
person 0.01784837 594 732 615 801
person 0.017831553 809 58 825 74
person 0.01779512 710 645 723 692
person 0.0177709 846 700 865 766
person 0.017752172 330 174 347 198
person 0.017746238 0 -193 5 -153
person 0.017726548 374 270 451 422
person 0.017708225 50 89 77 126
person 0.017662978 16 266 35 291
person 0.01766206 726 -102 767 53
person 0.017658768 0 -212 5 -175
person 0.017651167 535 22 550 39
person 0.01765101 179 96 202 125
person 0.017623316 1017 580 1023 615
person 0.017591786 421 82 436 98
person 0.017579872 136 399 173 443
person 0.017571252 0 694 12 774
person 0.01756806 427 88 465 150
person 0.01754951 644 165 687 220
person 0.017545762 555 732 576 801
person 0.017544512 408 28 429 62
person 0.017517786 964 703 993 793
person 0.017515194 909 62 937 107
person 0.017512707 937 -93 976 43
person 0.017498512 930 591 937 608
person 0.017484147 188 382 215 404
person 0.017467313 801 -54 856 129
person 0.017453022 507 72 523 103
person 0.017414158 883 16 897 57
person 0.017379906 694 19 703 31
person 0.017355153 926 61 941 78
person 0.017346941 516 732 536 801
person 0.01734668 593 266 691 378
person 0.017340658 251 -208 280 -133
person 0.01733728 909 733 930 801
person 0.017327964 766 307 854 459
person 0.017304815 237 48 260 79
person 0.017300412 886 701 905 767
person 0.01729075 1017 569 1023 583
person 0.017288586 249 425 271 446
person 0.01727028 495 92 507 106
person 0.017255444 457 165 474 189
person 0.017246867 476 732 497 801
person 0.017225761 789 74 800 84
person 0.017225364 786 94 803 111
person 0.017209744 705 135 724 156
person 0.017197168 437 732 458 801
person 0.017196048 397 732 418 801
person 0.017183047 61 -79 82 -19
person 0.017182248 368 26 389 60
person 0.017154682 571 133 589 156
person 0.017140683 807 700 826 766
person 0.017135935 191 91 209 110
person 0.017134836 1019 544 1024 575
person 0.017117852 184 321 216 346
person 0.017102206 792 591 807 643
person 0.017082619 93 479 115 505
person 0.01707953 133 -215 147 -167
person 0.01707487 0 292 20 315
person 0.01704769 822 144 859 186
person 0.017037075 83 660 120 773
person 0.017018702 358 732 379 801
person 0.017009705 204 594 217 644
person 0.017006135 591 169 610 193
person 0.017002866 472 -135 496 -42
person 0.01698188 480 62 495 80
person 0.016977875 217 425 240 445
person 0.016974088 0 449 7 546
person 0.016944928 787 643 802 691
person 0.016940752 689 -85 704 -62
person 0.016892226 1017 750 1023 792
person 0.016890936 509 208 527 228
person 0.01688959 154 441 183 461
person 0.016879119 427 151 444 175
person 0.01685508 797 14 817 51
person 0.016852798 557 167 600 224
person 0.016822344 0 770 8 815
person 0.016803188 774 95 848 225
person 0.016784357 670 -85 685 -60
person 0.016774539 487 111 504 133
person 0.01677023 319 732 340 801
person 0.01675698 161 732 182 801
person 0.016756775 76 75 115 142
person 0.016754096 727 -49 784 130
person 0.016749313 948 166 965 188
person 0.016746879 695 80 707 91
person 0.0167372 602 -214 616 -166
person 0.016715188 876 -188 889 -140
person 0.016699675 0 359 6 394
person 0.016688772 1000 411 1011 421
person 0.016654782 193 412 217 429
person 0.016650504 832 353 858 409
person 0.016613087 564 30 585 62
person 0.016606558 730 55 746 71
person 0.016571414 503 65 512 77
person 0.016566146 808 95 825 112
person 0.01655136 729 -220 742 -213
person 0.016497457 1017 96 1024 109
person 0.016495546 556 370 565 401
person 0.016495252 628 71 644 88
person 0.016431183 99 -203 128 -126
person 0.016429365 -1 323 5 353
person 0.0164273 767 173 786 193
person 0.016408728 568 214 588 234
person 0.01639811 279 732 300 801
person 0.016393034 649 17 665 34
person 0.016387038 633 591 651 654
person 0.016387023 493 31 500 46
person 0.01638454 2 284 28 341
person 0.016383111 122 732 143 801
person 0.016371299 511 643 529 691
person 0.016367283 396 -220 411 -201
person 0.016362814 416 -220 431 -201
person 0.016359769 475 -220 490 -201
person 0.01635864 60 334 79 357
person 0.016356623 199 -220 214 -201
person 0.01635469 786 114 805 136
person 0.016354091 239 -220 253 -201
person 0.016353821 219 -220 234 -201
person 0.016353669 317 -220 332 -201
person 0.016353585 258 -220 273 -201
person 0.016353391 376 -220 391 -201
person 0.016352832 298 -220 313 -201
person 0.016352272 278 -220 293 -201
person 0.016350899 455 -220 470 -201
person 0.016349887 337 -220 352 -201
person 0.0163487 495 -220 509 -201
person 0.016346022 436 -220 450 -201
person 0.016341569 357 -220 372 -201
person 0.016339056 180 -220 194 -201
person 0.016327364 1016 600 1023 633
person 0.016324908 201 732 222 801
person 0.016314855 812 74 823 85
person 0.016307442 44 732 65 801
person 0.01627675 1004 390 1016 403
person 0.01627662 975 438 1001 495
person 0.016264128 514 -220 529 -201
person 0.016260719 243 595 256 642
person 0.016218454 948 733 969 801
person 0.016204916 534 -220 549 -201
person 0.016200243 834 62 845 73
person 0.016193114 792 62 803 72
person 0.01618975 240 732 261 801
person 0.016184244 319 600 337 645
person 0.016174994 94 -62 114 -11
person 0.016161174 160 -220 175 -201
person 0.016129732 651 -85 665 -60
person 0.01612796 631 -85 645 -60
person 0.016123021 605 198 624 218
person 0.016119337 267 187 311 245
person 0.016116418 551 328 567 354
person 0.016108805 1002 404 1010 432
person 0.016099762 426 122 434 134
person 0.016097253 244 714 275 803
person 0.016068332 282 689 304 751
person 0.016065385 962 149 978 171
person 0.01605217 519 203 543 236
person 0.016036663 59 -145 76 -81
person 0.016005017 554 -220 568 -201
person 0.015998034 335 701 351 725
person 0.015993148 352 517 377 544
person 0.015990837 354 701 371 725
person 0.015987378 873 207 901 242
person 0.015972488 827 110 844 130
person 0.015970172 289 65 313 95
person 0.015957009 926 -220 940 -202
person 0.015934743 -1 -168 12 -91
person 0.015921095 575 115 592 137
person 0.015914755 477 156 495 180
person 0.015910437 374 701 390 725
person 0.0159011 768 700 787 767
person 0.01588397 690 -220 705 -202
person 0.015872965 195 348 219 367
person 0.015862688 709 -85 724 -63
person 0.01586091 -1 98 19 154
person 0.015846878 315 701 331 725
person 0.015842529 382 113 392 124
person 0.015837066 664 111 682 131
person 0.015834294 323 173 416 300
person 0.01583179 733 75 745 86
person 0.015816202 0 107 5 137
person 0.01579828 864 132 882 154
person 0.015785445 567 90 585 111
person 0.015782118 902 202 930 237
person 0.015722197 1017 78 1024 91
person 0.015711965 337 -94 393 61
person 0.015703112 174 -208 203 -133
person 0.015692856 -4 211 12 234
person 0.01567903 101 -210 113 -166
person 0.015667731 1007 382 1016 412
person 0.015665649 573 -220 588 -201
person 0.015655315 140 -220 155 -201
person 0.015643034 611 -85 626 -60
person 0.015635824 965 702 983 770
person 0.0156103475 1018 10 1023 39
person 0.015608576 92 453 122 510
person 0.015607279 295 701 312 725
person 0.015599932 726 111 744 130
person 0.015597085 394 701 410 725
person 0.01558102 0 653 8 732
person 0.015575603 888 60 904 77
person 0.015573638 1017 553 1024 564
person 0.015568972 936 65 963 110
person 0.015554464 1014 -146 1023 -88
person 0.015533672 64 -209 75 -165
person 0.01553214 337 131 354 150
person 0.015529026 -4 344 9 369
person 0.015465208 401 716 432 805
person 0.015460016 864 112 882 132
person 0.015455729 807 111 825 132
person 0.015454169 845 113 863 133
person 0.015451724 848 17 863 34
person 0.015434006 629 643 647 692
person 0.015425516 490 133 507 157
person 0.0154015105 0 475 5 512
person 0.015396322 118 -145 136 -95
person 0.015390172 728 700 747 767
person 0.01537821 276 701 292 725
person 0.015376968 892 -205 900 -172
person 0.015375035 0 -42 7 9
person 0.015362138 1016 698 1024 772
person 0.015352944 328 467 349 487
person 0.015298063 851 19 859 32
person 0.015245084 417 151 435 175
person 0.0152089335 552 209 571 229
person 0.0152082415 475 112 491 133
person 0.015207747 437 94 449 105
person 0.015197953 0 -34 4 3
person 0.015196533 713 53 728 70
person 0.015194793 596 21 603 33
person 0.0151889 949 158 966 180
person 0.015181676 378 101 395 118
person 0.01516627 676 464 697 499
person 0.015163921 646 57 663 74
person 0.015153071 537 25 546 38
person 0.015147521 256 701 272 725
person 0.01514442 314 643 332 688
person 0.015143675 530 248 631 389
person 0.015132277 427 132 443 152
person 0.015129847 413 701 430 725
person 0.015115785 142 497 220 661
person 0.015105878 243 689 265 751
person 0.015063117 249 94 257 107
person 0.015059891 167 -216 181 -168
person 0.015014487 594 407 605 436
person 0.015011328 1008 677 1025 744
person 0.014998868 672 592 692 653
person 0.014978022 236 140 254 159
person 0.014963199 480 715 510 806
person 0.0149300555 1007 -220 1026 -162
person 0.014921271 593 -220 608 -201
person 0.0149209555 0 -174 5 -134
person 0.014915287 236 701 253 725
person 0.014901072 398 119 409 131
person 0.014888253 171 171 196 200
person 0.014883157 422 98 433 110
person 0.014870884 121 -220 135 -202
person 0.01486092 841 12 855 53
person 0.014844934 378 381 398 414
person 0.014843561 829 16 843 33
person 0.014842779 245 -216 259 -168
person 0.014826619 568 194 587 214
person 0.014825387 639 -44 698 131
person 0.014819419 397 146 413 171
person 0.0148166 591 -84 606 -60
person 0.014814567 906 134 924 155
person 0.014811653 206 -216 220 -169
person 0.01480731 473 -84 489 -60
person 0.014804368 433 701 450 725
person 0.014795003 128 -94 147 -47
person 0.0147794355 831 18 840 32
person 0.014765597 493 168 504 189
person 0.014739418 83 732 104 802
person 0.0147351185 454 -84 469 -60
person 0.014731104 0 200 20 258
person 0.014720825 993 343 1007 416
person 0.014717623 450 35 466 54
person 0.014703723 884 133 901 155
person 0.014695671 216 701 233 725
person 0.014680366 926 -220 938 -213
person 0.014676697 572 -84 586 -60
person 0.014676462 1016 244 1023 274
person 0.01467353 550 136 567 159
person 0.014671387 0 43 10 101
person 0.01466639 696 430 704 448
person 0.0146635445 352 133 369 152
person 0.014662408 916 -183 931 -131
person 0.0146253705 106 600 115 627
person 0.014623659 322 716 354 805
person 0.014613487 886 114 902 134
person 0.01460982 0 614 8 693
person 0.014598649 885 153 903 175
person 0.014590378 62 -220 77 -203
person 0.014578125 281 385 359 532
person 0.014565855 -3 -222 13 -155
person 0.014562036 808 16 823 33
person 0.01456153 517 63 528 74
person 0.014552651 453 701 469 725
person 0.0145518845 1017 115 1024 128
person 0.014538209 471 643 489 691
person 0.01453478 472 701 489 725
person 0.014524178 197 701 213 725
person 0.014508528 559 716 589 808
person 0.014497706 811 61 822 71
person 0.014497684 541 171 552 193
person 0.014489722 492 701 509 725
person 0.014486958 668 644 686 692
person 0.0144744655 423 84 432 96
person 0.014474138 561 -216 574 -168
person 0.014466929 637 717 667 806
person 0.014461458 157 -142 175 -95
person 0.014451186 5 287 15 317
person 0.014450067 122 266 142 286
person 0.014445978 285 -216 299 -168
person 0.0144411875 236 338 266 373
person 0.014439843 584 342 602 367
person 0.014437861 143 406 165 425
person 0.014431885 355 506 378 529
person 0.014422 612 -220 627 -202
person 0.014419825 795 597 803 627
person 0.014411079 710 -220 723 -213
person 0.014378199 512 701 528 725
person 0.014367783 493 -84 508 -60
person 0.0143375555 892 599 901 630
person 0.014332524 689 700 708 767
person 0.01432766 0 303 20 328
person 0.014326691 945 -220 958 -213
person 0.014319837 240 346 262 367
person 0.01431981 552 -84 567 -60
person 0.01431218 434 -84 449 -60
person 0.014311298 963 17 977 36
person 0.0143052945 813 599 822 628
person 0.014301441 109 303 148 323
person 0.014295024 453 94 465 105
person 0.01429423 650 701 666 725
person 0.014287393 669 701 686 725
person 0.014252735 717 717 747 808
person 0.014245161 317 203 410 354
person 0.014240388 101 -220 116 -202
person 0.014235629 672 -220 686 -202
person 0.014222753 775 -206 783 -172
person 0.014203479 531 700 548 725
person 0.014185662 949 94 959 107
person 0.014185436 811 18 819 32
person 0.014184569 177 701 194 725
person 0.014171868 958 19 972 57
person 0.01417104 317 467 341 486
person 0.0141709205 977 498 1036 680
person 0.01415546 630 701 646 725
person 0.014141501 1014 421 1022 448
person 0.014140097 535 91 546 109
person 0.014124398 945 -220 960 -203
person 0.014113115 789 15 804 33
person 0.014113082 294 131 312 151
person 0.014107211 689 700 706 725
person 0.014091643 1014 36 1027 59
person 0.014090887 946 608 962 659
person 0.014078849 440 594 452 644
person 0.014071941 1016 619 1023 653
person 0.014040267 508 308 524 334
person 0.014035404 551 700 568 725
person 0.0139919715 868 16 882 33
person 0.013976689 767 504 836 664
person 0.013975291 610 700 627 725
person 0.013953809 711 15 725 32
person 0.0139229605 1016 -188 1023 -152
person 0.01392281 226 215 253 246
person 0.013920002 656 73 668 85
person 0.013916074 512 -84 528 -60
person 0.013909336 627 172 645 194
person 0.013907107 586 -94 626 44
person 0.013905668 681 231 777 369
person 0.013896595 559 380 568 409
person 0.013895569 590 700 607 725
person 0.013894445 -1 456 5 493
person 0.013894152 176 85 231 169
person 0.013888162 414 -84 429 -60
person 0.0138852885 475 133 492 156
person 0.013865714 915 16 930 56
person 0.013855033 709 700 725 725
person 0.013847412 62 -36 81 4
person 0.013845701 571 700 587 725
person 0.013834473 532 -84 547 -60
person 0.013825323 632 -220 647 -202
person 0.013823307 915 65 924 76
person 0.013818602 463 447 475 475
person 0.013818005 453 112 469 131
person 0.013815009 163 602 175 629
person 0.013807156 730 15 745 32
person 0.013762707 599 388 607 417
person 0.013758836 872 599 881 630
person 0.013735007 649 700 668 767
person 0.013718745 145 600 154 627
person 0.013712437 355 -84 371 -60
person 0.013711487 870 18 879 32
person 0.013706523 538 363 546 393
person 0.013701549 672 40 687 57
person 0.013701046 121 356 161 403
person 0.013700265 602 207 620 227
person 0.013690263 393 643 411 690
person 0.013687495 657 44 667 56
person 0.01368604 652 -220 667 -202
person 0.013685634 197 -142 214 -95
person 0.013679747 -4 171 10 195
person 0.013677257 324 -216 338 -168
person 0.013650305 313 122 324 133
person 0.013646202 373 134 389 153
person 0.013636546 400 594 413 642
person 0.013631949 -4 481 8 506
person 0.01363136 949 59 964 76
person 0.013601554 397 101 408 112
person 0.013599416 336 -84 351 -60
person 0.013573649 158 700 174 726
person 0.013568262 986 99 1001 120
person 0.013564625 201 123 211 134
person 0.013563559 863 152 882 175
person 0.013559457 655 42 670 58
person 0.013557034 39 394 54 416
person 0.013538745 219 210 244 239
person 0.013525969 884 -43 941 135
person 0.013524945 375 -84 390 -60
person 0.013521701 336 100 353 117
person 0.01351559 46 129 76 160
person 0.01351456 -3 -208 8 -180
person 0.013503459 843 175 861 196
person 0.013491497 460 465 473 494
person 0.013489371 806 189 825 210
person 0.013450395 395 -84 410 -60
person 0.013418397 966 130 974 143
person 0.0133988615 842 365 859 392
person 0.013384232 667 52 684 69
person 0.013357768 49 600 58 626
person 0.013335063 110 292 152 339
person 0.013333438 743 138 782 180
person 0.013321474 797 147 808 167
person 0.013317933 887 16 902 33
person 0.013299375 728 700 745 725
person 0.013293776 943 264 968 288
person 0.013283359 998 -135 1022 -33
person 0.01327889 5 383 52 494
person 0.01327134 613 22 629 39
person 0.013258376 690 110 708 131
person 0.013255047 271 454 292 471
person 0.013244547 -5 326 9 351
person 0.013223438 327 30 348 63
person 0.01321876 629 309 651 337
person 0.013201231 822 419 849 445
person 0.013199107 156 144 254 289
person 0.013198101 35 315 61 369
person 0.013196729 402 356 423 397
person 0.01318625 709 91 720 102
person 0.013176407 22 287 42 311
person 0.013173903 22 303 38 328
person 0.013168306 1009 707 1024 783
person 0.013167488 825 -65 843 -56
person 0.0131319575 0 -55 5 -16
person 0.013123359 241 115 258 133
person 0.013119493 713 17 722 30
person 0.013108841 890 17 898 31
person 0.013098395 476 443 490 473
person 0.013097779 670 55 681 66
person 0.013095524 -2 164 19 223
person 0.013085617 399 600 408 630
person 0.01308494 590 300 610 327
person 0.01306217 726 133 745 153
person 0.013060505 946 310 961 323
person 0.013055521 750 15 765 33
person 0.013037684 850 424 868 448
person 0.013025307 321 175 337 199
person 0.013016539 116 290 142 310
person 0.01301459 -4 187 10 210
person 0.013003986 185 -1 233 96
person 0.012989494 0 -154 5 -114
person 0.012983176 610 700 629 767
person 0.012974268 33 294 51 316
person 0.012974178 925 114 942 134
person 0.012971179 252 154 270 175
person 0.012962538 728 -84 744 -65
person 0.012948179 750 422 776 463
person 0.012920588 1016 -149 1023 -112
person 0.01290964 215 344 238 362
person 0.01290687 800 350 822 394
person 0.012905783 472 270 554 431
person 0.012901647 363 -216 377 -168
person 0.012891303 521 -216 535 -168
person 0.012882678 795 -207 802 -173
person 0.012876294 748 700 765 725
person 0.012846914 1019 525 1024 554
person 0.0128451 837 -187 849 -143
person 0.012839072 656 112 667 124
person 0.012838637 77 100 103 133
person 0.012830294 715 56 725 67
person 0.012800163 1016 -169 1023 -132
person 0.012797198 341 113 351 123
person 0.012789285 162 638 210 742
person 0.012787744 38 94 56 109
person 0.012780486 204 689 226 751
person 0.012779842 667 172 685 194
person 0.012773016 556 404 566 434
person 0.012770299 1017 59 1023 72
person 0.0127555365 -4 265 17 288
person 0.012753495 690 -220 703 -213
person 0.012753111 294 282 316 314
person 0.012752342 -2 331 5 341
person 0.012750092 0 574 5 612
person 0.012747997 942 282 970 308
person 0.012744222 792 17 800 31
person 0.012715229 723 463 746 497
person 0.012712626 54 2 117 136
person 0.012707133 727 -85 743 -75
person 0.012698098 0 260 12 291
person 0.012687705 944 -212 965 -157
person 0.012676523 714 206 745 239
person 0.012652101 689 53 705 69
person 0.012651208 1003 174 1028 226
person 0.012646509 470 207 489 227
person 0.012637462 334 -10 383 96
person 0.012611659 1017 -90 1023 -54
person 0.012608209 674 42 684 55
person 0.01260634 0 498 13 584
person 0.012604108 946 -85 971 19
person 0.012594944 615 24 625 37
person 0.012579677 -4 363 9 390
person 0.0125718005 353 175 370 198
person 0.01256347 844 -65 863 -56
person 0.012555622 277 171 294 194
person 0.012549493 657 405 666 431
person 0.012540674 891 62 901 74
person 0.0125224525 457 62 472 80
person 0.0125159575 690 131 708 151
person 0.012514148 306 121 316 132
person 0.01250917 58 445 74 471
person 0.012503493 290 471 311 488
person 0.012502939 571 700 590 767
person 0.012479301 377 527 397 550
person 0.012476345 -3 -187 8 -160
person 0.012475586 329 499 355 522
person 0.012462921 257 266 281 298
person 0.012455259 768 700 784 725
person 0.012453805 929 64 939 76
person 0.0124210715 805 -65 823 -56
person 0.012415533 813 593 820 608
person 0.0124044 472 18 487 36
person 0.0123959165 0 632 5 672
person 0.012369772 102 -186 114 -134
person 0.012363529 925 701 944 769
person 0.012351953 531 134 548 157
person 0.012347434 239 -142 252 -96
person 0.012340028 951 137 967 158
person 0.012333574 860 241 893 290
person 0.012331402 0 208 8 237
person 0.012324498 275 153 292 174
person 0.012319924 425 200 448 235
person 0.012319902 403 -216 416 -168
person 0.012318422 490 210 510 229
person 0.0123125585 532 700 550 767
person 0.012307845 53 357 79 411
person 0.012304165 77 232 116 281
person 0.012296951 0 594 5 632
person 0.012296825 -4 461 8 487
person 0.012292314 555 375 563 395
person 0.012289222 1017 533 1025 544
person 0.012280664 453 135 470 157
person 0.012279241 536 64 547 76
person 0.012263626 81 -220 96 -203
person 0.012262546 96 302 117 323
person 0.012257528 300 100 317 118
person 0.012257204 674 -187 690 -136
person 0.012225896 138 700 154 726
person 0.012212739 316 -84 331 -60
person 0.012198367 334 153 350 174
person 0.012194557 529 209 548 229
person 0.012163958 769 15 784 32
person 0.012147799 791 414 815 457
person 0.012142136 309 486 331 507
person 0.012140512 205 -92 224 -45
person 0.0121318055 354 565 373 590
person 0.0121281715 638 -188 650 -140
person 0.012107228 751 96 763 106
person 0.012080923 692 55 702 66
person 0.012076673 481 -216 495 -168
person 0.012075991 96 459 122 484
person 0.012066768 1007 640 1025 701
person 0.012056443 646 101 678 144
person 0.012054762 158 465 179 478
person 0.012049715 210 314 230 335
person 0.0120406635 1012 428 1022 440
person 0.012032958 192 122 224 165
person 0.012032141 85 686 127 818
person 0.012028758 344 54 353 68
person 0.012007572 492 700 511 768
person 0.01200139 916 245 949 294
person 0.0119996425 787 699 804 725
person 0.011991189 860 674 926 817
person 0.011972852 996 407 1014 429
person 0.011972098 112 438 145 488
person 0.011961594 56 509 77 585
person 0.01195605 726 152 744 173
person 0.011949776 442 -216 456 -168
person 0.011930727 906 15 921 32
person 0.011923726 707 171 726 192
person 0.011923501 553 41 569 60
person 0.011903363 972 471 998 529
person 0.011883955 389 132 425 175
person 0.0118697975 378 597 388 627
person 0.011868753 314 378 341 412
person 0.01186092 795 -221 822 -144
person 0.011860725 297 150 314 171
person 0.01185187 1016 -129 1023 -93
person 0.011849949 1016 638 1023 673
person 0.0118346205 873 -207 880 -172
person 0.0118251005 291 412 348 499
person 0.011800865 909 17 918 30
person 0.011793876 1012 24 1021 66
person 0.011791326 -4 147 9 171
person 0.011784721 443 472 456 498
person 0.011783316 0 652 5 691
person 0.011783128 453 700 471 768
person 0.011777287 913 657 928 697
person 0.011763754 733 17 741 31
person 0.011762114 0 613 5 652
person 0.011758794 168 -93 187 -45
person 0.011745054 355 113 366 124
person 0.011723118 0 -134 5 -95
person 0.01172203 598 391 605 408
person 0.011717651 755 -206 764 -172
person 0.011710336 432 56 450 75
person 0.011710023 826 -64 844 -48
person 0.011696786 1016 -109 1023 -73
person 0.011669074 74 232 99 240
person 0.011648602 0 749 5 793
person 0.011646132 977 461 1001 482
person 0.011640996 586 -152 612 -57
person 0.011630795 416 173 433 197
person 0.011629069 73 415 97 469
person 0.011628893 0 184 6 213
person 0.011623355 636 392 644 410
person 0.0116232885 328 185 345 209
person 0.0116219185 482 546 496 631
person 0.011618568 363 602 372 634
person 0.0116076805 689 92 700 103
person 0.01160314 1017 136 1023 150
person 0.011601216 280 -85 322 28
person 0.011599079 275 136 292 155
person 0.011586916 186 98 202 117
person 0.011564601 352 547 374 570
person 0.011562743 -5 245 15 271
person 0.011549289 181 302 206 327
person 0.011544403 875 661 916 763
person 0.0115398485 147 670 215 822
person 0.011536755 586 91 603 112
person 0.0115241725 727 639 768 737
person 0.011520024 733 58 743 69
person 0.011515322 630 425 643 455
person 0.011513646 413 700 432 768
person 0.011506706 127 305 155 326
person 0.011503312 910 611 922 658
person 0.011497668 320 156 336 177
person 0.011492077 828 363 848 392
person 0.011489526 629 127 664 171
person 0.0114841815 100 507 118 527
person 0.0114839645 0 -75 5 -36
person 0.01147766 44 713 59 741
person 0.011475308 787 -65 805 -47
person 0.011464207 2 292 16 305
person 0.011463456 779 524 797 549
person 0.011454403 61 95 76 108
person 0.0114477975 651 172 669 194
person 0.011436336 250 440 276 462
person 0.011426862 351 188 367 212
person 0.011413355 75 211 100 220
person 0.011411618 297 447 320 466
person 0.011397598 807 699 824 725
person 0.011394943 873 225 964 367
person 0.011379038 776 597 784 628
person 0.011370448 806 -64 825 -48
person 0.011368808 832 599 841 628
person 0.011362947 290 173 306 195
person 0.011350355 372 152 388 173
person 0.011348471 746 168 766 189
person 0.011341374 0 553 5 594
person 0.01134056 928 623 941 652
person 0.011327139 62 -220 75 -213
person 0.01132425 57 699 75 768
person 0.011316411 599 -189 611 -142
person 0.011307809 632 211 661 242
person 0.011290251 845 -64 864 -47
person 0.0112900585 926 14 940 32
person 0.011288708 251 92 268 110
person 0.011278116 -1 144 5 175
person 0.011271243 698 89 732 131
person 0.011268756 671 -220 684 -213
person 0.011267566 1019 503 1024 531
person 0.011265877 30 556 38 590
person 0.011259696 666 102 675 113
person 0.01125354 483 489 537 679
person 0.011248431 89 687 109 751
person 0.011233836 353 643 372 689
person 0.011232469 374 700 393 768
person 0.011228207 182 602 194 629
person 0.011225508 519 37 535 57
person 0.011209809 928 16 937 30
person 0.011203104 945 110 962 130
person 0.011195317 612 346 630 372
person 0.011195278 281 602 292 630
person 0.011192086 764 343 785 370
person 0.011152634 586 226 607 246
person 0.011143021 687 151 705 172
person 0.011138498 771 142 854 282
person 0.011127196 153 414 168 423
person 0.011111833 145 404 208 495
person 0.011110372 468 -89 509 41
person 0.011088159 518 28 539 60
person 0.011080444 1018 733 1024 773
person 0.011079959 578 18 585 31
person 0.011068615 963 481 991 501
person 0.011058025 277 645 291 686
person 0.011056367 714 -205 726 -173
person 0.011054589 84 103 95 114
person 0.011044924 130 295 153 315
person 0.011042074 82 -74 125 33
person 0.011033643 670 191 689 213
person 0.011015643 56 517 79 542
person 0.011008768 726 175 745 195
person 0.011006889 198 364 224 384
person 0.011006603 431 644 450 691
person 0.011003577 164 689 186 751
person 0.010988191 482 18 509 66
person 0.010979882 956 266 978 290
person 0.010973205 750 682 764 707
person 0.010971917 483 65 491 77
person 0.010964938 643 363 658 389
person 0.010964685 585 109 638 196
person 0.010940867 912 -205 920 -172
person 0.010934187 952 62 961 74
person 0.010933098 734 -205 745 -172
person 0.010921219 827 699 843 725
person 0.01092054 519 541 531 618
person 0.010916848 747 -84 765 -66
person 0.0109158335 576 344 593 372
person 0.010906333 804 147 815 169
person 0.010904292 770 682 784 707
person 0.010903783 75 529 92 553
person 0.010902421 -6 229 11 251
person 0.010898945 139 135 163 164
person 0.010894489 379 167 474 302
person 0.010889701 727 189 746 210
person 0.010885865 730 682 744 707
person 0.010884325 748 249 783 298
person 0.010873001 488 456 500 485
person 0.010871514 474 -220 488 -213
person 0.010869176 396 -220 409 -213
person 0.0108674485 415 -220 429 -213
person 0.010866325 494 -220 507 -213
person 0.010863282 455 -220 468 -213
person 0.010862114 533 348 542 381
person 0.010860551 376 -220 389 -213
person 0.01085924 435 -220 448 -213
person 0.010859194 199 -220 212 -213
person 0.010858215 116 213 152 259
person 0.010856766 317 -220 330 -213
person 0.010856561 238 -220 251 -213
person 0.010856489 219 -220 232 -213
person 0.010856409 179 -220 192 -213
person 0.010856341 258 -220 271 -213
person 0.010856305 297 -220 310 -213
person 0.010855747 278 -220 291 -213
person 0.010854799 337 -220 350 -213
person 0.0108532235 745 -86 764 -75
person 0.010851908 356 -220 370 -213
person 0.010845148 0 671 5 711
person 0.010840434 966 19 973 33
person 0.010839548 256 139 273 157
person 0.010836733 611 81 621 93
person 0.010832423 514 -220 527 -213
person 0.01082634 331 451 353 470
person 0.010818679 708 -85 723 -74
person 0.010807722 814 -207 822 -172
person 0.010800981 533 -220 547 -213
person 0.01079877 0 691 5 730
person 0.010790338 945 -178 965 -119
person 0.010787473 219 120 235 137
person 0.01078703 970 83 979 94
person 0.010784043 -1 315 16 382
person 0.010777423 335 700 353 768
person 0.010773723 475 19 484 33
person 0.010766101 824 646 843 693
person 0.01076107 160 -220 173 -213
person 0.010759395 64 -182 75 -128
person 0.01074892 238 644 252 688
person 0.010731658 630 95 646 113
person 0.010720142 753 462 775 497
person 0.010717846 710 682 725 707
person 0.010715668 342 78 396 164
person 0.010714283 53 56 132 202
person 0.010713222 772 17 780 30
person 0.010705316 490 366 500 396
person 0.010698637 0 168 6 199
person 0.010695069 553 -220 566 -213
person 0.010688875 1016 588 1022 604
person 0.010684208 196 377 240 423
person 0.0106734065 738 502 799 671
person 0.010660605 506 260 533 313
person 0.010657799 784 238 819 286
person 0.010649326 865 -64 883 -47
person 0.010645774 753 17 761 31
person 0.010620958 615 405 626 432
person 0.010613484 279 -142 292 -98
person 0.010607498 651 -220 665 -213
person 0.010606396 184 295 204 318
person 0.010588642 751 335 783 388
person 0.010577997 789 682 803 707
person 0.010574768 436 114 446 125
person 0.010572179 832 242 867 291
person 0.0105602555 428 193 446 216
person 0.010545408 -1 269 13 282
person 0.010542318 0 -10 5 24
person 0.0105378525 43 694 57 723
person 0.010537386 573 402 583 432
person 0.010527497 261 601 273 629
person 0.010525873 68 387 78 400
person 0.010517675 548 480 562 511
person 0.010516187 1017 -7 1023 23
person 0.010513538 211 371 225 381
person 0.010508014 573 -220 586 -213
person 0.01049837 429 171 447 195
person 0.01049616 509 156 526 180
person 0.010494779 494 191 507 205
person 0.010493873 140 -220 153 -213
person 0.010493808 958 488 993 582
person 0.01049116 589 75 601 88
person 0.01048634 234 -146 255 -85
person 0.010481586 650 306 670 333
person 0.01048036 295 700 314 768
person 0.010479891 712 252 749 302
person 0.010476112 112 317 156 367
person 0.010475791 0 -115 5 -75
person 0.0104692 1010 609 1025 652
person 0.010464395 1017 -71 1023 -34
person 0.010463496 755 598 764 629
person 0.01046204 -4 -29 8 -2
person 0.010461053 700 67 731 111
person 0.010449484 653 426 664 453
person 0.010433481 40 484 53 497
person 0.01042914 232 331 254 352
person 0.010414962 887 661 901 688
person 0.010414544 1002 134 1028 184
person 0.010412028 0 10 5 43
person 0.010408933 21 755 35 785
person 0.010408839 573 682 587 708
person 0.01040579 355 151 371 173
person 0.010401441 864 -65 882 -55
person 0.010393145 316 130 325 142
person 0.010386075 403 320 429 350
person 0.010383081 987 -145 1025 -9
person 0.01037972 924 133 941 155
person 0.010368123 0 -95 5 -56
person 0.010365173 1014 12 1027 37
person 0.010355635 951 697 998 810
person 0.010353738 966 122 975 134
person 0.010352131 592 682 606 708
person 0.010351301 553 682 567 708
person 0.010342858 498 385 508 415
person 0.010327193 691 682 705 707
person 0.010315415 28 538 36 575
person 0.010311267 267 0 315 102
person 0.010309438 560 551 572 630
person 0.010304662 15 371 29 396
person 0.010302163 477 -80 503 17
person 0.010299022 612 -220 625 -213
person 0.01029392 256 700 275 768
person 0.010291103 160 682 174 708
person 0.010290327 632 -220 645 -213
person 0.010289011 515 384 525 411
person 0.010287019 -3 697 8 723
person 0.010285694 611 302 631 330
person 0.010275215 944 18 952 32
person 0.010274933 686 171 705 192
person 0.010274361 592 -220 606 -213
person 0.010266145 808 377 863 470
person 0.010257931 242 81 258 99
person 0.01025088 246 639 290 735
person 0.010248234 222 668 293 818
person 0.010248007 852 598 861 629
person 0.010243443 402 586 410 615
person 0.01023303 180 682 194 708
person 0.010213763 -3 -48 13 17
person 0.010203414 337 715 354 741
person 0.010189111 125 -188 137 -140
person 0.010186799 381 104 392 115
person 0.010184485 -1 225 7 253
person 0.010181824 552 90 564 104
person 0.010174685 657 99 670 110
person 0.010165987 854 -207 861 -172
person 0.010164399 376 714 394 741
person 0.010162072 533 682 547 708
person 0.010161736 560 -189 571 -142
person 0.010157947 497 497 510 525
person 0.010156251 77 66 100 87
person 0.010151851 794 604 801 618
person 0.01014798 317 715 335 741
person 0.0101450635 470 303 488 328
person 0.010138491 612 682 626 708
person 0.010136338 693 449 708 473
person 0.010131742 674 207 703 240
person 0.010128194 974 481 1000 502
person 0.010120672 634 -193 652 -129
person 0.010114272 646 643 684 741
person 0.01010949 410 201 437 236
person 0.01010929 395 -130 436 -15
person 0.010106497 140 682 154 708
person 0.010105864 356 715 374 741
person 0.010103531 756 535 785 623
person 0.010084349 468 469 482 497
person 0.010080946 297 715 315 741
person 0.0100771915 199 683 213 708
person 0.010074339 230 442 259 466
person 0.010074015 640 280 731 437
person 0.01007365 635 403 645 428
person 0.010069105 150 438 189 483
person 0.010066143 751 590 761 607
person 0.010063378 149 142 157 155
person 0.010062552 945 287 968 301
person 0.0100577315 435 682 449 708
person 0.010057271 1017 715 1024 751
person 0.010052374 846 699 863 725
person 0.010052184 671 682 685 708
person 0.01004689 401 136 410 149
person 0.010033027 177 700 196 768
person 0.010031184 396 714 413 741
person 0.010018696 120 -220 133 -213
person 0.010017163 217 700 235 768
person 0.010013429 694 429 708 453
person 0.010012574 834 -207 842 -172
person 0.010011123 479 360 489 388
person 0.010009634 455 682 469 708
