person 0.77928483 830 234 861 274
person 0.74860334 1101 153 1118 179
person 0.74787885 828 152 853 187
person 0.747091 910 254 946 305
person 0.7325486 646 186 677 223
person 0.721265 760 227 792 266
person 0.71841675 1124 139 1140 165
person 0.7000859 1012 209 1037 248
person 0.69940776 1020 128 1038 153
person 0.6915386 1117 210 1141 248
person 0.6894616 1033 225 1059 264
person 0.6880043 475 172 502 207
person 0.6855764 714 110 734 137
person 0.6737669 971 121 990 147
person 0.6678778 394 145 419 179
person 0.66731715 871 162 897 196
person 0.664893 947 106 966 131
person 0.6643577 871 105 890 129
person 0.6624012 1129 256 1155 298
person 0.66188985 1060 130 1078 154
person 0.66070354 799 115 818 142
person 0.6563213 373 119 392 147
person 0.6539437 626 122 646 149
person 0.6485291 1162 143 1178 170
person 0.64770156 627 75 645 97
person 0.64674026 219 162 245 196
person 0.6424879 194 149 220 182
person 0.6409058 822 92 840 115
person 0.6399919 774 129 794 159
person 0.63250405 350 127 374 162
person 0.63077337 700 157 729 191
person 0.6262696 480 108 498 132
person 0.6226272 554 117 573 141
person 0.6184785 272 134 292 159
person 0.6162647 1016 274 1045 317
person 0.61410284 921 150 942 179
person 0.6136197 754 82 771 104
person 0.6120193 758 98 776 124
person 0.61068493 1026 176 1047 204
person 0.6098605 667 74 685 97
person 0.6059858 857 124 879 151
person 0.59632206 793 79 811 102
person 0.5953747 1151 203 1174 241
person 0.59141684 679 211 713 250
person 0.577927 946 162 973 198
person 0.57072544 499 95 516 118
person 0.5672156 423 105 441 128
person 0.5661083 325 115 345 142
person 0.5651944 431 129 451 154
person 0.5626582 56 245 98 298
person 0.56089705 1088 178 1107 207
person 0.5590027 683 65 699 86
person 0.55778176 464 98 482 121
person 0.55657727 1050 160 1067 187
person 0.55316335 552 87 570 108
person 0.5459036 902 110 922 134
person 0.536107 320 134 344 168
person 0.52664787 901 117 920 144
person 0.5193225 1160 182 1177 210
person 0.51895726 523 101 541 124
person 0.5174274 591 94 610 116
person 0.51435095 725 71 742 93
person 0.506447 523 140 543 165
person 0.49789762 699 99 718 123
person 0.47142342 395 112 413 135
person 0.46831316 1055 153 1079 182
person 0.46029198 583 93 602 116
person 0.45811257 644 109 663 132
person 0.4511705 728 78 747 102
person 0.43668786 594 90 612 110
person 0.42170244 954 125 973 152
person 0.41831484 509 129 529 154
person 0.4061811 692 85 710 108
person 0.3931904 864 128 884 156
person 0.33531937 800 78 811 98
person 0.3318718 561 61 577 82
person 0.32412487 291 141 311 167
person 0.30627337 140 292 189 356
person 0.29513505 687 224 721 262
person 0.29418573 1045 154 1065 179
person 0.2726163 634 161 662 195
person 0.26928303 527 132 550 157
person 0.2595025 501 92 520 112
person 0.2589178 1074 145 1092 171
person 0.25722104 728 69 739 87
person 0.25302228 544 142 571 173
person 0.2413002 836 118 857 145
person 0.24076116 662 94 681 116
person 0.23176786 475 100 500 130
person 0.23004176 1095 184 1114 213
person 0.21910384 637 87 655 107
person 0.21344733 438 145 466 181
person 0.20627783 1008 263 1050 329
person 0.20107172 732 93 751 117
person 0.20090276 955 162 985 199
person 0.20069715 760 101 788 136
person 0.20058466 624 99 646 123
person 0.19773033 1012 145 1032 171
person 0.19674604 753 79 776 112
person 0.19660607 772 135 798 169
person 0.19118056 540 53 557 74
person 0.1887638 921 121 944 148
person 0.18382315 420 120 442 146
person 0.18113369 787 93 808 118
person 0.17857805 432 107 444 126
person 0.17022146 440 141 461 167
person 0.16854706 460 124 481 148
person 0.16628648 1106 169 1126 196
person 0.16492322 687 146 712 173
person 0.16193551 584 91 597 110
person 0.16072354 563 61 574 77
person 0.15663812 1038 221 1060 249
person 0.15490557 469 89 486 109
person 0.15006815 961 147 984 173
person 0.15003169 547 84 572 114
person 0.14816955 823 223 869 287
person 0.14537784 505 243 538 281
person 0.14403686 455 176 477 202
person 0.14302364 1189 124 1198 151
person 0.14007814 682 67 693 80
person 0.1391348 716 76 742 109
person 0.13732375 685 67 696 81
person 0.13730349 952 144 972 169
person 0.13717951 533 83 553 104
person 0.13412032 1185 236 1198 288
person 0.13349068 43 229 104 313
person 0.13120988 705 153 731 180
person 0.13099612 850 106 871 131
person 0.12942325 504 146 527 172
person 0.1291338 1126 200 1146 228
person 0.12874907 896 142 919 171
person 0.12599069 483 124 506 150
person 0.1259634 1125 269 1152 312
person 0.12527518 189 143 225 190
person 0.125095 494 91 513 111
person 0.12478151 1168 170 1186 197
person 0.12468277 1184 218 1201 247
person 0.12300595 1129 167 1149 195
person 0.121995576 543 55 554 69
person 0.121969596 293 135 313 159
person 0.12180462 740 151 772 187
person 0.12129155 914 111 934 134
person 0.11919757 821 197 853 236
person 0.11905359 260 127 285 158
person 0.11704109 646 117 668 141
person 0.11512803 415 166 437 193
person 0.11502089 868 141 890 167
person 0.113756746 1034 132 1053 155
person 0.1119921 629 69 647 88
person 0.11131349 324 461 343 487
person 0.11069007 468 100 479 114
person 0.11068705 329 118 341 138
person 0.11001124 555 83 567 103
person 0.10923958 572 124 595 147
person 0.108892426 763 226 807 275
person 0.10838042 1184 288 1197 343
person 0.106370606 1121 242 1161 313
person 0.10561138 367 145 388 173
person 0.1053358 1177 187 1194 217
person 0.105186336 411 150 432 176
person 0.10514593 757 82 769 97
person 0.10470651 964 193 994 231
person 0.10443802 994 126 1014 150
person 0.104427814 623 162 652 196
person 0.10365129 1073 273 1101 313
person 0.10255148 669 197 695 224
person 0.09829246 670 77 682 91
person 0.09777934 669 132 692 157
person 0.097427785 503 94 518 106
person 0.09733948 767 117 801 165
person 0.094585314 486 153 509 178
person 0.0945129 795 80 808 95
person 0.09444897 682 197 707 222
person 0.09395616 1074 132 1091 154
person 0.09366157 587 484 642 596
person 0.09256768 1021 184 1042 211
person 0.090893164 17 336 52 396
person 0.090348795 1184 185 1193 218
person 0.08979894 26 442 94 541
person 0.08973286 461 146 483 171
person 0.08943282 598 123 621 147
person 0.08858494 490 44 506 62
person 0.08755874 555 112 569 133
person 0.087116 558 45 576 63
person 0.08686581 938 186 968 222
person 0.08600428 630 77 642 90
person 0.08581176 1062 247 1094 291
person 0.08540862 730 77 746 92
person 0.08467981 672 141 694 165
person 0.084301226 561 48 572 61
person 0.08404436 540 44 556 63
person 0.08376252 567 189 597 222
person 0.08313397 9 273 22 335
person 0.0829886 596 90 609 103
person 0.08227319 676 210 699 238
person 0.08198894 990 171 1011 197
person 0.081948414 502 187 534 223
person 0.080655694 1189 215 1197 250
person 0.08060886 493 46 503 60
person 0.079854175 849 168 872 196
person 0.0798019 434 173 457 197
person 0.07941438 526 103 538 117
person 0.07893384 794 68 810 87
person 0.078771 985 213 1006 241
person 0.078053676 252 170 273 196
person 0.0775414 337 105 356 129
person 0.07705377 112 272 150 325
person 0.07698482 276 139 289 160
person 0.07696136 499 228 546 290
person 0.07555701 1082 169 1114 217
person 0.075153865 492 56 509 78
person 0.07476833 543 47 553 60
person 0.07454016 471 92 483 104
person 0.07453039 640 155 662 179
person 0.073969744 1168 147 1178 161
person 0.07378988 502 98 513 113
person 0.073185824 986 201 1008 226
person 0.07281569 852 150 874 177
person 0.07239328 920 161 940 189
person 0.072330505 73 250 117 303
person 0.071450904 192 161 213 190
person 0.070617825 1018 167 1051 214
person 0.07031841 425 106 438 121
person 0.06965837 839 280 873 318
person 0.06959026 801 110 816 133
person 0.06940309 8 279 34 325
person 0.06920321 1168 363 1206 441
person 0.06908503 687 126 710 150
person 0.06890684 198 155 209 177
person 0.068524554 732 72 742 84
person 0.06817541 805 145 826 172
person 0.06808479 735 126 757 151
person 0.067915305 127 298 196 384
person 0.067892015 1152 166 1183 216
person 0.06768257 225 157 245 181
person 0.067461774 1063 131 1075 146
person 0.06725658 665 170 690 195
person 0.067193344 784 212 817 248
person 0.06664895 986 151 1008 177
person 0.06648766 516 129 552 176
person 0.06641239 695 78 708 102
person 0.06563615 1186 379 1196 447
person 0.065486915 683 218 731 282
person 0.06531621 21 331 38 396
person 0.06522545 553 144 565 165
person 0.06418874 861 125 874 148
person 0.06395151 690 231 714 254
person 0.06296409 1160 178 1173 203
person 0.0627345 496 94 510 107
person 0.062371098 1189 239 1197 274
person 0.062318735 309 278 360 344
person 0.062060054 939 326 980 380
person 0.061351836 769 67 786 87
person 0.06123276 374 113 394 136
person 0.061045997 1183 243 1201 272
person 0.06089703 1174 285 1200 347
person 0.060448013 464 81 489 113
person 0.060354706 878 168 890 192
person 0.060292095 1012 707 1025 754
person 0.060276505 460 51 480 74
person 0.06019459 964 110 982 133
person 0.060176376 617 190 650 226
person 0.06011545 571 64 591 86
person 0.05994861 738 173 761 198
person 0.05916688 1114 133 1132 157
person 0.05884039 227 187 258 221
person 0.05882123 518 58 534 79
person 0.058201943 0 353 14 435
person 0.057525817 2 308 64 407
person 0.057471033 63 245 90 270
person 0.057442527 401 151 413 174
person 0.057426862 326 140 337 162
person 0.05732409 503 172 526 199
person 0.057222776 618 112 653 160
person 0.05711743 778 131 791 154
person 0.056641616 706 102 743 149
person 0.056406446 743 275 788 325
person 0.056304485 639 86 653 101
person 0.056143075 841 241 865 268
person 0.055607077 660 233 695 270
person 0.05544934 13 423 113 564
person 0.055291273 913 257 941 287
person 0.05495955 -5 -310 11 -283
person 0.05467388 264 123 297 170
person 0.054505635 982 282 1014 322
person 0.05436077 788 281 824 319
person 0.054312922 952 336 992 388
person 0.05427529 202 154 215 176
person 0.054244947 256 147 277 172
person 0.05400286 586 97 598 111
person 0.053865988 1008 194 1048 266
person 0.052929208 594 98 607 111
person 0.052707106 464 156 509 224
person 0.05232322 669 195 717 262
person 0.052077815 1185 -309 1197 -254
person 0.052042354 618 148 640 173
person 0.05202893 419 188 449 223
person 0.051860537 338 168 358 197
person 0.051472563 529 78 557 112
person 0.05127238 857 84 874 104
person 0.05118997 886 278 921 317
person 0.051059302 751 198 797 267
person 0.05096616 895 104 928 153
person 0.050614268 425 89 442 110
person 0.05053704 825 93 837 106
person 0.050508503 424 118 458 167
person 0.05043587 1189 254 1196 290
person 0.05018226 1186 332 1197 394
person 0.050174057 1054 220 1076 246
person 0.049391855 384 134 428 203
person 0.049168795 62 -77 92 26
person 0.049128372 919 259 937 299
person 0.048794243 483 103 496 126
person 0.048513137 1148 241 1167 271
person 0.04844853 891 252 933 302
person 0.048308197 -1 -314 7 -282
person 0.04807106 846 262 870 287
person 0.047854424 1157 210 1169 237
person 0.047715977 40 441 63 469
person 0.047655214 1094 185 1106 208
person 0.047574412 850 115 885 163
person 0.047433272 -3 -300 21 -195
person 0.047123566 201 184 233 219
person 0.04710306 899 240 957 322
person 0.047077373 -4 -310 9 -302
person 0.0470551 1056 145 1080 169
person 0.046993706 480 180 499 214
person 0.046824336 323 164 343 192
person 0.046725094 414 36 430 57
person 0.04660542 917 705 941 749
person 0.046572454 43 293 84 348
person 0.046403993 648 63 667 82
person 0.04617269 1173 238 1202 297
person 0.045912553 38 315 81 368
person 0.045385152 47 427 69 451
person 0.04524995 1124 230 1146 260
person 0.045196883 1026 177 1038 200
person 0.045193765 365 110 399 159
person 0.044998072 803 68 820 88
person 0.04463153 338 91 374 177
person 0.044622175 877 188 910 225
person 0.0445407 1189 130 1197 143
person 0.04440176 526 168 547 191
person 0.04437758 964 705 986 750
person 0.044341207 386 187 415 224
person 0.043823145 1165 146 1175 162
person 0.04339611 434 89 452 109
person 0.0433393 332 114 345 134
person 0.043127038 894 192 915 220
person 0.043055285 227 165 238 190
person 0.04301328 632 72 643 83
person 0.04295371 766 142 788 169
person 0.04280353 1021 653 1035 705
person 0.042789977 400 120 413 134
person 0.042542372 1016 264 1040 293
person 0.0424498 482 176 495 199
person 0.042401437 61 199 97 233
person 0.042347576 306 128 351 198
person 0.042149954 15 414 49 480
person 0.042059112 624 193 647 219
person 0.0420175 557 121 570 135
person 0.0419917 501 194 523 219
person 0.041711546 762 218 786 245
person 0.041550007 398 115 410 128
person 0.04144126 390 167 412 196
person 0.041223347 509 376 560 441
person 0.040855523 1077 147 1090 162
person 0.04082821 775 239 800 265
person 0.04055377 876 331 920 382
person 0.040481973 871 705 894 748
person 0.040378142 606 236 641 273
person 0.040197175 737 153 759 178
person 0.04008402 502 121 538 171
person 0.039910804 515 752 541 823
person 0.03985306 761 100 773 116
person 0.039852247 468 753 494 823
person 0.039749686 279 66 295 85
person 0.039475415 295 164 317 190
person 0.03940478 890 76 914 111
person 0.039240427 1126 142 1136 159
person 0.0392189 963 111 997 161
person 0.038891517 1187 740 1197 809
person 0.03872489 736 195 760 218
person 0.038655534 207 144 252 213
person 0.03864534 1153 261 1175 289
person 0.03847809 829 706 844 749
person 0.03847654 561 752 587 823
person 0.038397558 461 44 478 63
person 0.03803031 1161 134 1177 158
person 0.037986603 354 129 367 154
person 0.037834346 712 193 735 218
person 0.037731033 571 150 592 173
person 0.03768164 -6 287 86 453
person 0.0376086 424 753 450 824
person 0.037599877 1061 240 1082 266
person 0.03759454 335 185 366 222
person 0.0375217 896 168 917 194
person 0.03747969 1183 257 1200 287
person 0.037298147 1190 99 1197 129
person 0.03718636 981 247 1013 286
person 0.036929455 129 247 165 286
person 0.03691132 607 753 633 823
person 0.036761243 709 224 733 246
person 0.03675155 1173 -285 1202 -201
person 0.0365344 1110 192 1147 268
person 0.036483508 840 120 852 142
person 0.036162775 572 472 654 631
person 0.036125164 1184 -310 1197 -302
person 0.035990614 274 164 296 189
person 0.035631858 874 106 887 120
person 0.03554694 1185 -267 1196 -205
person 0.035538334 31 218 119 362
person 0.03553204 1025 281 1050 310
person 0.035485778 756 170 779 195
person 0.03533999 229 192 251 216
person 0.03499929 495 57 506 73
person 0.034960803 235 127 254 149
person 0.034815878 1185 62 1196 112
person 0.03476091 1183 -311 1200 -286
person 0.03465684 377 753 403 825
person 0.034509484 -2 -221 19 -93
person 0.034426015 -2 364 26 431
person 0.034359347 282 131 318 179
person 0.034340397 507 -281 539 -194
person 0.0343199 -6 451 66 620
person 0.034292243 1077 135 1089 148
person 0.034279406 774 128 785 151
person 0.034232218 969 210 990 238
person 0.03413006 796 72 807 84
person 0.034080498 1031 264 1052 292
person 0.03407051 563 236 598 272
person 0.034049787 1175 -207 1201 -107
person 0.033991814 434 126 448 146
person 0.03395432 63 747 85 822
person 0.033931974 0 -316 9 -257
person 0.033897564 1046 322 1093 393
person 0.033700977 1058 189 1079 214
person 0.033546425 825 187 849 213
person 0.03353865 1007 244 1030 273
person 0.03348843 902 87 920 108
person 0.033460453 425 71 451 104
person 0.03341797 778 166 800 191
person 0.033407535 1079 213 1100 240
person 0.033316232 1110 724 1138 834
person 0.033279173 942 73 965 108
person 0.033253808 50 38 67 62
person 0.033155754 316 279 347 322
person 0.03313976 57 147 87 179
person 0.033082638 513 126 526 146
person 0.032949887 -1 26 6 63
person 0.0328485 701 98 715 116
person 0.032828156 1109 239 1130 267
person 0.032765355 550 168 572 192
person 0.032713715 50 -311 68 -292
person 0.032532956 709 240 734 263
person 0.032531068 1110 -293 1125 -248
person 0.032524616 474 235 508 273
person 0.03250455 539 137 577 184
person 0.032250382 108 422 130 444
person 0.03217578 323 -281 355 -194
person 0.032134578 647 104 660 124
person 0.032048758 618 219 640 242
person 0.03202361 28 -310 43 -303
person 0.031892665 652 753 679 823
person 0.03185846 520 60 531 74
person 0.03182327 415 -281 446 -194
person 0.03180104 566 235 617 299
person 0.031796485 1053 166 1064 181
person 0.031701505 871 197 891 223
person 0.03166436 274 66 300 99
person 0.031582944 757 196 781 220
person 0.03156261 1175 379 1199 448
person 0.031333994 1164 188 1173 204
person 0.031307016 529 126 549 146
person 0.031286184 89 -96 120 9
person 0.031208882 985 238 1008 264
person 0.031184727 545 106 581 155
person 0.031142931 461 189 482 215
person 0.03101662 930 759 952 805
person 0.030910568 28 -310 46 -292
person 0.030840594 601 65 619 85
person 0.03081137 464 47 475 61
person 0.030701475 834 157 846 181
person 0.030652344 665 98 678 112
person 0.030652022 1123 214 1136 242
person 0.030578317 106 274 209 429
person 0.030546093 905 112 919 125
person 0.030504111 951 107 963 122
person 0.030353134 1186 100 1201 128
person 0.030350763 191 111 219 142
person 0.030336373 385 234 434 300
person 0.030260848 1186 699 1197 760
person 0.03025616 1018 109 1035 130
person 0.03023902 849 188 870 214
person 0.030176947 193 237 246 304
person 0.03010026 1112 753 1133 810
person 0.030026184 955 171 967 197
person 0.029909912 0 3 9 73
person 0.029829629 132 466 154 488
person 0.029781993 879 87 897 108
person 0.02961396 331 753 357 825
person 0.029557912 598 144 621 167
person 0.029392364 652 451 733 640
person 0.029320719 805 191 828 215
person 0.029318873 1012 118 1045 167
person 0.029287225 897 262 923 289
person 0.029283158 598 -282 628 -194
person 0.029283034 626 101 644 115
person 0.029280338 152 107 180 138
person 0.029220385 693 279 739 329
person 0.029159738 976 758 998 806
person 0.029123921 98 -79 131 22
person 0.029008098 1104 152 1115 170
person 0.02896086 1190 73 1197 106
person 0.028958611 741 213 809 293
person 0.028934734 282 68 291 83
person 0.028907234 399 87 417 110
person 0.02873653 418 38 426 54
person 0.028671015 805 241 828 267
person 0.028637663 572 176 593 198
person 0.028617734 803 169 825 195
person 0.02853208 957 126 969 142
person 0.02851686 1185 -221 1196 -159
person 0.02850529 1075 278 1095 305
person 0.02849709 884 650 898 702
person 0.02831622 346 57 363 80
person 0.028227944 975 123 987 139
person 0.028227324 149 200 182 231
person 0.028189974 1173 172 1183 188
person 0.02816494 946 -310 960 -301
person 0.028155506 923 -310 937 -301
person 0.028099544 1186 6 1196 74
person 0.028086364 99 199 133 232
person 0.028070755 786 68 820 119
person 0.028064141 99 156 129 187
person 0.02801596 969 -310 983 -301
person 0.028005727 900 -310 914 -301
person 0.027880974 772 71 782 83
person 0.027829798 651 282 688 320
person 0.027774982 748 70 781 120
person 0.027735634 1174 332 1200 398
person 0.027601924 156 154 186 184
person 0.027597917 1109 671 1124 715
person 0.027571363 973 653 994 706
person 0.0275186 884 759 906 806
person 0.027403137 992 -310 1006 -301
person 0.027370445 877 -310 891 -302
person 0.027369283 1060 327 1090 369
person 0.027232187 250 195 271 219
person 0.027210325 942 286 967 310
person 0.027170757 1077 268 1098 296
person 0.027170131 31 365 69 420
person 0.027091112 232 -283 264 -197
person 0.02705561 943 101 976 152
person 0.026996234 643 166 656 187
person 0.026969645 50 -311 65 -303
person 0.02692232 779 265 802 288
person 0.026894467 387 75 412 109
person 0.026869368 267 133 279 153
person 0.026827209 198 353 275 436
person 0.026819604 1099 187 1110 210
person 0.02679481 1109 -207 1122 -156
person 0.026767978 658 64 693 114
person 0.026742969 1022 129 1035 144
person 0.026668394 277 196 309 234
person 0.026596365 839 160 884 233
person 0.026594218 1081 238 1103 265
person 0.026583377 754 104 794 153
person 0.026545467 526 144 539 158
person 0.026536277 1023 759 1044 811
person 0.026433071 775 221 799 246
person 0.026350593 1149 -310 1164 -303
person 0.026243404 853 -310 868 -302
person 0.026200043 839 320 888 385
person 0.026198704 596 171 617 194
person 0.026166959 1068 -298 1085 -243
person 0.026158491 -5 29 9 59
person 0.026006538 916 247 939 272
person 0.025979796 183 192 206 217
person 0.025978265 576 766 598 842
person 0.02586533 1185 654 1196 713
person 0.025805244 422 123 440 138
person 0.02572074 788 98 805 112
person 0.02561158 581 164 630 231
person 0.025610676 1019 217 1031 242
person 0.02558205 1180 118 1195 160
person 0.025578653 510 254 533 280
person 0.02556187 284 754 311 825
person 0.0255364 848 219 871 244
person 0.02553462 923 -311 939 -285
person 0.025513036 900 -311 916 -286
person 0.025410417 698 753 725 824
person 0.025385229 946 -311 962 -285
person 0.025375215 1014 -310 1028 -302
person 0.025313705 530 766 552 842
person 0.025308894 877 -311 893 -286
person 0.025306169 1065 109 1081 131
person 0.025229406 65 247 86 291
person 0.025169827 969 -311 985 -285
person 0.025107412 815 75 846 125
person 0.025050314 0 442 8 538
person 0.024952767 854 -311 870 -286
person 0.02475076 -3 -120 20 10
person 0.02474707 988 63 1013 101
person 0.024727374 141 312 175 360
person 0.024706122 1186 559 1197 627
person 0.02463239 1029 61 1046 102
person 0.024611043 992 -311 1008 -285
person 0.024601366 897 215 919 241
person 0.024597427 837 759 860 810
person 0.024594486 991 112 1008 133
person 0.024503926 514 -253 543 -159
person 0.024462694 622 766 644 843
person 0.024376046 916 191 940 214
person 0.024372963 339 64 364 98
person 0.024363797 1153 279 1174 307
person 0.024301432 831 -311 847 -287
person 0.024289276 557 803 582 882
person 0.024233852 1017 322 1056 377
person 0.024196867 1183 398 1199 429
person 0.024193592 484 766 506 843
person 0.024170827 511 803 536 882
person 0.024167713 830 -310 845 -302
person 0.024142971 695 606 703 630
person 0.024123074 742 -296 770 -203
person 0.024031432 -4 248 22 289
person 0.0239757 1036 135 1051 148
person 0.023865718 1093 138 1125 191
person 0.023856329 603 803 628 882
person 0.02375389 1074 60 1092 102
person 0.023666201 328 72 380 197
person 0.023641177 465 803 490 882
person 0.023577472 1116 138 1129 151
person 0.023540506 1182 192 1191 208
person 0.023527721 828 220 853 246
person 0.023457622 1110 713 1126 760
person 0.02345282 736 240 759 263
person 0.023448613 459 177 472 199
person 0.023238618 424 341 474 409
person 0.023205927 413 188 434 214
person 0.023195287 1015 -311 1031 -286
person 0.02313724 1189 -47 1196 0
person 0.023132693 649 803 674 883
person 0.023110446 807 -311 824 -288
person 0.023110097 42 458 71 490
person 0.02300771 881 -205 909 -147
person 0.023006056 1040 107 1057 129
person 0.022968125 437 92 451 105
person 0.02295497 915 275 940 302
person 0.022944178 101 419 121 441
person 0.022902869 245 73 271 106
person 0.022879904 971 363 1010 419
person 0.022875277 169 155 188 174
person 0.022872869 1148 -311 1167 -292
person 0.022856265 569 44 587 63
person 0.022806017 1188 394 1196 432
person 0.022690566 9 288 29 316
person 0.022667801 1190 -21 1197 24
person 0.022655135 419 803 444 883
person 0.0226213 987 260 1009 289
person 0.022578703 787 327 830 380
person 0.022560084 120 -230 134 -162
person 0.022453483 600 281 646 332
person 0.022399014 0 -299 9 -212
person 0.022376413 -6 440 10 470
person 0.02235368 147 652 161 696
person 0.022315806 638 222 662 248
person 0.022299916 1110 -256 1125 -204
person 0.02229451 663 -286 693 -196
person 0.022291003 158 487 180 509
person 0.022290915 1068 756 1090 813
person 0.02221223 926 652 949 705
person 0.022145126 439 765 461 843
person 0.022110526 754 263 778 287
person 0.022050489 1188 278 1195 315
person 0.022039972 1037 -310 1051 -302
person 0.022025125 705 165 716 187
person 0.02197324 198 253 231 291
person 0.021948598 695 803 719 883
person 0.02194591 373 803 397 883
person 0.021906143 104 750 127 824
person 0.021866864 807 -310 821 -302
person 0.021861881 893 285 916 308
person 0.021765415 939 156 982 230
person 0.02175176 1027 -302 1052 -242
person 0.021707047 617 160 657 208
person 0.021655524 992 282 1015 309
person 0.02165095 1048 154 1062 170
person 0.02163379 784 -311 801 -289
person 0.02160899 668 766 690 843
person 0.021553619 826 261 852 289
person 0.021521201 918 213 940 240
person 0.021478167 554 34 581 69
person 0.021414056 425 243 457 282
person 0.021382244 -6 266 12 292
person 0.02135783 717 606 726 632
person 0.021334741 560 281 595 322
person 0.021328451 506 243 530 270
person 0.021306956 666 485 724 612
person 0.02126498 329 -254 358 -160
person 0.021202775 603 68 617 81
person 0.021189082 238 754 265 825
person 0.021129442 1037 -311 1054 -287
person 0.021119712 276 78 295 102
person 0.021065328 741 803 765 883
person 0.021033272 158 480 181 499
person 0.021027735 904 121 917 137
person 0.021007465 347 85 366 110
person 0.020997832 558 398 603 478
person 0.020978414 596 196 618 219
person 0.020931236 619 63 655 113
person 0.020925475 -1 715 14 805
person 0.020859065 1129 -311 1146 -292
person 0.02081235 1104 324 1135 370
person 0.02080086 394 34 410 56
person 0.020766556 468 93 505 142
person 0.020742794 284 109 303 132
person 0.020739516 1190 371 1197 410
person 0.02066268 150 -227 161 -167
person 0.020651381 735 97 748 111
person 0.020576961 1188 218 1197 237
person 0.020546963 901 535 916 570
person 0.020535564 275 137 289 150
person 0.02052302 327 803 351 883
person 0.020400895 734 219 757 242
person 0.020346383 924 534 939 570
person 0.020331945 1129 -310 1144 -303
person 0.020323029 1189 2 1196 41
person 0.020227872 0 243 12 299
person 0.02016086 1059 529 1076 565
person 0.020136366 1058 266 1079 293
person 0.020131065 315 256 346 295
person 0.02011712 0 55 7 88
person 0.020111931 302 109 319 130
person 0.020108173 116 140 161 212
person 0.02010087 787 803 811 883
person 0.02008687 1185 610 1196 671
person 0.02004046 23 437 47 470
person 0.020000445 366 166 387 192
person 0.019978676 1033 309 1055 332
person 0.019951386 1173 621 1200 721
person 0.01995002 542 372 595 439
person 0.019924967 671 606 679 629
person 0.019875908 0 0 7 41
person 0.019869534 192 753 218 825
person 0.019855475 1051 119 1084 169
person 0.019845562 1186 853 1193 903
person 0.019812092 971 803 995 883
person 0.019791333 110 395 131 414
person 0.019777974 604 -254 633 -157
person 0.019762307 392 765 414 843
person 0.019692894 482 185 494 207
person 0.019647911 833 803 857 883
person 0.01963665 62 473 87 500
person 0.019598773 925 803 949 883
person 0.019595953 761 -311 778 -289
person 0.019591369 852 109 868 121
person 0.019545987 1017 803 1041 883
person 0.019532783 629 124 643 139
person 0.01949353 423 649 436 699
person 0.019490786 410 32 433 68
person 0.01946555 1058 715 1073 762
person 0.019411923 281 803 305 883
person 0.019403579 879 803 903 883
person 0.01939423 43 395 64 417
person 0.019361548 944 264 968 290
person 0.01934111 0 478 8 585
person 0.01933112 53 247 76 272
person 0.019283326 327 461 339 478
person 0.019251011 467 651 482 703
person 0.019221207 949 86 966 108
person 0.019189473 391 188 414 212
person 0.01918003 1186 -176 1196 -111
person 0.019168856 0 110 11 160
person 0.019026063 515 278 549 317
person 0.01895179 745 757 768 814
person 0.018920498 743 607 751 633
person 0.018902127 485 35 509 70
person 0.018895905 784 -310 799 -302
person 0.018864933 -8 -233 26 -77
person 0.01885898 1189 -89 1197 -47
person 0.01885727 -6 244 12 270
person 0.018838601 648 607 656 628
person 0.018820146 285 645 299 693
person 0.018818712 1060 -311 1076 -289
person 0.01880507 213 134 232 156
person 0.01878346 670 236 694 258
person 0.018766234 1112 68 1136 107
person 0.018699806 435 195 456 218
person 0.0186997 65 452 88 476
person 0.018690988 737 321 781 375
person 0.018690052 -5 58 11 83
person 0.01861359 1186 75 1200 104
person 0.018606992 419 -255 448 -160
person 0.0186061 839 652 851 702
person 0.018586976 779 195 802 218
person 0.018560778 792 757 815 813
person 0.018555367 349 496 371 526
person 0.018531382 1038 529 1056 565
person 0.018520227 235 803 259 883
person 0.018457431 557 11 575 33
person 0.018440446 197 517 228 560
person 0.018396154 663 443 729 551
person 0.01839051 481 209 503 234
person 0.018387308 0 758 14 852
person 0.018386168 555 193 577 216
person 0.018386146 1185 388 1198 481
person 0.018385664 940 213 963 238
person 0.018350895 867 122 882 145
person 0.01832076 839 326 876 366
person 0.018310878 711 67 747 118
person 0.018302921 918 114 931 126
person 0.018292893 596 217 618 241
person 0.01827908 110 768 143 881
person 0.018265557 344 192 365 217
person 0.018249746 147 752 172 825
person 0.018243564 509 16 527 37
person 0.01819048 193 650 207 693
person 0.018182877 533 34 557 68
person 0.018146466 714 766 736 844
person 0.018141586 1027 777 1061 879
person 0.018122673 463 540 481 574
person 0.018116254 159 174 180 197
person 0.01811066 738 -311 756 -290
person 0.01810808 1101 262 1122 290
person 0.018045025 1059 -310 1074 -302
person 0.018041577 295 144 308 159
person 0.018036358 413 703 434 758
person 0.01802248 146 610 160 655
person 0.017995993 1189 556 1197 596
person 0.017992137 189 803 213 883
person 0.017967395 766 606 774 630
person 0.017949997 240 649 253 693
person 0.017840173 1188 301 1195 338
person 0.017809695 996 128 1012 142
person 0.017766438 1184 419 1200 450
person 0.017744558 948 537 962 572
person 0.017731888 0 -279 6 -233
person 0.01771575 872 216 895 241
person 0.0177033 367 704 388 758
person 0.017686855 872 266 895 290
person 0.017653285 0 -302 6 -258
person 0.017639099 30 53 48 78
person 0.017612563 3 144 17 189
person 0.017564429 973 -305 1000 -244
person 0.017528484 964 240 987 265
person 0.017524058 458 700 481 757
person 0.01752381 1062 663 1077 714
person 0.017522374 116 -290 149 -201
person 0.017488824 -1 369 6 404
person 0.01745779 376 122 388 137
person 0.017442968 346 765 368 844
person 0.01742521 193 137 258 233
person 0.017411508 1094 -124 1138 34
person 0.017365003 230 767 250 795
person 0.017318783 1190 -68 1197 -22
person 0.017305478 428 93 439 106
person 0.01729506 834 -210 859 -146
person 0.017267909 253 766 273 794
person 0.017220855 207 767 227 795
person 0.01719886 1104 -112 1132 11
person 0.017194966 1179 738 1198 817
person 0.017162861 143 803 167 884
person 0.017157553 806 72 818 84
person 0.017134627 372 80 412 163
person 0.017115189 572 47 584 61
person 0.01710899 834 -308 864 -221
person 0.017086303 -6 419 11 446
person 0.017071335 276 766 296 794
person 0.017062608 195 781 231 887
person 0.017019754 129 54 154 90
person 0.01699971 44 -94 104 75
person 0.016973833 354 138 367 162
person 0.016970443 542 75 577 123
person 0.016947407 320 314 372 382
person 0.016945317 1126 770 1159 879
person 0.0169098 534 13 551 34
person 0.016903419 1160 169 1174 194
person 0.016891213 -1 436 6 474
person 0.016888926 -6 373 11 400
person 0.016847268 0 847 9 900
person 0.016817115 51 802 76 884
person 0.016801741 1189 823 1196 873
person 0.016783735 778 139 792 160
person 0.016766371 18 418 38 445
person 0.016763384 101 380 133 418
person 0.016750176 781 705 797 750
person 0.016749555 133 454 157 475
person 0.016736243 184 767 204 795
person 0.016718008 967 115 979 126
person 0.016690705 506 216 529 240
person 0.01662968 299 766 319 794
person 0.01661738 526 196 549 217
person 0.016617231 653 -226 664 -170
person 0.016582359 1064 285 1085 311
person 0.016563985 -5 81 12 107
person 0.01654703 462 218 483 243
person 0.016539056 97 571 109 590
person 0.016454773 891 220 970 369
person 0.01644233 896 242 919 268
person 0.016421847 69 132 80 149
person 0.01639239 180 293 221 348
person 0.016387437 1030 171 1044 193
person 0.016386008 322 766 342 794
person 0.01637066 1187 262 1195 277
person 0.016338594 279 -311 296 -288
person 0.01633628 210 -311 227 -288
person 0.016335031 233 -311 250 -288
person 0.016333753 256 -311 273 -288
person 0.016327005 302 -311 319 -288
person 0.016315658 743 36 823 212
person 0.016297601 325 -311 342 -288
person 0.016282799 761 -310 776 -302
person 0.016279737 348 -311 365 -288
person 0.016267354 371 -311 388 -288
person 0.01625952 575 213 597 238
person 0.016241135 394 -311 411 -288
person 0.016236678 1188 245 1197 261
person 0.016228607 371 238 405 279
person 0.016207373 120 445 143 468
person 0.016202796 417 -311 434 -289
person 0.016180253 440 -311 457 -289
person 0.016176661 246 238 277 276
person 0.016159968 187 -311 204 -288
person 0.016159005 1015 530 1032 566
person 0.016155116 463 -311 480 -289
person 0.016113266 292 236 323 273
person 0.016109848 917 305 940 325
person 0.01609884 923 86 940 107
person 0.016090225 486 -311 503 -289
person 0.016081778 709 164 722 186
person 0.01605101 1090 174 1104 196
person 0.016048947 712 29 728 66
person 0.01604772 625 607 633 627
person 0.016017953 1153 -49 1163 -5
person 0.016017044 51 429 65 443
person 0.016014835 371 127 435 223
person 0.015970748 509 -311 526 -289
person 0.015943306 802 262 825 283
person 0.01591942 1101 282 1123 308
person 0.015911447 345 766 365 794
person 0.015893416 697 -255 724 -155
person 0.015884276 532 -311 549 -289
person 0.015883127 365 189 385 214
person 0.01585634 717 101 732 127
person 0.01583645 158 196 178 220
person 0.015832458 72 332 99 355
person 0.015829494 1082 -311 1100 -290
person 0.015827088 763 330 816 396
person 0.015824659 277 244 389 385
person 0.015788585 715 -311 733 -290
person 0.015777519 95 320 136 375
person 0.015775474 1007 311 1033 337
person 0.015754255 929 789 964 891
person 0.01575234 688 258 711 279
person 0.015749568 1063 803 1087 884
person 0.015729757 200 515 223 542
person 0.015709842 218 370 260 424
person 0.015705604 555 -311 572 -289
person 0.01568388 926 -301 953 -237
person 0.015659394 164 -311 181 -289
person 0.015630724 1189 579 1196 619
person 0.015596791 1043 221 1056 245
person 0.015539752 317 451 344 485
person 0.015526744 1015 148 1029 162
person 0.015522634 1186 506 1196 580
person 0.015503146 438 174 453 189
person 0.015451943 758 -84 777 -72
person 0.015440999 1088 108 1105 131
person 0.015421113 368 766 388 794
person 0.015420613 239 -249 267 -152
person 0.015419542 5 198 33 234
person 0.015418385 790 -306 806 -244
person 0.015407166 578 -311 595 -289
person 0.015389637 50 257 78 285
person 0.0153275775 300 765 322 844
person 0.0153265465 443 145 457 160
person 0.015313946 802 120 815 134
person 0.015270986 760 766 782 844
person 0.015218999 1031 185 1045 206
person 0.015217314 942 242 965 266
person 0.015167737 377 650 390 698
person 0.015149044 97 802 121 885
person 0.015148468 1109 803 1133 883
person 0.015143127 512 36 530 55
person 0.015142273 114 398 127 411
person 0.0151027 926 -203 956 -150
person 0.015080056 641 239 665 261
person 0.015062001 924 321 994 404
person 0.015057926 557 651 572 708
person 0.0150548415 696 37 714 60
person 0.015049554 213 33 251 120
person 0.015037932 161 766 180 795
person 0.015028789 752 -303 769 -245
person 0.01501307 618 237 639 261
person 0.014980028 1043 -293 1053 -255
person 0.014966743 0 -257 6 -210
person 0.014947577 923 123 941 138
person 0.0149273975 21 28 55 121
person 0.014913037 1189 26 1196 61
person 0.014900301 84 260 111 286
person 0.014884443 245 532 273 571
person 0.014873658 141 -311 158 -289
person 0.014864514 928 364 968 421
person 0.014845792 607 82 649 160
person 0.014845429 1148 434 1185 523
person 0.014804994 -1 415 6 449
person 0.014782603 705 -302 721 -245
person 0.014778443 601 -311 618 -289
person 0.014770274 0 146 24 182
person 0.01476389 1042 578 1052 617
person 0.014750683 880 -301 906 -236
person 0.014735902 107 108 135 141
person 0.014715755 135 432 159 452
person 0.014704539 515 39 527 53
person 0.0146910185 1188 325 1196 361
person 0.014684352 1185 375 1200 406
person 0.014677752 324 707 340 755
person 0.01467333 1189 533 1196 571
person 0.014662868 184 212 204 236
person 0.01465247 19 399 40 425
person 0.014646661 1187 764 1197 850
person 0.014646564 49 53 70 78
person 0.014601421 72 -311 90 -291
person 0.014582633 780 -85 801 -73
person 0.014577975 1178 -226 1198 -152
person 0.0145580545 58 118 86 153
person 0.014549738 562 784 597 891
person 0.014513452 969 84 986 106
person 0.014486985 724 193 825 345
person 0.014459196 1149 -26 1161 16
person 0.014446908 1082 -310 1097 -302
person 0.014428352 274 194 296 216
person 0.0144226095 990 213 1002 237
person 0.014384932 391 765 411 794
person 0.014383465 324 190 345 213
person 0.01436904 39 144 78 224
person 0.01435821 -5 702 15 846
person 0.01435597 1189 506 1196 542
person 0.014352571 860 87 872 100
person 0.014323479 624 -311 641 -289
person 0.01431236 987 230 1072 379
person 0.014296977 738 -310 753 -302
person 0.014295884 75 -299 88 -246
person 0.0142887905 962 166 979 189
person 0.014283941 858 21 930 214
person 0.014282861 668 443 697 508
person 0.014279673 1177 -310 1200 -243
person 0.0142788 -1 -251 14 -159
person 0.014266053 1120 212 1130 241
person 0.014264867 1188 416 1196 452
person 0.014248428 118 -311 135 -290
person 0.014242831 530 372 626 561
person 0.014187911 693 -311 711 -290
person 0.0141638145 -4 -313 15 -235
person 0.014159913 354 421 372 445
person 0.014151442 228 424 252 443
person 0.014134588 68 382 82 396
person 0.014115942 879 651 901 715
person 0.01411076 849 280 872 304
person 0.014100176 1040 233 1053 257
person 0.014090768 521 257 544 281
person 0.0140515985 852 707 895 818
person 0.014049882 486 86 527 165
person 0.014039971 1188 624 1196 664
person 0.014005602 191 131 210 154
person 0.013938917 789 606 797 630
person 0.013924472 284 786 320 890
person 0.013915315 0 77 7 111
person 0.013909284 -3 0 16 76
person 0.013903346 640 153 749 303
person 0.0138669405 485 15 503 35
person 0.0138662625 70 -226 89 -147
person 0.013863114 525 244 548 269
person 0.013860897 0 640 6 686
person 0.013859581 987 311 1009 334
person 0.01385513 1105 -311 1120 -302
person 0.013836113 700 -226 712 -171
person 0.013823945 962 264 985 289
person 0.013763302 133 269 155 295
person 0.013761347 1189 50 1197 83
person 0.013757819 318 488 342 518
person 0.013749721 1189 -112 1196 -70
person 0.01374837 1105 -311 1123 -291
person 0.013744013 253 766 275 845
person 0.013726121 1188 646 1196 688
person 0.01372432 647 -311 665 -289
person 0.013723545 1065 578 1075 616
person 0.01371368 613 29 639 64
person 0.013709244 -1 263 7 295
person 0.013679618 670 -311 688 -290
person 0.013633583 657 314 711 380
person 0.013621854 697 73 738 159
person 0.01361388 760 -83 778 -60
person 0.013606377 -11 600 30 741
person 0.013594608 1188 600 1196 641
person 0.013593871 4 473 36 582
person 0.013568078 759 -116 824 92
person 0.01353579 159 217 271 363
person 0.013534631 602 601 613 631
person 0.013532072 994 171 1006 194
person 0.013499756 -4 -296 9 -264
person 0.013484721 684 216 705 229
person 0.01347862 512 580 527 663
person 0.013471146 1112 622 1127 670
person 0.013456552 553 -167 580 -135
person 0.013446041 836 -310 853 -241
person 0.013403665 801 201 894 354
person 0.013399467 837 -295 846 -255
person 0.013383244 0 -234 6 -187
person 0.013362614 162 102 182 125
person 0.013358805 603 606 611 627
person 0.01330266 469 785 505 890
person 0.013252744 782 768 804 790
person 0.013249909 414 765 434 794
person 0.013204506 805 769 827 789
person 0.01319943 0 125 7 156
person 0.013194401 1083 535 1098 569
person 0.013190602 469 205 568 358
person 0.013179179 -1 573 6 616
person 0.013174163 1183 283 1200 311
person 0.013149246 828 769 850 789
person 0.013142307 777 125 792 146
person 0.013135765 1187 -135 1196 -62
person 0.013113506 110 67 136 105
person 0.0131014455 297 192 319 215
person 0.013094192 782 -82 802 -62
person 0.013086671 759 768 781 790
person 0.013075731 876 369 917 426
person 0.013075375 485 -106 502 -77
person 0.013061807 418 170 433 185
person 0.013057912 0 617 6 663
person 0.013057462 437 217 457 240
person 0.013041924 475 333 589 476
person 0.013040525 814 -295 824 -255
person 0.013035622 0 594 6 640
person 0.013024871 632 101 672 150
person 0.013005443 1127 768 1148 848
person 0.012998778 1134 424 1190 544
person 0.012986915 1060 -84 1077 -59
person 0.012977683 182 -98 212 12
person 0.012976485 391 263 412 288
person 0.012972443 1180 774 1197 863
person 0.012970337 928 577 937 618
person 0.0129351495 936 18 1011 212
person 0.012932324 812 599 822 635
person 0.0129268775 218 162 233 188
person 0.012914052 906 577 915 617
person 0.01290834 804 220 827 245
person 0.01290104 736 768 758 791
person 0.012897421 1147 -63 1167 15
person 0.012892874 464 14 482 35
person 0.012882726 0 662 6 709
person 0.012869615 789 599 799 636
person 0.0128441565 1109 -163 1121 -109
person 0.012829817 225 395 253 416
person 0.01281571 1031 -103 1079 54
person 0.0128060505 991 200 1003 224
person 0.012791856 989 769 1011 789
person 0.012790128 111 388 132 406
person 0.012789321 172 318 295 469
person 0.012789038 278 704 294 753
person 0.012787046 793 11 810 60
person 0.012785859 254 216 275 239
person 0.012776643 652 193 666 216
person 0.012764066 0 -211 6 -164
person 0.012758028 -13 -142 38 25
person 0.012737786 1106 -215 1126 -148
person 0.012732497 1188 -273 1196 -231
person 0.012730274 204 214 226 236
person 0.01272644 119 -300 132 -247
person 0.012723947 1035 -82 1054 -62
person 0.012720798 920 769 942 789
person 0.012718349 983 515 998 548
person 0.012717906 0 -70 10 9
person 0.0127148945 630 38 647 61
person 0.012677472 1189 349 1196 387
person 0.012673956 207 765 229 844
person 0.012664067 715 -311 730 -302
person 0.01265648 943 769 965 789
person 0.012636063 897 769 919 789
person 0.012635485 53 46 80 86
person 0.0126337735 848 12 864 64
person 0.012632499 966 769 988 789
person 0.012621941 851 769 873 789
person 0.012607764 190 630 204 665
person 0.012607491 635 435 667 500
person 0.01260435 874 769 896 789
person 0.012602554 446 61 464 84
person 0.012600649 462 -106 479 -77
person 0.012597582 122 51 160 142
person 0.012594303 737 -83 755 -58
person 0.012583124 0 685 6 732
person 0.0125746075 67 764 88 845
person 0.012550427 781 279 803 302
person 0.012542889 1115 121 1147 172
person 0.01250553 696 237 709 249
person 0.012492811 1033 -85 1053 -72
person 0.012492294 332 647 345 697
person 0.012487871 719 119 731 134
person 0.012486118 1012 768 1034 791
person 0.01248352 806 766 828 845
person 0.01248322 -4 -272 9 -241
person 0.01248198 -4 4 10 36
person 0.012464789 156 -305 172 -247
person 0.012462786 46 23 69 69
person 0.012457776 1172 413 1200 490
person 0.012453922 1021 -295 1030 -255
person 0.01244524 302 237 322 264
person 0.012418889 1104 661 1127 727
person 0.012393901 871 243 894 267
person 0.012386462 653 783 689 890
person 0.012383814 876 533 894 568
person 0.01236052 14 284 23 319
person 0.012348958 438 764 457 794
person 0.01232747 969 531 985 568
person 0.0123183355 100 399 121 419
person 0.01231758 713 767 734 791
person 0.012314743 389 29 411 66
person 0.012294849 826 153 890 256
person 0.012285056 0 664 9 754
person 0.012271143 95 -311 113 -290
person 0.012265861 348 405 367 427
person 0.012261004 690 146 705 168
person 0.012250671 377 787 412 892
person 0.012248386 0 -188 6 -141
person 0.01224026 504 280 527 303
person 0.012227796 39 380 63 404
person 0.012215473 650 649 667 707
person 0.0122042755 86 247 110 271
person 0.012199447 112 424 126 438
person 0.012173266 53 40 63 56
person 0.012170722 1097 179 1154 282
person 0.012169379 1011 -62 1029 -38
person 0.0121617755 1105 -302 1129 -237
person 0.012161224 991 530 1009 566
person 0.012159748 697 325 740 379
person 0.012154966 181 -92 232 54
person 0.012151222 507 147 525 162
person 0.012135453 69 -176 89 -100
person 0.012132412 892 11 907 67
person 0.012130423 685 450 716 516
person 0.012123504 1015 427 1035 450
person 0.012119787 676 38 693 60
person 0.012107837 923 483 939 515
person 0.012095342 964 150 982 164
person 0.012094454 138 766 157 795
person 0.012074808 1186 -85 1199 -51
person 0.012067369 1061 555 1074 597
person 0.012061469 1068 -293 1101 -210
person 0.012055222 760 15 776 58
person 0.012054081 1189 105 1197 121
person 0.012043415 420 422 439 448
person 0.012032923 110 728 139 848
person 0.01202763 59 585 68 617
person 0.012010327 505 -166 533 -135
person 0.01200761 881 577 890 617
person 0.012000265 214 631 228 664
person 0.011998845 946 398 960 413
person 0.011995228 508 -106 525 -76
person 0.011988003 1188 -135 1196 -93
person 0.011969238 -2 223 17 249
person 0.011957419 1040 11 1051 29
person 0.011957059 1188 -227 1196 -185
person 0.011949191 -1 241 7 272
person 0.0119479075 1163 138 1174 152
person 0.011921979 0 709 6 755
person 0.011921845 988 -62 1006 -38
person 0.011918458 1106 -261 1128 -194
person 0.011902774 886 -264 907 -189
person 0.011901024 659 -303 675 -246
person 0.01190053 118 652 133 704
person 0.011891059 255 171 268 193
person 0.011884506 1105 707 1129 773
person 0.011884466 1019 576 1029 616
person 0.011879684 1113 -98 1159 61
person 0.011876131 944 -106 1010 99
person 0.011871985 860 -295 869 -255
person 0.011864839 1190 803 1197 850
person 0.011861267 509 284 523 298
person 0.011857472 560 14 571 29
person 0.011849815 313 450 348 506
person 0.011844082 186 703 202 750
person 0.0118271 802 -85 824 -73
person 0.0118193 581 600 591 633
person 0.011815871 440 42 459 62
person 0.011815688 195 70 222 104
person 0.011808985 650 -166 661 -113
person 0.011802332 10 18 64 143
person 0.011784061 439 -106 456 -76
person 0.011771313 182 119 276 285
person 0.011763937 1188 -251 1196 -208
person 0.011757592 811 592 819 614
person 0.011754972 1190 79 1196 98
person 0.011752379 746 628 755 661
person 0.011749084 319 265 339 292
person 0.01173085 528 220 551 243
person 0.011729594 0 522 8 625
person 0.011723074 76 653 88 716
person 0.011717021 963 288 986 310
person 0.01170873 1121 14 1136 73
person 0.011700341 462 645 485 717
person 0.01168755 2 306 23 335
person 0.011685352 0 822 6 874
person 0.011675746 163 -106 180 -77
person 0.011673738 296 139 310 152
person 0.01162433 0 -164 6 -118
person 0.011617429 537 16 547 31
person 0.011614998 1178 694 1198 767
person 0.011599128 1188 -181 1196 -139
person 0.011595832 71 -59 92 -1
person 0.011594876 595 238 617 262
person 0.011593007 1012 441 1032 464
person 0.011585583 488 598 499 634
person 0.011562384 690 767 711 792
person 0.01153564 61 429 82 448
person 0.011532868 982 14 996 75
person 0.01153147 397 36 406 53
person 0.011523413 1058 -17 1072 21
person 0.011505291 945 710 988 821
person 0.011503105 307 473 328 495
person 0.011502834 1188 692 1196 734
person 0.011464116 417 744 433 773
person 0.011463532 1037 555 1050 597
person 0.011454247 1112 583 1122 616
person 0.011435155 951 577 960 618
person 0.011432881 1188 -204 1196 -162
person 0.0114260595 1081 -18 1095 21
person 0.01142508 232 426 247 440
person 0.01142284 856 577 866 616
person 0.01141228 922 472 940 501
person 0.011399393 1009 700 1030 765
person 0.011390959 1063 10 1074 28
person 0.011371832 940 13 954 71
person 0.011352912 942 379 955 394
person 0.011347845 489 19 499 34
person 0.011336589 72 -311 87 -303
person 0.011331705 1061 386 1098 444
person 0.011330028 237 192 246 216
person 0.011323908 988 153 1075 305
person 0.011311983 811 586 821 620
person 0.011308251 247 518 267 542
person 0.01130064 1104 -19 1118 20
person 0.01129974 687 212 702 237
person 0.011298201 684 57 744 182
person 0.011295373 736 261 758 282
person 0.011294403 461 764 480 794
person 0.011275554 394 744 410 774
person 0.011260791 80 -101 148 75
person 0.0112300925 1189 783 1197 825
person 0.011227862 64 380 86 400
person 0.011223295 469 279 501 317
person 0.011221448 804 -82 825 -63
person 0.011190513 883 -295 892 -255
person 0.011186362 192 -78 225 28
person 0.0111744525 383 275 414 314
person 0.0111703975 1031 714 1073 847
person 0.01116302 51 780 69 813
person 0.011158679 599 -115 619 -65
person 0.011156069 232 703 248 750
person 0.011155664 26 372 50 400
person 0.011142684 858 -111 922 102
person 0.011134654 693 -311 708 -302
person 0.011122191 50 324 73 349
person 0.011105919 443 44 455 60
person 0.011102421 101 134 166 235
person 0.011097235 1156 102 1173 128
person 0.011091089 370 744 387 774
person 0.011089388 736 -84 753 -71
person 0.011078971 1178 0 1198 76
person 0.011076537 229 -167 257 -135
person 0.011070876 858 60 875 82
person 0.011064848 416 -106 433 -76
person 0.011060237 1035 -16 1050 21
person 0.0110531505 31 462 52 493
person 0.011051197 186 -106 204 -76
person 0.011034902 743 -293 756 -255
person 0.011033871 359 106 451 276
person 0.011033626 785 592 793 615
person 0.011027431 115 126 135 145
person 0.0110240625 757 705 802 816
person 0.011008985 1014 556 1027 600
person 0.011008654 791 -294 801 -255
person 0.011003936 562 522 591 589
person 0.010994328 467 17 478 33
person 0.010982627 114 384 128 401
person 0.010978972 965 -62 984 -38
person 0.010975684 1086 8 1099 31
person 0.010969133 812 606 819 629
person 0.010961842 1097 214 1183 377
person 0.010941089 1080 11 1095 74
person 0.01093948 1185 -41 1199 -7
person 0.010938804 282 102 374 270
person 0.010930573 1017 11 1028 29
person 0.010927026 852 766 874 845
person 0.010917101 1125 425 1144 453
person 0.010909555 503 699 526 757
person 0.0108996695 206 499 229 522
person 0.010884473 646 38 664 60
person 0.01086443 279 -310 294 -302
person 0.010862898 210 -310 225 -302
person 0.010860853 302 -310 317 -302
person 0.010860383 256 -310 271 -302
person 0.010857524 233 -310 248 -302
person 0.010855409 880 585 888 604
person 0.010851923 595 67 656 179
person 0.010848157 420 55 439 79
person 0.010845179 325 -310 340 -302
person 0.010842233 1132 8 1145 31
person 0.0108367065 906 -296 915 -255
person 0.010835398 348 -310 363 -302
person 0.010831065 0 732 6 778
person 0.010829318 1110 604 1121 639
person 0.010826693 371 -310 386 -302
person 0.010816525 87 731 160 915
person 0.010812526 744 788 780 894
person 0.010810175 394 -310 409 -302
person 0.010806352 391 280 412 306
person 0.010795611 1127 370 1160 433
person 0.010790276 667 766 688 792
person 0.010788399 417 -310 432 -302
person 0.010785772 -6 465 10 495
person 0.010774748 998 -296 1007 -255
person 0.010774454 440 -310 455 -302
person 0.010765989 187 -310 202 -302
person 0.010758502 463 -310 478 -302
person 0.010734068 439 743 456 773
person 0.010717247 486 -310 501 -302
person 0.010716336 601 -167 623 -130
person 0.010709362 929 -296 938 -255
person 0.010705058 723 629 733 663
person 0.01069622 0 755 6 800
person 0.010691871 834 61 851 82
person 0.010689557 1110 9 1120 27
person 0.010685452 256 782 276 813
person 0.010684273 675 196 689 219
person 0.0106800245 341 109 353 121
person 0.010658719 1012 -16 1027 21
person 0.010653847 741 593 750 614
person 0.010651832 509 -310 524 -302
person 0.010646156 210 782 230 813
person 0.010628431 180 62 198 85
person 0.010625212 33 431 67 491
person 0.010623644 835 792 871 897
person 0.010622937 59 381 174 555
person 0.010616138 1032 12 1047 77
person 0.010615127 442 126 536 291
person 0.010615117 558 597 568 634
person 0.010607893 954 147 969 161
person 0.010601829 532 -310 547 -302
person 0.010594819 162 765 183 845
person 0.010592789 1036 766 1057 845
person 0.010587948 694 262 706 274
person 0.010582854 71 702 90 762
person 0.010578356 302 -106 318 -75
person 0.01057009 766 -293 779 -255
person 0.010566625 347 744 364 774
person 0.010559398 1011 -82 1032 -64
person 0.01055896 55 471 139 633
person 0.0105489455 279 -106 295 -75
person 0.010548607 1088 604 1100 643
person 0.010547164 972 196 984 219
person 0.010546034 8 195 24 242
person 0.010543691 16 289 36 315
person 0.010538519 512 598 523 635
person 0.010536937 302 782 322 813
person 0.010532599 251 68 263 85
person 0.010530169 0 -209 9 -118
person 0.010528763 165 604 181 638
person 0.010528266 905 586 913 604
person 0.010527194 713 459 780 557
person 0.010525073 1012 -43 1030 -9
person 0.010520263 459 -164 487 -132
person 0.010511187 555 -310 570 -302
person 0.010504563 233 782 253 813
person 0.010503672 670 -311 685 -302
person 0.010503314 0 -18 7 25
person 0.010500326 164 -310 179 -302
person 0.0104971565 279 782 299 813
person 0.010495978 0 -141 6 -95
person 0.010489888 1025 186 1038 208
person 0.010484064 229 213 251 236
person 0.010483154 1029 15 1103 208
person 0.010473513 952 -296 961 -255
person 0.010470939 1187 287 1195 302
person 0.010451376 990 766 1011 844
person 0.010451027 119 601 131 633
person 0.010449366 856 584 864 604
person 0.010438164 1035 -43 1053 -9
person 0.010429326 989 -43 1007 -9
person 0.010428225 117 598 133 660
person 0.010423911 1176 53 1200 118
person 0.010422798 25 829 41 865
person 0.010416392 -1 548 5 593
person 0.010413339 464 147 480 163
person 0.010403428 975 -296 984 -255
person 0.0103790825 417 641 439 714
person 0.010377061 351 406 363 422
person 0.010376791 578 -310 593 -302
person 0.010372541 1066 -293 1076 -254
person 0.01037141 56 596 66 631
person 0.0103563275 360 66 419 183
person 0.010342439 325 -106 341 -75
person 0.01032885 941 -62 961 -39
person 0.010322563 187 782 207 813
person 0.010321965 375 471 401 510
person 0.010310319 1034 -64 1052 -37
person 0.010297817 319 701 344 769
person 0.01029513 550 -119 573 -73
person 0.010285238 391 707 438 817
person 0.010284568 47 399 60 412
person 0.010274206 853 262 865 286
person 0.010273187 139 -107 157 -77
person 0.010272927 944 766 965 844
person 0.01026821 644 766 665 793
person 0.01026214 1133 602 1144 635
person 0.010254965 1187 -104 1196 -18
person 0.010247736 -6 396 14 423
person 0.010235024 325 782 345 813
person 0.01023343 50 759 67 792
person 0.010230533 150 366 162 378
person 0.01022269 744 173 755 197
person 0.010212838 671 169 684 192
person 0.01020154 1059 -44 1076 -9
person 0.010198204 394 -105 410 -76
person 0.010193647 348 782 368 813
person 0.01018242 513 19 523 35
person 0.010180165 624 -310 639 -302
person 0.010178819 926 399 939 414
person 0.010178801 601 -310 616 -302
person 0.010156437 647 -311 662 -302
person 0.010152349 45 446 59 458
person 0.01014993 -4 762 10 792
person 0.010148929 457 281 477 305
person 0.010147488 103 400 116 414
person 0.010144843 836 581 846 618
person 0.010131578 324 745 341 774
person 0.010121636 413 150 430 166
person 0.01012037 1126 -21 1140 20
person 0.010119879 898 766 919 845
person 0.010098252 80 405 157 505
person 0.010097 109 36 167 165
person 0.0100904815 1182 305 1199 334
person 0.010080266 989 -16 1004 21
person 0.01007065 1111 629 1122 663
person 0.010022783 141 -310 156 -302
person 0.010020981 460 239 482 262
person 0.010014218 924 143 939 167
person 0.010010924 195 706 248 822
person 0.010005991 932 -261 955 -191
person 0.01000227 1085 576 1096 613
