person 0.733342 811 133 836 165
person 0.7233146 794 209 830 255
person 0.71861255 558 135 582 162
person 0.71124905 876 138 899 168
person 0.7094662 838 152 865 186
person 0.70929074 751 115 774 144
person 0.70774627 711 48 726 65
person 0.6998937 276 137 294 159
person 0.69755185 697 127 721 156
person 0.6923551 664 106 687 133
person 0.69166756 842 71 857 92
person 0.6911277 649 48 663 66
person 0.6897975 896 200 932 244
person 0.68967324 909 164 936 198
person 0.686034 545 167 574 200
person 0.6725558 618 164 648 198
person 0.67184097 945 81 959 99
person 0.66792154 770 149 798 182
person 0.6630848 185 200 238 268
person 0.6572405 732 176 768 221
person 0.6563136 811 63 826 82
person 0.6532078 792 79 808 99
person 0.653125 588 71 603 90
person 0.6514698 919 72 932 90
person 0.6501074 362 102 378 119
person 0.6453658 527 81 543 100
person 0.6444772 618 69 633 88
person 0.64339876 689 164 719 199
person 0.63491565 677 47 691 65
person 0.6276362 473 79 488 97
person 0.6257077 937 115 954 138
person 0.61840314 750 94 768 116
person 0.6127883 551 80 567 99
person 0.6102209 504 94 521 116
person 0.5936575 894 95 910 117
person 0.5934874 496 159 522 190
person 0.5925693 841 98 858 121
person 0.5919423 430 120 448 143
person 0.5904083 526 104 543 127
person 0.5837605 929 144 953 175
person 0.5755051 612 113 630 135
person 0.5746425 409 93 424 110
person 0.5714774 593 59 607 76
person 0.5651043 387 103 402 121
person 0.55823016 790 99 812 126
person 0.55373037 455 76 470 91
person 0.5535851 884 105 900 127
person 0.5360211 561 56 575 73
person 0.5238592 656 67 672 87
person 0.51719797 944 100 959 119
person 0.50978667 395 144 419 169
person 0.5082238 256 140 273 160
person 0.5065881 879 63 892 83
person 0.49965405 618 93 634 113
person 0.4971345 355 121 372 141
person 0.48458844 614 132 640 161
person 0.4817752 700 96 718 118
person 0.4793179 856 63 870 82
person 0.45192507 525 63 540 79
person 0.4039325 563 89 578 109
person 0.3827131 500 93 516 113
person 0.37396073 606 45 620 62
person 0.3382034 871 78 887 100
person 0.319277 610 50 626 68
person 0.22265755 470 97 487 118
person 0.21570688 526 95 546 120
person 0.203227 687 109 706 131
person 0.15895443 470 107 489 125
person 0.13604718 584 67 608 93
person 0.12536646 445 107 463 126
person 0.102138616 437 103 455 121
person 0.093463816 383 102 406 128
person 0.09310629 368 103 383 121
person 0.09214094 506 80 521 99
person 0.084549636 565 68 581 86
person 0.0844038 524 62 533 77
person 0.08154213 628 48 644 66
person 0.072804675 558 92 582 117
person 0.07055209 254 142 278 168
person 0.06283807 417 112 434 132
person 0.058540948 355 125 378 149
person 0.045573324 717 67 733 86
person 0.037740257 635 102 662 129
person 0.032916903 932 165 958 200
person 0.032272015 448 101 466 122
person 0.032096405 413 84 428 100
person 0.032044873 646 93 664 114
person 0.031522885 874 65 896 91
person 0.026687598 871 87 889 110
person 0.026612937 709 48 731 73
person 0.022315145 837 73 852 92
person 0.02057517 470 77 493 101
person 0.020430487 457 77 467 87
person 0.02036796 651 51 660 62
person 0.0178439 776 159 805 194
person 0.016090626 609 48 617 59
person 0.014754403 564 57 573 70
person 0.014718514 673 47 696 72
person 0.014300157 930 128 950 153
person 0.013870129 759 117 777 141
person 0.013864808 575 112 594 134
person 0.012955633 594 59 605 71
person 0.012701595 629 46 640 61
person 0.012526928 528 65 537 77
person 0.012341911 932 200 960 232
person 0.012186272 921 74 929 87
person 0.012057443 687 58 703 76
person 0.011144482 612 51 623 63
