person 0.76255614 722 98 741 121
person 0.75673956 753 155 778 188
person 0.75015664 848 131 872 162
person 0.7466895 970 99 985 123
person 0.74359024 412 153 438 185
person 0.7294901 800 117 819 142
person 0.7281627 578 157 604 190
person 0.71604073 723 50 738 70
person 0.7059465 874 70 889 91
person 0.7051858 710 77 727 99
person 0.70495266 348 120 366 141
person 0.70388806 696 186 725 222
person 0.703331 492 162 520 194
person 0.70158345 623 184 652 219
person 0.69142926 889 100 906 123
person 0.6861218 679 96 697 119
person 0.68600404 704 60 719 79
person 0.68582386 692 141 717 172
person 0.6820474 387 117 406 140
person 0.68191016 633 113 652 137
person 0.6793449 915 118 932 145
person 0.67332745 777 97 794 120
person 0.666894 40 206 66 246
person 0.6641266 751 71 767 92
person 0.6550158 598 86 615 109
person 0.65106094 820 61 833 79
person 0.64311975 945 68 959 87
person 0.64295334 804 70 819 91
person 0.64188856 905 65 920 84
person 0.64167625 283 151 300 175
person 0.6387114 927 89 943 111
person 0.6371736 452 119 470 141
person 0.6312989 326 121 343 141
person 0.6310256 936 105 952 128
person 0.6208506 628 71 644 91
person 0.60267717 977 147 998 180
person 0.60258615 785 56 800 74
person 0.6008349 700 108 720 132
person 0.59422946 977 83 990 102
person 0.59375536 632 139 657 169
person 0.59190303 555 71 570 90
person 0.58459425 515 99 533 121
person 0.57929885 582 60 596 79
person 0.57418674 671 54 685 73
person 0.5716186 852 71 868 91
person 0.56899756 851 92 873 115
person 0.55346113 555 85 572 107
person 0.5490358 834 92 851 113
person 0.54835516 260 159 277 182
person 0.5479095 425 121 444 143
person 0.5478719 575 78 591 98
person 0.54735446 479 108 498 129
person 0.53452784 513 106 531 129
person 0.5246544 476 128 496 152
person 0.50239015 589 126 609 150
person 0.49872053 565 105 583 128
person 0.474998 496 87 512 106
person 0.47412926 521 82 537 100
person 0.46687835 330 138 349 161
person 0.44683677 837 67 851 87
person 0.44599777 468 79 483 96
person 0.4439321 644 67 661 87
person 0.42647266 773 74 789 94
person 0.42359674 628 50 639 66
person 0.41882163 426 91 442 110
person 0.4077498 28 268 60 323
person 0.40472722 781 72 797 92
person 0.40365943 810 148 835 179
person 0.40310916 500 76 516 95
person 0.40058333 421 125 440 147
person 0.38930938 646 63 661 80
person 0.38187894 605 76 622 97
person 0.37566477 947 87 964 109
person 0.36002117 456 95 474 115
person 0.35611865 351 152 373 175
person 0.34580544 727 127 748 150
person 0.29970235 809 93 828 115
person 0.287748 580 107 602 131
person 0.28479534 587 115 612 146
person 0.2771636 402 104 418 122
person 0.26937687 223 223 249 253
person 0.26017967 360 146 385 174
person 0.2561881 775 62 789 79
person 0.25001317 999 134 1016 159
person 0.24323119 33 200 71 259
person 0.2296969 680 75 699 95
person 0.21667673 903 94 921 116
person 0.21096192 788 57 797 69
person 0.2104885 591 112 612 136
person 0.20810105 570 101 588 123
person 0.1960634 90 184 115 214
person 0.19409233 451 135 471 159
person 0.19399661 502 75 514 88
person 0.19246648 948 70 956 83
person 0.192297 365 140 384 161
person 0.18032801 416 217 456 262
person 0.17988047 774 91 790 123
person 0.17949268 939 72 954 92
person 0.16885896 895 73 913 93
person 0.1677553 722 109 742 133
person 0.16631672 978 127 995 152
person 0.16622539 352 132 374 155
person 0.16538678 426 90 436 106
person 0.16503188 635 89 654 110
person 0.16456388 471 101 491 120
person 0.16437139 838 87 855 118
person 0.16312586 28 274 49 337
person 0.16070507 14 258 68 338
person 0.15906626 411 168 442 199
person 0.15570748 627 88 645 110
person 0.15467437 688 139 709 164
person 0.15359414 470 79 481 91
person 0.14662112 306 159 325 181
person 0.1461549 654 41 668 60
person 0.14382887 625 69 647 97
person 0.14295216 466 80 477 92
person 0.14254063 553 72 575 100
person 0.14198259 688 175 730 231
person 0.14192344 500 77 523 106
person 0.13933991 572 76 594 105
person 0.13851938 704 96 724 119
person 0.1382539 862 92 872 111
person 0.13549876 547 50 561 68
person 0.13364086 979 85 988 98
person 0.13347629 584 61 593 74
person 0.13142084 553 135 580 163
person 0.13022716 541 94 560 115
person 0.12897336 557 72 568 84
person 0.12889262 669 50 691 79
person 0.1283488 578 33 594 53
person 0.12789293 822 63 831 75
person 0.1254214 864 128 891 161
person 0.12524512 260 161 270 180
person 0.12405742 854 71 865 85
person 0.12197955 328 147 349 169
person 0.12094919 561 57 579 75
person 0.12046577 652 40 663 57
person 0.11911161 463 76 485 103
person 0.11806294 825 137 846 162
person 0.117895536 498 109 519 130
person 0.11775833 677 56 687 68
person 0.11753397 908 66 917 78
person 0.11640792 901 60 922 89
person 0.11638917 546 40 560 58
person 0.11529498 741 136 762 159
person 0.11379042 665 73 683 92
person 0.11283542 781 113 800 137
person 0.11200758 210 138 225 155
person 0.111167915 429 93 440 104
person 0.11033475 0 354 9 436
person 0.10798604 320 118 335 136
person 0.10754022 944 107 960 131
person 0.105982415 819 63 828 75
person 0.10576698 806 72 816 85
person 0.10552085 615 171 659 228
person 0.10519269 744 88 764 109
person 0.104537055 674 172 704 206
person 0.10438657 336 169 367 200
person 0.10145146 984 495 1035 613
person 0.101398334 381 116 398 137
person 0.101208 1065 626 1074 691
person 0.09806891 497 133 519 155
person 0.09778828 793 108 824 150
person 0.0964315 257 110 271 126
person 0.09629641 96 184 112 205
person 0.096233375 845 113 865 136
person 0.09595695 778 64 786 76
person 0.09491607 624 139 645 163
person 0.09464997 817 164 846 197
person 0.09431007 236 131 251 147
person 0.09391423 146 337 167 362
person 0.09384423 485 154 528 212
person 0.093198255 837 70 860 99
person 0.09319535 391 136 413 159
person 0.09007439 459 96 472 108
person 0.08846209 962 74 978 106
person 0.0882352 739 119 759 141
person 0.088070944 543 73 561 90
person 0.0876165 313 104 328 120
person 0.08742648 393 153 413 177
person 0.08728816 505 62 520 79
person 0.08727057 38 194 64 228
person 0.086829 694 101 725 144
person 0.086028315 606 63 623 81
person 0.08600263 150 144 166 159
person 0.085734874 499 90 509 102
person 0.08530731 726 52 735 64
person 0.08459257 909 111 937 154
person 0.08433734 776 97 787 116
person 0.084129006 706 61 716 74
person 0.08409275 549 52 559 65
person 0.0840639 976 261 1016 327
person 0.08385776 1064 218 1074 271
person 0.083547264 680 113 701 136
person 0.08300181 606 71 620 88
person 0.08248986 1004 139 1021 163
person 0.08112037 73 352 101 405
person 0.08091167 259 112 268 124
person 0.08036188 548 42 556 55
person 0.079583146 971 106 982 125
person 0.078599684 760 137 782 160
person 0.07812211 804 131 825 155
person 0.07753576 630 72 641 85
person 0.07713301 626 209 658 243
person 0.07681187 665 92 685 114
person 0.07563037 767 109 787 132
person 0.07532042 372 172 403 201
person 0.075220056 87 215 115 249
person 0.07517592 262 167 280 192
person 0.07410963 657 45 666 56
person 0.07373626 425 127 436 145
person 0.07356443 573 136 614 196
person 0.07346114 841 63 857 81
person 0.07341592 581 34 591 48
person 0.0733473 749 59 765 78
person 0.07289241 329 123 340 134
person 0.07285863 22 397 34 465
person 0.07212658 862 110 882 133
person 0.07202758 636 115 648 134
person 0.07182971 12 320 27 402
person 0.07181585 775 73 787 88
person 0.07144803 469 120 503 161
person 0.070872106 941 74 952 85
person 0.07078249 48 377 89 447
person 0.07057902 1068 91 1074 118
person 0.06996356 577 72 588 94
person 0.06980316 950 90 961 104
person 0.06968668 323 133 358 175
person 0.06902095 717 77 730 96
person 0.068754 239 133 248 144
person 0.06859663 624 179 646 203
person 0.0684611 989 116 1007 141
person 0.06829597 754 72 764 86
person 0.06818824 153 146 163 157
person 0.06661381 583 19 597 37
person 0.0665922 720 153 742 175
person 0.066473044 27 263 50 311
person 0.06589823 241 238 270 270
person 0.065503456 523 60 540 78
person 0.06543322 748 158 789 217
person 0.06482417 554 157 574 180
person 0.064725265 276 143 309 186
person 0.064182855 805 549 820 574
person 0.064144336 1068 70 1074 98
person 0.0641334 287 143 304 161
person 0.064043075 72 256 113 317
person 0.063727655 217 126 226 138
person 0.06368933 256 166 273 191
person 0.06362374 213 139 222 151
person 0.063416764 1064 183 1074 228
person 0.063405946 632 174 655 198
person 0.063207366 946 64 958 80
person 0.06319467 285 171 313 201
person 0.06291744 794 167 826 200
person 0.062290806 876 72 886 85
person 0.06219058 468 172 500 204
person 0.061995354 275 141 292 159
person 0.061474502 408 133 448 195
person 0.061410245 1068 110 1074 137
person 0.061356638 404 107 415 118
person 0.06123223 507 65 517 76
person 0.06112069 479 36 493 54
person 0.061090127 438 82 455 99
person 0.06102523 697 177 718 200
person 0.06028166 78 362 95 386
person 0.060208898 985 99 999 120
person 0.059821766 664 213 695 247
person 0.059504963 5 240 83 374
person 0.059372954 78 255 107 294
person 0.059143122 939 59 953 77
person 0.058629476 825 117 845 139
person 0.058271404 404 206 467 277
person 0.057858355 239 248 269 279
person 0.057745464 804 119 815 139
person 0.0577413 748 138 789 196
person 0.057598274 1064 585 1072 658
person 0.05756518 658 118 677 141
person 0.057533517 656 159 678 181
person 0.057317276 659 137 681 160
person 0.057302397 930 91 940 104
person 0.057203382 926 129 944 154
person 0.056688022 514 176 537 199
person 0.05652697 41 499 55 529
person 0.056384094 223 289 253 320
person 0.056024946 316 107 325 118
person 0.055837233 313 140 332 160
person 0.05526084 558 90 569 101
person 0.055215538 186 336 213 362
person 0.055004854 -4 -235 10 -211
person 0.054906454 1064 112 1078 136
person 0.05486027 204 398 228 422
person 0.054147094 419 287 490 364
person 0.05398093 512 131 533 152
person 0.053413767 695 210 727 246
person 0.053339526 355 141 390 183
person 0.05333588 837 92 848 107
person 0.053305805 1063 -234 1074 -185
person 0.053253833 621 157 642 180
person 0.052701402 872 62 887 80
person 0.052600726 585 213 618 247
person 0.052335147 704 110 716 129
person 0.052001126 224 288 244 308
person 0.051869497 480 130 492 149
person 0.05177367 473 154 493 176
person 0.05173911 628 38 644 57
person 0.051636204 1064 92 1077 117
person 0.051405873 182 377 204 402
person 0.051269148 968 167 993 199
person 0.051250674 532 112 553 134
person 0.051244184 1062 134 1074 174
person 0.05110818 450 151 471 172
person 0.050977398 751 167 771 190
person 0.050106835 548 177 580 209
person 0.04994625 482 112 495 123
person 0.04986733 898 60 913 78
person 0.049572844 1068 49 1074 77
person 0.049473602 183 402 207 427
person 0.049372077 158 357 228 430
person 0.049342133 285 370 318 405
person 0.04928023 1064 669 1074 726
person 0.04925445 951 157 969 181
person 0.049146544 685 121 726 179
person 0.04911553 435 151 455 174
person 0.048626207 324 456 347 480
person 0.048466403 1009 147 1027 172
person 0.048322756 -1 -238 6 -210
person 0.048084874 945 133 963 157
person 0.047608383 592 159 613 181
person 0.047318514 380 107 414 149
person 0.047302224 -3 -226 19 -131
person 0.047113035 444 110 477 152
person 0.047058854 -4 -235 8 -228
person 0.047030732 625 105 658 147
person 0.046943314 257 106 266 119
person 0.046564844 513 160 535 181
person 0.04628247 86 180 120 224
person 0.04626408 350 174 371 194
person 0.046115343 239 127 249 138
person 0.0460447 49 516 62 546
person 0.045697406 415 113 449 153
person 0.045601442 635 293 700 368
person 0.045287658 596 177 618 200
person 0.045108657 506 96 539 138
person 0.04480002 535 134 556 157
person 0.04455107 322 120 333 132
person 0.044462103 1057 223 1076 263
person 0.044458915 980 376 1054 573
person 0.044420056 863 193 892 226
person 0.04441726 340 110 374 152
person 0.0443876 233 379 253 403
person 0.04418723 594 128 605 148
person 0.044057213 251 150 285 193
person 0.04399224 1063 132 1078 157
person 0.04394098 564 37 581 57
person 0.04336376 79 373 96 400
person 0.043120172 458 213 490 245
person 0.04293695 841 158 862 183
person 0.04287184 545 213 577 245
person 0.042597283 433 176 454 198
person 0.04249748 246 139 263 157
person 0.042448297 73 507 86 535
person 0.042118054 586 21 594 34
person 0.041853607 1062 101 1074 139
person 0.04172318 423 73 447 102
person 0.041701857 1057 186 1077 222
person 0.041451015 113 164 128 182
person 0.041434918 781 157 802 180
person 0.041372404 883 129 903 152
person 0.041254718 215 124 230 139
person 0.041036792 673 87 705 130
person 0.04077388 882 92 912 137
person 0.040547702 141 327 162 348
person 0.040470716 159 347 180 368
person 0.040437832 223 253 297 324
person 0.04043747 294 363 314 384
person 0.0399634 980 332 1062 489
person 0.03991366 535 158 556 179
person 0.03989725 182 366 207 388
person 0.039830387 891 106 903 125
person 0.03972964 457 56 474 75
person 0.03966361 1053 -142 1078 -57
person 0.039612383 467 281 531 362
person 0.039331406 1068 130 1074 158
person 0.03923828 1064 72 1077 96
person 0.038632397 180 179 205 205
person 0.038624756 996 360 1053 463
person 0.038596116 982 219 1011 257
person 0.0384846 370 179 390 198
person 0.038380608 681 174 703 197
person 0.038361393 333 133 346 152
person 0.03822991 987 170 1006 194
person 0.03821113 911 178 940 213
person 0.038067557 73 289 105 340
person 0.038061563 783 132 803 156
person 0.038009454 -1 581 18 704
person 0.038002245 557 96 589 139
person 0.03793525 897 74 910 87
person 0.03787117 983 204 1022 270
person 0.037729513 1062 -235 1074 -228
person 0.037609644 421 81 437 100
person 0.037579186 792 718 815 782
person 0.0374312 306 172 326 194
person 0.03725476 766 87 797 131
person 0.037141766 263 337 286 355
person 0.03681048 148 351 170 379
person 0.03657054 1061 -236 1076 -213
person 0.036518775 472 95 490 111
person 0.03647392 379 101 395 118
person 0.036407635 749 621 763 674
person 0.036309145 160 358 185 383
person 0.036280077 97 359 115 383
person 0.036242317 751 718 774 782
person 0.036044497 19 215 44 256
person 0.035940785 865 157 884 180
person 0.035927948 1063 -197 1073 -141
person 0.035899166 212 206 259 264
person 0.03589761 1051 -213 1079 -136
person 0.035791647 1067 29 1074 58
person 0.03576516 -3 -153 16 -40
person 0.03563774 62 213 85 238
person 0.035579666 333 478 358 503
person 0.035533626 972 89 983 116
person 0.035358876 750 62 763 73
person 0.035339206 179 231 207 260
person 0.035160307 844 67 855 78
person 0.035116505 315 498 349 547
person 0.035007585 367 150 378 170
person 0.034992833 833 718 856 782
person 0.034805726 482 38 490 52
person 0.034764625 179 309 220 354
person 0.034730446 884 152 904 176
person 0.034531187 0 -240 8 -187
person 0.034474988 143 332 246 470
person 0.034007743 792 213 831 259
person 0.03400566 941 62 951 74
person 0.033980872 0 142 9 183
person 0.033928614 268 50 291 81
person 0.03390691 601 90 612 103
person 0.03389595 0 109 6 139
person 0.0338425 748 210 781 245
person 0.033783324 351 121 363 133
person 0.03372012 962 91 991 136
person 0.033562448 481 62 498 79
person 0.033513542 988 80 1003 98
person 0.0334324 473 177 495 198
person 0.0333761 1065 705 1074 768
person 0.033342417 993 698 1021 789
person 0.033326767 326 444 346 467
person 0.033249117 193 276 266 348
person 0.033247508 -4 435 22 533
person 0.033225354 996 -220 1009 -179
person 0.033190325 -5 155 9 180
person 0.03318247 262 318 287 338
person 0.033044174 263 160 275 173
person 0.033033017 307 110 333 137
person 0.032961972 409 171 431 196
person 0.032937866 355 101 371 119
person 0.032927833 216 187 243 216
person 0.032705504 45 -235 61 -219
person 0.032510582 450 175 471 194
person 0.032505512 355 154 369 167
person 0.032304287 123 180 150 207
person 0.032233097 201 389 222 408
person 0.03221085 660 256 700 304
person 0.03218212 1063 541 1071 622
person 0.032120276 267 116 284 133
person 0.032104775 1006 479 1034 502
person 0.031979322 25 -235 39 -229
person 0.03195154 982 128 992 149
person 0.031792283 195 390 239 434
person 0.0317012 953 172 973 196
person 0.031691574 140 332 174 381
person 0.031559486 518 93 531 114
person 0.031421777 595 110 609 130
person 0.031407487 322 506 345 531
person 0.03136268 46 502 89 621
person 0.03124664 369 529 392 554
person 0.03123332 198 302 218 323
person 0.031184386 153 349 204 397
person 0.031173369 954 640 967 689
person 0.031123688 1002 499 1036 521
person 0.031029724 724 42 739 61
person 0.030916132 500 14 514 32
person 0.030907536 329 173 350 192
person 0.03089096 25 -235 41 -219
person 0.030829946 606 38 622 57
person 0.030741664 428 118 441 135
person 0.030551728 266 106 276 119
person 0.03050993 142 151 162 170
person 0.030453613 939 110 949 123
person 0.0302966 56 713 76 781
person 0.030199172 289 375 312 398
person 0.03018528 283 343 303 361
person 0.030029254 483 64 495 77
person 0.029965417 712 69 724 94
person 0.029722068 829 170 871 231
person 0.029596578 591 128 601 148
person 0.029555831 840 124 881 185
person 0.029546058 178 257 209 288
person 0.02950075 854 135 866 156
person 0.029431574 224 401 248 422
person 0.029307785 177 366 269 531
person 0.029268507 370 226 403 257
person 0.02911897 630 40 641 53
person 0.028997239 61 483 75 511
person 0.028937066 892 356 951 448
person 0.028807988 310 467 335 491
person 0.028755154 -5 200 10 225
person 0.028650617 140 143 167 171
person 0.028621677 540 34 562 64
person 0.02851923 1064 248 1073 310
person 0.028515948 0 439 8 518
person 0.028515123 251 -86 297 52
person 0.028511832 306 476 331 502
person 0.028470537 348 499 368 521
person 0.028404104 175 367 213 416
person 0.028397547 783 670 799 720
person 0.028347692 991 133 1022 179
person 0.028325621 731 129 744 148
person 0.028291125 286 154 298 167
person 0.028268134 353 523 376 545
person 0.028239457 424 115 437 133
person 0.028198417 616 281 683 360
person 0.028136762 367 538 389 565
person 0.028110832 961 127 999 188
person 0.027915455 202 423 228 446
person 0.027838022 249 336 270 354
person 0.027831396 1064 50 1077 75
person 0.027782205 41 324 68 385
person 0.027721182 874 719 898 782
person 0.027713044 640 142 652 161
person 0.027671855 1063 217 1078 244
person 0.027651606 344 490 364 512
person 0.027475333 377 63 401 93
person 0.027475175 296 116 311 131
person 0.027456973 1008 119 1024 141
person 0.027440416 959 -225 975 -175
person 0.02738609 455 112 468 134
person 0.027346225 807 -235 820 -227
person 0.027329626 828 -235 840 -227
person 0.027304983 25 343 112 466
person 0.027268142 292 211 322 242
person 0.027239546 187 317 211 341
person 0.027215853 345 53 370 82
person 0.02714357 235 328 356 465
person 0.027139414 233 382 267 412
person 0.027129797 848 -235 861 -227
person 0.027111627 251 316 277 337
person 0.027102018 475 479 491 508
person 0.027055943 398 258 510 388
person 0.027042797 341 242 416 314
person 0.0270061 254 104 270 120
person 0.027000768 890 -235 902 -227
person 0.027000412 343 162 390 219
person 0.026979418 869 -235 882 -227
person 0.026958417 45 184 63 206
person 0.026957134 45 -235 59 -229
person 0.026915858 213 139 239 166
person 0.026915109 1062 233 1077 260
person 0.0269098 725 196 746 218
person 0.026821531 1031 -235 1044 -229
person 0.02672263 821 677 841 723
person 0.026652321 685 39 701 58
person 0.026547285 55 203 73 225
person 0.026501749 0 128 6 155
person 0.026311107 165 373 187 400
person 0.02628746 97 -64 126 30
person 0.026221273 14 175 92 307
person 0.026139146 504 32 519 51
person 0.025975503 942 170 984 230
person 0.025948228 260 356 337 427
person 0.02587936 1062 61 1073 99
person 0.025842037 786 -235 799 -227
person 0.025778588 910 -235 923 -227
person 0.025774797 53 136 79 165
person 0.025721535 501 212 533 245
person 0.02565727 940 378 1013 551
person 0.025654342 -3 112 10 136
person 0.02559646 981 151 992 173
person 0.025507119 233 99 246 115
person 0.025438253 491 194 513 213
person 0.025430216 324 425 342 446
person 0.025398415 244 420 278 452
person 0.02525611 1068 504 1074 532
person 0.02521147 985 150 1000 172
person 0.025197545 436 379 452 403
person 0.025185287 807 -236 821 -213
person 0.025180867 806 173 827 195
person 0.02516493 0 152 5 183
person 0.025083818 439 383 448 397
person 0.024981592 1015 461 1036 485
person 0.024953274 787 -236 801 -214
person 0.024944313 1015 98 1030 118
person 0.024942955 475 29 496 62
person 0.024904823 334 216 365 247
person 0.024825938 -4 670 13 801
person 0.024729421 828 -236 842 -213
person 0.02472886 552 173 573 195
person 0.024705052 779 90 792 113
person 0.024703715 870 209 902 246
person 0.02468504 743 671 758 721
person 0.024668062 704 66 734 110
person 0.02463577 191 346 225 378
person 0.024599021 434 362 447 376
person 0.02447132 277 144 290 155
person 0.024437284 565 20 581 38
person 0.024414005 390 113 403 131
person 0.024354864 707 38 722 58
person 0.024342898 -4 175 15 208
person 0.02429594 94 695 121 806
person 0.024242247 960 241 1033 381
person 0.024236636 709 719 733 783
person 0.024145816 0 470 7 566
person 0.024145517 849 -236 863 -212
person 0.024142614 388 174 408 194
person 0.024060113 910 627 923 677
person 0.024008332 766 -236 780 -214
person 0.023993889 -4 129 9 153
person 0.023974758 227 369 247 389
person 0.023967702 608 41 619 54
person 0.023959486 248 102 274 130
person 0.023937512 58 336 117 418
person 0.02391267 440 85 452 96
person 0.023875108 300 62 325 92
person 0.023854617 97 347 116 368
person 0.02383511 116 87 155 152
person 0.02382488 386 564 404 592
person 0.023823736 870 -236 883 -212
person 0.023812627 301 465 339 512
person 0.023782933 890 -236 904 -212
person 0.023776194 198 367 219 387
person 0.023768213 -5 220 11 245
person 0.023756241 919 126 930 147
person 0.023611648 420 248 459 296
person 0.023567688 17 218 36 243
person 0.023563908 874 66 884 76
person 0.0235391 679 198 700 221
person 0.023512201 1030 -236 1046 -219
person 0.023454279 765 -235 778 -228
person 0.023452446 -1 175 9 213
person 0.023232494 1064 -156 1073 -99
person 0.023168974 638 217 659 236
person 0.023137202 742 247 788 308
person 0.023094157 987 105 1003 139
person 0.023054248 459 58 471 71
person 0.023046225 384 288 480 432
person 0.023012187 238 297 261 319
person 0.023002524 828 211 862 249
person 0.02293919 0 -225 8 -148
person 0.022901947 401 406 417 430
person 0.022892773 911 -236 925 -213
person 0.022890735 1067 76 1074 90
person 0.022825934 668 718 691 783
person 0.02280222 379 448 398 472
person 0.022753976 127 221 155 250
person 0.022699412 657 178 678 199
person 0.022692017 502 616 515 671
person 0.02267735 930 -235 943 -228
person 0.022669332 824 357 907 525
person 0.02264371 638 34 661 64
person 0.022639597 132 418 149 444
person 0.022620965 996 -186 1009 -141
person 0.022608561 900 64 910 75
person 0.02259973 721 180 743 199
person 0.022598889 259 -226 288 -146
person 0.022580354 994 405 1050 534
person 0.022558507 745 -236 760 -215
person 0.022531064 421 374 434 388
person 0.02250582 418 370 437 392
person 0.022468995 697 222 718 243
person 0.02244482 1067 214 1074 246
person 0.022365453 928 156 946 180
person 0.022306882 331 594 345 609
person 0.022259975 923 736 955 827
person 0.022254812 633 113 643 133
person 0.022251572 568 109 579 123
person 0.022213032 206 233 315 366
person 0.022200635 420 377 436 400
person 0.02219636 321 517 344 540
person 0.02219162 172 141 198 168
person 0.022168754 924 -230 941 -175
person 0.022153119 544 613 557 676
person 0.022091156 1049 -75 1076 8
person 0.022080163 423 380 432 394
person 0.02201707 252 419 272 440
person 0.022011064 188 79 228 147
person 0.021974033 377 569 397 593
person 0.021968879 -3 143 15 176
person 0.02193088 682 93 694 110
person 0.021929797 880 336 964 476
person 0.021915441 1068 485 1074 514
person 0.021825548 225 158 243 176
person 0.021730319 1066 231 1073 262
person 0.02166995 1064 31 1077 56
person 0.02158783 905 91 920 109
person 0.021560743 248 141 261 152
person 0.021529302 192 306 214 328
person 0.021514164 1012 -236 1028 -219
person 0.02148212 289 146 302 155
person 0.021461988 871 764 893 835
person 0.021455102 -1 330 4 366
person 0.0214052 998 718 1017 769
person 0.021390216 58 524 73 553
person 0.021380398 260 409 369 559
person 0.021374112 81 364 93 376
person 0.021369843 830 764 852 835
person 0.02135222 218 421 241 442
person 0.021337723 97 148 124 179
person 0.021234091 783 177 804 199
person 0.02122616 211 103 223 118
person 0.021221714 931 -236 945 -214
person 0.021201048 65 240 85 263
person 0.021131711 1063 507 1079 528
person 0.021055434 1013 -235 1026 -228
person 0.021030199 0 453 5 492
person 0.02098278 69 358 88 383
person 0.020950483 912 764 934 835
person 0.020950172 474 193 495 214
person 0.020940153 56 378 72 405
person 0.020867005 788 763 810 835
person 0.020807153 597 197 618 220
person 0.02076185 1068 582 1073 617
person 0.020753892 639 147 650 167
person 0.02074242 1067 54 1073 69
person 0.02072783 978 55 989 73
person 0.020702342 991 83 1002 93
person 0.020691052 503 16 511 29
person 0.020655146 85 394 103 421
person 0.020648355 582 611 600 680
person 0.020626735 1063 153 1078 179
person 0.02062005 663 149 752 288
person 0.020600876 548 132 585 174
person 0.020569313 1067 96 1074 110
person 0.020565145 455 262 544 386
person 0.020555457 395 426 412 451
person 0.020536015 383 119 396 130
person 0.020514274 125 159 144 177
person 0.02050186 1067 7 1073 38
person 0.020480853 958 720 978 772
person 0.020453762 709 620 722 671
person 0.020450499 905 151 924 175
person 0.020419253 353 133 371 147
person 0.020410994 914 210 944 244
person 0.020394037 334 116 376 183
person 0.020355199 658 198 679 218
person 0.020354478 509 37 526 56
person 0.020345375 477 18 493 35
person 0.020339929 724 -236 739 -216
person 0.02029358 745 -235 758 -228
person 0.02027791 917 721 937 773
person 0.020255268 829 89 863 132
person 0.020221256 958 260 1004 325
person 0.020204779 1064 808 1070 854
person 0.02012939 837 357 899 445
person 0.02011682 1068 563 1074 596
person 0.020106858 747 763 769 835
person 0.020093057 0 684 13 765
person 0.02006021 533 177 554 199
person 0.020058176 0 413 5 451
person 0.020020213 572 94 587 117
person 0.020006297 627 718 649 784
person 0.019995727 954 683 975 729
person 0.01998078 568 23 577 36
person 0.019974658 790 -144 814 -90
person 0.019967131 100 729 129 833
person 0.01994672 387 179 486 305
person 0.019925045 24 417 36 447
person 0.019920407 514 197 534 218
person 0.019903341 109 384 127 410
person 0.019791385 131 135 149 152
person 0.019763226 787 552 803 577
person 0.019722493 955 628 964 657
person 0.01970684 431 -223 459 -142
person 0.019696377 242 302 289 349
person 0.019692857 1029 100 1045 122
person 0.01963537 239 384 259 406
person 0.019625602 995 -143 1007 -97
person 0.019578125 843 174 865 195
person 0.019542236 830 257 876 319
person 0.019524999 315 437 352 484
person 0.019505003 430 358 451 382
person 0.019466674 349 -223 377 -143
person 0.01945261 1068 523 1074 552
person 0.01942129 578 27 602 57
person 0.019376595 192 398 258 487
person 0.019325465 1035 112 1051 134
person 0.019309107 267 340 282 351
person 0.019288214 399 312 466 391
person 0.019270219 213 615 227 674
person 0.019242844 1068 542 1074 573
person 0.019234728 419 158 431 179
person 0.019154195 -15 406 45 546
person 0.019130222 543 19 558 37
person 0.01911251 111 603 120 634
person 0.019085215 261 173 310 230
person 0.019076258 88 -76 132 49
person 0.019066598 872 630 886 673
person 0.01905479 706 763 728 835
person 0.019032141 183 -222 212 -144
person 0.019021364 997 684 1011 723
person 0.01897095 665 -217 695 -133
person 0.018953672 951 -236 966 -216
person 0.018893007 575 192 597 213
person 0.018808281 88 426 116 486
person 0.018782226 790 38 805 59
person 0.018740932 250 488 349 628
person 0.018636465 984 382 1001 408
person 0.01861835 542 91 558 108
person 0.01861345 704 -236 719 -217
person 0.018566547 950 -235 964 -228
person 0.018557236 480 20 489 33
person 0.018466892 176 739 208 836
person 0.018453524 0 432 5 470
person 0.018422991 583 -5 598 16
person 0.018421542 0 723 12 808
person 0.018387076 0 594 8 683
person 0.018361885 0 508 8 608
person 0.0183136 -9 561 35 713
person 0.018305633 556 194 577 216
person 0.018267062 -1 366 14 423
person 0.018248256 453 388 461 405
person 0.018240247 1065 288 1073 354
person 0.01818513 862 676 882 724
person 0.01817821 762 191 782 212
person 0.018174712 1068 462 1074 492
person 0.018162666 296 99 307 113
person 0.018131388 720 221 740 241
person 0.018103886 703 249 742 298
person 0.018101132 831 -142 857 -92
person 0.01808898 975 630 985 655
person 0.017997954 704 673 717 721
person 0.017951485 928 176 948 197
person 0.017949274 665 763 686 836
person 0.017947156 0 217 6 249
person 0.017897848 638 92 652 104
person 0.01784817 504 583 518 655
person 0.017815651 624 611 642 680
person 0.017811954 755 -64 779 -29
person 0.017790377 1047 492 1057 572
person 0.017780224 1068 441 1074 471
person 0.017768444 836 746 868 839
person 0.017749313 0 -207 5 -166
person 0.017729163 427 218 449 239
person 0.017728865 1068 193 1074 225
person 0.0176611 0 -227 5 -188
person 0.01764963 411 196 433 216
person 0.017640026 19 461 33 491
person 0.017614577 619 271 717 386
person 0.017581545 0 314 5 350
person 0.017541036 585 718 608 784
person 0.017535595 495 293 593 453
person 0.017517582 1068 398 1074 431
person 0.017459901 80 362 94 414
person 0.017445672 511 -223 540 -143
person 0.017398011 1063 527 1079 548
person 0.01739321 284 499 306 520
person 0.017365044 408 -103 452 46
person 0.017350258 723 -235 737 -228
person 0.017349493 42 107 77 177
person 0.017228393 227 316 252 337
person 0.01722342 287 397 311 419
person 0.017205253 636 19 651 39
person 0.017200964 744 63 775 108
person 0.01713784 125 99 152 129
person 0.017136732 580 670 594 718
person 0.017115198 334 763 356 835
person 0.017086392 1068 419 1074 451
person 0.01708587 1011 733 1041 828
person 0.017034534 110 397 128 422
person 0.017032443 953 764 976 835
person 0.017000293 376 763 398 835
person 0.016996898 795 61 826 106
person 0.016988114 104 -218 134 -137
person 0.016963167 122 405 141 431
person 0.016949719 266 320 284 332
person 0.016877068 592 -219 622 -138
person 0.016870463 1067 782 1073 826
person 0.016861608 99 186 110 198
person 0.016860036 623 763 645 836
person 0.016855791 1063 488 1079 509
person 0.016854336 293 763 315 835
person 0.016824268 0 803 8 850
person 0.016817903 286 343 300 355
person 0.016815413 977 611 985 629
person 0.016780611 561 136 572 157
person 0.016769554 38 487 52 516
person 0.016732328 873 -231 897 -177
person 0.01670706 567 68 599 112
person 0.016703827 603 416 613 446
person 0.016694594 548 64 579 109
person 0.016685057 658 32 682 62
person 0.016684564 459 370 469 386
person 0.01667077 59 -114 78 -49
person 0.016644297 93 715 114 783
person 0.016632846 417 763 439 836
person 0.016607033 516 110 528 123
person 0.016598588 208 402 225 414
person 0.016557725 1007 121 1042 190
person 0.016545596 461 620 475 671
person 0.016520398 996 -105 1008 -57
person 0.016475268 452 256 491 305
person 0.016466515 891 90 904 115
person 0.016454795 793 616 807 668
person 0.016454272 282 322 302 339
person 0.016449943 252 763 274 836
person 0.016431399 83 217 104 240
person 0.016419204 683 -236 699 -217
person 0.01641754 169 763 191 836
person 0.016415732 988 101 997 114
person 0.016411528 52 522 60 538
person 0.016406296 -3 -103 17 5
person 0.016399309 46 763 68 836
person 0.016396863 148 304 170 327
person 0.016387468 847 730 867 800
person 0.01638056 416 -236 431 -216
person 0.016373293 888 730 908 799
person 0.016372304 436 -236 452 -216
person 0.01636742 209 -236 225 -216
person 0.016362784 498 -236 514 -216
person 0.01636098 333 -236 348 -216
person 0.016360113 0 198 5 228
person 0.016359651 312 -236 328 -216
person 0.016358992 395 -236 410 -216
person 0.016358702 230 -236 245 -216
person 0.016355587 292 -236 307 -216
person 0.016354842 250 -236 266 -216
person 0.016354512 271 -236 287 -216
person 0.016354473 354 -236 369 -216
person 0.016353307 477 -236 493 -216
person 0.016352732 196 340 220 361
person 0.016348707 189 -236 204 -216
person 0.016345348 0 392 5 428
person 0.016345095 457 -236 472 -216
person 0.016341185 374 -236 390 -216
person 0.0162785 581 110 600 123
person 0.01625095 519 -236 534 -216
person 0.016242003 33 257 55 280
person 0.016239816 211 763 232 836
person 0.016219785 140 -230 154 -180
person 0.016208483 681 215 702 236
person 0.01617563 458 763 480 836
person 0.016174925 168 -236 183 -216
person 0.016157323 303 381 324 402
person 0.01614894 582 763 604 836
person 0.01612725 1064 175 1078 202
person 0.016118158 463 132 550 265
person 0.016109841 640 731 657 756
person 0.016091954 335 102 351 119
person 0.016046854 994 764 1016 835
person 0.01604099 128 763 150 836
person 0.016038379 660 731 678 756
person 0.016011829 619 731 636 756
person 0.016009161 867 61 896 107
person 0.016008945 971 -236 986 -217
person 0.015975717 483 459 496 489
person 0.015972292 186 -133 214 -42
person 0.015950289 187 404 205 419
person 0.015898123 323 106 383 201
person 0.015888346 499 763 521 836
person 0.01588169 539 -236 555 -216
person 0.015846426 1067 150 1074 180
person 0.015841644 1067 115 1074 129
person 0.0158396 541 763 563 836
person 0.015829872 499 380 510 399
person 0.01582887 24 -11 52 72
person 0.015804108 929 731 949 800
person 0.015797723 1024 440 1042 463
person 0.015781429 599 731 616 756
person 0.01577275 1064 -116 1073 -58
person 0.015756022 234 458 276 506
person 0.01573197 585 -159 597 -113
person 0.015695352 805 730 825 800
person 0.015684212 593 131 606 142
person 0.015676718 104 -162 124 -95
person 0.015673483 147 -236 163 -216
person 0.015669797 434 194 455 215
person 0.015628003 560 -236 575 -216
person 0.015614751 98 328 118 347
person 0.015611206 546 22 555 35
person 0.015596498 1062 23 1073 63
person 0.015590064 1065 728 1074 805
person 0.015580194 247 -43 317 128
person 0.015574155 506 34 516 48
person 0.015562646 486 268 524 318
person 0.015560433 213 154 229 173
person 0.015551055 761 156 773 178
person 0.015543866 258 112 318 205
person 0.015542743 627 309 720 458
person 0.015540884 578 730 595 756
person 0.015512114 681 730 699 756
person 0.015510513 434 259 447 271
person 0.015495899 98 -45 119 3
person 0.015463641 747 -233 777 -153
person 0.015444959 700 668 721 732
person 0.015409041 93 -141 120 -47
person 0.015386913 961 208 990 244
person 0.015348627 89 346 107 365
person 0.015339422 115 167 125 179
person 0.0153267365 57 393 78 420
person 0.015322669 50 232 135 368
person 0.015321109 0 554 8 644
person 0.015285397 764 730 784 800
person 0.015254287 936 -220 944 -185
person 0.0152536845 240 401 262 422
person 0.015248665 1067 34 1073 50
person 0.01524026 557 730 575 756
person 0.01522551 106 -225 118 -179
person 0.0152113335 67 -225 79 -177
person 0.015191596 818 352 846 409
person 0.015154972 172 246 287 383
person 0.015127822 36 277 52 329
person 0.015107958 688 43 699 55
person 0.01510463 675 -228 690 -176
person 0.015103793 259 337 291 367
person 0.015060803 544 717 567 784
person 0.015050106 664 44 696 91
person 0.015034761 35 236 59 263
person 0.015029352 663 -236 679 -217
person 0.015026241 242 446 264 466
person 0.015025817 28 477 40 507
person 0.015018606 345 -42 413 138
person 0.014976882 495 69 528 113
person 0.014974696 712 -229 728 -176
person 0.014961604 474 497 493 525
person 0.014954368 1002 136 1013 150
person 0.014952942 0 -187 5 -145
person 0.014935751 537 730 554 756
person 0.014926177 368 141 382 153
person 0.014908015 620 -180 647 -92
person 0.014895017 703 -235 717 -228
person 0.014887498 127 -236 142 -216
person 0.014856794 830 -227 854 -170
person 0.014847787 256 744 288 837
person 0.014842927 581 -236 596 -216
person 0.014840138 312 595 324 610
person 0.014838243 459 38 477 56
person 0.014829983 706 95 722 109
person 0.014797081 437 -41 502 142
person 0.014792945 588 146 680 288
person 0.014774673 797 -14 820 17
person 0.014773048 702 730 719 756
person 0.014769169 186 730 203 756
person 0.014766242 207 730 224 756
person 0.014765763 0 494 5 533
person 0.014764258 0 293 5 331
person 0.014764216 389 194 409 213
person 0.0147622125 360 521 393 571
person 0.014760207 1011 732 1031 803
person 0.014758377 971 -235 984 -228
person 0.014746741 616 216 638 235
person 0.014704539 65 -51 88 11
person 0.014694725 -1 172 5 202
person 0.014693855 227 730 244 756
person 0.014684296 96 -104 114 -55
person 0.014682787 98 190 109 210
person 0.014678972 516 730 533 756
person 0.014677806 -5 334 8 361
person 0.01466575 574 251 614 301
person 0.014662532 389 96 473 233
person 0.014661278 995 356 1012 381
person 0.0146499295 248 730 265 756
person 0.0146386875 823 154 835 175
person 0.014620203 421 746 454 840
person 0.014610212 75 510 83 528
person 0.014599163 65 -236 81 -218
person 0.014584004 1056 -236 1076 -175
person 0.0145692425 544 -158 555 -114
person 0.014569216 198 3 232 86
person 0.014568737 268 730 286 756
person 0.014566068 87 763 109 837
person 0.014560141 1063 547 1079 568
person 0.014548638 996 628 1004 652
person 0.014525856 620 62 651 107
person 0.014502039 289 730 306 756
person 0.014493156 670 621 681 668
person 0.01446867 165 730 182 756
person 0.014455927 495 730 513 756
person 0.014438002 503 746 535 841
person 0.014433546 186 370 203 381
person 0.014429288 310 730 327 756
person 0.014413239 -3 -238 13 -168
person 0.014394116 330 730 347 756
person 0.014391464 723 730 743 800
person 0.014390652 351 730 368 756
person 0.014368545 1028 420 1039 481
person 0.014353157 792 -66 819 -33
person 0.014351485 991 -235 1005 -228
person 0.014351471 372 730 389 756
person 0.014343515 205 419 250 465
person 0.014334611 428 130 440 142
person 0.014331923 174 688 215 801
person 0.014325675 300 420 333 454
person 0.014312342 20 237 39 261
person 0.014302208 392 730 409 756
person 0.014287788 787 554 815 648
person 0.01428092 475 730 492 756
person 0.0142733175 575 667 597 732
person 0.014269594 154 515 234 686
person 0.014253767 106 -236 121 -217
person 0.014241036 354 539 379 564
person 0.014219465 413 730 430 756
person 0.01419298 552 304 646 462
person 0.014191578 280 170 318 213
person 0.014176984 454 730 471 756
person 0.0141748255 0 639 8 721
person 0.014170934 972 359 987 386
person 0.014170481 434 730 451 756
person 0.01415385 991 -236 1007 -218
person 0.014136988 44 352 65 382
person 0.014078682 601 -236 617 -216
person 0.014073806 642 -236 658 -217
person 0.014057441 937 613 945 629
person 0.014052517 634 -229 649 -178
person 0.014051692 318 222 434 358
person 0.014049247 750 37 765 57
person 0.014013887 121 363 140 385
person 0.014008006 439 58 457 77
person 0.014007097 119 385 136 409
person 0.013941092 116 -9 149 74
person 0.013913607 793 -237 808 -173
person 0.013907628 663 671 677 719
person 0.013901889 100 215 119 237
person 0.013898425 176 71 234 168
person 0.013896975 458 67 490 110
person 0.013878846 315 141 330 153
person 0.01385476 486 384 493 398
person 0.013849998 700 139 714 159
person 0.013844299 75 162 135 245
person 0.01382754 1066 -202 1073 -164
person 0.013814802 1017 629 1024 652
person 0.013814003 772 -221 780 -185
person 0.013779389 626 -157 638 -112
person 0.0137591595 186 382 201 394
person 0.013743949 487 314 509 338
person 0.013738056 749 -232 764 -175
person 0.013726534 315 440 336 461
person 0.013686664 297 364 311 376
person 0.013678446 43 535 55 572
person 0.013672954 288 192 309 214
person 0.013651884 1010 66 1026 100
person 0.0136138415 723 730 740 755
person 0.013604983 -4 417 8 446
person 0.0135978805 226 173 243 195
person 0.013586732 209 42 235 75
person 0.013570477 622 -236 637 -216
person 0.013552194 -6 254 9 280
person 0.01354535 502 718 526 784
person 0.01354263 1020 420 1044 481
person 0.013530092 955 611 964 628
person 0.013518361 -3 -223 8 -193
person 0.013514483 309 158 321 173
person 0.013484897 673 114 733 196
person 0.013477187 1041 14 1072 91
person 0.0134768635 122 117 144 138
person 0.013472324 897 53 926 100
person 0.013466711 175 -232 190 -181
person 0.013448358 998 521 1038 540
person 0.013434036 188 418 210 439
person 0.013432102 45 465 59 493
person 0.013417766 -1 -182 13 -100
person 0.013417255 499 163 511 182
person 0.013411725 585 747 617 842
person 0.013393946 145 730 162 756
person 0.013392754 1058 705 1075 776
person 0.01339121 622 248 663 297
person 0.0133865 191 137 210 152
person 0.013384176 -4 458 8 486
person 0.013369809 668 748 699 843
person 0.01333133 315 79 402 231
person 0.013320972 0 617 5 659
person 0.013305876 512 39 524 53
person 0.013301458 43 503 53 519
person 0.013290554 837 -17 860 16
person 0.0132879345 245 286 267 305
person 0.013280254 85 419 105 443
person 0.013273719 307 417 330 440
person 0.013273657 380 585 391 600
person 0.0132683115 763 671 802 774
person 0.013256905 825 193 845 213
person 0.013256804 1059 635 1076 681
person 0.013247389 254 162 291 205
person 0.013246174 141 116 162 136
person 0.013244939 127 -156 140 -108
person 0.01324277 865 377 886 407
person 0.013229325 683 -235 696 -228
person 0.013228137 157 294 177 316
person 0.013221939 282 447 354 530
person 0.013201001 991 196 1009 219
person 0.013172744 127 265 158 298
person 0.013170407 289 596 302 612
person 0.013151605 245 86 337 231
person 0.013146989 0 -166 5 -124
person 0.013138955 512 503 530 532
person 0.013127354 1005 504 1034 514
person 0.013110878 133 -102 152 -53
person 0.013103647 867 175 886 197
person 0.013103191 56 396 80 461
person 0.013102402 934 627 943 656
person 0.013090526 -6 238 10 264
person 0.013077683 338 745 371 839
person 0.013076961 85 480 101 507
person 0.013069155 308 341 328 359
person 0.013032439 137 305 174 354
person 0.01302429 501 25 524 59
person 0.013015087 172 259 214 303
person 0.013014406 167 404 186 425
person 0.013013873 45 319 131 453
person 0.013006526 206 427 225 439
person 0.012992633 1052 253 1075 314
person 0.0129827475 223 347 246 366
person 0.012966736 886 484 963 634
person 0.012950495 1066 -79 1073 -40
person 0.012940612 1014 615 1021 630
person 0.0129360575 681 730 701 801
person 0.012926904 81 529 147 708
person 0.012921793 54 399 131 552
person 0.012921672 377 254 407 287
person 0.012907587 234 515 318 681
person 0.0129025085 1063 466 1078 488
person 0.012900056 453 16 469 33
person 0.01288523 914 562 929 592
person 0.012882398 -6 172 18 225
person 0.012881518 1023 462 1043 485
person 0.012860655 92 163 108 182
person 0.012799512 1066 -161 1073 -122
person 0.012798011 833 623 846 666
person 0.012795981 621 671 636 717
person 0.012793537 1058 738 1074 816
person 0.0127911465 518 521 536 550
person 0.012787947 0 -144 8 -64
person 0.012787028 282 524 304 544
person 0.012773642 0 637 5 679
person 0.01276132 229 152 335 290
person 0.012727165 1066 -182 1073 -143
person 0.012722481 62 -158 80 -89
person 0.012714752 0 514 5 555
person 0.012709808 545 566 560 657
person 0.012702079 990 318 1003 334
person 0.012695479 103 613 121 686
person 0.012684653 0 658 5 700
person 0.012662219 906 176 926 197
person 0.012640782 497 199 508 210
person 0.012637884 301 362 322 381
person 0.012637837 427 37 444 54
person 0.012614765 435 -93 451 -67
person 0.01260602 123 31 144 66
person 0.01259766 810 565 831 594
person 0.012597546 1066 604 1073 639
person 0.012585701 1057 666 1076 731
person 0.0125625 743 729 761 755
person 0.012554293 184 174 284 308
person 0.012533267 538 672 552 717
person 0.012530469 456 -93 471 -66
person 0.012519145 1066 -99 1073 -61
person 0.012518921 792 -221 800 -186
person 0.012518521 1016 76 1031 95
person 0.012498266 0 350 5 389
person 0.012491958 415 257 430 269
person 0.012483485 497 672 512 718
person 0.012482745 -3 -201 8 -173
person 0.012468557 820 248 858 298
person 0.012462868 253 340 266 350
person 0.012462299 791 247 828 298
person 0.012423961 298 119 308 129
person 0.012416041 132 606 141 640
person 0.012413031 1068 172 1074 204
person 0.012412628 396 37 412 55
person 0.012409179 0 596 5 638
person 0.012391398 725 93 738 113
person 0.012382746 -4 437 8 465
person 0.012361079 1066 -120 1073 -81
person 0.012347149 926 28 941 62
person 0.0123217115 991 -228 1012 -169
person 0.012321695 671 -182 699 -95
person 0.012312343 503 502 520 531
person 0.012303451 709 32 732 63
person 0.012299692 104 79 161 172
person 0.012286293 1066 624 1073 659
person 0.012282088 885 584 894 619
person 0.012275935 708 -115 719 -69
person 0.012275328 85 -236 101 -217
person 0.012272836 348 564 374 588
person 0.012254087 192 121 204 135
person 0.012246159 751 -221 760 -186
person 0.012233926 458 501 478 530
person 0.012204924 284 490 306 511
person 0.012194419 1066 -140 1073 -102
person 0.012186433 500 400 511 427
person 0.012175325 1064 9 1076 36
person 0.012173215 504 460 518 490
person 0.012166617 205 391 218 403
person 0.012162698 172 718 195 784
person 0.012156398 372 -100 416 51
person 0.012149035 475 516 497 546
person 0.012139259 282 541 308 562
person 0.012131845 1057 -160 1075 -92
person 0.012131005 254 620 268 675
person 0.012116191 66 428 120 524
person 0.012116145 60 729 79 801
person 0.012113156 263 43 295 92
person 0.012113121 316 138 417 283
person 0.012091201 992 -191 1012 -130
person 0.012087744 354 177 367 189
person 0.012055261 51 561 62 599
person 0.012020028 96 181 106 201
person 0.012018341 216 -232 230 -181
person 0.012006044 831 36 847 58
person 0.0120039405 168 -154 182 -108
person 0.01198077 956 606 966 639
person 0.011969279 266 192 285 215
person 0.011962028 181 486 272 628
person 0.01195316 0 -146 5 -104
person 0.011940558 93 349 102 361
person 0.011928284 440 292 473 344
person 0.011926738 751 -12 773 19
person 0.011923839 698 147 710 167
person 0.011912654 847 416 876 474
person 0.011911912 415 -93 430 -66
person 0.011907149 32 271 56 293
person 0.0118941 918 689 960 797
person 0.01189293 887 381 905 409
person 0.0118897585 129 43 154 76
person 0.01188404 588 -229 602 -179
person 0.011883357 0 679 5 720
person 0.011875191 748 -149 769 -90
person 0.011864749 461 718 485 783
person 0.011862447 751 748 782 844
person 0.011861859 107 -201 120 -145
person 0.011861305 0 -54 8 9
person 0.0118578635 663 -235 677 -228
person 0.011843713 247 -157 274 -59
person 0.011840834 595 213 616 231
person 0.011834715 843 682 883 801
person 0.011816599 418 626 428 656
person 0.011803651 723 134 811 279
person 0.011801214 187 -7 238 110
person 0.011798467 345 669 390 767
person 0.011769488 255 718 278 783
person 0.011767097 422 609 431 639
person 0.011764053 886 174 905 195
person 0.01175423 665 613 684 680
person 0.011745127 172 93 198 122
person 0.011729269 291 -93 306 -66
person 0.011709144 982 161 1015 208
person 0.011705029 0 -100 8 -25
person 0.01169652 947 561 965 593
person 0.011688117 427 666 472 769
person 0.011653132 937 606 947 639
person 0.011648575 993 635 1009 688
person 0.01163918 741 196 762 217
person 0.011635104 0 781 5 827
person 0.0116312895 828 114 887 200
person 0.011617741 0 576 5 618
person 0.011583121 -2 111 16 144
person 0.011567796 1038 566 1083 696
person 0.01156586 1067 510 1074 522
person 0.011548506 132 717 154 784
person 0.011546813 59 181 77 201
person 0.011528366 980 251 1009 292
person 0.011499192 332 151 346 164
person 0.011494801 836 -193 856 -129
person 0.011475345 955 156 965 178
person 0.011467997 583 162 596 184
person 0.011457077 352 594 364 608
person 0.011439539 886 591 893 612
person 0.011434433 974 649 987 679
person 0.011421322 200 323 223 344
person 0.011408558 764 729 782 755
person 0.011405273 599 580 616 656
person 0.011361286 181 -101 201 -53
person 0.011361093 962 -204 977 -139
person 0.011354743 30 496 43 527
person 0.011353555 1052 133 1078 186
person 0.01135175 970 731 990 802
person 0.0113494275 394 -93 409 -66
person 0.011349081 381 575 392 588
person 0.011341673 640 730 659 801
person 0.011339406 916 -222 924 -185
person 0.011331418 65 -236 78 -228
person 0.011326195 0 473 5 511
person 0.011324662 353 -93 368 -66
person 0.011323023 213 718 237 784
person 0.011320029 257 -232 272 -181
person 0.01131935 173 617 185 671
person 0.011301786 380 104 392 114
person 0.011297007 418 398 435 423
person 0.011296112 1066 644 1073 680
person 0.011284775 518 13 535 32
person 0.011279696 244 369 265 386
person 0.011267901 553 101 640 231
person 0.011249763 326 563 352 588
person 0.011240754 285 324 298 335
person 0.011224089 127 339 146 359
person 0.011207626 -1 250 5 284
person 0.011173937 46 743 62 773
person 0.0111663835 216 -94 246 2
person 0.011160389 106 589 115 621
person 0.011142905 270 -93 285 -66
person 0.011140063 270 597 281 611
person 0.011136156 641 344 707 431
person 0.011135945 296 718 319 783
person 0.011133924 226 256 250 281
person 0.011130753 85 319 98 331
person 0.01112667 627 420 637 450
person 0.011095769 956 -220 965 -185
person 0.011092264 266 362 287 379
person 0.011064299 1068 376 1073 409
person 0.01106126 374 -93 389 -66
person 0.011039742 429 256 451 275
person 0.011039586 299 -232 313 -181
person 0.0110227205 124 730 141 757
person 0.01101714 790 29 813 60
person 0.011016974 476 -93 492 -66
person 0.011007605 1042 -153 1083 -40
person 0.01100558 1068 764 1074 806
person 0.010990835 447 520 468 548
person 0.010983208 0 233 6 268
person 0.010977527 340 -232 354 -181
person 0.010959313 782 354 808 384
person 0.010955763 813 -222 821 -186
person 0.010948062 1063 568 1078 591
person 0.010946523 746 136 758 156
person 0.010945177 1024 486 1044 507
person 0.010933846 830 139 842 158
person 0.010928522 316 609 325 625
person 0.010927357 294 630 305 655
person 0.010916848 105 -20 155 95
person 0.01091501 978 283 1011 339
person 0.010913831 291 171 302 192
person 0.010907435 791 567 808 596
person 0.0109020695 1067 590 1073 605
person 0.010900822 1032 337 1043 405
person 0.010900014 89 716 133 854
person 0.010896391 974 404 990 432
person 0.010890852 72 363 84 376
person 0.010889516 901 702 970 852
person 0.010883016 0 -125 5 -84
person 0.010881769 498 -235 511 -228
person 0.010877931 415 -235 429 -228
person 0.010874227 436 -235 450 -228
person 0.010868274 477 -235 491 -228
person 0.010867361 838 386 896 490
person 0.010864823 394 -235 408 -228
person 0.010864542 209 -235 223 -228
person 0.010862016 188 -235 202 -228
person 0.010861381 456 -235 470 -228
person 0.01085985 332 -235 346 -228
person 0.0108591635 312 -235 326 -228
person 0.010857576 229 -235 243 -228
person 0.010856659 353 -235 367 -228
person 0.010856122 291 -235 305 -228
person 0.010855251 250 -235 264 -228
person 0.010854821 785 729 802 755
person 0.010854759 271 -235 284 -228
person 0.010851765 374 -235 388 -228
person 0.010845035 166 57 250 209
person 0.010841533 59 522 79 596
person 0.010841379 315 630 326 654
person 0.010834192 270 524 336 611
person 0.010818917 28 272 48 298
person 0.010816714 0 699 5 741
person 0.010815596 518 -235 532 -228
person 0.0108085275 825 371 845 400
person 0.010797832 954 648 964 678
person 0.010791849 874 249 910 300
person 0.01078849 642 -235 656 -228
person 0.010769906 167 -235 181 -228
person 0.010765142 817 152 827 177
person 0.010764197 19 202 37 225
person 0.010761862 117 171 133 189
person 0.010747987 499 508 564 699
person 0.010745711 721 -61 735 -24
person 0.010744347 155 699 226 858
person 0.010738368 250 -93 265 -66
person 0.010736169 337 718 361 783
person 0.010732667 620 220 634 231
person 0.010730454 704 424 717 443
person 0.010728855 312 -93 327 -66
person 0.010726268 811 36 826 57
person 0.010724893 709 43 719 55
person 0.010719289 659 668 680 732
person 0.010717483 1066 664 1073 700
person 0.010711802 540 520 556 548
person 0.010705337 302 397 325 419
person 0.010703453 1009 483 1031 495
person 0.010701676 381 -232 395 -181
person 0.010701398 617 667 638 731
person 0.010694414 680 673 717 772
person 0.010682811 0 720 5 761
person 0.010676716 249 596 260 612
person 0.010668533 420 718 443 783
person 0.010662234 211 -154 224 -110
person 0.010638358 -6 276 10 301
person 0.010636382 539 -235 553 -228
person 0.010633953 663 -111 677 -68
person 0.010628978 0 555 5 597
person 0.010627794 516 318 580 403
person 0.010621855 720 -12 735 20
person 0.010618993 227 403 245 416
person 0.010599483 1067 571 1074 584
person 0.010582699 382 567 392 593
person 0.0105760805 770 35 785 57
person 0.010575133 -4 500 8 527
person 0.010546034 559 -235 573 -228
person 0.010544219 525 378 533 398
person 0.010538698 536 198 555 218
person 0.010536937 63 145 151 291
person 0.010534453 229 -93 244 -66
person 0.01052267 1034 132 1050 155
person 0.010518083 378 718 402 783
person 0.010515097 0 271 5 306
person 0.010511548 805 729 823 754
person 0.010505922 147 -235 161 -228
person 0.010490907 782 -103 809 -56
person 0.010475979 126 609 145 679
person 0.010453877 408 212 432 233
person 0.010451115 441 607 450 637
person 0.010441909 116 -48 142 10
person 0.010440164 415 561 437 591
person 0.010439775 255 75 266 90
person 0.010432136 821 543 837 568
person 0.010429627 1000 342 1010 358
person 0.010423163 -4 396 8 423
person 0.01042298 707 447 718 472
person 0.010413044 727 439 738 462
person 0.0104078725 1006 172 1024 195
person 0.010401726 333 -93 348 -66
person 0.010400571 257 668 303 765
person 0.010395287 351 730 371 800
person 0.010391045 22 787 37 819
person 0.010388937 269 730 288 801
person 0.010386016 534 667 555 731
person 0.010383987 106 584 124 655
person 0.010376326 310 730 329 800
person 0.010365363 79 510 89 532
person 0.010359066 201 522 221 547
person 0.01035688 826 729 844 755
person 0.010345622 0 535 5 577
person 0.010342892 457 711 471 738
person 0.010333159 63 620 80 695
person 0.010317518 627 13 642 35
person 0.01031747 676 476 691 518
person 0.010317289 477 711 492 738
person 0.010316755 873 -143 897 -94
person 0.010307916 580 -235 594 -228
person 0.010300874 955 -220 987 -144
person 0.01029685 1063 402 1078 427
person 0.0102965785 725 710 740 736
person 0.010289666 708 -219 720 -186
person 0.010277585 436 711 451 738
person 0.010275166 422 -232 437 -181
person 0.010268884 548 -231 562 -180
person 0.0102621205 1036 75 1052 97
person 0.010258347 64 485 72 502
person 0.010249028 -5 319 9 345
person 0.010248153 955 66 984 113
person 0.010242988 67 -196 79 -139
person 0.010235343 224 -103 244 -53
person 0.010229997 1030 447 1040 514
person 0.010225672 730 -221 739 -185
person 0.010224717 749 27 773 58
person 0.010214766 1018 465 1033 478
person 0.010214158 498 711 513 738
person 0.010212212 1063 444 1078 467
person 0.010198483 45 724 60 754
person 0.010198238 370 195 390 213
person 0.0101927 599 730 618 801
person 0.010191756 992 -150 1010 -88
person 0.010180719 642 745 660 772
person 0.0101725 425 21 447 56
person 0.010164302 969 29 984 62
person 0.010162004 742 -109 765 -57
person 0.010157119 583 417 593 449
person 0.010155805 1067 136 1074 149
person 0.010150121 601 745 619 772
person 0.010144513 435 12 452 29
person 0.010143756 415 711 430 738
person 0.010141515 704 711 719 737
person 0.010138845 858 434 880 462
person 0.010137439 -4 726 9 754
person 0.010135137 230 711 244 738
person 0.010130813 621 745 640 772
person 0.01012588 227 730 247 801
person 0.010120791 621 -235 635 -228
person 0.010112439 327 312 455 454
person 0.010110596 950 115 1006 203
person 0.010108583 834 -222 842 -186
person 0.010105163 601 -235 615 -228
person 0.010101667 935 37 950 58
person 0.010098654 423 83 434 95
person 0.010095537 250 711 265 738
person 0.010095413 627 140 640 159
person 0.010095084 209 711 224 738
person 0.010079827 336 630 346 654
person 0.010070996 233 697 307 852
person 0.0100703165 687 442 698 468
person 0.010066367 186 730 205 801
person 0.010055088 537 496 553 524
person 0.010052824 580 745 599 772
person 0.010052212 53 59 76 93
person 0.010047411 188 711 203 738
person 0.0100446185 518 711 533 738
person 0.010044263 663 745 681 772
person 0.010034197 1067 745 1074 783
person 0.010030063 126 -235 140 -228
person 0.010028083 256 606 265 634
person 0.010025471 687 -219 700 -186
person 0.01002169 -1 370 5 410
person 0.010011879 1026 421 1043 445
person 0.010003899 271 711 285 738
person 0.010001628 759 157 775 169
