person 0.7687153 927 279 956 319
person 0.7539837 839 328 881 382
person 0.7523313 856 260 886 299
person 0.7279016 563 261 597 301
person 0.7259289 395 228 420 262
person 0.7253765 1030 261 1056 299
person 0.72502416 831 188 851 214
person 0.7139348 1088 295 1115 335
person 0.71219105 974 231 999 267
person 0.71018606 935 180 953 207
person 0.70577693 784 243 813 279
person 0.7020773 825 230 851 264
person 0.691989 638 227 665 261
person 0.68775105 709 286 748 336
person 0.6827803 626 174 645 200
person 0.67633295 664 180 683 208
person 0.67558753 1029 177 1047 204
person 0.674265 1061 165 1076 189
person 0.66621697 1018 209 1036 238
person 0.66521055 736 237 765 273
person 0.6643751 974 156 992 182
person 0.66313946 1077 181 1094 207
person 0.65346676 517 213 544 246
person 0.6528477 849 160 866 183
person 0.6498538 590 168 608 192
person 0.6482389 465 168 483 191
person 0.64437675 886 152 903 176
person 0.6374468 1047 219 1066 249
person 0.62574273 652 160 669 184
person 0.6248707 333 204 352 229
person 0.6224152 481 212 508 244
person 0.614995 638 280 671 319
person 0.61405665 943 153 961 177
person 0.6133184 762 194 782 220
person 0.6129882 994 323 1033 375
person 0.61269104 267 221 285 246
person 0.6063319 1113 244 1132 274
person 0.59845734 716 213 744 246
person 0.598415 746 301 788 352
person 0.5966057 339 238 359 266
person 0.5865119 1017 167 1033 191
person 0.58567846 1073 209 1092 236
person 0.582262 517 180 536 204
person 0.57470506 483 175 501 199
person 0.569919 546 174 566 198
person 0.56643367 1099 208 1117 235
person 0.56214356 804 177 823 202
person 0.56043535 724 160 741 182
person 0.5561249 974 199 993 226
person 0.55475515 808 132 820 151
person 0.53359514 680 139 696 158
person 0.53158283 416 208 442 240
person 0.5309603 826 141 841 163
person 0.52857655 416 197 437 225
person 0.517027 812 150 828 172
person 0.5159922 1031 213 1060 249
person 0.5123349 1133 186 1150 210
person 0.5100255 988 175 1005 201
person 0.5087668 690 167 708 191
person 0.5008282 627 158 645 180
person 0.48351744 554 153 572 174
person 0.48135 753 137 769 157
person 0.4802296 733 134 744 153
person 0.47717008 789 158 805 179
person 0.45596337 763 158 779 179
person 0.4301459 898 166 917 190
person 0.42917147 507 168 525 188
person 0.4251296 143 339 186 392
person 0.42359415 758 139 773 158
person 0.42328963 1109 201 1133 230
person 0.4202247 772 223 793 251
person 0.4008771 595 219 617 245
person 0.40074694 766 213 798 254
person 0.40044558 895 171 913 195
person 0.3929502 608 198 630 226
person 0.35906306 1009 294 1038 334
person 0.35252613 997 219 1016 247
person 0.348766 416 192 436 215
person 0.34377447 512 207 536 234
person 0.33631197 690 141 702 160
person 0.33440536 1143 257 1161 284
person 0.33168387 549 199 577 230
person 0.3300503 302 241 323 268
person 0.32566705 745 160 761 181
person 0.30318972 673 155 693 179
person 0.301448 1104 216 1122 243
person 0.2880848 449 230 469 256
person 0.2804097 756 138 766 153
person 0.27157182 682 140 693 154
person 0.268114 1093 258 1120 294
person 0.2613423 370 218 391 246
person 0.260169 1133 195 1150 221
person 0.25968325 760 141 771 154
person 0.2533025 525 212 550 238
person 0.25070232 891 147 907 168
person 0.24781649 998 313 1030 356
person 0.24485382 1134 234 1153 261
person 0.217951 978 164 1004 198
person 0.203954 803 226 834 263
person 0.20280154 1085 252 1109 283
person 0.20122898 1120 191 1137 214
person 0.19666362 941 181 960 207
person 0.19597815 432 190 450 212
person 0.18714027 737 231 762 259
person 0.18473454 991 202 1011 229
person 0.18381374 833 193 855 221
person 0.18067081 778 230 800 257
person 0.17847244 457 197 480 224
person 0.17635365 830 318 892 395
person 0.17564175 800 143 816 162
person 0.17132522 815 154 825 168
person 0.16672972 122 391 168 446
person 0.16643623 862 258 885 284
person 0.1655538 967 368 1006 422
person 0.16111745 792 157 803 174
person 0.16072305 829 142 839 157
person 0.15842839 566 147 583 166
person 0.15214896 1037 178 1048 200
person 0.15025158 1083 182 1094 204
person 0.14490898 850 288 889 331
person 0.14375842 113 382 182 474
person 0.14130612 1066 228 1088 256
person 0.14113668 454 225 475 251
person 0.1404996 715 245 747 280
person 0.13954814 866 259 897 296
person 0.13949485 765 156 776 174
person 0.13929786 556 156 568 168
person 0.13733733 627 284 661 322
person 0.13665238 130 332 198 415
person 0.13495685 548 177 559 198
person 0.13411082 1042 209 1062 237
person 0.13077033 921 257 965 322
person 0.12989856 803 145 813 158
person 0.12682398 298 240 317 274
person 0.12399353 1005 252 1025 281
person 0.12037237 944 206 971 240
person 0.1203687 747 157 758 177
person 0.11999603 727 155 738 178
person 0.11964509 289 250 308 276
person 0.119276956 444 196 466 223
person 0.11892108 1002 303 1048 373
person 0.11814133 819 232 842 260
person 0.117502384 891 160 910 197
person 0.1170693 691 172 703 193
person 0.116102874 542 167 562 188
person 0.11591463 1024 245 1048 275
person 0.11369213 1035 248 1056 277
person 0.11256065 1085 229 1106 257
person 0.11201804 941 155 952 175
person 0.11170726 870 257 892 283
person 0.11063369 750 135 775 166
person 0.11007158 796 176 816 201
person 0.10982114 582 208 606 234
person 0.10963533 488 169 508 190
person 0.109549575 620 202 643 229
person 0.10837911 823 138 847 169
person 0.10662828 889 155 900 170
person 0.105417654 725 130 750 162
person 0.10539254 149 -84 178 16
person 0.10364056 676 136 701 167
person 0.10345332 1073 245 1094 274
person 0.10327056 97 358 197 515
person 0.10313583 476 206 512 253
person 0.10034126 1105 272 1128 302
person 0.099800766 630 160 642 173
person 0.09979179 896 216 926 251
person 0.09894939 510 169 522 182
person 0.098067574 717 182 738 206
person 0.09779682 854 198 876 223
person 0.09745808 693 207 714 233
person 0.096920855 181 -81 211 21
person 0.096689746 391 238 419 272
person 0.09652804 624 270 662 311
person 0.09619537 799 133 825 165
person 0.09574881 519 -82 552 28
person 0.09501759 855 184 876 207
person 0.09490959 783 332 825 383
person 0.09454613 735 293 801 370
person 0.093630776 556 252 603 316
person 0.09266358 331 226 367 273
person 0.09243155 571 255 597 281
person 0.09241977 1197 200 1204 231
person 0.09104397 658 144 677 163
person 0.09015717 567 290 602 326
person 0.09009018 692 154 706 182
person 0.08977714 471 244 505 280
person 0.08976397 1106 234 1140 284
person 0.088350646 893 173 905 193
person 0.08802248 761 221 802 272
person 0.08736591 64 261 91 295
person 0.087359376 883 289 915 327
person 0.08733818 402 209 423 235
person 0.086333856 667 201 690 227
person 0.085553996 1117 246 1129 270
person 0.0853671 250 253 279 284
person 0.084907405 995 166 1014 190
person 0.08452836 1005 372 1044 425
person 0.08433844 1192 202 1208 230
person 0.08329426 735 225 781 291
person 0.082481295 422 241 453 276
person 0.08247325 655 160 666 176
person 0.082445316 852 160 863 176
person 0.08181851 420 198 433 219
person 0.08168364 588 205 626 253
person 0.081569 468 170 479 184
person 0.08130038 24 410 89 505
person 0.08045083 641 255 690 321
person 0.08041621 851 251 898 317
person 0.079931274 763 184 779 208
person 0.07976789 1194 348 1205 403
person 0.07898539 520 251 555 288
person 0.07891001 922 204 943 229
person 0.078114055 651 209 673 236
person 0.077372946 1184 260 1201 307
person 0.0770846 452 168 469 188
person 0.076980345 1193 303 1205 354
person 0.07594747 823 601 889 715
person 0.07535866 749 178 770 201
person 0.07445099 984 313 1044 398
person 0.07408772 699 281 764 356
person 0.07385003 1053 167 1070 191
person 0.07161107 978 158 988 173
person 0.07153322 894 151 904 163
person 0.07129783 779 294 816 334
person 0.06879899 1050 221 1062 245
person 0.06877059 1198 181 1205 211
person 0.06874434 1136 188 1147 202
person 0.06812483 1191 199 1204 244
person 0.06807488 1111 291 1140 328
person 0.067767404 686 323 727 375
person 0.067627296 749 322 790 374
person 0.06744317 48 288 76 322
person 0.066171095 875 332 919 384
person 0.065906204 946 156 958 170
person 0.065304875 812 198 833 224
person 0.064663686 694 227 719 254
person 0.06419704 862 142 879 163
person 0.06400726 486 178 498 192
person 0.06329326 410 202 446 250
person 0.0628372 871 273 895 300
person 0.061899774 568 150 580 162
person 0.06189124 1063 167 1073 182
person 0.060768202 6 339 46 414
person 0.060737405 901 161 914 181
person 0.06009181 936 337 972 378
person 0.060063716 584 227 609 253
person 0.059895184 834 267 858 295
person 0.059572957 1114 457 1157 536
person 0.05894183 343 241 355 263
person 0.05882411 211 229 237 260
person 0.058743972 1195 515 1204 599
person 0.057558235 261 213 296 263
person 0.05723866 945 146 961 169
person 0.056736503 763 247 789 274
person 0.056498267 942 586 1024 772
person 0.05609921 931 376 976 427
person 0.055951983 583 143 601 163
person 0.055814557 949 226 970 254
person 0.055723216 746 201 769 226
person 0.055341695 544 192 583 240
person 0.055284772 215 234 233 256
person 0.055007316 -5 -257 11 -230
person 0.054976903 923 228 945 254
person 0.05472826 938 144 954 166
person 0.054677486 592 167 605 185
person 0.054650076 423 219 436 240
person 0.05421013 1121 430 1167 503
person 0.054133736 1195 374 1205 439
person 0.05397619 596 173 610 193
person 0.053862765 1154 257 1173 284
person 0.053784143 1193 -256 1205 -201
person 0.053551283 1020 170 1030 184
person 0.053264093 1193 183 1209 210
person 0.052901145 150 299 186 336
person 0.05258058 1195 549 1205 647
person 0.052441802 784 206 806 231
person 0.05224998 1122 194 1134 208
person 0.052179843 342 204 354 225
person 0.052068986 807 179 820 195
person 0.051959805 265 365 296 401
person 0.051878914 1020 244 1065 312
person 0.051687986 669 229 692 256
person 0.051322624 438 249 460 275
person 0.05087972 1186 306 1208 347
person 0.050683696 271 215 289 237
person 0.05055516 1194 713 1204 777
person 0.050402727 518 144 536 164
person 0.05004997 874 377 915 430
person 0.05002757 776 225 789 248
person 0.049955003 -3 -247 21 -140
person 0.049792804 487 212 501 235
person 0.049351055 1049 712 1058 735
person 0.049098343 519 179 533 196
person 0.048594374 1186 353 1208 395
person 0.04839067 899 176 910 190
person 0.048319623 -1 -261 7 -229
person 0.048296757 898 147 910 166
person 0.04828431 308 205 327 228
person 0.047506947 879 206 901 230
person 0.047183674 859 230 881 256
person 0.047052216 -4 -257 9 -249
person 0.04658783 910 202 932 226
person 0.04654974 974 596 1038 722
person 0.046390176 542 147 559 165
person 0.046247322 180 544 204 567
person 0.046090066 634 145 652 163
person 0.04586195 1055 605 1113 741
person 0.045309346 945 251 967 279
person 0.044970233 253 352 293 404
person 0.044955738 295 532 314 558
person 0.044661783 609 275 662 339
person 0.044490483 9 387 109 527
person 0.044490077 555 223 579 247
person 0.0444086 453 231 465 253
person 0.04434103 264 214 282 236
person 0.043941744 1098 701 1107 716
person 0.04394002 991 178 1002 193
person 0.043880276 655 172 692 220
person 0.0437883 193 572 216 602
person 0.04363952 -2 -163 18 -39
person 0.04339967 876 231 899 256
person 0.042922053 1161 265 1181 295
person 0.042911153 541 434 629 634
person 0.042902146 1097 207 1130 260
person 0.04282976 1126 340 1157 379
person 0.042787325 466 176 477 190
person 0.042659488 1093 166 1110 189
person 0.042464416 1026 713 1035 734
person 0.042322747 902 275 923 302
person 0.04204936 715 272 743 298
person 0.041809455 604 143 622 162
person 0.04180058 161 -56 189 11
person 0.041637998 930 249 953 277
person 0.04163642 599 221 612 242
person 0.041620348 1079 179 1090 200
person 0.041343454 884 140 909 171
person 0.041267876 811 248 834 276
person 0.040904894 582 159 616 208
person 0.04085185 367 269 388 295
person 0.040672876 295 291 325 327
person 0.040572245 609 330 654 381
person 0.040482145 626 277 653 303
person 0.040463902 1180 -233 1211 -146
person 0.040434763 555 202 569 223
person 0.04026668 853 371 906 440
person 0.040105876 111 305 216 449
person 0.040031467 269 224 281 239
person 0.039843645 980 233 993 260
person 0.039814997 152 343 181 368
person 0.039699912 927 170 960 220
person 0.03969455 865 145 877 159
person 0.03959268 1063 299 1084 327
person 0.039448075 289 235 327 282
person 0.03941328 618 164 654 213
person 0.039225664 157 249 186 279
person 0.039148632 503 -108 568 75
person 0.03903931 731 127 741 139
person 0.039038416 550 178 563 191
person 0.038924716 852 299 878 325
person 0.03883566 1192 467 1203 549
person 0.038813673 1003 299 1026 326
person 0.038775187 305 237 318 258
person 0.038676176 1136 200 1146 215
person 0.03852469 198 247 228 278
person 0.038416862 979 145 995 167
person 0.038205933 435 192 447 205
person 0.03815998 516 204 531 227
person 0.03815417 723 218 736 240
person 0.037984982 1144 265 1156 286
person 0.037954137 1192 -257 1205 -249
person 0.037908718 596 170 610 184
person 0.03783768 728 123 745 142
person 0.037809853 594 175 604 190
person 0.037729304 188 384 232 437
person 0.0376689 794 379 832 435
person 0.037609916 784 543 808 570
person 0.037502483 815 294 907 431
person 0.03737076 1020 218 1032 240
person 0.037364002 1197 224 1205 255
person 0.037355382 904 297 927 323
person 0.037317052 215 546 241 572
person 0.037302144 517 292 552 330
person 0.03721457 1194 800 1205 869
person 0.03720867 693 248 718 273
person 0.036941484 935 520 1009 614
person 0.036839094 559 257 584 282
person 0.036819946 1191 -258 1208 -232
person 0.036752462 409 485 425 513
person 0.036597576 1072 712 1080 734
person 0.036492836 1078 339 1111 378
person 0.036392808 879 293 905 319
person 0.036352735 1094 525 1171 715
person 0.036128517 1070 275 1091 303
person 0.036119048 680 120 697 139
person 0.035983123 460 246 482 271
person 0.035933714 513 -129 545 -29
person 0.0356829 612 200 626 222
person 0.03553951 1003 714 1011 733
person 0.035482883 333 189 352 211
person 0.035466637 810 270 833 297
person 0.035393413 1193 -214 1204 -151
person 0.035326604 702 121 715 139
person 0.03527775 365 245 387 273
person 0.035264045 0 -263 9 -203
person 0.03504879 943 293 966 322
person 0.0349954 942 273 964 302
person 0.03498226 942 775 993 903
person 0.034772 489 196 536 260
person 0.034768865 757 302 784 327
person 0.03444842 648 332 694 383
person 0.034336887 1113 293 1156 366
person 0.03415454 1193 226 1209 254
person 0.03406023 1115 695 1124 714
person 0.03389014 1011 373 1058 443
person 0.033829615 1117 -240 1132 -195
person 0.033806052 248 293 280 329
person 0.03365561 509 170 546 217
person 0.033643648 293 543 314 571
person 0.033560727 5 293 21 347
person 0.033424415 663 180 674 203
person 0.033388954 720 272 815 418
person 0.033152524 1003 267 1025 295
person 0.033105783 538 -97 587 47
person 0.032798786 419 197 432 209
person 0.03278671 183 347 228 399
person 0.032746155 815 124 831 144
person 0.032696713 746 700 756 718
person 0.03267865 50 -258 68 -239
person 0.032572195 184 -157 214 -53
person 0.032525096 143 341 171 368
person 0.03232857 823 177 857 225
person 0.032311857 382 177 409 207
person 0.032278642 1106 548 1162 677
person 0.03223653 1120 385 1162 441
person 0.032225218 334 291 366 327
person 0.0322104 44 429 66 455
person 0.032145005 683 124 694 137
person 0.03212066 391 202 439 268
person 0.03205915 1191 588 1203 691
person 0.03198975 335 205 349 220
person 0.03196442 28 -257 44 -250
person 0.03180372 667 179 681 198
person 0.031715065 597 249 622 274
person 0.03168164 750 125 760 138
person 0.03167173 718 399 795 484
person 0.031638104 351 191 370 213
person 0.03159908 832 233 845 257
person 0.03149639 739 276 763 302
person 0.031430103 326 181 354 211
person 0.031400684 1032 178 1043 196
person 0.031312782 532 252 556 275
person 0.03125905 1090 196 1126 247
person 0.030880325 28 -257 46 -239
person 0.030798946 714 293 742 322
person 0.030691655 67 255 85 279
person 0.030660074 344 269 366 294
person 0.030636823 1108 222 1119 236
person 0.030617157 283 -83 316 24
person 0.030516073 139 -98 184 38
person 0.030491129 670 299 696 323
person 0.030381355 1071 702 1081 716
person 0.030316656 1004 328 1022 370
person 0.030206595 368 290 401 327
person 0.030108906 668 249 692 274
person 0.03004484 625 502 693 617
person 0.030030048 560 140 587 170
person 0.029986909 1191 171 1205 213
person 0.02983345 0 365 12 432
person 0.029789954 1075 -244 1092 -191
person 0.02976048 1026 703 1034 719
person 0.02971032 724 696 735 714
person 0.029694373 1012 311 1037 334
person 0.029678138 644 276 664 314
person 0.029611653 1120 813 1141 870
person 0.029512897 1194 758 1205 821
person 0.029455442 1191 75 1204 121
person 0.029441359 458 36 480 81
person 0.029396616 1040 295 1061 321
person 0.029385278 629 248 654 273
person 0.029374344 1195 644 1205 735
person 0.029335905 1100 268 1112 291
person 0.029187614 1095 712 1104 735
person 0.02911854 586 708 597 739
person 0.029020486 363 -96 412 50
person 0.02888987 91 -53 119 14
person 0.028844446 1072 738 1084 766
person 0.02884269 1181 -149 1210 -46
person 0.02881849 1101 201 1114 228
person 0.02878356 110 -141 140 -39
person 0.0287494 978 202 990 218
person 0.028656244 326 431 347 452
person 0.028534789 554 -140 585 -38
person 0.028366873 980 714 988 733
person 0.028280593 753 -241 785 -150
person 0.028179262 73 -55 98 14
person 0.02809909 1008 337 1033 364
person 0.028073175 494 143 512 163
person 0.028061483 353 572 371 601
person 0.028021615 0 439 8 509
person 0.027990265 57 217 85 253
person 0.027990256 1114 791 1145 896
person 0.027864207 1090 436 1176 613
person 0.02775088 1023 166 1056 217
person 0.027732376 334 709 344 739
person 0.027704732 952 -257 966 -248
person 0.027700514 746 121 763 140
person 0.02769356 1048 703 1057 719
person 0.02762805 242 215 290 284
person 0.027583817 625 134 652 166
person 0.027577162 975 -257 989 -248
person 0.02753554 654 423 733 511
person 0.027526708 56 235 74 259
person 0.027498567 455 158 492 207
person 0.027468767 520 147 533 161
person 0.027466608 484 244 507 269
person 0.027377162 1119 775 1135 821
person 0.027245307 998 -257 1012 -248
person 0.027212648 42 282 81 334
person 0.027177162 1182 378 1209 444
person 0.02713107 782 276 805 302
person 0.02705659 679 159 715 207
person 0.026960665 225 528 250 555
person 0.026951518 0 -1 11 67
person 0.02693583 50 -258 66 -250
person 0.026927069 929 -257 943 -248
person 0.026902642 0 453 9 538
person 0.026875867 1156 -257 1172 -250
person 0.026816206 1038 -250 1057 -190
person 0.026732609 1146 253 1158 275
person 0.0267202 738 380 783 435
person 0.026655313 3 298 30 339
person 0.026614988 671 276 697 300
person 0.02658886 279 -146 311 -45
person 0.02652419 839 -251 871 -161
person 0.026505776 1112 315 1133 342
person 0.02649428 63 806 86 883
person 0.026492152 455 171 466 184
person 0.02646074 227 513 250 537
person 0.026423715 453 308 488 344
person 0.026317975 433 296 466 333
person 0.026093893 1049 737 1061 767
person 0.026080329 419 302 471 367
person 0.02605454 -1 536 7 584
person 0.025973076 975 380 997 404
person 0.02595385 460 575 538 774
person 0.025817044 228 300 282 367
person 0.025800148 754 178 789 225
person 0.025707372 545 150 556 162
person 0.025652751 1198 158 1205 187
person 0.025623977 760 274 786 298
person 0.025559833 864 715 873 733
person 0.025514482 841 736 852 766
person 0.025490329 1021 -257 1035 -248
person 0.025481956 935 706 944 742
person 0.025435284 1064 318 1085 344
person 0.025425 517 132 546 165
person 0.025347505 -4 204 11 233
person 0.025344841 905 -257 920 -249
person 0.025313117 229 233 249 253
person 0.02530921 1196 206 1204 221
person 0.025226051 952 363 1023 445
person 0.025209108 940 140 965 171
person 0.025195058 471 142 490 163
person 0.025152475 1029 817 1052 873
person 0.025142223 929 -258 945 -232
person 0.025109319 600 273 626 296
person 0.025067508 953 -258 968 -232
person 0.0250556 339 234 351 258
person 0.025016459 509 122 525 141
person 0.025003403 1191 114 1204 155
person 0.024984512 753 310 789 336
person 0.024963154 147 20 183 115
person 0.024957603 103 301 138 335
person 0.024873808 486 -246 519 -158
person 0.024835352 911 713 919 735
person 0.02482533 746 864 771 943
person 0.024716109 1138 238 1149 252
person 0.024706323 1070 169 1103 220
person 0.024696942 664 -242 697 -154
person 0.024696358 0 562 6 604
person 0.024687756 792 864 817 943
person 0.024681035 906 -258 922 -233
person 0.024678987 935 712 942 734
person 0.024668537 720 469 792 569
person 0.02461991 724 212 738 235
person 0.02461549 976 -258 991 -232
person 0.024611631 554 462 620 580
person 0.024588928 576 -247 609 -160
person 0.02453445 120 412 217 600
person 0.024408553 99 255 130 287
person 0.024393842 1004 708 1013 741
person 0.0243828 902 253 924 279
person 0.024381764 117 392 153 431
person 0.024304695 63 227 80 250
person 0.02429941 104 810 128 884
person 0.024260897 999 -258 1014 -232
person 0.02414877 838 864 863 943
person 0.024099445 584 534 665 708
person 0.0240845 194 303 228 338
person 0.02408306 809 549 834 576
person 0.02404865 296 271 319 297
person 0.024031298 0 -246 9 -159
person 0.024018431 841 714 849 734
person 0.02399829 1155 234 1174 261
person 0.023906803 291 -247 324 -158
person 0.023905408 699 864 725 943
person 0.023898138 773 124 784 137
person 0.0238513 840 500 913 596
person 0.023817265 158 222 186 253
person 0.023773078 210 -7 246 87
person 0.023729155 883 -258 899 -234
person 0.023721874 1178 475 1204 545
person 0.023695013 59 255 96 308
person 0.02361355 629 178 642 192
person 0.023587015 1118 84 1142 121
person 0.023543794 1156 -258 1174 -239
person 0.023509273 248 180 267 202
person 0.023497343 1032 778 1081 903
person 0.023487708 42 434 75 495
person 0.023464127 1077 390 1119 444
person 0.023348743 10 338 42 386
person 0.023330728 888 715 896 735
person 0.023320563 885 864 910 943
person 0.0232789 818 128 828 140
person 0.023260714 577 296 602 318
person 0.023183908 506 246 530 271
person 0.023165558 957 701 965 722
person 0.023160841 957 712 964 733
person 0.023160337 162 560 184 581
person 0.023078281 1022 -258 1038 -233
person 0.023002239 725 707 736 738
person 0.022937672 293 170 320 200
person 0.022935992 410 488 418 505
person 0.022890192 840 390 881 445
person 0.022839433 463 287 515 352
person 0.022836996 931 864 956 943
person 0.022835385 653 864 678 943
person 0.022812031 -16 445 62 605
person 0.022763282 372 215 386 235
person 0.022734785 646 231 659 255
person 0.02272701 937 180 950 197
person 0.02265733 452 -30 505 112
person 0.02265708 141 356 170 383
person 0.022627866 924 433 963 491
person 0.022608379 882 -257 897 -249
person 0.022598352 977 864 1002 943
person 0.022591254 705 443 804 620
person 0.022584632 997 169 1012 182
person 0.022487305 1076 204 1088 229
person 0.022481864 1017 582 1115 731
person 0.022419158 1194 -169 1205 -103
person 0.022353249 1095 738 1107 766
person 0.022318814 322 273 345 299
person 0.02224737 642 536 731 721
person 0.022229904 1117 162 1133 184
person 0.022227528 957 706 967 742
person 0.022209264 1044 -257 1058 -249
person 0.022204801 400 232 413 257
person 0.022200944 984 425 1027 480
person 0.022166155 158 316 182 342
person 0.022094032 834 294 859 318
person 0.022082461 859 -258 876 -235
person 0.022077465 771 707 781 739
person 0.02206675 0 197 10 248
person 0.022045799 816 735 828 766
person 0.022031093 748 707 758 739
person 0.021969346 407 -151 440 -51
person 0.02189892 -2 93 29 179
person 0.021878492 636 149 649 160
person 0.02186317 24 163 40 213
person 0.021845138 521 219 534 241
person 0.021827467 1056 171 1068 185
person 0.021821732 393 -244 426 -156
person 0.021787452 3 -8 32 87
person 0.021738784 1197 246 1205 278
person 0.021731464 1024 864 1048 943
person 0.021718644 561 330 609 381
person 0.021715509 1124 176 1157 226
person 0.021700116 202 -244 235 -155
person 0.021674132 795 707 805 740
person 0.02159459 607 864 632 943
person 0.021580862 -1 -4 18 74
person 0.021551201 0 201 7 236
person 0.021470008 399 188 419 209
person 0.021457635 306 246 320 260
person 0.02145689 1136 -258 1154 -239
person 0.021453112 805 573 833 600
person 0.021411628 -1 515 5 558
person 0.021324528 91 346 138 398
person 0.021289287 646 320 670 341
person 0.021274121 725 687 736 723
person 0.021266876 611 709 621 738
person 0.021217188 1140 666 1149 685
person 0.02119577 976 701 985 720
person 0.021194192 1169 35 1183 80
person 0.021173285 0 217 6 250
person 0.021152142 1044 -258 1061 -234
person 0.021141922 912 708 921 743
person 0.021069428 460 -14 496 88
person 0.02101737 1136 -257 1151 -249
person 0.020973697 193 812 220 885
person 0.020840278 301 589 328 621
person 0.020837514 981 708 990 742
person 0.020833008 470 133 497 166
person 0.020743148 50 596 65 630
person 0.020728711 770 120 787 140
person 0.020712378 722 734 734 765
person 0.02070759 292 573 317 604
person 0.020707045 1035 832 1071 936
person 0.020691188 696 324 720 347
person 0.020663071 972 161 1009 212
person 0.020588864 561 864 585 943
person 0.020576574 301 291 352 356
person 0.02054297 859 565 883 593
person 0.020500407 0 253 11 303
person 0.02048579 681 263 777 409
person 0.020464905 932 -252 965 -166
person 0.02045504 -1 775 14 866
person 0.020425769 952 206 966 229
person 0.020424949 438 273 460 297
person 0.02038661 1193 160 1209 186
person 0.020371942 1192 248 1209 275
person 0.020334305 836 -258 853 -236
person 0.020322533 685 388 727 442
person 0.020321088 411 179 447 226
person 0.020292768 425 813 451 885
person 0.020282881 761 343 781 355
person 0.02028178 849 323 879 347
person 0.020279493 619 315 642 336
person 0.020202415 1021 767 1040 822
person 0.020137051 472 813 498 885
person 0.020101363 1194 914 1201 965
person 0.020089062 968 288 1056 436
person 0.020035177 607 146 620 159
person 0.019944763 834 181 848 207
person 0.01994063 938 840 974 944
person 0.01991252 784 295 810 320
person 0.019895915 251 265 272 289
person 0.019889453 858 -257 873 -249
person 0.019862302 1002 702 1010 719
person 0.019796578 181 536 205 557
person 0.019777527 333 812 358 886
person 0.019767208 1197 187 1205 202
person 0.019715864 486 203 502 227
person 0.019652152 1140 164 1157 187
person 0.01962417 19 541 33 578
person 0.019587059 117 -238 150 -147
person 0.019576404 984 -254 1003 -193
person 0.01956039 288 532 318 572
person 0.01955084 514 864 539 944
person 0.019531066 565 706 574 741
person 0.019521356 1118 -201 1132 -152
person 0.01951282 50 345 85 382
person 0.019505335 128 389 158 412
person 0.019502396 1192 436 1203 511
person 0.019501712 978 -165 1003 -113
person 0.019476345 623 319 637 331
person 0.019470463 -1 586 6 629
person 0.019390881 -5 220 10 247
person 0.019380957 -9 -174 26 -25
person 0.019367153 323 427 351 460
person 0.019366048 528 220 541 241
person 0.019319393 286 812 312 886
person 0.019288305 1119 732 1135 778
person 0.019276375 154 574 177 601
person 0.019259652 483 768 526 909
person 0.019217284 1090 393 1193 549
person 0.019176304 372 504 392 531
person 0.019119726 542 707 552 740
person 0.01911177 699 735 711 765
person 0.019100526 97 213 126 246
person 0.019015279 255 249 270 271
person 0.019012274 1027 139 1043 164
person 0.018989377 137 95 182 174
person 0.018912952 1067 -258 1084 -235
person 0.018912125 64 625 79 657
person 0.018911414 757 305 777 345
person 0.018905172 1156 187 1174 210
person 0.01889199 864 735 876 766
person 0.018881131 468 864 493 944
person 0.018844172 675 585 750 767
person 0.018841034 793 735 805 766
person 0.018806126 378 491 396 514
person 0.018776953 811 827 834 903
person 0.018768039 849 771 898 903
person 0.018709246 755 -249 772 -192
person 0.018688958 744 734 757 765
person 0.018640425 764 828 788 903
person 0.018640252 817 708 828 740
person 0.018591292 1138 695 1148 716
person 0.018561307 803 -249 820 -191
person 0.018547112 472 709 482 740
person 0.018519469 973 412 988 425
person 0.01850277 1157 205 1176 231
person 0.018471712 726 712 734 731
person 0.018419374 148 811 173 885
person 0.018349344 418 270 439 295
person 0.018319663 127 414 178 471
person 0.018308269 422 863 446 944
person 0.01829692 19 637 34 672
person 0.018256387 1067 -257 1081 -249
person 0.01821588 633 710 644 737
person 0.018211173 800 125 810 138
person 0.01814008 842 -251 859 -192
person 0.01811281 495 709 505 740
person 0.018106211 238 568 264 600
person 0.018090678 783 319 810 342
person 0.018076029 1180 604 1204 683
person 0.01806509 718 827 741 903
person 0.017956773 680 708 691 738
person 0.01791757 748 692 757 725
person 0.017902322 375 863 400 944
person 0.017849918 932 -161 956 -100
person 0.01783383 766 200 779 213
person 0.017805858 651 -164 681 -60
person 0.017777441 1197 110 1205 139
person 0.017751342 0 -226 6 -179
person 0.017750684 531 404 611 497
person 0.017748632 798 816 821 874
person 0.017725853 66 -121 89 -48
person 0.0177033 658 816 682 875
person 0.01769917 1192 387 1209 416
person 0.017697439 381 705 391 739
person 0.0176824 857 827 881 903
person 0.017661028 0 -248 6 -204
person 0.017618414 768 366 780 379
person 0.017571269 672 827 695 903
person 0.017551038 151 355 184 383
person 0.017549139 329 863 354 944
person 0.017534947 812 -258 830 -237
person 0.017514464 153 343 173 385
person 0.017513553 233 254 254 279
person 0.017467747 0 818 14 913
person 0.01743844 534 277 556 298
person 0.01742895 947 318 969 346
person 0.017409036 167 367 249 453
person 0.0174046 190 863 215 944
person 0.01737753 1 114 12 172
person 0.01736758 -4 758 16 902
person 0.017367322 1000 224 1012 239
person 0.017346917 576 764 620 911
person 0.01732307 1070 864 1095 944
person 0.017318742 371 188 390 209
person 0.01730766 283 863 307 944
person 0.01729965 710 -251 727 -194
person 0.01729403 0 8 7 48
person 0.01727082 694 273 718 297
person 0.01727065 971 136 997 170
person 0.017245622 1172 259 1206 315
person 0.017214317 1022 413 1036 426
person 0.017199866 43 448 70 481
person 0.017192936 379 813 405 885
person 0.017190157 236 863 261 944
person 0.017173264 1120 711 1128 733
person 0.017128877 944 178 958 199
person 0.01708563 218 536 248 577
person 0.01708363 555 634 567 726
person 0.017080434 357 709 367 744
person 0.017071582 274 578 296 607
person 0.017070672 209 827 228 855
person 0.017041873 -4 12 11 43
person 0.017039541 239 172 267 203
person 0.016947247 232 827 251 855
person 0.016941626 0 723 9 816
person 0.016937401 1197 884 1204 934
person 0.016929302 341 436 362 456
person 0.01692808 144 863 168 945
person 0.016921774 45 422 67 444
person 0.016904624 707 83 735 119
person 0.016900701 697 698 710 717
person 0.016888909 791 65 817 101
person 0.01687687 1083 86 1108 123
person 0.01686013 0 908 9 961
person 0.016830247 835 -257 851 -249
person 0.016803253 768 733 780 766
person 0.01675569 970 371 994 397
person 0.016728483 240 812 266 886
person 0.016714802 197 835 232 945
person 0.016688539 797 120 813 141
person 0.016684735 157 -251 174 -195
person 0.016677562 734 -101 781 53
person 0.016658993 225 99 268 177
person 0.016628703 1131 295 1152 325
person 0.016614972 40 25 67 91
person 0.016612316 406 99 450 174
person 0.016605103 255 827 274 855
person 0.016592616 667 768 712 908
person 0.016577663 1133 830 1168 939
person 0.016566884 21 -108 48 6
person 0.016566105 51 863 76 945
person 0.016549094 518 709 528 740
person 0.01653924 185 827 205 855
person 0.016534697 810 489 845 549
person 0.016519358 888 709 897 741
person 0.016495261 936 -256 953 -191
person 0.016474161 512 125 521 139
person 0.016424265 1171 -88 1201 15
person 0.016395278 241 187 260 208
person 0.016373094 466 -258 484 -235
person 0.016369049 489 -258 507 -235
person 0.016356623 374 -258 391 -235
person 0.016356139 235 -258 252 -235
person 0.01635574 258 -258 275 -235
person 0.016354304 351 -258 368 -235
person 0.016354183 281 -258 298 -235
person 0.016353032 304 -258 322 -235
person 0.01635261 513 -258 530 -235
person 0.016352065 443 -258 461 -235
person 0.0163511 327 -258 345 -235
person 0.016350271 397 -258 414 -235
person 0.016349396 278 827 298 855
person 0.016346682 559 -258 576 -235
person 0.016346207 536 -258 553 -235
person 0.016335675 420 -258 437 -235
person 0.016332725 212 -258 229 -235
person 0.016328497 582 -258 599 -235
person 0.016302662 712 584 792 774
person 0.016284693 903 827 927 904
person 0.016268859 0 484 33 583
person 0.016265096 1026 735 1037 765
person 0.016257431 285 694 302 763
person 0.016238986 0 -61 10 18
person 0.016223658 393 269 416 293
person 0.016206665 423 164 442 186
person 0.016198713 1075 816 1098 873
person 0.016189188 605 -258 623 -235
person 0.016188854 449 325 488 380
person 0.016188314 1177 441 1205 509
person 0.016186954 794 167 830 217
person 0.016181149 1001 140 1017 162
person 0.016158655 112 828 145 948
person 0.016145175 188 -258 206 -235
person 0.0161451 279 -55 307 10
person 0.016130632 1032 267 1044 292
person 0.016119903 341 522 357 547
person 0.016114196 628 -258 646 -235
person 0.016111042 301 826 321 855
person 0.016085273 1116 864 1140 944
person 0.016075209 218 236 229 249
person 0.01599588 324 826 344 855
person 0.015994716 1193 364 1209 394
person 0.015986072 677 736 689 766
person 0.01598356 910 497 1032 633
person 0.015966874 1032 505 1103 607
person 0.015958793 1014 384 1036 407
person 0.015930466 1197 84 1205 114
person 0.015920041 937 207 977 257
person 0.015916659 514 380 628 546
person 0.015891122 347 826 367 855
person 0.015890762 1075 772 1094 821
person 0.01588972 940 149 950 161
person 0.015885253 1090 -258 1107 -237
person 0.01588081 969 297 992 321
person 0.015839512 629 735 644 768
person 0.015837934 518 813 544 885
person 0.01583344 168 -102 227 70
person 0.015831165 505 416 581 505
person 0.015827347 887 -253 904 -190
person 0.015827332 652 327 664 339
person 0.015785353 128 220 179 289
person 0.015785072 652 -258 669 -236
person 0.015762042 -2 366 24 433
person 0.015748946 454 464 558 641
person 0.01574514 1020 201 1034 225
person 0.015730744 76 -245 88 -192
person 0.015717342 653 -166 668 -115
person 0.015715389 371 826 390 855
person 0.015699817 625 827 648 903
person 0.01569237 819 470 929 635
person 0.015676688 374 223 387 237
person 0.015674615 119 -246 133 -194
person 0.015673084 660 -252 676 -196
person 0.015664436 921 314 944 340
person 0.015661165 188 -49 211 3
person 0.015644494 496 146 509 160
person 0.015630879 165 -258 183 -236
person 0.01562001 887 734 898 765
person 0.01560287 1023 128 1051 163
person 0.01558405 31 234 49 260
person 0.015569163 962 621 1005 732
person 0.015557993 -14 305 82 450
person 0.015522744 809 295 833 320
person 0.015522479 194 692 209 756
person 0.0154975075 235 205 253 224
person 0.015456079 374 522 392 551
person 0.015435469 292 617 322 643
person 0.015431159 850 332 869 378
person 0.015418657 786 341 813 363
person 0.015412073 1196 631 1204 675
person 0.015396069 57 254 75 280
person 0.015382738 8 627 76 794
person 0.01536749 -5 591 9 623
person 0.015363913 1050 -240 1059 -201
person 0.015335165 950 828 973 904
person 0.015320678 652 735 667 768
person 0.015311766 459 273 481 295
person 0.01530228 315 598 337 626
person 0.01529876 790 -258 808 -237
person 0.015293854 394 826 413 855
person 0.01529351 47 200 87 275
person 0.015288993 115 519 139 547
person 0.015284816 675 -258 692 -236
person 0.0152793825 376 196 446 287
person 0.015279183 697 366 712 379
person 0.015262804 94 522 112 552
person 0.015253699 815 701 824 717
person 0.0152334785 309 711 321 740
person 0.015225341 0 447 6 489
person 0.015198981 1187 719 1206 769
person 0.015177998 748 63 774 99
person 0.015171649 540 687 551 726
person 0.015137004 997 412 1012 425
person 0.015106012 66 229 76 244
person 0.015104402 474 145 486 160
person 0.015054693 98 863 122 946
person 0.015026345 381 840 417 950
person 0.014989283 844 817 867 874
person 0.014955477 753 840 790 951
person 0.01493973 0 -203 6 -156
person 0.014916009 448 134 466 155
person 0.014900001 564 813 591 885
person 0.014898531 933 700 941 720
person 0.014898397 1194 -127 1205 -56
person 0.014891506 86 437 123 499
person 0.014884142 1195 824 1205 910
person 0.014878892 470 611 489 643
person 0.014873567 162 827 182 855
person 0.014866889 121 703 135 778
person 0.014858135 700 -167 715 -114
person 0.014847829 142 -258 160 -236
person 0.014831042 0 490 8 534
person 0.014822148 627 392 755 540
person 0.01480603 579 826 602 904
person 0.014802477 996 827 1018 904
person 0.014773555 977 15 994 45
person 0.01476473 1141 709 1152 737
person 0.014762676 326 105 369 183
person 0.01472552 846 840 882 946
person 0.014725133 1095 301 1108 329
person 0.014714803 1185 -258 1208 -190
person 0.014699276 417 826 436 855
person 0.014689182 1096 170 1108 184
person 0.014684352 247 554 269 582
person 0.014675405 -4 -260 15 -182
person 0.01462636 792 249 805 275
person 0.0146150105 1078 -216 1095 -150
person 0.014600815 0 -105 15 -15
person 0.014574106 73 -258 90 -238
person 0.014546108 -4 567 9 598
person 0.01454131 1089 -257 1104 -249
person 0.014536692 431 118 460 151
person 0.014531686 902 314 925 338
person 0.014471336 698 -258 715 -236
person 0.014461995 423 705 436 740
person 0.0144260675 460 201 478 216
person 0.0144224 244 247 284 297
person 0.014405593 27 655 42 690
person 0.01438247 1065 339 1087 365
person 0.014380058 1041 248 1054 273
person 0.014347068 705 816 728 874
person 0.01432766 406 210 419 231
person 0.014322483 123 87 188 196
person 0.014318208 530 213 635 357
person 0.014293142 759 580 784 602
person 0.014289454 746 300 773 324
person 0.014281806 437 411 458 434
person 0.014280008 948 151 959 163
person 0.014248101 798 424 834 484
person 0.014233099 889 -241 899 -202
person 0.014231606 1116 38 1138 79
person 0.014219518 119 -258 136 -236
person 0.014218976 1197 384 1205 418
person 0.014201882 614 -253 630 -196
person 0.014191672 1112 -258 1127 -249
person 0.014178422 520 -253 537 -197
person 0.014142404 812 -257 827 -249
person 0.014137313 767 -258 785 -237
person 0.0141329225 1184 520 1206 594
person 0.014103797 1042 828 1065 905
person 0.014102577 306 214 376 306
person 0.014102159 721 -258 738 -236
person 0.014068837 778 529 814 587
person 0.014058035 751 816 775 874
person 0.014054789 533 826 555 904
person 0.014032903 867 259 880 280
person 0.014031195 1112 -258 1130 -238
person 0.014024552 567 -253 583 -197
person 0.0140148625 994 203 1008 217
person 0.014005431 744 -258 762 -236
person 0.013996321 1135 828 1157 908
person 0.013975449 -12 85 39 199
person 0.0139468955 784 579 809 601
person 0.013940835 303 -5 339 88
person 0.0139375515 440 826 460 855
person 0.0139340805 440 826 462 904
person 0.013910846 1196 -219 1204 -177
person 0.013901419 887 699 895 714
person 0.01388555 487 826 509 904
person 0.013862168 537 655 547 693
person 0.0138198305 118 751 140 828
person 0.013781126 187 -98 205 -69
person 0.013775651 218 551 236 564
person 0.013767827 442 644 460 677
person 0.013756624 1197 361 1205 396
person 0.01374296 968 268 991 295
person 0.013740776 486 272 509 293
person 0.013738133 343 237 358 254
person 0.01373436 852 591 883 622
person 0.013708309 734 617 760 647
person 0.013705377 135 3 189 138
person 0.01368955 1192 273 1208 303
person 0.013681786 474 -253 490 -197
person 0.013680596 711 648 734 677
person 0.013663665 289 841 325 950
person 0.013660412 197 -253 214 -196
person 0.013635733 957 694 968 728
person 0.013628474 -1 -197 14 -105
person 0.013618286 982 818 1005 873
person 0.013600721 120 -218 134 -156
person 0.013582445 838 699 848 717
person 0.013570796 -5 176 11 205
person 0.013562901 131 531 153 554
person 0.013560899 527 206 549 226
person 0.01355426 317 577 392 785
person 0.0135493465 437 553 524 712
person 0.013529348 413 488 422 505
person 0.013520048 -4 -243 9 -210
person 0.013517262 1196 707 1204 746
person 0.01351292 -5 544 10 577
person 0.013508802 0 701 6 746
person 0.013506953 720 366 735 380
person 0.013481764 -1 679 5 722
person 0.013438132 185 550 199 560
person 0.013426599 556 -98 576 -70
person 0.013391696 720 121 754 172
person 0.013385819 603 -97 622 -69
person 0.0133839995 656 709 667 738
person 0.013341132 689 297 714 322
person 0.013335972 698 366 813 519
person 0.0133300135 209 596 234 623
person 0.013322226 394 825 416 904
person 0.013315052 463 826 483 855
person 0.013309195 197 -19 253 111
person 0.013300431 553 297 578 319
person 0.013291155 1116 121 1142 157
person 0.013262064 1196 662 1204 702
person 0.013261696 58 660 73 693
person 0.0132406335 897 220 993 355
person 0.0132404035 1187 799 1206 877
person 0.013232612 818 128 852 178
person 0.013229828 71 257 81 272
person 0.013208997 396 -98 413 -68
person 0.013206872 152 589 177 619
person 0.013204276 43 393 85 449
person 0.013193027 982 -217 1005 -149
person 0.013189373 1095 35 1110 74
person 0.013181797 135 450 207 559
person 0.013161646 741 231 757 253
person 0.0131554 1038 265 1049 295
person 0.013155313 695 335 717 357
person 0.013136829 818 340 930 497
person 0.013132748 -5 453 10 484
person 0.013126427 0 250 6 285
person 0.0131161595 606 735 621 768
person 0.013111927 579 -97 599 -70
person 0.013092097 0 -155 10 -65
person 0.0130902 0 679 9 773
person 0.013074654 18 158 49 219
person 0.013074309 211 -98 229 -69
person 0.013055157 1197 270 1204 305
person 0.013039844 0 -180 6 -133
person 0.013037831 291 377 371 462
person 0.013032561 473 841 508 948
person 0.013026234 65 639 81 672
person 0.013023217 539 694 549 713
person 0.013017445 280 -98 297 -68
person 0.013014933 90 453 117 481
person 0.013002365 469 -4 486 22
person 0.013000325 726 435 769 495
person 0.01296687 247 588 274 618
person 0.012957908 1196 730 1204 770
person 0.012955628 615 216 722 356
person 0.012945295 490 428 510 451
person 0.012925619 87 4 119 67
person 0.012901738 280 758 296 814
person 0.012887001 1 -9 8 33
person 0.012874136 1196 -174 1204 -131
person 0.012865219 1016 296 1030 319
person 0.01286468 -2 127 14 157
person 0.0128634265 486 825 506 855
person 0.012847797 -1 653 6 697
person 0.012834281 335 525 362 561
person 0.012823309 330 433 342 448
person 0.0128183 517 689 533 780
person 0.012814975 449 707 459 741
person 0.012808986 783 232 797 252
person 0.012801536 839 335 887 360
person 0.012800259 1198 130 1205 160
person 0.012792952 747 -167 761 -115
person 0.012787509 507 276 530 296
person 0.012782508 912 -242 922 -202
person 0.012781936 1042 323 1065 346
person 0.01278039 26 172 45 202
person 0.012777906 1196 -197 1204 -154
person 0.0127694635 876 258 888 281
person 0.012766999 758 771 805 903
person 0.012728178 164 -98 182 -69
person 0.012725751 890 217 933 266
person 0.012707019 356 588 377 618
person 0.012688183 142 347 270 507
person 0.01266207 1073 120 1100 156
person 0.012658256 503 342 548 395
person 0.01264917 648 -172 671 -100
person 0.012628485 1085 336 1108 362
person 0.012625156 166 587 253 781
person 0.012617367 256 -98 274 -69
person 0.012616244 143 326 166 350
person 0.0126015805 348 825 370 905
person 0.012596788 607 -166 622 -116
person 0.012574997 1157 116 1194 197
person 0.012563245 475 190 544 280
person 0.012554032 168 681 183 713
person 0.012548926 1180 196 1209 254
person 0.012528504 510 825 529 855
person 0.012525585 310 208 324 221
person 0.012513246 835 325 859 350
person 0.012511273 473 606 497 690
person 0.012507398 59 239 70 254
person 0.01250629 549 -53 579 12
person 0.012502646 770 700 780 718
person 0.012499159 532 -98 553 -70
person 0.012497883 303 -98 320 -68
person 0.0124949645 117 -175 139 -98
person 0.0124867475 678 699 686 714
person 0.012482491 1188 834 1206 923
person 0.012481369 -4 -219 9 -187
person 0.012480653 746 -177 775 -66
person 0.01243141 1087 249 1107 269
person 0.012417025 701 635 730 707
person 0.01241479 1066 -243 1101 -159
person 0.012409501 660 839 696 952
person 0.012406895 576 246 685 402
person 0.012401346 744 126 780 175
person 0.012400913 69 -169 90 -92
person 0.01239988 655 -105 677 -50
person 0.012398724 626 -98 645 -69
person 0.012393848 1 104 9 139
person 0.012391876 428 -253 444 -197
person 0.0123833595 380 691 391 726
person 0.012376504 1007 472 1117 642
person 0.012364361 1117 -155 1131 -105
person 0.012351372 242 -253 259 -197
person 0.012350476 0 467 6 511
person 0.012349383 190 274 304 427
person 0.012300287 790 -258 805 -249
person 0.01228295 1188 -6 1197 32
person 0.0122785475 566 841 601 952
person 0.012272773 0 745 6 792
person 0.012264037 533 825 552 855
person 0.012245306 96 -258 113 -237
person 0.012241455 913 789 994 964
person 0.01223112 1112 -249 1136 -184
person 0.012228885 -6 406 10 434
person 0.012218913 276 754 300 827
person 0.012216721 339 -56 366 10
person 0.012193352 274 591 300 622
person 0.012184423 702 707 714 739
person 0.0121838385 301 825 323 905
person 0.012153541 373 -98 390 -68
person 0.012145001 882 157 919 208
person 0.012140895 1018 364 1045 386
person 0.012128366 43 169 72 206
person 0.012121426 0 454 18 539
person 0.012105408 751 -220 765 -163
person 0.012100961 0 769 6 815
person 0.012090363 0 583 10 685
person 0.012086065 1027 -242 1036 -201
person 0.012077288 1009 792 1089 961
person 0.01205487 209 826 231 905
person 0.012030611 471 691 488 768
person 0.012017729 560 689 572 727
person 0.012015568 211 207 230 227
person 0.012000491 285 709 296 738
person 0.01199906 -5 254 11 281
person 0.011982265 1186 -173 1206 -97
person 0.011981391 358 353 400 406
person 0.011979618 1196 752 1204 793
person 0.011975488 878 342 905 364
person 0.011949557 257 -54 285 12
person 0.011948978 890 816 913 875
person 0.01194488 419 -98 437 -68
person 0.011940237 911 732 922 764
person 0.011938793 139 826 158 856
person 0.011915651 1003 734 1014 763
person 0.011913792 326 -98 344 -68
person 0.011904966 981 150 992 162
person 0.011902347 1019 389 1031 401
person 0.011895973 876 589 901 619
person 0.011892952 556 825 575 855
person 0.011857254 218 390 263 444
person 0.011855054 255 825 277 905
person 0.011853472 210 90 274 199
person 0.011829313 154 504 193 516
person 0.011819328 194 165 222 197
person 0.011811212 255 553 362 725
person 0.01180423 695 -173 717 -100
person 0.011790942 490 735 505 768
person 0.011790348 968 409 992 430
person 0.01178451 0 -157 6 -110
person 0.011781562 349 -97 367 -68
person 0.011771712 745 779 760 813
person 0.0117609445 936 817 959 874
person 0.0117590325 602 -112 629 -41
person 0.0117584625 713 192 807 350
person 0.01174882 1026 18 1041 46
person 0.011734586 866 -242 876 -201
person 0.011726897 0 883 6 934
person 0.011725759 743 -98 759 -68
person 0.011718347 198 687 208 724
person 0.011714823 668 323 692 345
person 0.011713227 886 429 925 489
person 0.011709889 1169 -162 1215 -25
person 0.01170365 240 697 255 764
person 0.011698136 709 312 740 342
person 0.01168895 -4 520 9 552
person 0.0116862 1194 132 1209 160
person 0.011684096 -1 403 5 438
person 0.011670031 1026 -167 1047 -110
person 0.011666287 935 -217 957 -143
person 0.011651034 233 -98 251 -69
person 0.011650036 1196 -151 1204 -108
person 0.011648262 1113 340 1133 366
person 0.011642828 110 -115 132 -57
person 0.011641082 289 -253 305 -197
person 0.011640958 143 573 168 599
person 0.011635795 841 622 865 649
person 0.011630741 1005 430 1046 489
person 0.011623036 28 209 48 237
person 0.011614881 112 347 136 370
person 0.011601173 1197 685 1204 724
person 0.0115919905 519 78 547 115
person 0.011590625 860 780 876 810
person 0.011567452 923 14 940 43
person 0.011563059 837 780 853 811
person 0.011559605 -3 108 13 136
person 0.011556189 0 30 6 69
person 0.011544838 1164 32 1197 124
person 0.011499083 1127 423 1161 468
person 0.011496596 -4 256 18 295
person 0.011482158 744 -88 775 26
person 0.01147197 75 -213 88 -149
person 0.011438546 935 -242 944 -202
person 0.011432396 989 366 1019 389
person 0.011427251 148 511 160 527
person 0.011421122 544 -153 592 -18
person 0.011419555 864 266 877 290
person 0.011411026 518 713 527 732
person 0.011409839 766 549 793 574
person 0.011402918 48 -74 73 1
person 0.011398441 718 339 742 360
person 0.011382478 97 302 143 353
person 0.011381485 165 558 180 577
person 0.011380734 1196 545 1204 580
person 0.011378508 1070 14 1086 44
person 0.0113450475 381 -253 398 -197
person 0.011341326 148 -220 162 -163
person 0.0113266045 446 123 463 142
person 0.011317531 72 -258 88 -250
person 0.011313401 51 841 69 874
person 0.011309733 618 613 642 639
person 0.011308447 1184 561 1206 640
person 0.011305697 931 339 1037 493
person 0.01130014 1197 61 1205 93
person 0.011299729 -1 172 6 209
person 0.011262282 722 779 737 813
person 0.0112533495 -5 59 12 89
person 0.011252824 1198 864 1205 911
person 0.01124471 210 480 235 505
person 0.011239733 0 722 6 769
person 0.011237761 901 13 918 42
person 0.011234301 579 824 599 855
person 0.011226613 320 167 339 188
person 0.011226428 0 607 7 652
person 0.011223136 307 190 325 211
person 0.011222919 426 245 438 271
person 0.011209254 1095 218 1156 319
person 0.01119964 239 588 262 616
person 0.011194729 827 575 852 600
person 0.0111945085 401 -11 438 84
person 0.011185903 653 780 667 814
person 0.0111818155 335 -253 351 -197
person 0.011173916 186 457 207 470
person 0.011173663 767 -258 782 -249
person 0.011162267 162 234 181 255
person 0.011157899 133 547 156 573
person 0.011154365 510 631 532 713
person 0.011148281 375 -110 398 -53
person 0.011140898 516 695 526 712
person 0.011133652 630 698 640 713
person 0.011129211 768 779 783 813
person 0.011114935 -5 34 11 64
person 0.011103196 512 564 528 595
person 0.011100573 670 127 706 176
person 0.011086961 66 660 84 693
person 0.011083194 745 368 759 381
person 0.011075195 335 -111 358 -53
person 0.011074312 1196 613 1203 654
person 0.011068162 1112 -208 1136 -139
person 0.011060904 277 273 300 297
person 0.011060491 514 734 528 767
person 0.011050411 381 494 391 510
person 0.011043402 157 305 177 331
person 0.011035306 265 217 278 230
person 0.011018677 994 15 1011 45
person 0.011014521 951 13 968 43
person 0.011006669 1197 524 1204 559
person 0.011000744 791 779 806 812
person 0.010998248 44 572 58 606
person 0.010989932 602 122 620 142
person 0.010986648 268 -105 335 81
person 0.010983808 823 209 928 363
person 0.010972569 819 787 902 964
person 0.010954312 1196 230 1204 246
person 0.010949058 221 544 234 570
person 0.010947861 705 -221 719 -166
person 0.010929887 89 480 118 512
person 0.010923625 0 792 6 838
person 0.01090955 699 780 714 813
person 0.010909369 734 542 765 571
person 0.01090798 144 490 157 505
person 0.010887422 882 781 899 808
person 0.01088605 401 707 414 742
person 0.010875868 466 -257 481 -249
person 0.010874514 489 -257 504 -249
person 0.010867694 68 825 89 906
person 0.010866131 192 670 218 740
person 0.010866059 363 177 466 339
person 0.0108659575 333 486 362 520
person 0.010864322 512 -257 528 -249
person 0.01086322 558 -257 574 -249
person 0.010862908 443 -257 458 -249
person 0.010860326 27 523 40 558
person 0.010859696 0 630 6 675
person 0.010859655 535 -257 551 -249
person 0.010858702 373 -257 389 -249
person 0.010857606 234 -257 250 -249
person 0.010857304 350 -257 366 -249
person 0.01085626 257 -257 273 -249
person 0.010855773 396 -257 412 -249
person 0.0108553525 281 -257 296 -249
person 0.01085497 304 -257 319 -249
person 0.01085456 327 -257 342 -249
person 0.0108533 582 -257 597 -249
person 0.010851181 211 -257 227 -249
person 0.01085027 419 -257 435 -249
person 0.010839738 601 297 625 317
person 0.010828864 0 -42 6 4
person 0.010828199 719 180 735 198
person 0.01081554 676 780 691 814
person 0.010801454 0 815 6 860
person 0.010797481 605 -257 620 -249
person 0.010788363 472 119 490 140
person 0.010785656 814 779 829 812
person 0.010776614 1192 406 1209 433
person 0.01076173 628 -257 643 -249
person 0.010754595 97 781 142 908
person 0.010753408 366 297 388 319
person 0.010751476 601 -173 625 -101
person 0.010749593 188 -257 203 -249
person 0.010745158 161 534 177 548
person 0.0107392855 789 583 805 597
person 0.010732524 610 813 637 884
person 0.010713667 841 118 857 140
person 0.010713293 841 -239 854 -201
person 0.010713202 466 804 482 835
person 0.010711843 1073 -240 1083 -201
person 0.010708685 443 805 459 835
person 0.01069674 0 547 8 626
person 0.010687256 0 149 7 184
person 0.010677949 1098 291 1164 388
person 0.010660128 274 219 287 230
person 0.010660016 973 -115 997 -68
person 0.010651425 386 271 498 432
person 0.010650717 744 -258 759 -249
person 0.010650647 629 780 644 813
person 0.010617597 562 693 575 776
person 0.010611402 602 824 622 855
person 0.010601268 211 843 232 873
person 0.010596719 536 804 552 835
person 0.010595158 651 -257 667 -249
person 0.010592289 -4 152 11 181
person 0.010592175 1196 -128 1204 -85
person 0.010589482 489 804 506 835
person 0.01057001 1118 736 1130 765
person 0.010550828 175 -167 221 -28
person 0.010544264 512 804 529 835
person 0.010544031 1033 86 1050 123
person 0.010527045 141 -98 158 -68
person 0.010520694 1032 -224 1046 -158
person 0.010510771 242 168 259 187
person 0.010507681 234 843 255 873
person 0.010500534 78 -47 94 6
person 0.010492818 1028 243 1043 270
person 0.010492783 0 -134 6 -87
person 0.010476553 165 -257 180 -249
person 0.010476419 257 843 278 873
person 0.010462306 317 578 338 604
person 0.010461511 323 756 344 813
person 0.010460352 1131 320 1151 346
person 0.01045964 481 631 505 715
person 0.010454529 420 805 436 835
person 0.010448793 797 -220 811 -160
person 0.0104454905 25 890 41 926
person 0.010444761 978 223 995 249
person 0.0104340715 422 465 440 490
person 0.01041396 674 -257 690 -249
person 0.010412175 559 804 575 835
person 0.010406787 51 819 68 853
person 0.01039596 284 534 306 559
person 0.0103938505 1015 298 1032 310
person 0.010392771 1195 642 1203 662
person 0.0103795035 281 842 301 873
person 0.010360332 375 504 387 524
person 0.010360076 509 -99 529 -70
person 0.010358801 1005 -243 1014 -201
person 0.010350065 304 842 324 873
person 0.010348927 423 120 441 140
person 0.010348429 1018 410 1041 429
person 0.010347819 468 734 482 768
person 0.010342414 156 462 275 641
person 0.010335511 720 -258 736 -249
person 0.010330873 1044 207 1059 226
person 0.010328748 993 411 1016 430
person 0.010327442 392 89 456 196
person 0.0103239715 794 125 830 175
person 0.010322009 556 116 575 138
person 0.010313975 835 338 867 366
person 0.0103121 188 843 209 873
person 0.010295237 558 -35 636 152
person 0.010293197 959 -243 968 -202
person 0.010289695 1138 521 1157 548
person 0.010282831 400 494 426 530
person 0.010279949 -4 822 10 853
person 0.010278968 245 -111 268 -53
person 0.0102784345 832 421 870 481
person 0.010263729 211 512 236 533
person 0.0102580385 327 842 348 873
person 0.01025526 350 842 371 873
person 0.010254345 1197 843 1205 886
person 0.010240373 1072 138 1088 163
person 0.010235521 190 -111 213 -53
person 0.010208838 458 226 472 242
person 0.010208718 0 54 7 94
person 0.010201295 725 621 747 649
person 0.010200284 214 707 228 740
person 0.010192122 332 340 367 377
person 0.010190809 1048 136 1064 159
person 0.010189496 766 -99 782 -69
person 0.010188328 697 -257 713 -249
person 0.010183679 373 842 394 873
person 0.010172797 390 -24 446 109
person 0.010171017 173 791 251 968
person 0.010162033 -13 739 33 889
person 0.010154155 64 294 87 321
person 0.010148142 727 788 808 966
person 0.010132975 530 297 554 318
person 0.01012979 583 733 597 767
person 0.010122086 317 37 340 78
person 0.01012048 878 574 902 600
person 0.010100923 377 -168 390 -119
person 0.0100986585 754 135 799 212
person 0.010095956 488 421 508 444
person 0.010092745 818 -240 832 -202
person 0.010089083 104 161 133 195
person 0.010082507 113 552 140 583
person 0.010070982 1121 672 1130 689
person 0.010064182 396 842 417 873
person 0.01006126 1112 -162 1134 -92
person 0.010055752 934 732 944 763
person 0.010049437 297 775 341 905
person 0.01003505 396 805 413 835
person 0.010033022 910 700 918 717
person 0.010027643 626 824 645 855
person 0.010015779 285 694 295 712
person 0.010014295 663 757 681 824
person 0.010008302 403 382 481 470
person 0.010006194 794 700 803 717
person 0.010002568 142 -257 157 -249
