person 0.7805263 653 272 684 312
person 0.7704352 760 301 802 354
person 0.7703651 849 328 890 387
person 0.7680656 898 270 927 312
person 0.7286783 894 173 913 201
person 0.72740024 692 287 727 329
person 0.72666043 961 345 1000 401
person 0.72017723 558 273 589 313
person 0.706072 834 233 861 271
person 0.69098574 803 247 832 286
person 0.6728165 346 208 366 235
person 0.668765 682 232 710 267
person 0.6674855 312 236 333 264
person 0.6668755 543 236 566 264
person 0.66246295 1091 195 1109 223
person 0.661566 265 236 285 263
person 0.6604508 1121 265 1148 307
person 0.658579 931 190 951 217
person 0.6569283 638 180 657 205
person 0.6513683 402 244 430 280
person 0.64723146 1003 237 1024 266
person 0.64591324 1098 306 1127 352
person 0.6426068 1044 247 1069 286
person 0.64148295 770 200 791 229
person 0.6353546 699 185 719 211
person 0.6343104 1014 289 1043 331
person 0.62948424 1127 237 1147 267
person 0.6275565 916 156 933 180
person 0.62338644 345 249 367 279
person 0.6153666 878 195 897 222
person 0.61485815 952 158 969 182
person 0.61328745 979 254 1005 292
person 0.61297023 964 212 985 239
person 0.60789263 429 201 449 227
person 0.60752577 956 277 984 317
person 0.6028942 663 171 681 195
person 0.60276157 1134 184 1151 208
person 0.59959406 497 230 519 258
person 0.59808666 845 194 866 221
person 0.59724593 609 177 627 201
person 0.59567034 859 174 877 199
person 0.5910788 477 185 496 208
person 0.5881533 823 181 843 207
person 0.58392 795 150 812 172
person 0.58197224 1053 179 1070 205
person 0.57834786 1004 187 1023 212
person 0.5758935 466 225 487 252
person 0.575679 613 228 635 257
person 0.57493913 1076 218 1095 247
person 0.5711419 496 201 515 224
person 0.56390244 686 149 703 169
person 0.5627854 819 157 835 179
person 0.54007006 528 187 546 209
person 0.5382275 427 222 449 250
person 0.52222025 748 141 760 160
person 0.51737547 1044 203 1063 231
person 0.5156882 832 155 849 179
person 0.5118293 577 184 596 205
person 0.5112495 1029 220 1049 248
person 0.50480455 725 214 747 243
person 0.50251216 794 224 816 253
person 0.49549496 731 155 747 178
person 0.47112867 765 149 780 170
person 0.46609023 532 210 553 234
person 0.46563214 1135 203 1152 229
person 0.4581968 977 205 996 230
person 0.4551639 770 172 789 196
person 0.45216966 574 162 587 180
person 0.4283266 551 170 564 187
person 0.41390494 1066 247 1088 279
person 0.41014263 986 180 1006 204
person 0.40818587 1116 207 1135 234
person 0.38372567 514 170 527 188
person 0.37651715 584 178 603 199
person 0.37133998 730 172 748 196
person 0.35154897 964 292 995 333
person 0.3467941 707 181 729 207
person 0.34177017 569 207 589 231
person 0.3412144 546 175 566 197
person 0.32453167 1007 213 1027 238
person 0.32140067 618 209 639 235
person 0.31788865 1070 205 1090 233
person 0.3079366 768 148 778 161
person 0.30581853 784 178 805 204
person 0.2772633 875 196 903 232
person 0.27340835 634 169 652 188
person 0.27128923 1045 181 1065 207
person 0.26127377 508 233 530 259
person 0.25890234 624 170 643 189
person 0.25194722 486 185 507 208
person 0.24087456 951 187 972 212
person 0.23893504 55 339 126 435
person 0.2373618 689 151 700 166
person 0.23648107 1023 308 1054 351
person 0.23369145 921 178 942 205
person 0.23162495 1110 220 1131 249
person 0.21308142 1057 169 1074 191
person 0.21264344 733 154 745 172
person 0.20824872 798 152 809 168
person 0.20276602 604 154 619 173
person 0.20245868 727 156 743 172
person 0.20085473 469 202 493 227
person 0.19997685 333 203 351 228
person 0.19962445 1021 169 1038 191
person 0.17537987 1248 308 1289 386
person 0.17506546 572 184 598 216
person 0.17402619 866 195 890 225
person 0.1725309 524 184 550 217
person 0.17156558 804 227 828 256
person 0.16835375 1067 220 1090 250
person 0.16583519 637 171 649 184
person 0.16438958 587 180 601 194
person 0.1622564 402 236 426 264
person 0.16174068 1266 326 1279 393
person 0.1561613 666 171 677 187
person 0.15614392 567 221 589 245
person 0.15592887 785 204 809 232
person 0.15469308 821 158 832 174
person 0.14992066 530 179 543 204
person 0.14823125 1129 182 1154 217
person 0.14573976 78 417 162 520
person 0.14541566 837 314 903 396
person 0.14501345 1149 220 1166 247
person 0.14389557 267 251 292 278
person 0.14368041 989 235 1013 263
person 0.14253701 1263 296 1279 362
person 0.14230518 963 255 988 284
person 0.13838324 603 174 631 207
person 0.13551265 835 158 846 172
person 0.13543877 670 212 693 239
person 0.1327218 60 392 172 555
person 0.1327049 313 242 341 276
person 0.13158374 1081 254 1102 284
person 0.13079074 1138 186 1148 201
person 0.1280626 58 297 93 337
person 0.1253358 737 265 777 310
person 0.12442382 540 243 564 272
person 0.12229268 612 179 624 194
person 0.122095436 1254 326 1282 394
person 0.119832136 693 203 717 230
person 0.119320974 963 221 985 248
person 0.11924016 655 226 689 263
person 0.11775508 598 223 622 250
person 0.10985951 345 232 367 260
person 0.10601206 919 158 930 174
person 0.10531652 54 401 126 522
person 0.103410564 1090 286 1138 358
person 0.1030892 1116 434 1185 531
person 0.10214768 1056 180 1067 198
person 0.10208696 849 189 863 214
person 0.10103473 875 338 919 394
person 0.10094376 66 349 112 409
person 0.10059592 604 260 641 297
person 0.10041055 767 163 786 201
person 0.09750387 257 296 292 333
person 0.09731854 640 201 663 228
person 0.096613176 919 207 940 233
person 0.09524827 503 167 523 188
person 0.09371988 450 188 470 209
person 0.092927255 1138 205 1149 222
person 0.09219671 442 251 475 287
person 0.09116764 535 226 574 275
person 0.09096735 589 210 613 234
person 0.09016616 669 230 694 259
person 0.08983081 955 160 967 175
person 0.08923602 890 298 924 341
person 0.08918263 480 185 493 201
person 0.0888637 556 293 592 329
person 0.086697884 362 583 383 610
person 0.08608616 1007 182 1020 206
person 0.08529017 952 161 963 178
person 0.084450014 721 333 765 389
person 0.08408067 833 606 902 727
person 0.083908275 722 142 737 162
person 0.08346642 1268 257 1281 308
person 0.081628434 993 166 1012 188
person 0.081625514 337 239 375 289
person 0.08159012 37 317 144 463
person 0.08131695 1273 153 1281 189
person 0.080849744 648 279 673 311
person 0.08077366 655 295 691 332
person 0.08021003 506 169 520 184
person 0.080084614 562 258 588 285
person 0.079629116 499 203 512 218
person 0.07928841 1119 247 1140 275
person 0.07917806 469 48 494 89
person 0.079131134 930 518 1005 619
person 0.079046085 1152 214 1165 237
person 0.0788111 713 254 740 283
person 0.07877622 809 211 832 238
person 0.078769445 1129 245 1143 267
person 0.07868012 85 453 195 638
person 0.07793298 980 304 1007 337
person 0.07788708 948 328 1011 415
person 0.076973096 895 170 910 189
person 0.0764492 372 234 396 261
person 0.07599382 497 250 530 289
person 0.07597958 437 201 452 222
person 0.0755818 0 400 9 482
person 0.07548277 592 298 629 336
person 0.0747583 479 167 497 188
person 0.074547574 641 177 654 199
person 0.07450134 862 177 874 192
person 0.07439686 773 177 785 191
person 0.073759705 1015 283 1039 314
person 0.07258995 422 191 442 213
person 0.07239113 794 252 820 284
person 0.07171041 692 278 719 308
person 0.07133045 1127 297 1156 339
person 0.07103444 372 255 396 283
person 0.070466466 684 260 734 330
person 0.07043624 734 176 745 191
person 0.06950806 350 252 363 276
person 0.06931632 760 225 783 255
person 0.06919295 904 263 928 291
person 0.068681285 748 284 816 366
person 0.06832516 862 169 876 190
person 0.06798352 981 206 994 222
person 0.06766529 1031 323 1054 354
person 0.067106776 439 260 462 286
person 0.06703096 544 276 572 306
person 0.066382416 979 316 1030 389
person 0.066336535 932 225 956 252
person 0.06573742 1024 173 1035 186
person 0.06554477 521 136 536 158
person 0.06541274 785 214 823 265
person 0.065156154 312 236 324 259
person 0.06502747 1120 226 1153 278
person 0.06450685 1081 281 1103 310
person 0.06449461 462 326 496 366
person 0.06435288 613 255 637 283
person 0.06433914 1119 463 1191 574
person 0.06400505 1102 444 1206 628
person 0.06356636 1047 204 1059 221
person 0.06240136 639 234 662 260
person 0.062200822 547 255 598 323
person 0.062194668 1204 399 1240 462
person 0.06191388 638 259 663 288
person 0.061909262 791 342 836 396
person 0.061782088 400 210 422 234
person 0.061760083 706 284 734 312
person 0.061759908 147 -117 196 60
person 0.061636172 1261 66 1274 121
person 0.061471403 293 245 316 273
person 0.061442558 1130 390 1175 451
person 0.060353838 701 174 715 206
person 0.06025999 64 302 87 330
person 0.059914958 572 207 586 222
person 0.05949676 536 207 550 226
person 0.0594395 1134 360 1177 420
person 0.059334263 1094 198 1106 211
person 0.059234742 894 256 943 326
person 0.059098482 304 225 341 275
person 0.05885594 604 218 644 268
person 0.058675185 407 165 424 186
person 0.058264922 1037 346 1069 387
person 0.0581534 1032 167 1051 190
person 0.057684395 1030 282 1054 313
person 0.05692559 882 226 906 254
person 0.056881957 642 258 695 326
person 0.056695774 270 373 302 409
person 0.056581963 465 247 488 273
person 0.055592667 996 226 1032 277
person 0.055403873 974 317 999 346
person 0.054986816 -5 -285 11 -256
person 0.05497082 566 459 664 660
person 0.05437004 798 226 811 250
person 0.054185484 679 139 692 159
person 0.05413408 588 254 613 281
person 0.053975206 759 530 839 632
person 0.053766523 1060 174 1070 187
person 0.053676296 1268 -284 1281 -225
person 0.053651728 259 233 278 256
person 0.05358848 661 254 686 283
person 0.053257734 1273 171 1280 206
person 0.053100076 926 409 982 483
person 0.05300806 760 255 786 281
person 0.05239751 372 212 393 236
person 0.05208694 308 -108 359 67
person 0.051556602 798 237 847 307
person 0.050933246 1170 267 1200 305
person 0.05090922 1118 204 1131 225
person 0.050857786 68 264 103 302
person 0.050853517 1274 129 1281 164
person 0.05084697 489 255 514 282
person 0.0507841 826 174 839 202
person 0.050684955 183 -114 230 66
person 0.05051497 1033 225 1045 241
person 0.050011337 705 339 753 392
person 0.04977416 1009 206 1025 232
person 0.04932848 1112 253 1158 323
person 0.049323402 763 194 800 245
person 0.049147736 734 253 759 280
person 0.048976243 1271 683 1280 778
person 0.04879038 -4 444 14 475
person 0.048310746 -1 -289 7 -255
person 0.048178922 912 224 935 252
person 0.048026334 -4 -275 21 -158
person 0.04784603 469 476 564 657
person 0.04778043 511 251 535 278
person 0.04757969 1099 346 1131 389
person 0.047457967 349 209 363 225
person 0.04736131 803 396 886 486
person 0.04715286 511 448 590 539
person 0.04705865 -5 -285 10 -276
person 0.046822883 1270 738 1281 820
person 0.04670659 451 323 504 392
person 0.04650741 1269 156 1284 186
person 0.04648127 405 183 423 204
person 0.046387933 157 407 204 465
person 0.04615577 420 209 457 261
person 0.046118785 577 146 591 161
person 0.046080314 864 224 887 252
person 0.046023697 1109 192 1129 213
person 0.045994192 1048 254 1061 282
person 0.045814928 1052 272 1074 303
person 0.045798805 432 204 446 218
person 0.04574756 0 6 10 81
person 0.045630526 37 472 134 626
person 0.04540339 341 281 364 309
person 0.045063544 1157 589 1218 717
person 0.0450251 741 137 769 171
person 0.044910245 1157 489 1225 612
person 0.044845577 336 206 348 220
person 0.044688683 592 277 617 304
person 0.04456666 1273 224 1281 257
person 0.044167195 1072 202 1087 225
person 0.04381789 859 257 884 286
person 0.043626893 457 214 495 266
person 0.043504078 949 387 993 444
person 0.04284724 489 220 527 272
person 0.04281315 935 199 946 215
person 0.042658728 934 183 949 209
person 0.042658582 701 294 731 323
person 0.042615812 863 615 938 735
person 0.042559154 -5 424 11 454
person 0.042558074 893 261 917 289
person 0.042505383 455 143 472 164
person 0.042428143 1161 281 1183 311
person 0.04233968 1025 297 1047 329
person 0.0422424 1155 255 1176 284
person 0.042102236 764 307 794 335
person 0.041911583 551 144 565 160
person 0.041895624 714 609 783 732
person 0.04179598 1270 579 1279 683
person 0.04152884 1267 210 1280 257
person 0.041453525 936 254 960 280
person 0.04130587 1146 466 1237 658
person 0.04112818 300 300 334 336
person 0.04099164 986 259 999 284
person 0.040931474 1069 206 1103 261
person 0.040811215 420 160 440 182
person 0.040641833 613 273 639 300
person 0.040565006 0 418 9 524
person 0.03984317 1229 381 1241 444
person 0.039837077 971 351 990 397
person 0.03967734 1271 270 1279 305
person 0.039337143 1268 255 1285 286
person 0.039304208 1273 252 1281 287
person 0.039074734 418 279 441 305
person 0.038730487 975 243 1021 316
person 0.038557496 1270 637 1279 739
person 0.03820463 337 201 375 253
person 0.038179643 742 392 791 448
person 0.038155857 366 283 391 310
person 0.03802585 1217 379 1248 447
person 0.03802125 941 281 965 310
person 0.037984442 996 169 1009 183
person 0.03793478 469 228 483 244
person 0.037724823 1021 209 1057 263
person 0.037615556 0 420 7 457
person 0.03754245 581 494 656 617
person 0.03750837 1267 -285 1281 -276
person 0.037391745 1029 533 1107 636
person 0.03739058 534 293 591 362
person 0.03718234 458 146 468 162
person 0.03709478 345 191 364 213
person 0.037079673 454 160 473 182
person 0.036946062 1192 233 1210 258
person 0.036865894 726 441 809 532
person 0.03682402 497 306 533 343
person 0.03662054 1269 537 1279 634
person 0.03655058 403 181 431 215
person 0.036351185 722 522 799 634
person 0.03633425 1266 -286 1284 -259
person 0.03630924 645 343 696 396
person 0.03621929 -4 26 12 58
person 0.036170326 1256 -259 1288 -165
person 0.03608795 514 276 538 301
person 0.035988808 600 348 640 388
person 0.03586911 682 137 709 170
person 0.035851628 481 171 494 185
person 0.035741795 777 308 806 335
person 0.035733864 1269 -240 1280 -172
person 0.035696603 787 278 814 305
person 0.035492405 -4 -192 18 -43
person 0.035362944 1184 218 1213 254
person 0.035167135 604 551 693 739
person 0.03514811 562 407 642 502
person 0.03507477 1270 837 1281 913
person 0.034944043 1267 157 1280 203
person 0.03457142 1269 227 1285 256
person 0.0344767 236 519 260 546
person 0.034450218 465 39 498 100
person 0.034388606 966 728 976 750
person 0.03430562 1243 237 1283 319
person 0.03430036 413 251 426 275
person 0.034242332 284 426 315 463
person 0.03423982 0 -291 10 -228
person 0.034201305 268 238 282 253
person 0.03414858 1070 249 1084 274
person 0.0340398 789 137 817 171
person 0.03401414 80 354 119 397
person 0.033877447 1188 -267 1204 -219
person 0.033854272 460 339 493 378
person 0.033726234 1273 105 1281 139
person 0.033696108 633 284 690 354
person 0.033532467 943 729 952 751
person 0.033405036 911 488 1018 655
person 0.033387356 886 393 928 451
person 0.033301026 835 275 860 304
person 0.03329281 823 143 836 161
person 0.03316589 771 308 791 350
person 0.03310011 991 421 1045 497
person 0.03293239 211 258 243 290
person 0.032843422 605 146 616 161
person 0.03266224 189 622 215 649
person 0.032654535 53 -286 72 -266
person 0.032615624 1130 229 1144 255
person 0.03258374 492 277 517 301
person 0.032534085 1269 174 1284 204
person 0.032465182 58 614 74 648
person 0.03237683 501 355 539 396
person 0.03229475 1270 792 1281 862
person 0.032205373 819 292 915 444
person 0.032102514 394 233 444 304
person 0.03209641 967 205 981 232
person 0.03197587 30 -285 46 -277
person 0.031947743 1181 56 1198 85
person 0.03194744 257 224 295 275
person 0.031586327 514 125 541 160
person 0.03157542 1185 828 1218 936
person 0.03156886 575 143 594 164
person 0.031544827 696 610 789 812
person 0.031359226 1089 399 1133 458
person 0.03127753 1273 204 1281 238
person 0.031244563 689 237 703 262
person 0.03119693 907 296 935 326
person 0.031182287 49 -124 96 39
person 0.031109748 410 168 420 183
person 0.031062786 0 23 8 62
person 0.031059466 399 298 433 336
person 0.031014241 869 190 909 243
person 0.031013371 389 277 412 304
person 0.030883566 30 -286 49 -266
person 0.030785693 1270 132 1285 162
person 0.030762374 601 143 620 163
person 0.03067456 931 307 955 335
person 0.030485863 227 494 248 520
person 0.030397568 953 204 991 257
person 0.030255036 1179 446 1223 510
person 0.030242488 97 308 134 346
person 0.030235313 0 440 9 478
person 0.03019834 1178 300 1210 342
person 0.030042535 1156 188 1174 212
person 0.03000397 304 211 322 233
person 0.029985106 437 224 452 247
person 0.029901264 312 572 334 599
person 0.029666737 881 200 893 216
person 0.02959199 1143 -271 1161 -215
person 0.02954367 -3 185 32 275
person 0.029460056 0 344 12 424
person 0.02944708 730 220 742 244
person 0.029406345 438 275 462 300
person 0.029331177 1113 195 1127 209
person 0.029085707 500 226 515 249
person 0.02895097 225 519 253 549
person 0.028928718 543 300 568 325
person 0.028777054 622 209 636 226
person 0.028754434 1173 568 1208 590
person 0.028681468 1006 245 1020 268
person 0.028620025 848 177 864 207
person 0.028562998 993 726 1001 747
person 0.028505724 228 244 246 263
person 0.028457819 804 617 900 811
person 0.028436046 841 235 854 261
person 0.028398275 452 852 480 929
person 0.028350346 66 348 105 374
person 0.028190637 796 393 838 452
person 0.028087165 389 -112 441 63
person 0.028053602 744 500 855 654
person 0.027871285 1037 -285 1052 -276
person 0.02786963 1273 160 1280 178
person 0.027855394 1044 724 1052 746
person 0.027817132 974 367 998 396
person 0.027733829 648 139 668 160
person 0.027644355 354 298 388 336
person 0.027512789 966 745 975 771
person 0.02748615 1177 572 1205 583
person 0.02746128 1061 -285 1076 -276
person 0.027420886 67 847 91 926
person 0.027420556 -1 403 22 478
person 0.027399391 1012 -285 1027 -276
person 0.027265556 1257 -178 1286 -58
person 0.027263148 263 272 287 298
person 0.027214622 0 713 10 802
person 0.027140053 845 393 889 451
person 0.026919087 53 -286 70 -278
person 0.026799312 407 249 420 274
person 0.02678909 512 230 528 249
person 0.026759917 1079 224 1091 240
person 0.026732633 1043 -185 1058 -136
person 0.026723864 1229 -285 1246 -277
person 0.026614709 373 190 392 211
person 0.02653552 71 381 112 440
person 0.026477277 1049 561 1137 741
person 0.026365755 70 324 99 351
person 0.026236035 451 509 469 536
person 0.02620971 1025 398 1067 458
person 0.026168404 1103 -277 1122 -214
person 0.026157234 975 353 999 383
person 0.026005728 -3 467 17 498
person 0.02599168 987 -285 1003 -276
person 0.025984734 353 853 382 928
person 0.025976703 1152 225 1163 240
person 0.025907239 1102 871 1140 978
person 0.025892852 554 73 583 111
person 0.02586853 859 311 885 337
person 0.025827637 502 852 529 929
person 0.02564559 810 275 836 303
person 0.025594559 589 308 613 333
person 0.025553707 -4 57 12 89
person 0.025552232 318 275 342 299
person 0.025483029 60 646 78 681
person 0.025439352 994 -189 1008 -136
person 0.025395246 1086 -285 1101 -276
person 0.025370222 692 400 740 457
person 0.025354879 1013 -286 1029 -259
person 0.02535081 1037 -286 1054 -259
person 0.025296945 201 312 236 346
person 0.025267746 87 354 115 380
person 0.025238574 253 298 310 370
person 0.02520212 1181 388 1252 504
person 0.025033794 33 663 49 700
person 0.024913603 403 853 431 929
person 0.024910273 551 852 578 929
person 0.024905981 988 -286 1005 -259
person 0.024805982 944 583 1043 749
person 0.024792325 1062 -286 1078 -259
person 0.024717614 700 486 814 666
person 0.024707247 643 299 667 329
person 0.024678493 75 275 99 302
person 0.024676083 424 193 439 206
person 0.024553183 1068 723 1077 747
person 0.024550706 461 555 542 727
person 0.024390759 295 444 329 481
person 0.024355311 317 245 332 268
person 0.024350505 962 -285 978 -276
person 0.02434508 547 388 658 555
person 0.024315508 1092 -187 1106 -132
person 0.024288027 268 568 385 752
person 0.024287136 842 141 860 164
person 0.02426272 1090 301 1114 332
person 0.02424212 861 279 885 307
person 0.024217028 1112 225 1127 241
person 0.024192156 491 628 518 714
person 0.024135789 963 -286 980 -260
person 0.024111496 891 907 918 991
person 0.024108563 990 390 1033 447
person 0.024033535 626 144 639 159
person 0.023915948 941 907 967 991
person 0.023837902 1 239 14 303
person 0.023807375 600 852 627 929
person 0.023790548 195 -82 267 145
person 0.023772668 862 867 887 948
person 0.023761775 762 284 789 311
person 0.023745993 1018 726 1027 748
person 0.023741616 -7 807 17 942
person 0.023698544 346 178 375 212
person 0.023677696 339 301 393 371
person 0.023657301 842 907 869 991
person 0.023644026 218 506 262 565
person 0.023578152 911 867 936 948
person 0.02350497 117 -62 172 107
person 0.023483064 0 709 6 757
person 0.023469128 806 -265 842 -173
person 0.023466175 205 748 218 783
person 0.023455366 990 907 1016 991
person 0.023400469 1229 -286 1248 -266
person 0.02337834 623 140 643 161
person 0.023361374 1191 852 1213 914
person 0.023356382 608 -271 643 -178
person 0.023276351 169 257 200 288
person 0.023266278 938 -286 956 -261
person 0.02325877 1086 -286 1103 -259
person 0.023227759 545 343 587 384
person 0.023215245 942 745 951 771
person 0.023190977 466 278 490 301
person 0.02318865 228 746 240 779
person 0.023153272 933 437 976 500
person 0.02311677 311 600 337 629
person 0.023078676 1045 -280 1065 -216
person 0.023023149 901 -278 936 -185
person 0.02298705 1256 256 1286 320
person 0.02295795 412 -273 445 -177
person 0.022871753 473 608 503 678
person 0.022855371 706 -270 741 -177
person 0.022853699 1039 907 1066 991
person 0.022840481 826 564 850 592
person 0.022816287 837 302 863 329
person 0.022812514 793 907 819 991
person 0.022806972 1269 207 1285 236
person 0.022804422 0 561 6 605
person 0.022794222 -6 300 14 327
person 0.022739708 127 347 177 404
person 0.022712866 302 555 326 583
person 0.022614181 903 132 931 167
person 0.022542294 663 131 692 164
person 0.02252592 1035 171 1049 185
person 0.02242674 1208 -103 1258 63
person 0.022413615 479 4 498 34
person 0.022398084 468 171 505 224
person 0.02237424 213 228 244 261
person 0.022373065 322 -268 355 -172
person 0.022347886 813 867 837 948
person 0.022301797 2 -1 11 39
person 0.022293387 775 319 806 348
person 0.022291051 -9 578 91 732
person 0.022236487 998 881 1037 989
person 0.022215849 849 199 862 215
person 0.02219537 938 -285 953 -276
person 0.022154976 1180 523 1206 537
person 0.022143783 0 -274 9 -181
person 0.022132233 117 871 156 986
person 0.02212907 104 557 216 734
person 0.02211056 698 853 726 929
person 0.022106497 960 867 985 948
person 0.022085683 1110 -285 1125 -276
person 0.0220362 1004 505 1122 658
person 0.021995062 256 747 267 781
person 0.021934077 1088 906 1115 991
person 0.021896113 913 -286 931 -262
person 0.02182818 -1 1 19 83
person 0.02179041 430 227 445 242
person 0.021772472 1125 438 1172 501
person 0.021761363 801 -204 835 -100
person 0.021755526 -4 74 13 106
person 0.02170329 853 -277 872 -215
person 0.021677533 1130 443 1163 470
person 0.02160518 744 907 770 991
person 0.021595838 484 421 616 563
person 0.02157445 1152 50 1170 79
person 0.02150644 887 303 912 332
person 0.021499101 513 -271 547 -177
person 0.02142965 1176 283 1195 312
person 0.021406982 331 190 350 212
person 0.021334542 1208 -286 1227 -266
person 0.021308672 649 852 677 929
person 0.021295782 231 -268 265 -171
person 0.021281075 1010 867 1034 949
person 0.021277452 1187 162 1215 200
person 0.021195276 0 53 7 93
person 0.021141378 1110 -286 1128 -260
person 0.021138715 1128 270 1141 300
person 0.021045553 210 879 250 990
person 0.020958614 1182 80 1200 107
person 0.020941073 240 505 264 531
person 0.020939818 0 572 8 664
person 0.020911496 810 252 824 278
person 0.020846242 1208 -285 1224 -277
person 0.020840408 780 565 808 594
person 0.02079973 841 132 870 166
person 0.02073819 125 -266 159 -166
person 0.020731485 1260 295 1280 327
person 0.0206667 866 745 879 774
person 0.020646557 694 906 721 991
person 0.020595355 1180 256 1200 284
person 0.020536082 251 255 273 278
person 0.020514745 -1 682 6 728
person 0.02050198 1171 591 1208 614
person 0.02042829 1269 -192 1280 -121
person 0.020390997 888 -286 907 -263
person 0.020387392 763 866 788 948
person 0.020381022 304 853 333 928
person 0.020329371 270 215 291 237
person 0.020295424 -16 694 35 834
person 0.020209603 1269 960 1277 1014
person 0.020174775 455 644 485 724
person 0.020168893 896 -279 915 -216
person 0.020157827 302 172 331 207
person 0.02015047 1059 867 1083 949
person 0.020122055 1181 548 1204 560
person 0.02006561 76 669 92 703
person 0.02000554 1006 228 1022 255
person 0.019961607 645 906 672 992
person 0.019843647 1188 -226 1204 -173
person 0.01984219 702 -213 736 -109
person 0.019827012 315 -87 386 151
person 0.019798664 913 -285 929 -277
person 0.019787366 0 430 22 517
person 0.019771405 992 744 1003 776
person 0.019719055 0 585 6 633
person 0.019695153 290 431 314 455
person 0.019643454 1267 107 1280 155
person 0.01962545 49 664 67 701
person 0.019555759 1180 106 1199 132
person 0.019544726 578 414 621 475
person 0.019520193 262 236 274 250
person 0.019506874 918 143 936 165
person 0.019497879 562 130 591 165
person 0.01949565 775 363 903 528
person 0.019457174 731 264 828 421
person 0.01943219 596 906 622 992
person 0.019425977 1268 7 1280 79
person 0.019394733 946 533 983 601
person 0.019391926 802 -276 820 -216
person 0.01937728 256 856 282 917
person 0.019318353 852 321 885 347
person 0.019296234 1092 853 1120 929
person 0.019273626 0 69 8 112
person 0.019189227 1093 722 1101 743
person 0.019176245 774 202 787 220
person 0.019139113 -1 812 15 908
person 0.019114705 838 177 875 228
person 0.01910293 932 300 1022 455
person 0.019078624 1044 717 1054 754
person 0.01906501 841 744 854 773
person 0.019063558 547 724 569 807
person 0.019030651 1043 853 1071 928
person 0.019017577 1186 124 1204 164
person 0.019016467 547 906 573 992
person 0.019008858 0 50 10 123
person 0.018971281 -8 274 14 302
person 0.0189651 895 438 935 502
person 0.018961124 1190 214 1208 237
person 0.018960537 1266 292 1276 328
person 0.01894388 0 858 15 959
person 0.01888781 86 395 140 454
person 0.0188806 1134 -286 1152 -262
person 0.018878141 1108 867 1132 950
person 0.018867586 1172 484 1216 545
person 0.01884439 1100 79 1127 120
person 0.018843655 1133 320 1156 348
person 0.01879273 460 141 480 165
person 0.018782191 498 906 524 992
person 0.018701205 944 -279 962 -215
person 0.018645318 1273 136 1281 154
person 0.018632097 189 591 211 614
person 0.018607086 448 906 474 992
person 0.018579429 814 170 850 223
person 0.018562824 1185 29 1202 57
person 0.018551445 892 746 903 776
person 0.018484555 399 906 425 992
person 0.018455181 714 866 738 948
person 0.018407432 202 906 228 992
person 0.01839744 350 906 376 992
person 0.01839035 737 286 764 311
person 0.01839031 994 -284 1029 -192
person 0.018333096 301 906 327 992
person 0.018331986 256 210 275 232
person 0.018325943 295 796 319 847
person 0.018311532 251 906 278 992
person 0.018263457 416 496 437 525
person 0.018255671 1272 179 1279 197
person 0.018232597 1143 855 1166 917
person 0.018224776 1163 365 1268 563
person 0.018206516 486 1 506 29
person 0.018188767 266 663 298 695
person 0.018188084 1134 -285 1150 -277
person 0.018179644 479 619 498 653
person 0.018173495 993 720 1003 754
person 0.018168526 -4 226 13 254
person 0.018161781 -12 177 42 299
person 0.018132301 501 613 588 820
person 0.018127628 922 177 957 229
person 0.01809896 918 746 927 772
person 0.018067895 864 -286 882 -263
person 0.017973522 4 295 19 362
person 0.017922573 797 853 825 928
person 0.01786073 934 323 958 350
person 0.017801471 617 229 632 246
person 0.017794395 181 615 205 640
person 0.017780332 285 371 320 410
person 0.017746437 0 -252 6 -202
person 0.017731557 153 906 179 992
person 0.017728526 720 743 732 773
person 0.01769496 -4 248 18 276
person 0.01767185 1089 323 1112 354
person 0.017654773 0 -276 6 -229
person 0.017629748 1206 869 1242 983
person 0.017625306 1005 328 1030 355
person 0.017576909 315 236 331 252
person 0.017566651 1138 906 1164 992
person 0.017550094 1093 716 1103 752
person 0.0175295 665 866 689 949
person 0.017513225 196 -167 229 -44
person 0.017512206 1094 707 1102 726
person 0.017509386 0 122 9 160
person 0.01749188 744 743 757 772
person 0.017489037 305 403 389 494
person 0.017454911 1114 722 1122 744
person 0.017445093 868 727 878 744
person 0.017419389 -1 2 16 35
person 0.017406654 756 -278 774 -217
person 0.017391149 1176 544 1209 566
person 0.017358169 246 867 267 897
person 0.017355973 1069 225 1087 241
person 0.017341878 141 353 164 380
person 0.017332429 -1 297 8 329
person 0.017312892 200 402 295 494
person 0.017304134 1131 702 1140 727
person 0.0172858 885 163 921 217
person 0.017239457 734 305 763 331
person 0.017232737 1177 597 1204 608
person 0.01720768 572 617 663 820
person 0.017202858 1106 354 1129 378
person 0.017198723 963 282 977 307
person 0.017176798 271 867 292 897
person 0.017161863 222 867 242 897
person 0.017149376 1256 321 1279 354
person 0.017126929 1069 719 1079 756
person 0.017100073 307 885 346 994
person 0.017081395 888 -285 904 -277
person 0.017039014 163 223 194 256
person 0.017030025 859 320 881 366
person 0.017021567 1023 295 1035 324
person 0.016986577 55 906 81 993
person 0.016977096 818 741 830 773
person 0.016974939 0 401 8 438
person 0.016964002 1273 928 1280 981
person 0.016963087 1140 717 1150 757
person 0.016940672 518 175 555 226
person 0.016920902 332 718 343 753
person 0.016847653 744 -188 760 -132
person 0.016839016 0 953 10 1010
person 0.016831605 1124 172 1159 226
person 0.016822305 1207 868 1230 953
person 0.01681286 921 727 930 745
person 0.016810494 719 328 745 352
person 0.016805034 -6 374 11 405
person 0.016800826 747 853 775 929
person 0.016796188 0 193 13 256
person 0.016791772 616 866 640 949
person 0.016779833 614 304 637 328
person 0.016779156 1185 363 1224 423
person 0.01675518 407 186 420 199
person 0.016754607 596 -223 629 -116
person 0.016721489 -1 371 6 408
person 0.01672025 0 614 67 741
person 0.016715515 457 162 469 178
person 0.016701063 296 867 316 897
person 0.016687725 859 333 879 383
person 0.01667983 343 797 367 852
person 0.016662804 295 -182 327 -61
person 0.016651152 768 701 782 716
person 0.01664596 197 867 218 898
person 0.016634062 1135 752 1153 819
person 0.016616879 1246 108 1281 202
person 0.016595995 236 728 247 746
person 0.016562238 525 117 543 139
person 0.016535651 499 139 520 162
person 0.016462183 0 760 10 852
person 0.01643429 1019 719 1029 757
person 0.016422201 276 744 288 780
person 0.01640185 66 222 98 260
person 0.016365347 299 -286 317 -262
person 0.016357949 274 -286 293 -262
person 0.016356943 840 -286 858 -263
person 0.016353192 1223 274 1304 461
person 0.016352203 324 -286 342 -262
person 0.0163314 250 -286 268 -262
person 0.016329095 1186 907 1212 992
person 0.016324706 348 -286 367 -262
person 0.016314495 373 -286 391 -262
person 0.016309232 397 -286 416 -262
person 0.016306981 225 -286 243 -262
person 0.016300574 173 498 307 669
person 0.01628458 895 853 924 928
person 0.016284365 422 -286 440 -262
person 0.016277552 1245 -191 1291 -28
person 0.01624415 447 -286 465 -262
person 0.016230775 0 224 9 257
person 0.016226536 1272 0 1280 39
person 0.016224327 471 -286 490 -262
person 0.016215153 496 -286 514 -262
person 0.016211364 -5 404 12 434
person 0.016208673 435 249 481 300
person 0.016200235 109 67 175 198
person 0.016187783 699 883 738 993
person 0.016184054 520 -286 539 -262
person 0.016177194 214 651 243 679
person 0.016163576 966 613 991 644
person 0.016158285 897 884 937 994
person 0.016149525 256 254 300 306
person 0.016139526 696 411 833 558
person 0.016131002 545 -286 563 -262
person 0.016125621 320 867 341 897
person 0.016113319 200 -286 219 -262
person 0.016106447 944 139 961 162
person 0.016103849 695 -188 710 -134
person 0.016097186 570 -286 588 -262
person 0.016083123 -1 350 26 423
person 0.016047599 594 -286 613 -262
person 0.01604008 1113 715 1124 754
person 0.015988188 628 168 666 221
person 0.015951164 789 -190 810 -130
person 0.01593801 601 884 640 995
person 0.015935782 619 -286 637 -262
person 0.015921641 1262 836 1282 922
person 0.015915986 93 335 117 360
person 0.015908826 1034 347 1056 375
person 0.015903004 312 559 334 584
person 0.015891643 1091 162 1108 187
person 0.015882697 1158 -286 1177 -264
person 0.015837705 846 853 875 928
person 0.015836725 696 743 708 775
person 0.015835147 567 866 590 949
person 0.015822995 890 612 990 808
person 0.015809612 -1 270 8 304
person 0.01580195 236 214 308 319
person 0.015796449 -3 126 13 156
person 0.015795648 123 192 175 268
person 0.015759002 345 867 366 897
person 0.015746884 404 884 443 993
person 0.015742399 246 798 270 848
person 0.015723525 643 -286 662 -262
person 0.015715374 356 584 377 608
person 0.015696501 546 226 563 255
person 0.015694808 319 214 391 314
person 0.015692126 450 130 479 167
person 0.015627291 995 81 1023 118
person 0.0155975595 668 -286 687 -262
person 0.015596776 176 -286 194 -262
person 0.015582762 -2 -12 23 121
person 0.015577211 157 587 280 754
person 0.015567001 140 627 165 652
person 0.015549246 104 906 130 994
person 0.0155351935 995 -280 1013 -215
person 0.015477882 707 812 758 948
person 0.015462195 1271 864 1281 956
person 0.015454938 528 120 538 137
person 0.01544822 994 853 1022 928
person 0.015438977 -5 566 10 599
person 0.015417681 -3 75 29 179
person 0.015407456 1216 400 1232 454
person 0.015372572 219 482 243 506
person 0.015369959 502 884 542 995
person 0.015364909 1160 193 1172 207
person 0.015361619 492 72 521 111
person 0.015359462 370 867 390 897
person 0.015308841 366 613 391 643
person 0.015276457 1064 30 1082 57
person 0.015271902 961 596 996 661
person 0.015237119 0 658 6 707
person 0.015236948 702 -279 719 -219
person 0.015217184 1117 -267 1126 -226
person 0.015216069 517 866 541 949
person 0.015190192 693 -286 711 -262
person 0.015183859 394 867 415 897
person 0.015168522 566 174 604 226
person 0.015136614 1140 742 1152 781
person 0.0151215 106 259 139 294
person 0.015114693 173 867 193 898
person 0.015106524 70 648 88 680
person 0.015106132 -9 -30 33 141
person 0.015075127 798 883 838 994
person 0.015058597 359 586 388 629
person 0.015057672 -1 246 23 292
person 0.015045731 453 699 468 776
person 0.0149833355 80 -273 94 -216
person 0.01497442 0 -228 6 -177
person 0.01496521 964 141 982 165
person 0.014964233 1055 303 1077 331
person 0.01496169 386 532 405 559
person 0.014961331 425 140 446 163
person 0.014956778 944 853 973 928
person 0.014951389 721 346 744 369
person 0.01495 871 509 907 575
person 0.014945239 815 -286 834 -264
person 0.014938262 419 867 440 897
person 0.014920949 48 684 60 721
person 0.0149197 354 741 371 799
person 0.014884618 290 609 371 715
person 0.014846957 671 741 686 777
person 0.0148387635 1249 -1 1279 117
person 0.014821041 151 -286 170 -263
person 0.01477979 1134 426 1161 453
person 0.014779227 245 486 267 508
person 0.014765229 809 228 823 251
person 0.01476396 0 663 9 759
person 0.014749297 727 210 743 232
person 0.014747136 443 866 464 897
person 0.0147425635 1127 484 1174 548
person 0.014740091 384 363 419 403
person 0.014732061 110 833 148 949
person 0.014717706 468 866 492 950
person 0.0147059895 717 -286 736 -262
person 0.014688594 863 -285 880 -277
person 0.014674676 1067 258 1164 435
person 0.014657456 295 591 324 621
person 0.014650776 1260 -286 1284 -213
person 0.014649132 -5 665 10 699
person 0.014589575 492 519 543 617
person 0.014574325 468 866 489 897
person 0.014564486 198 354 235 390
person 0.014557686 293 277 317 301
person 0.014546362 1023 443 1065 505
person 0.014545179 77 -286 96 -265
person 0.014537785 118 -170 152 -46
person 0.014521979 1158 -286 1174 -277
person 0.014490942 1097 -247 1113 -183
person 0.0144828055 436 -49 506 180
person 0.014482792 598 133 629 168
person 0.014474031 1 461 11 501
person 0.014443418 493 866 513 897
person 0.0144423805 1048 705 1055 727
person 0.014416524 791 -286 810 -263
person 0.014403387 1156 303 1179 332
person 0.014402228 354 719 365 753
person 0.014401998 1147 -241 1165 -173
person 0.014374078 1146 71 1165 117
person 0.014369182 365 297 387 324
person 0.014367013 502 728 518 805
person 0.014340952 451 111 470 136
person 0.014334591 269 253 289 269
person 0.014325116 517 866 538 897
person 0.014307849 -4 -288 16 -205
person 0.014299451 0 321 22 350
person 0.014265523 0 136 11 199
person 0.014254177 598 723 614 803
person 0.014242482 1270 -147 1280 -69
person 0.014215248 542 866 563 897
person 0.014195449 0 451 11 574
person 0.014193795 1184 107 1194 128
person 0.014179749 249 172 279 207
person 0.014176551 126 -286 145 -263
person 0.014149733 950 127 978 162
person 0.014140662 646 743 661 778
person 0.014133864 32 640 47 728
person 0.014125814 1176 519 1210 542
person 0.014111789 1183 -286 1199 -277
person 0.014101721 1251 58 1276 128
person 0.014093424 1127 467 1167 494
person 0.014089602 389 467 514 661
person 0.014089523 1059 327 1081 353
person 0.014081418 1098 240 1166 337
person 0.014070949 991 237 1011 254
person 0.01405933 1184 58 1194 78
person 0.014056072 566 866 587 897
person 0.014049386 766 -286 785 -263
person 0.014041448 742 -286 760 -263
person 0.014034366 327 745 338 780
person 0.014030804 419 866 442 950
person 0.014020939 1052 81 1079 119
person 0.013977965 1183 -286 1201 -265
person 0.013936333 -15 -209 37 -27
person 0.013928742 203 534 287 629
person 0.013895098 727 331 754 355
person 0.013876079 108 184 182 291
person 0.013850368 1122 274 1135 300
person 0.013820481 153 311 189 346
person 0.013817719 690 176 729 226
person 0.013813977 -5 715 10 749
person 0.013809976 1239 361 1258 389
person 0.013801873 591 866 612 897
person 0.013793496 738 -194 763 -118
person 0.013765017 339 444 370 480
person 0.013759295 891 372 1009 537
person 0.013748732 1222 -93 1254 36
person 0.0137451505 1263 875 1282 969
person 0.013740944 1272 -245 1280 -200
person 0.013736098 110 851 137 928
person 0.013727193 261 618 363 820
person 0.013726612 -5 592 10 626
person 0.013717274 1084 351 1107 378
person 0.013699081 1186 133 1199 157
person 0.013695047 1266 490 1277 575
person 0.013691711 127 -274 141 -217
person 0.0136880865 286 614 318 645
person 0.013632481 449 111 494 199
person 0.013631815 768 741 780 773
person 0.0136313345 167 -279 184 -218
person 0.013593251 0 732 7 781
person 0.013564771 36 619 52 655
person 0.013519405 0 609 6 657
person 0.0135182785 193 637 221 666
person 0.013517338 945 -268 956 -226
person 0.013513245 -4 -270 10 -235
person 0.013503986 182 417 230 474
person 0.013501482 238 545 268 571
person 0.013497958 793 740 805 773
person 0.013482145 1177 64 1202 108
person 0.013475627 -1 510 9 627
person 0.013458136 564 323 589 346
person 0.013428942 451 725 468 798
person 0.013426537 337 627 365 655
person 0.013425981 -1 542 6 585
person 0.0134243835 808 302 835 327
person 0.0134130195 -19 171 60 343
person 0.013409985 256 187 275 208
person 0.013392213 600 227 619 241
person 0.013378435 616 866 637 897
person 0.013377395 0 756 6 805
person 0.013376471 177 602 203 627
person 0.013296158 117 414 144 432
person 0.013284658 0 -203 6 -153
person 0.013272539 341 298 368 323
person 0.01324079 428 142 441 160
person 0.013234492 73 262 95 285
person 0.013233703 0 781 6 830
person 0.013219843 993 118 1022 153
person 0.013218412 697 733 714 806
person 0.01320038 1225 376 1246 406
person 0.013192413 646 -188 661 -136
person 0.013190166 1268 440 1278 517
person 0.013179812 1158 867 1182 952
person 0.013174262 99 51 192 244
person 0.013168944 754 -123 777 -66
person 0.013163171 370 866 393 950
person 0.013161714 394 -217 426 -98
person 0.013157015 839 -286 856 -277
person 0.013144712 1046 246 1063 275
person 0.0131302215 122 80 167 173
person 0.013118567 301 746 314 782
person 0.013105732 726 351 738 364
person 0.013103636 835 589 865 620
person 0.0130988695 596 252 715 423
person 0.013095473 51 -70 79 8
person 0.013077368 885 -204 915 -91
person 0.013072076 901 276 914 304
person 0.013068719 705 -122 728 -66
person 0.013059865 970 -269 980 -226
person 0.013057886 653 -280 670 -220
person 0.013014909 -5 689 10 722
person 0.01300026 407 145 418 161
person 0.012969134 1140 160 1157 185
person 0.012965533 750 464 795 527
person 0.012924062 640 866 661 897
person 0.012908127 -12 66 40 202
person 0.012894173 145 706 164 722
person 0.012863874 1 106 9 145
person 0.012863203 838 -191 860 -129
person 0.012835242 206 856 232 917
person 0.012831309 682 333 709 354
person 0.012806389 1272 -197 1280 -151
person 0.012806032 1 244 12 278
person 0.012793506 218 267 335 446
person 0.012792211 570 226 586 239
person 0.012784061 757 163 796 217
person 0.01277004 632 617 653 650
person 0.012765852 1273 111 1280 131
person 0.012762341 125 501 150 512
person 0.0127478475 72 865 95 951
person 0.012731132 620 742 635 777
person 0.012706367 1124 248 1136 271
person 0.012706242 314 612 350 644
person 0.012706163 784 230 856 328
person 0.012700328 931 354 955 379
person 0.012692653 493 106 513 132
person 0.012684713 1272 -221 1280 -175
person 0.0126503855 502 142 515 159
person 0.012648842 207 730 218 753
person 0.012629182 392 379 476 470
person 0.01261729 501 -225 534 -115
person 0.012589572 442 795 465 855
person 0.012574482 93 832 175 1021
person 0.012569949 300 190 320 212
person 0.012561281 943 -190 957 -136
person 0.012559555 740 626 768 655
person 0.012534936 1127 543 1156 572
person 0.0125347 943 83 970 118
person 0.012525897 848 725 857 746
person 0.01251986 1272 231 1281 247
person 0.012496059 402 211 420 225
person 0.012494559 -4 -244 10 -211
person 0.012492129 1189 810 1205 859
person 0.012479189 -5 616 11 650
person 0.01246959 1092 -269 1102 -226
person 0.012464259 786 548 812 577
person 0.012460364 665 865 686 897
person 0.012456691 497 261 617 435
person 0.012449074 1262 346 1284 380
person 0.012448856 404 142 422 163
person 0.012407946 170 374 315 545
person 0.012404377 158 855 183 918
person 0.01239201 1018 742 1028 776
person 0.0123673035 439 531 453 587
person 0.012366249 1272 -25 1280 22
person 0.01236551 -4 200 13 230
person 0.012339529 1086 281 1098 309
person 0.012313735 845 146 857 160
person 0.012311137 1075 833 1159 1010
person 0.012304379 347 195 362 209
person 0.012299309 230 510 266 550
person 0.012277553 1182 -276 1208 -207
person 0.012259658 0 -179 6 -129
person 0.012251058 747 726 756 744
person 0.01222216 1272 -172 1280 -126
person 0.012215483 908 531 943 598
person 0.012207885 102 -286 121 -264
person 0.012190366 418 284 529 452
person 0.012187396 1 304 31 350
person 0.012187299 607 214 726 369
person 0.012182869 303 577 327 605
person 0.012149122 1272 763 1280 807
person 0.012141307 454 513 464 530
person 0.012136069 597 167 637 219
person 0.01212428 1044 -246 1066 -184
person 0.012120895 1195 236 1206 250
person 0.012101042 1170 622 1209 631
person 0.012097399 995 -269 1004 -226
person 0.012084982 690 865 710 897
person 0.012053199 1269 278 1278 294
person 0.012034635 903 613 932 644
person 0.012008748 276 714 288 753
person 0.012008125 0 805 7 855
person 0.011995788 687 795 711 856
person 0.011991685 815 -286 831 -277
person 0.011991319 148 866 168 898
person 0.011985083 182 831 271 1014
person 0.011980624 297 562 336 603
person 0.0119762495 178 748 191 781
person 0.011966243 491 304 517 328
person 0.011964503 689 -195 714 -119
person 0.011954911 567 278 581 304
person 0.01194282 1042 167 1077 223
person 0.011925828 1047 117 1077 155
person 0.01191404 603 -280 620 -220
person 0.011890515 665 323 691 347
person 0.011875783 896 585 935 647
person 0.011870934 467 111 489 136
person 0.011865061 1114 705 1122 727
person 0.011863016 910 323 936 349
person 0.011854763 213 661 249 693
person 0.011839769 321 866 344 950
person 0.011829658 790 -141 807 -109
person 0.011826231 514 213 628 368
person 0.011823735 514 306 538 328
person 0.011794604 548 -111 599 69
person 0.011757769 1272 -147 1280 -102
person 0.011733757 1137 808 1160 865
person 0.01172229 714 865 735 897
person 0.011703997 0 -26 6 17
person 0.011674322 0 927 6 982
person 0.0116562955 374 215 389 228
person 0.011650722 1267 598 1285 629
person 0.011615611 1213 397 1237 426
person 0.011601139 271 866 295 951
person 0.011600308 -2 304 9 319
person 0.011592908 -3 45 19 126
person 0.011584497 491 793 513 852
person 0.0115769375 673 207 689 231
person 0.011575104 514 811 562 949
person 0.011564498 230 246 242 260
person 0.01154732 411 69 439 110
person 0.01153009 420 497 432 518
person 0.011473355 739 865 760 897
person 0.011462155 185 441 232 499
person 0.011458001 802 -124 825 -67
person 0.011457055 1270 27 1278 63
person 0.011455663 405 236 422 252
person 0.011441825 0 197 8 233
person 0.011435889 913 701 928 718
person 0.011431 1272 -123 1280 -78
person 0.011415756 739 378 752 390
person 0.011405579 767 377 783 392
person 0.01140016 148 508 164 519
person 0.011398817 467 306 492 329
person 0.011390051 606 792 661 911
person 0.0113875065 1083 177 1117 230
person 0.011382423 0 -154 7 -104
person 0.011365501 103 209 135 244
person 0.011360809 1261 737 1282 821
person 0.011347278 498 743 513 779
person 0.011344443 99 631 209 823
person 0.0113390265 740 707 758 722
person 0.011335189 340 445 362 469
person 0.011334917 919 766 931 803
person 0.011319676 0 634 6 681
person 0.011319056 597 -190 612 -138
person 0.011305937 77 -286 93 -277
person 0.011300624 647 728 663 808
person 0.011294393 351 743 363 780
person 0.011276776 -1 428 7 444
person 0.011273028 1164 745 1176 781
person 0.011248586 906 274 921 300
person 0.011243887 1156 52 1166 73
person 0.011241047 55 882 74 917
person 0.011236368 654 219 766 368
person 0.011227773 1227 -68 1251 11
person 0.011219978 840 244 853 268
person 0.011219211 1182 -233 1207 -160
person 0.011214303 1137 575 1163 602
person 0.011209741 302 188 411 359
person 0.011206951 1274 907 1281 957
person 0.011195806 194 596 206 609
person 0.011182522 985 703 999 725
person 0.011177472 92 163 202 348
person 0.011176497 298 738 325 792
person 0.011168859 921 -269 931 -226
person 0.011167712 294 297 340 350
person 0.011166768 -3 279 9 294
person 0.011164557 554 -280 571 -220
person 0.011163094 397 728 423 805
person 0.011161757 996 790 1057 913
person 0.011161125 764 865 784 897
person 0.011148135 949 493 990 560
person 0.011147777 806 813 858 947
person 0.011132916 518 572 547 650
person 0.011132402 -6 348 12 377
person 0.011126483 1019 -269 1029 -226
person 0.011123188 791 -286 807 -277
person 0.011121992 642 401 690 461
person 0.011113683 436 98 502 222
person 0.011094781 565 281 583 293
person 0.011091658 954 382 1073 544
person 0.011077226 421 73 514 258
person 0.01106166 1267 569 1286 599
person 0.011052785 296 -92 317 -64
person 0.011034621 972 829 1057 1012
person 0.01102216 218 186 326 363
person 0.011022077 1 482 15 530
person 0.011018059 867 590 894 620
person 0.010987544 306 792 365 911
person 0.010985171 938 818 955 850
person 0.010979495 814 -141 832 -109
person 0.010961474 696 699 707 719
person 0.010960456 729 345 754 367
person 0.010959686 169 236 189 257
person 0.010955453 788 865 809 897
person 0.010954647 453 714 465 754
person 0.010943106 786 66 814 103
person 0.010940853 306 720 319 738
person 0.0109362295 382 527 401 553
person 0.010935879 224 884 246 917
person 0.010929933 137 449 189 509
person 0.010913671 1068 -269 1078 -226
person 0.010909029 900 279 916 294
person 0.010901228 271 -92 293 -64
person 0.010900076 1261 -196 1282 -113
person 0.010896411 58 720 73 758
person 0.010893841 -4 149 12 180
person 0.010877566 279 377 410 543
person 0.010872858 298 -285 315 -277
person 0.0108705135 323 -285 339 -277
person 0.010866874 274 -285 290 -277
person 0.010856152 348 -285 364 -277
person 0.01085348 372 -285 389 -277
person 0.010851022 397 -285 413 -277
person 0.010847037 249 -285 266 -277
person 0.0108369365 421 -285 438 -277
person 0.010836543 199 446 226 472
person 0.010836297 123 524 147 535
person 0.010834862 224 -285 241 -277
person 0.010832117 618 843 636 876
person 0.010826392 643 843 660 876
person 0.010818188 485 624 506 656
person 0.01081374 446 -285 462 -277
person 0.010810358 839 436 883 498
person 0.01080989 0 830 7 879
person 0.010806153 914 818 930 850
person 0.010801275 471 -285 487 -277
person 0.010793748 495 -285 512 -277
person 0.010792669 225 551 274 610
person 0.010787782 54 51 76 84
person 0.010780463 222 867 246 950
person 0.010773697 520 -285 536 -277
person 0.0107720755 200 791 265 913
person 0.01075763 274 884 296 917
person 0.010750579 1044 -270 1053 -226
person 0.0107446965 544 -285 561 -277
person 0.010737107 594 843 611 876
person 0.010736525 222 -91 244 -63
person 0.010735835 747 116 765 139
person 0.010728014 200 -285 216 -277
person 0.0107243415 0 855 7 903
person 0.010723618 569 -285 586 -277
person 0.01072122 196 795 220 846
person 0.0107204 975 318 986 347
person 0.010707938 198 -91 219 -63
person 0.010696967 444 261 457 284
person 0.010694152 594 -285 610 -277
person 0.010694066 249 884 271 917
person 0.010691952 302 534 325 559
person 0.0106907915 247 -91 268 -64
person 0.010685004 237 651 262 679
person 0.010683663 813 864 834 897
person 0.010683023 668 843 685 875
person 0.010679023 1131 353 1155 377
person 0.010655462 208 821 259 946
person 0.010651134 247 491 386 661
person 0.010641475 1141 -267 1151 -225
person 0.010640497 1094 819 1148 943
person 0.010640166 307 640 355 669
person 0.010625759 836 328 866 353
person 0.010621694 618 -285 635 -277
person 0.010616143 504 -280 521 -220
person 0.010602369 1271 258 1280 275
person 0.010597768 73 240 95 262
person 0.010596863 200 884 222 917
person 0.010584053 765 -140 782 -108
person 0.010578606 69 528 90 555
person 0.01057212 655 -123 678 -66
person 0.010563609 1272 738 1280 783
person 0.010562856 279 828 367 1013
person 0.010558516 1057 702 1065 723
person 0.010555787 543 114 590 200
person 0.010554472 889 817 906 851
person 0.010543205 298 884 320 917
person 0.01052929 750 120 761 136
person 0.010521289 569 844 587 876
person 0.010515419 643 -285 659 -277
person 0.010499109 894 767 906 804
person 0.010494636 1272 787 1280 832
person 0.010494403 766 -286 782 -277
person 0.010490661 1085 -118 1161 84
person 0.010482486 289 439 334 495
person 0.010463447 668 -285 684 -277
person 0.010460875 734 351 749 361
person 0.010460208 899 788 958 905
person 0.010458047 1130 -277 1167 -187
person 0.010454707 127 -245 142 -177
person 0.010452787 175 -285 192 -277
person 0.010447935 305 216 319 227
person 0.010429395 838 864 858 897
person 0.010424711 846 -246 862 -183
person 0.0104223555 323 884 345 917
person 0.01042176 595 738 610 775
person 0.010418639 26 934 44 972
person 0.010417527 544 844 562 876
person 0.010416618 288 381 312 404
person 0.010414067 798 -245 813 -185
person 0.010403104 520 844 537 876
person 0.010401881 692 843 710 875
person 0.01040151 379 511 399 535
person 0.0103939045 1261 788 1283 869
person 0.010392648 495 844 513 876
person 0.010378637 268 702 294 732
person 0.010375122 1255 593 1280 672
person 0.010374881 1272 -99 1280 -53
person 0.01036688 964 744 979 780
person 0.010359755 833 -121 869 -17
person 0.010358523 448 520 468 554
person 0.010357916 569 258 582 282
person 0.010357134 621 107 669 188
person 0.010354614 1235 -19 1283 144
person 0.0103535475 463 144 477 161
person 0.010350514 692 -285 709 -277
person 0.010345582 592 327 616 350
person 0.010332545 297 588 346 648
person 0.010319057 44 572 64 609
person 0.010315731 470 844 488 876
person 0.010313507 621 -48 702 164
person 0.010312402 54 319 79 347
person 0.010309789 411 674 430 709
person 0.0103083495 418 302 442 327
person 0.0102987895 316 305 342 328
person 0.010289602 54 859 72 895
person 0.010288379 321 -92 343 -64
person 0.010287349 34 651 49 686
person 0.010282821 465 572 482 606
person 0.010280215 536 323 561 346
person 0.010268093 173 -92 194 -64
person 0.010266238 1113 159 1130 184
person 0.010262492 1104 32 1123 59
person 0.010246676 1139 301 1152 333
person 0.010245443 862 864 883 897
person 0.010238434 307 54 396 252
person 0.0102239875 1094 122 1123 159
person 0.010216559 867 210 976 372
person 0.010212804 348 884 370 917
person 0.010200318 446 844 464 876
person 0.010199331 717 -285 733 -277
person 0.010196862 904 591 932 623
person 0.010192185 -4 862 11 895
person 0.010185982 -4 110 14 140
person 0.010184861 717 843 734 875
person 0.010177835 820 548 859 613
person 0.01016771 776 546 817 606
person 0.010163602 -1 344 7 380
person 0.010156817 968 603 990 633
person 0.010147415 1273 884 1281 930
person 0.01013144 0 -129 7 -80
person 0.010123214 839 -141 857 -110
person 0.010119195 1083 30 1104 58
person 0.010117037 1272 211 1280 228
person 0.010114286 1060 589 1087 622
person 0.010110249 1185 81 1196 103
person 0.010107635 887 864 908 897
person 0.010105859 421 844 439 876
person 0.010105082 741 -286 758 -277
person 0.0100911865 967 705 981 724
person 0.010085777 153 747 166 779
person 0.010080903 1047 697 1057 732
person 0.010071381 4 318 15 352
person 0.01006612 742 843 759 876
person 0.010061959 1256 78 1276 113
person 0.010060444 32 693 48 731
person 0.010055795 397 844 414 876
person 0.010052739 672 826 761 1011
person 0.010050209 597 721 609 756
person 0.010041362 213 60 302 259
person 0.010041153 151 608 167 621
person 0.01002126 962 818 980 848
person 0.010004262 372 884 394 917
person 0.010003229 445 35 466 63
person 0.010001439 1193 218 1204 232
