person 0.47843894 965 188 980 215
person 0.43334404 932 85 946 104
person 0.30969796 971 164 985 186
person 0.28377053 959 221 979 254
person 0.2285533 952 91 966 110
person 0.21337166 972 146 987 170
person 0.19975638 978 115 991 135
person 0.19758047 623 31 637 48
person 0.19669509 945 262 968 299
person 0.19625129 976 139 990 161
person 0.16945839 576 31 589 51
person 0.16718787 900 175 921 205
person 0.14622435 935 88 943 100
person 0.14087708 595 32 610 51
person 0.13045727 202 -3 221 33
person 0.12726133 955 93 963 106
person 0.1238948 625 32 634 44
person 0.113328874 983 133 996 154
person 0.11330969 646 31 662 49
person 0.11081936 980 116 988 130
person 0.10758616 661 302 707 359
person 0.105937764 847 170 862 195
person 0.09804566 1041 613 1050 675
person 0.09783213 962 216 978 242
person 0.09210501 1039 578 1048 640
person 0.091865 614 34 630 52
person 0.09022512 95 162 118 192
person 0.0862805 304 89 329 120
person 0.08467664 877 250 901 284
person 0.077691466 79 231 134 313
person 0.0750838 1039 218 1050 259
person 0.073914446 88 142 114 176
person 0.07366011 936 254 976 311
person 0.07216014 962 503 1015 596
person 0.06997162 290 50 312 80
person 0.06978425 978 139 987 154
person 0.06965332 649 33 659 46
person 0.06847995 578 33 586 46
person 0.06728132 1044 109 1050 137
person 0.062791765 1044 128 1050 157
person 0.0625114 1044 169 1050 199
person 0.062011976 598 34 606 47
person 0.061583407 1044 150 1050 179
person 0.060725626 954 191 971 216
person 0.05973176 554 30 568 50
person 0.059652083 479 87 504 116
person 0.05937337 1040 244 1050 289
person 0.058332913 481 32 496 50
person 0.058119927 927 77 947 105
person 0.056332543 951 219 981 266
person 0.055415016 294 75 330 142
person 0.054992676 590 273 653 348
person 0.054991756 -4 -229 9 -206
person 0.054484297 986 135 993 148
person 0.05397126 930 82 953 112
person 0.05353629 1038 177 1050 216
person 0.053268287 1039 -228 1049 -180
person 0.052687738 1044 90 1050 118
person 0.05225394 509 65 532 93
person 0.051575046 56 -72 82 26
person 0.051223475 975 148 984 162
person 0.050914727 616 35 627 48
person 0.050901126 443 128 470 159
person 0.050487146 59 168 82 198
person 0.049885776 940 178 964 211
person 0.049654778 1043 69 1050 97
person 0.049360678 662 96 678 116
person 0.049302097 621 52 638 70
person 0.048978586 1039 535 1048 602
person 0.048527025 969 688 996 771
person 0.048313502 0 -232 6 -205
person 0.047418937 1040 171 1053 197
person 0.04739781 240 372 259 396
person 0.04715788 1044 189 1050 220
person 0.04705748 -4 -229 8 -222
person 0.04701015 947 109 963 130
person 0.046959057 974 168 982 181
person 0.046891425 932 108 949 129
person 0.046643358 -3 -221 18 -126
person 0.04638836 688 89 713 117
person 0.046232432 89 133 105 156
person 0.045965318 311 93 338 124
person 0.045689516 816 237 859 296
person 0.04559435 659 92 684 119
person 0.045493495 642 53 660 71
person 0.045454595 1041 655 1050 710
person 0.044918038 951 480 1025 621
person 0.04471628 620 24 640 59
person 0.043213684 1040 191 1053 218
person 0.04304884 914 90 931 108
person 0.04291301 96 222 124 259
person 0.04262948 1040 111 1053 135
person 0.04180912 36 329 49 357
person 0.041543923 959 181 985 228
person 0.04122731 1040 152 1053 177
person 0.04089152 723 208 766 266
person 0.040704794 986 301 1010 336
person 0.040433116 134 302 223 458
person 0.040363997 967 97 983 116
person 0.0401619 982 117 996 137
person 0.039866373 462 92 489 122
person 0.03962279 668 303 730 377
person 0.039512623 1040 130 1053 155
person 0.039248697 498 176 528 211
person 0.03895776 725 235 770 295
person 0.038729943 344 128 369 158
person 0.03869296 496 127 524 159
person 0.03852911 948 255 967 280
person 0.038514555 282 164 306 196
person 0.038463496 205 90 222 111
person 0.038425878 1038 -229 1050 -222
person 0.038417563 692 88 708 108
person 0.038393356 845 145 870 174
person 0.038142193 973 111 994 140
person 0.037347704 1037 -230 1052 -207
person 0.03726162 587 54 604 72
person 0.036684923 162 278 230 362
person 0.03647761 956 213 973 239
person 0.036436442 1040 -192 1049 -136
person 0.036243968 66 221 147 360
person 0.035702858 1006 475 1018 537
person 0.03564286 1034 247 1053 284
person 0.03553201 727 218 755 255
person 0.035477404 895 176 913 202
person 0.03531344 -3 -151 15 -35
person 0.035217293 624 54 635 66
person 0.0351934 651 55 676 86
person 0.035032876 80 -73 109 24
person 0.03502716 572 55 589 74
person 0.034856584 0 -234 8 -182
person 0.0346925 1040 92 1053 116
person 0.0346349 661 73 679 90
person 0.034483813 515 69 530 89
person 0.034443993 678 131 706 162
person 0.034305286 414 128 443 160
person 0.034273703 607 56 625 75
person 0.03420961 894 214 920 248
person 0.0339975 1029 -207 1055 -129
person 0.033897653 361 34 379 53
person 0.033820216 929 525 945 552
person 0.033810247 829 161 871 220
person 0.03367505 372 48 396 78
person 0.03353461 1041 690 1050 751
person 0.03345356 55 698 75 764
person 0.033430424 645 54 657 67
person 0.033215154 39 347 52 376
person 0.033070285 952 174 969 198
person 0.033014122 416 93 444 122
person 0.032699745 44 -229 59 -213
person 0.0325357 973 -214 986 -175
person 0.03247023 1040 210 1053 238
person 0.032455552 774 146 803 176
person 0.032335583 623 103 649 132
person 0.03232351 730 96 757 125
person 0.032293405 535 130 563 162
person 0.032094166 1040 71 1053 95
person 0.03204824 0 349 8 411
person 0.031980548 25 -229 38 -223
person 0.03184143 148 326 211 410
person 0.03160606 953 157 969 179
person 0.03156855 368 507 394 560
person 0.031347696 1037 139 1049 177
person 0.031302646 128 606 140 656
person 0.031219788 1043 49 1049 76
person 0.031201731 592 192 638 249
person 0.031173069 825 133 851 161
person 0.031116629 333 51 358 81
person 0.030961387 728 132 756 162
person 0.03095504 1044 208 1050 240
person 0.030914316 924 152 940 176
person 0.030888293 25 -229 40 -214
person 0.030562723 383 328 404 359
person 0.030525772 645 24 664 59
person 0.030500948 234 371 263 402
person 0.0302223 1041 369 1050 427
person 0.030040247 896 185 913 210
person 0.029805548 195 81 230 149
person 0.029564034 903 139 926 169
person 0.029562987 525 36 541 55
person 0.029462287 454 169 484 202
person 0.02943442 468 468 484 497
person 0.029242095 828 73 846 90
person 0.029205082 1041 411 1050 467
person 0.029188521 648 71 666 89
person 0.02908177 526 92 553 123
person 0.02907172 916 92 928 103
person 0.029049007 1034 284 1045 338
person 0.028783785 572 247 671 380
person 0.028558038 86 189 127 254
person 0.028425913 775 96 802 123
person 0.028406816 248 389 268 412
person 0.028382076 814 96 840 124
person 0.02835089 686 72 704 90
person 0.028341534 849 73 867 89
person 0.02826676 926 135 943 156
person 0.02825154 530 56 555 85
person 0.028219588 906 185 916 204
person 0.028174993 907 110 924 130
person 0.028142456 809 72 827 89
person 0.028061043 376 514 393 541
person 0.027967384 426 306 445 332
person 0.027832545 572 27 591 60
person 0.02781568 924 519 941 546
person 0.027807435 409 53 433 81
person 0.027786817 693 65 718 94
person 0.027576242 970 99 981 111
person 0.027555259 14 419 28 477
person 0.027506351 53 134 77 164
person 0.027485175 452 56 476 85
person 0.027454503 656 177 701 237
person 0.027414294 96 131 113 152
person 0.027191103 847 193 864 217
person 0.02708834 686 313 720 364
person 0.027020726 780 57 804 85
person 0.027007978 50 164 86 233
person 0.026965514 1007 -229 1021 -223
person 0.02696298 90 155 123 201
person 0.026952632 44 -229 57 -223
person 0.026866863 1040 338 1049 393
person 0.026819123 2 274 56 363
person 0.02681062 648 280 742 416
person 0.026614703 934 109 946 124
person 0.026586136 868 73 885 89
person 0.026563363 1042 28 1049 56
person 0.02651377 83 126 118 195
person 0.0265007 1043 228 1050 260
person 0.026459914 820 169 847 202
person 0.026432147 950 81 966 98
person 0.026324784 1038 100 1049 138
person 0.026179254 784 70 802 87
person 0.026146393 362 130 392 163
person 0.026136171 663 131 690 161
person 0.02611176 619 131 647 161
person 0.026088087 951 134 967 154
person 0.026050871 620 52 643 81
person 0.026001917 143 256 251 389
person 0.025747636 775 165 803 197
person 0.025742877 490 169 535 226
person 0.025612205 855 99 880 125
person 0.025549296 0 123 10 164
person 0.025369449 574 93 602 122
person 0.02536838 667 60 685 76
person 0.02534265 870 245 900 294
person 0.025340319 312 414 345 465
person 0.02533157 905 716 935 805
person 0.025267627 47 76 80 150
person 0.025217516 91 238 124 291
person 0.025132677 575 52 599 81
person 0.025105288 438 90 476 156
person 0.025088804 983 260 1022 323
person 0.025063034 97 157 113 180
person 0.024904134 985 119 994 131
person 0.024839677 211 42 233 75
person 0.024805903 889 91 906 109
person 0.02478296 730 70 747 87
person 0.024772653 710 79 728 95
person 0.02465974 669 89 707 154
person 0.024645826 797 239 831 287
person 0.024639998 463 330 480 354
person 0.024634905 160 358 255 526
person 0.024621181 896 169 925 215
person 0.024616072 867 95 884 112
person 0.024366671 785 155 802 178
person 0.024366248 936 -218 950 -173
person 0.024356714 932 235 950 259
person 0.024350021 702 92 720 112
person 0.024308568 396 282 464 361
person 0.02429472 891 115 908 135
person 0.024286022 889 216 906 240
person 0.02406263 730 170 759 203
person 0.023993665 735 55 759 84
person 0.02386228 831 74 843 86
person 0.023707217 527 176 559 210
person 0.023661267 484 33 493 46
person 0.02363993 0 -219 8 -144
person 0.023635564 1007 -230 1023 -213
person 0.023624716 105 607 118 666
person 0.023550976 851 75 864 86
person 0.02348333 604 70 621 90
person 0.023475444 1031 -145 1053 -43
person 0.023448158 870 -230 884 -209
person 0.023425475 912 153 930 177
person 0.02337397 925 553 942 582
person 0.023364507 1042 5 1049 36
person 0.023330715 890 226 908 249
person 0.023263883 851 748 873 816
person 0.023252172 409 166 438 199
person 0.023217678 889 75 905 92
person 0.023206824 248 50 271 82
person 0.023160556 0 102 9 148
person 0.023157457 975 323 1014 386
person 0.023146639 818 56 842 85
person 0.023128295 377 95 404 124
person 0.02311444 820 724 851 814
person 0.023019746 890 -229 902 -222
person 0.023000268 869 -229 882 -222
person 0.022999702 664 74 677 85
person 0.02296096 628 74 646 93
person 0.022927746 849 -230 864 -210
person 0.022873528 330 607 343 657
person 0.022862444 59 220 82 252
person 0.022811254 976 703 995 753
person 0.022802748 315 394 334 416
person 0.022779616 355 194 418 272
person 0.02277872 903 359 948 416
person 0.022713592 811 748 833 817
person 0.022709586 930 136 954 167
person 0.022699375 41 -95 92 57
person 0.022649905 890 -230 904 -209
person 0.022624612 854 -225 869 -174
person 0.022579612 847 527 864 553
person 0.022467744 870 75 882 86
person 0.022454822 572 604 585 656
person 0.022447273 258 173 283 203
person 0.022373931 670 62 682 73
person 0.022345532 899 -224 914 -173
person 0.022233201 909 133 926 155
person 0.022222947 650 92 668 112
person 0.022197612 892 748 914 817
person 0.02216119 848 91 865 109
person 0.022082336 964 245 988 278
person 0.022028936 576 134 604 164
person 0.022028133 968 191 977 206
person 0.021967353 0 564 5 605
person 0.021887245 49 -14 77 76
person 0.021872636 208 91 218 106
person 0.02184031 811 73 824 85
person 0.021823661 600 178 632 214
person 0.021777708 1038 61 1049 99
person 0.021751078 927 190 944 215
person 0.02173122 451 499 468 526
person 0.021640917 550 24 569 58
person 0.021561116 485 83 523 148
person 0.021558004 847 156 865 179
person 0.021538835 285 45 316 92
person 0.021526985 764 74 782 91
person 0.021508127 906 177 917 199
person 0.021489184 990 -230 1005 -213
person 0.021464095 937 282 964 319
person 0.021444058 306 386 331 419
person 0.021390105 690 56 707 72
person 0.021383272 829 -230 844 -211
person 0.021365229 865 110 882 130
person 0.02127801 910 77 926 93
person 0.021258388 1040 51 1053 75
person 0.021252023 853 112 870 132
person 0.021199495 902 101 926 129
person 0.021186562 909 -229 922 -222
person 0.02114597 867 715 888 781
person 0.021120356 771 748 792 817
person 0.021087902 990 -229 1003 -222
person 0.021029757 808 89 825 108
person 0.021021688 583 72 600 92
person 0.021017857 818 -224 833 -172
person 0.020978158 493 238 561 317
person 0.020967888 203 -13 232 74
person 0.020954324 649 600 668 664
person 0.020942695 910 -230 924 -209
person 0.020928621 628 115 646 138
person 0.020885797 828 91 845 109
person 0.020881638 49 318 61 344
person 0.020862468 169 606 181 655
person 0.020862328 849 -229 862 -222
person 0.020849045 874 255 894 281
person 0.020831054 952 442 1009 534
person 0.02077616 774 703 797 765
person 0.020757021 612 604 625 656
person 0.020665802 367 -89 406 58
person 0.02064183 1011 194 1047 262
person 0.020640085 370 605 383 656
person 0.020561265 556 32 565 45
person 0.020553373 827 715 847 781
person 0.020521414 885 548 910 575
person 0.020481637 953 135 964 148
person 0.020439556 564 75 581 95
person 0.020429008 927 172 944 197
person 0.020416807 749 70 767 87
person 0.020350408 1040 791 1046 835
person 0.020340014 179 156 221 216
person 0.02033923 59 309 67 329
person 0.020332497 1043 114 1049 128
person 0.020324243 279 164 322 224
person 0.020283073 480 24 500 60
person 0.020281652 809 350 854 406
person 0.020278834 832 170 850 194
person 0.020246213 1044 568 1049 604
person 0.02024038 639 172 670 208
person 0.020221977 -8 568 26 698
person 0.020214032 688 73 701 84
person 0.020060457 248 210 274 241
person 0.02005659 194 372 219 392
person 0.019977136 844 214 862 238
person 0.019970449 963 255 980 278
person 0.01995968 532 605 545 656
person 0.01995745 79 337 94 361
person 0.019928947 98 715 126 816
person 0.019881656 0 670 12 748
person 0.01981933 101 295 194 455
person 0.01980871 86 -126 112 -30
person 0.01978366 830 131 848 153
person 0.019781265 809 -230 824 -211
person 0.019771371 856 56 880 85
person 0.019759713 867 173 883 197
person 0.01972234 692 604 705 657
person 0.01969388 811 613 821 639
person 0.019658891 829 148 847 171
person 0.019652652 853 614 863 639
person 0.019625908 856 705 877 757
person 0.019618765 787 72 799 83
person 0.019570703 891 129 908 151
person 0.019452509 473 217 577 365
person 0.019450594 665 106 683 128
person 0.019430116 732 603 746 659
person 0.019377176 730 747 752 817
person 0.019364685 91 701 112 765
person 0.019310728 925 253 945 279
person 0.019252654 377 256 488 384
person 0.019212281 1020 92 1050 165
person 0.01920311 594 93 633 159
person 0.01917597 308 386 340 434
person 0.019111617 290 606 302 656
person 0.019048281 609 57 622 70
person 0.019033806 906 209 924 234
person 0.018993437 1040 -153 1049 -95
person 0.018981006 1024 291 1046 332
person 0.018905211 974 -180 986 -137
person 0.018893413 550 54 566 72
person 0.018878853 814 703 838 765
person 0.018867996 765 134 782 157
person 0.018859595 78 349 94 376
person 0.018833311 651 204 689 252
person 0.018809188 738 -214 764 -131
person 0.018786827 734 702 756 766
person 0.018774776 384 548 400 577
person 0.01876618 781 -222 796 -172
person 0.018757591 10 310 93 453
person 0.018737767 929 -230 944 -210
person 0.018736796 936 705 956 756
person 0.018706063 801 227 829 262
person 0.018683309 429 160 495 236
person 0.018672857 365 25 385 61
person 0.018665262 172 725 203 819
person 0.018635718 925 274 945 297
person 0.018625109 253 98 279 129
person 0.018560056 628 89 646 110
person 0.01855598 487 600 507 663
person 0.01853892 67 -97 121 64
person 0.018499017 120 -49 144 12
person 0.018487955 254 396 276 419
person 0.01847363 0 708 12 790
person 0.01839224 693 702 716 766
person 0.01834301 760 94 798 162
person 0.018341836 828 -229 842 -222
person 0.018333366 945 554 962 582
person 0.018316168 284 658 299 703
person 0.018315695 902 550 919 578
person 0.018292755 908 715 928 782
person 0.018269742 565 91 583 114
person 0.018243805 89 52 112 88
person 0.018238889 361 92 401 161
person 0.018218175 916 435 931 454
person 0.0182004 989 716 1019 809
person 0.018178675 693 58 704 69
person 0.018143866 -4 657 13 787
person 0.018142996 541 133 559 156
person 0.018137913 39 459 112 605
person 0.018134687 1043 74 1049 89
person 0.018085824 790 57 807 74
person 0.018055568 527 57 543 77
person 0.018053593 526 203 564 250
person 0.01801934 169 143 194 172
person 0.018016146 290 702 312 767
person 0.018014245 953 84 963 95
person 0.018007318 935 628 950 675
person 0.017966067 208 132 232 160
person 0.017956084 120 174 146 203
person 0.017942652 589 55 601 68
person 0.017919736 244 658 258 703
person 0.017906783 650 73 663 84
person 0.017876387 695 168 724 201
person 0.017842637 690 747 712 817
person 0.017839931 929 -229 942 -222
person 0.017833473 430 289 520 446
person 0.017831184 1043 134 1049 148
person 0.017805098 1043 369 1049 401
person 0.017793985 881 264 898 287
person 0.017789744 1030 216 1054 268
person 0.01778816 787 715 807 782
person 0.017757079 1043 390 1049 423
person 0.017749954 0 -202 5 -161
person 0.017726216 932 748 954 817
person 0.017711155 0 324 5 361
person 0.017657254 0 -222 5 -183
person 0.017623374 474 85 509 129
person 0.0176113 185 381 225 427
person 0.017565317 1039 30 1052 55
person 0.017545154 1043 408 1049 441
person 0.017532326 272 248 341 330
person 0.0175295 194 393 220 414
person 0.017516442 811 56 828 73
person 0.017441267 204 659 218 702
person 0.017394474 831 614 842 639
person 0.017377684 231 328 257 359
person 0.017374737 713 81 724 92
person 0.017369958 -6 257 77 383
person 0.017367093 57 415 73 443
person 0.017349713 788 -230 804 -211
person 0.01730904 102 189 120 212
person 0.017298449 912 79 924 90
person 0.017289203 906 228 925 252
person 0.017266987 891 151 908 175
person 0.017263897 736 728 768 819
person 0.01724087 789 92 806 111
person 0.017222555 771 58 788 75
person 0.017213592 864 217 880 240
person 0.0172086 842 551 863 579
person 0.017197505 43 368 58 399
person 0.017192904 813 -219 838 -137
person 0.017184656 122 142 147 172
person 0.01718311 748 53 766 70
person 0.017175356 1043 95 1049 109
person 0.017168477 847 131 864 153
person 0.017147167 1036 620 1052 667
person 0.017132282 661 -213 687 -130
person 0.017130451 868 151 885 175
person 0.017129568 330 702 352 766
person 0.017097333 370 703 393 766
person 0.017087778 428 300 445 321
person 0.017014697 633 24 642 35
person 0.017004253 323 289 346 319
person 0.017001862 355 -210 382 -129
person 0.016964916 1043 765 1049 808
person 0.016909016 893 614 903 639
person 0.016904743 20 333 74 430
person 0.016898738 732 72 744 83
person 0.016896369 650 747 671 818
person 0.016876824 981 338 1007 373
person 0.016850602 929 214 946 238
person 0.01681952 0 786 8 832
person 0.016775444 306 108 328 132
person 0.016735239 582 134 600 157
person 0.016712021 249 703 272 767
person 0.016610345 586 91 604 112
person 0.016607976 437 -210 464 -129
person 0.016579079 910 392 927 407
person 0.016548777 891 77 903 88
person 0.01651832 74 0 120 125
person 0.016516501 845 209 872 243
person 0.016477516 -5 195 10 218
person 0.016476141 827 112 845 132
person 0.016474502 916 76 951 144
person 0.0164622 834 100 871 170
person 0.016456533 102 -213 130 -133
person 0.016450321 1041 713 1050 787
person 0.016447505 250 606 262 655
person 0.016447019 160 344 184 369
person 0.016415823 117 218 143 250
person 0.016407426 609 747 631 818
person 0.016397564 45 747 66 818
person 0.016394895 786 112 804 132
person 0.016393887 487 -230 502 -210
person 0.016377341 507 -230 522 -210
person 0.016372457 366 -230 381 -210
person 0.016368955 346 -230 361 -210
person 0.01636652 467 -230 482 -210
person 0.016365446 326 -230 341 -210
person 0.016359469 972 748 994 817
person 0.016358117 305 -230 320 -210
person 0.016357988 386 -230 401 -210
person 0.016356038 205 -230 220 -210
person 0.016350769 265 -230 280 -210
person 0.01635038 245 -230 260 -210
person 0.016350286 285 -230 300 -210
person 0.016350003 225 -230 240 -210
person 0.016349688 0 546 7 630
person 0.016347572 1014 440 1027 498
person 0.016345976 406 -230 421 -210
person 0.01634291 83 17 113 109
person 0.01634084 184 -230 199 -210
person 0.016339768 547 -230 563 -210
person 0.016339453 426 -230 442 -210
person 0.016334979 166 747 187 818
person 0.016334381 527 -230 542 -210
person 0.01633075 447 -230 462 -210
person 0.016325718 828 193 846 216
person 0.016321514 568 -230 583 -210
person 0.016301889 265 -214 292 -134
person 0.016282318 424 331 444 360
person 0.016281057 602 91 620 112
person 0.016266806 873 614 883 638
person 0.016256478 1044 550 1049 584
person 0.016230708 729 54 746 70
person 0.016220111 209 703 231 767
person 0.016216315 410 604 424 654
person 0.016213723 588 -230 603 -210
person 0.016178582 177 -215 205 -137
person 0.016173726 86 120 104 139
person 0.016162863 569 747 590 818
person 0.016161453 165 44 188 78
person 0.016160302 408 747 429 818
person 0.016158057 448 747 469 818
person 0.01615651 164 -230 179 -210
person 0.016133485 488 747 510 818
person 0.0161297 831 54 848 71
person 0.016129345 367 747 389 818
person 0.01611663 604 114 622 136
person 0.01610564 529 747 550 818
person 0.01609048 868 134 884 156
person 0.016067624 738 -222 753 -173
person 0.016063841 1043 155 1049 169
person 0.016044062 125 747 147 818
person 0.01604059 327 747 348 818
person 0.016030667 122 655 137 702
person 0.0159963 451 607 464 656
person 0.015990086 206 747 227 818
person 0.015958335 608 -230 623 -210
person 0.015925594 287 747 308 818
person 0.015920475 0 583 5 624
person 0.015906556 791 612 801 639
person 0.015898863 595 -210 622 -129
person 0.015883276 0 604 5 645
person 0.01587516 759 207 789 241
person 0.015873985 246 747 268 818
person 0.015869211 808 -229 822 -222
person 0.015864475 787 166 805 190
person 0.015854094 574 57 586 70
person 0.015853237 628 -230 643 -210
person 0.015845444 939 416 1024 557
person 0.015839666 155 25 177 64
person 0.015797153 91 134 101 150
person 0.015791424 949 -230 964 -211
person 0.015768843 768 111 786 132
person 0.015722323 964 226 973 251
person 0.015718723 57 424 74 452
person 0.015693342 51 474 100 580
person 0.01569212 989 716 1008 785
person 0.015682291 0 549 5 588
person 0.015662368 446 319 508 404
person 0.015645081 144 -230 159 -210
person 0.01562135 92 266 122 291
person 0.015605374 517 -210 544 -129
person 0.015585653 258 137 283 167
person 0.015583524 99 132 110 146
person 0.015577177 654 729 686 820
person 0.015570193 315 94 333 115
person 0.015553852 630 20 645 37
person 0.015537045 769 -230 784 -211
person 0.015510477 834 57 844 69
person 0.0154741695 137 -224 151 -175
person 0.015467873 211 267 238 299
person 0.015459502 66 -219 77 -173
person 0.015453488 96 679 121 790
person 0.015448264 708 54 725 70
person 0.015435179 897 706 917 756
person 0.015433013 171 176 197 204
person 0.015408976 648 -230 663 -210
person 0.015405504 168 702 191 767
person 0.015403212 682 115 700 137
person 0.015391855 600 201 631 237
person 0.015357321 303 37 320 56
person 0.015356961 182 715 199 740
person 0.01535022 202 715 219 740
person 0.0153320255 546 72 563 91
person 0.015308962 991 98 1006 118
person 0.015307144 1042 -76 1049 -38
person 0.015302753 814 59 825 70
person 0.015293983 735 331 802 405
person 0.015287636 512 262 547 313
person 0.015265879 411 702 433 766
person 0.015248914 222 715 239 740
person 0.015244383 1032 344 1052 384
person 0.015237913 1043 248 1050 281
person 0.015209425 649 510 669 539
person 0.015196283 242 715 259 740
person 0.0151950205 992 193 1007 218
person 0.015188044 972 668 991 711
person 0.015168841 569 173 600 208
person 0.015133706 300 404 361 486
person 0.015122723 922 396 943 416
person 0.015117958 963 317 1021 402
person 0.0151159195 262 715 279 740
person 0.015099927 499 36 514 55
person 0.015076537 283 715 299 740
person 0.015073455 0 -3 7 58
person 0.01506969 895 56 918 85
person 0.015067831 324 41 340 58
person 0.015060308 653 702 675 766
person 0.01505212 163 658 177 702
person 0.015034988 806 112 823 132
person 0.015031612 250 729 281 821
person 0.015029826 104 -220 116 -174
person 0.015029502 303 715 320 740
person 0.015009763 323 715 340 740
person 0.015006612 162 715 178 740
person 0.014996459 353 36 368 54
person 0.014983105 584 153 603 177
person 0.014966714 343 715 360 740
person 0.014948926 869 96 881 107
person 0.014946292 0 -182 5 -141
person 0.014931326 768 151 786 175
person 0.0149273565 325 658 338 701
person 0.014920207 421 548 441 578
person 0.014907035 253 228 357 372
person 0.014905398 612 702 635 767
person 0.014905053 -1 192 6 220
person 0.014897935 1043 175 1049 189
person 0.014890101 668 -230 684 -211
person 0.014883703 492 729 524 821
person 0.014874128 451 702 474 766
person 0.014864111 363 715 380 740
person 0.014860389 124 -230 139 -211
person 0.01484474 768 92 785 110
person 0.014825144 168 359 209 406
person 0.014798667 799 513 816 540
person 0.014790464 767 76 780 87
person 0.014770399 0 583 7 666
person 0.0147703085 1043 449 1049 484
person 0.014763509 210 606 222 655
person 0.014760006 770 612 780 639
person 0.014741808 895 -215 903 -181
person 0.014728501 372 164 401 198
person 0.014689239 383 715 400 740
person 0.014675592 1000 483 1021 529
person 0.014665709 40 -24 84 94
person 0.0146457525 103 123 114 135
person 0.014637483 234 417 275 464
person 0.014633502 865 191 883 215
person 0.014629878 412 730 443 822
person 0.01462935 1032 -230 1052 -170
person 0.014616953 129 702 151 766
person 0.014602127 875 -215 884 -181
person 0.01459234 63 -230 79 -213
person 0.014590879 236 360 255 381
person 0.014585724 85 746 106 819
person 0.014568031 909 112 921 124
person 0.014565041 726 93 744 113
person 0.014558861 512 58 528 78
person 0.014547421 698 215 790 350
person 0.014547025 -3 -232 13 -163
person 0.014542677 288 381 376 527
person 0.014542105 573 729 604 821
person 0.014527693 682 247 718 298
person 0.014520798 783 555 800 583
person 0.014509804 1043 427 1049 461
person 0.014471642 984 149 999 173
person 0.014461199 349 235 417 316
person 0.01444845 404 714 420 740
person 0.014427728 725 113 743 135
person 0.014420055 949 -229 962 -222
person 0.014417235 845 -51 862 -41
person 0.014408959 749 -230 764 -211
person 0.014361134 988 176 1003 199
person 0.014357064 827 214 846 236
person 0.014354264 915 -215 923 -180
person 0.014343157 785 132 803 155
person 0.014336821 891 93 903 104
person 0.0143187465 747 714 766 782
person 0.014307365 303 76 324 97
person 0.01430294 26 368 104 518
person 0.01429886 256 248 281 279
person 0.014295722 521 91 540 113
person 0.014292316 1042 -196 1049 -159
person 0.0142783625 1043 470 1050 504
person 0.014258036 710 56 722 67
person 0.014253405 167 142 181 160
person 0.014253272 572 702 595 767
person 0.014246713 1042 -96 1049 -58
person 0.014238124 103 -230 119 -211
person 0.014223528 729 -230 744 -211
person 0.014222105 344 -45 404 138
person 0.01421649 1022 -6 1046 85
person 0.014215662 82 471 101 498
person 0.014214778 58 140 75 160
person 0.014209528 424 714 441 740
person 0.014208853 689 -230 704 -211
person 0.0142029505 505 58 536 103
person 0.014199213 568 203 605 251
person 0.014186437 635 177 674 224
person 0.0141619835 271 -28 334 148
person 0.014160599 752 72 764 83
person 0.014151176 57 -111 76 -45
person 0.014146574 125 43 149 78
person 0.014144839 969 -229 982 -222
person 0.014143162 135 27 155 67
person 0.014104367 99 229 119 253
person 0.014097724 -1 104 4 135
person 0.014066708 -3 570 8 599
person 0.014057519 934 668 954 713
person 0.014054209 707 -71 721 -45
person 0.014046961 709 -230 724 -211
person 0.013999953 444 714 461 740
person 0.013986182 969 -230 985 -212
person 0.013975146 825 -50 841 -41
person 0.013935993 491 702 514 766
person 0.013920649 788 -229 801 -222
person 0.013904759 850 172 859 186
person 0.013866666 464 714 481 740
person 0.013857744 532 702 554 767
person 0.01384495 365 655 379 701
person 0.013828001 141 715 158 740
person 0.013815717 78 95 104 129
person 0.013803274 484 714 501 740
person 0.013802976 39 60 62 97
person 0.013801302 224 327 245 350
person 0.01379316 851 54 867 71
person 0.013765509 331 730 362 823
person 0.013765114 505 714 521 740
person 0.0137640145 872 521 929 608
person 0.013760829 281 -90 322 50
person 0.01375764 1043 54 1049 69
person 0.01374126 158 251 175 275
person 0.013727161 304 288 327 318
person 0.013718771 851 92 863 104
person 0.013716564 525 714 541 740
person 0.013701355 364 34 375 49
person 0.013667046 807 193 826 216
person 0.013662875 545 714 562 740
person 0.013648963 748 111 766 133
person 0.01364549 419 296 449 346
person 0.013637688 1044 530 1050 563
person 0.013619779 644 114 662 135
person 0.013608944 565 178 604 224
person 0.013595521 806 131 824 153
person 0.013587096 88 123 100 136
person 0.013566763 793 59 804 70
person 0.013560458 852 600 859 616
person 0.013557417 565 714 582 740
person 0.0135483965 683 150 702 173
person 0.013542572 913 613 923 639
person 0.01352492 668 36 684 53
person 0.013513618 -3 -217 8 -188
person 0.013512781 690 358 701 370
person 0.013497616 47 141 62 160
person 0.013481137 591 -45 651 143
person 0.013470561 1030 576 1049 639
person 0.0134673435 690 33 706 50
person 0.013462029 623 506 641 534
person 0.013449161 808 152 826 175
person 0.013448933 106 216 125 238
person 0.013427168 726 132 744 156
person 0.013420152 426 82 481 175
person 0.013418511 585 714 602 740
person 0.013414389 -1 308 5 345
person 0.013411278 219 327 333 462
person 0.01339743 563 165 664 299
person 0.013387728 301 330 325 360
person 0.013371683 688 -71 702 -44
person 0.013343811 0 624 5 665
person 0.013334597 605 714 622 740
person 0.013323749 172 265 208 316
person 0.013319844 462 148 559 287
person 0.013318617 72 112 124 207
person 0.013312822 853 56 864 68
person 0.0133049125 1042 -157 1049 -119
person 0.013288166 1042 -116 1049 -78
person 0.013285577 1035 722 1050 799
person 0.013276129 162 -174 186 -80
person 0.013254653 474 32 489 50
person 0.013232456 378 528 398 557
person 0.013224508 661 515 680 543
person 0.013209992 1042 -177 1049 -139
person 0.013196729 96 293 116 315
person 0.013193642 193 -27 237 97
person 0.013193158 626 714 642 740
person 0.013183613 874 326 977 458
person 0.013164422 486 202 527 250
person 0.013159949 530 132 567 177
person 0.013132174 1034 690 1051 759
person 0.013130475 464 345 484 372
person 0.013121161 911 233 994 370
person 0.013117092 982 329 1001 352
person 0.013100958 629 154 726 293
person 0.013096707 0 -162 5 -121
person 0.013094167 412 19 433 56
person 0.013092842 646 714 663 740
person 0.013084719 274 53 344 201
person 0.013078716 472 462 484 487
person 0.013074555 728 -71 742 -45
person 0.013073659 316 115 333 136
person 0.013072932 563 657 582 706
person 0.013063503 507 93 526 115
person 0.013046976 422 92 442 113
person 0.0130391205 747 91 765 109
person 0.013034427 1044 489 1050 522
person 0.013030961 585 112 604 134
person 0.013014198 553 263 587 314
person 0.01299523 99 121 117 138
person 0.012990297 247 17 269 55
person 0.0129837375 806 171 824 194
person 0.012972114 104 -195 117 -141
person 0.012969519 658 81 713 174
person 0.01296108 304 10 319 31
person 0.01295292 329 216 434 360
person 0.0129467035 419 359 435 385
person 0.012937993 0 343 5 383
person 0.012933383 604 657 623 705
person 0.01292144 483 550 499 580
person 0.0129119735 -2 336 14 406
person 0.012905795 666 714 683 740
person 0.0128924735 793 531 813 559
person 0.012886673 410 554 427 582
person 0.012868301 768 554 785 582
person 0.012863142 845 513 863 541
person 0.012845564 700 -223 715 -173
person 0.012823085 99 296 113 310
person 0.012819681 136 36 154 55
person 0.012808402 855 -215 864 -181
person 0.012802658 751 612 760 639
person 0.0127906585 95 270 120 285
person 0.01278881 457 91 493 136
person 0.0127876485 700 9 721 45
person 0.012783844 864 -51 882 -41
person 0.012761626 107 655 120 704
person 0.012757795 0 644 5 685
person 0.012756492 732 56 743 67
person 0.0127483625 668 -70 682 -44
person 0.012733164 288 131 315 164
person 0.012730209 1042 -136 1049 -99
person 0.012702802 0 178 10 221
person 0.012676331 227 326 261 374
person 0.012676105 207 36 237 86
person 0.012666942 646 549 662 577
person 0.012650236 923 68 951 113
person 0.012649867 625 149 645 172
person 0.012631786 948 716 968 784
person 0.012620093 686 714 703 740
person 0.012600055 804 550 825 580
person 0.012592079 39 332 47 349
person 0.012566534 1025 575 1055 664
person 0.012558146 665 -49 724 137
person 0.012552128 205 380 303 537
person 0.012549061 685 658 704 707
person 0.0125453165 195 410 224 429
person 0.012541921 1021 -156 1057 -19
person 0.01254156 483 657 502 705
person 0.012539924 -12 -168 31 -17
person 0.012539481 698 176 793 302
person 0.012535503 347 25 366 61
person 0.012522158 805 -50 820 -41
person 0.012512597 0 -182 8 -101
person 0.012510319 242 359 313 437
person 0.012499672 746 -72 761 -60
person 0.012495989 403 656 422 704
person 0.0124923345 528 38 537 51
person 0.012478936 -3 -196 8 -168
person 0.012476598 769 -229 782 -222
person 0.012471346 442 657 461 705
person 0.0124646295 404 95 423 115
person 0.012463338 442 548 460 577
person 0.012455687 927 399 939 412
person 0.012454621 25 291 47 354
person 0.012440932 972 623 989 671
person 0.012435427 642 133 660 155
person 0.012429467 1043 591 1049 626
person 0.012418183 712 506 788 682
person 0.012388853 830 93 842 104
person 0.012364298 0 -99 8 -21
person 0.012345319 349 84 406 181
person 0.012341568 286 600 305 665
person 0.012339569 523 658 542 705
person 0.012337065 335 170 436 299
person 0.012310899 647 20 662 37
person 0.012308205 208 -153 220 -109
person 0.012269848 190 407 233 454
person 0.012267716 707 111 725 132
person 0.012265936 972 77 988 95
person 0.012265289 83 -230 99 -212
person 0.012257661 49 386 64 415
person 0.01222779 706 714 723 740
person 0.01222372 921 370 944 390
person 0.012219287 513 -45 571 144
person 0.01220362 799 527 818 554
person 0.012201746 124 598 134 626
person 0.012192519 751 55 762 67
person 0.012173805 59 713 77 784
person 0.012170171 695 91 704 102
person 0.012154502 120 89 145 122
person 0.01213125 1042 33 1048 49
person 0.012115347 631 76 643 87
person 0.012100608 207 177 232 204
person 0.012100421 665 97 676 109
person 0.012095365 968 -222 990 -165
person 0.012057107 811 91 822 103
person 0.012052309 974 53 996 84
person 0.0120513085 650 23 659 35
person 0.012050225 774 61 785 72
person 0.012046235 883 688 950 834
person 0.012041526 0 626 8 703
person 0.0120398 408 317 424 341
person 0.012024094 822 236 841 258
person 0.011999937 647 -70 662 -44
person 0.011995539 602 132 620 155
person 0.011982024 174 355 200 378
person 0.011981832 745 131 763 155
person 0.011979692 743 547 768 576
person 0.011964795 542 153 561 177
person 0.011955386 969 256 1028 340
person 0.01193837 0 -140 8 -60
person 0.0119288005 54 216 86 264
person 0.01191139 706 714 726 783
person 0.011888167 1039 8 1052 34
person 0.011887966 885 -51 903 -41
person 0.01188436 395 -90 435 68
person 0.01187 794 501 821 558
person 0.011869311 0 -142 5 -101
person 0.011854813 769 612 787 662
person 0.0118277585 871 54 887 71
person 0.011823667 867 513 942 674
person 0.01181179 162 298 182 323
person 0.01180291 0 664 5 705
person 0.011794132 102 -158 121 -91
person 0.011789776 448 316 466 340
person 0.011783034 0 123 5 153
person 0.011777893 190 593 199 624
person 0.011771096 122 312 142 335
person 0.011750352 957 437 972 460
person 0.011747064 171 -226 186 -176
person 0.011732563 748 -71 762 -46
person 0.011730955 600 245 638 296
person 0.011721538 933 613 943 639
person 0.011709967 523 113 541 136
person 0.011702177 727 713 743 740
person 0.011698754 317 410 340 434
person 0.011698604 55 325 69 350
person 0.01169776 960 229 971 251
person 0.011685154 414 -52 474 133
person 0.011671384 543 92 561 114
person 0.011670691 167 -152 179 -108
person 0.011668349 357 133 396 178
person 0.01162457 0 764 5 809
person 0.011606986 673 132 711 176
person 0.011603884 589 19 604 38
person 0.011585633 0 1 5 35
person 0.011585152 808 211 827 234
person 0.011564034 51 322 58 338
person 0.011555497 1033 652 1052 715
person 0.011504022 917 417 927 430
person 0.0115004545 749 -229 762 -222
person 0.01149672 411 144 511 281
person 0.011496042 671 128 689 150
person 0.0114866765 710 31 726 48
person 0.0114857135 775 -197 788 -144
person 0.0114805605 627 -70 642 -44
person 0.011471494 636 251 671 302
person 0.011468304 405 -70 420 -45
person 0.011466315 792 218 879 353
person 0.011464057 317 81 334 99
person 0.0114464965 487 56 503 75
person 0.011422064 835 -215 844 -181
person 0.011416391 1040 492 1053 519
person 0.011399983 367 53 386 75
person 0.011387914 813 -214 825 -181
person 0.011387173 671 39 681 51
person 0.011375644 884 508 903 533
person 0.011371462 969 -186 989 -126
person 0.011370031 984 429 1007 464
person 0.011366734 654 88 689 132
person 0.011349412 289 11 320 102
person 0.011348444 121 714 138 740
person 0.011334024 851 634 864 664
person 0.011329665 501 114 519 137
person 0.011327769 63 -230 76 -223
person 0.011324779 438 334 455 359
person 0.011321955 1039 513 1054 539
person 0.011306278 730 17 745 35
person 0.011303742 117 330 181 422
person 0.011295782 710 17 726 36
person 0.011280961 412 595 422 624
person 0.011264634 382 295 405 326
person 0.011263392 1006 448 1028 492
person 0.011254425 153 331 190 379
person 0.011252828 804 247 824 269
person 0.011245918 66 613 77 674
person 0.011236601 56 90 79 121
person 0.01122201 38 383 90 481
person 0.011219597 646 537 664 565
person 0.011218914 572 571 586 641
person 0.011218126 744 -50 803 136
person 0.011212034 815 -200 828 -146
person 0.011211135 1039 534 1054 558
person 0.01120481 584 490 603 520
person 0.01119862 691 171 728 217
person 0.011186873 1042 611 1049 644
person 0.011166422 425 -70 441 -45
person 0.01115852 682 87 718 130
person 0.011157899 906 536 924 563
person 0.011149501 1043 351 1049 380
person 0.011142606 541 113 559 135
person 0.011141744 642 151 661 173
person 0.011141733 45 727 60 756
person 0.011141429 0 529 5 565
person 0.011120079 683 209 721 258
person 0.0111185005 201 -44 229 53
person 0.01109623 1030 174 1054 227
person 0.011089633 1043 195 1049 209
person 0.0110831885 385 -70 400 -45
person 0.0110803135 606 72 618 84
person 0.011075983 1044 747 1050 788
person 0.011069592 1034 376 1052 418
person 0.011069054 250 -153 261 -109
person 0.011060491 109 316 120 333
person 0.01102896 607 -70 621 -44
person 0.011014241 775 243 811 293
person 0.0110061355 440 98 459 118
person 0.011001414 768 -71 782 -47
person 0.010983481 146 579 156 597
person 0.010981322 0 -11 5 24
person 0.010967974 954 596 964 624
person 0.010962451 172 97 196 128
person 0.010962266 810 674 823 703
person 0.010950432 665 152 685 175
person 0.0109469155 734 9 755 47
person 0.010938355 66 -191 77 -135
person 0.010932243 747 713 764 740
person 0.0109224925 798 685 867 836
person 0.010913981 446 -70 461 -45
person 0.010898812 95 244 120 269
person 0.01088833 486 -229 500 -222
person 0.010883432 729 -229 742 -222
person 0.010883355 1028 536 1049 598
person 0.010881841 507 -229 520 -222
person 0.010871492 466 -229 480 -222
person 0.010867935 98 367 118 390
person 0.0108672995 547 -229 560 -222
person 0.010867259 345 -229 359 -222
person 0.010867187 329 168 357 201
person 0.010866848 365 -229 379 -222
person 0.010865414 325 -229 339 -222
person 0.010864455 567 -229 581 -222
person 0.010861114 305 -229 318 -222
person 0.010861012 527 -229 540 -222
person 0.010860844 204 -229 218 -222
person 0.010860244 184 -229 197 -222
person 0.010856182 386 -229 399 -222
person 0.010856116 285 -229 298 -222
person 0.010855784 244 -229 258 -222
person 0.01085567 224 -229 238 -222
person 0.010855497 265 -229 278 -222
person 0.0108551895 661 303 690 344
person 0.010851171 199 332 221 356
person 0.010850629 -1 125 16 158
person 0.01084919 406 -229 419 -222
person 0.010847011 611 18 625 36
person 0.0108459005 217 38 235 58
person 0.010845465 446 -229 460 -222
person 0.010844877 426 -229 439 -222
person 0.010839814 709 359 721 372
person 0.010835209 374 511 389 554
person 0.010834371 0 508 5 543
person 0.01083132 60 161 147 302
person 0.010824677 572 280 607 331
person 0.010814444 975 711 1024 827
person 0.010794838 587 -229 601 -222
person 0.010788042 324 272 347 302
person 0.010787039 749 84 804 182
person 0.010782975 766 -72 781 -61
person 0.010778241 294 6 316 45
person 0.010777452 843 232 862 256
person 0.0107676145 986 383 1010 417
person 0.010766112 173 365 204 389
person 0.010763577 280 655 302 716
person 0.010760598 164 -229 177 -222
person 0.0107591655 453 479 468 504
person 0.010746881 78 684 140 847
person 0.010745184 0 685 5 725
person 0.010726416 468 509 489 538
person 0.010726314 905 -51 922 -41
person 0.01072513 945 287 967 308
person 0.0107205575 713 308 820 447
person 0.010717033 430 593 440 623
person 0.0107145775 0 -121 5 -81
person 0.010712438 831 634 844 664
person 0.010694711 666 318 692 357
person 0.010690081 690 17 706 35
person 0.010673901 977 532 1006 593
person 0.010667496 607 -229 621 -222
person 0.010653185 891 540 910 564
person 0.010647788 0 705 5 744
person 0.010646433 730 32 746 50
person 0.010641145 730 226 750 251
person 0.010638189 1014 560 1059 677
person 0.010630728 628 -229 641 -222
person 0.010622095 51 406 77 462
person 0.010621158 602 152 621 175
person 0.01061403 1041 -115 1049 -52
person 0.010607492 778 9 799 47
person 0.010598077 -4 107 8 132
person 0.010581137 666 714 685 783
person 0.010568823 644 657 663 706
person 0.010562328 750 16 765 34
person 0.010556091 923 354 944 373
person 0.010550927 790 674 803 703
person 0.010540801 770 167 807 213
person 0.010538419 956 423 972 443
person 0.010525495 214 380 234 398
person 0.010517189 998 186 1052 278
person 0.010513473 655 -224 669 -175
person 0.010509303 648 -229 661 -222
person 0.010507895 -3 589 8 618
person 0.010489165 143 -229 157 -222
person 0.01048728 940 -192 955 -138
person 0.010487102 88 314 103 337
person 0.010480256 1035 417 1052 459
person 0.010479919 526 130 545 153
person 0.010472036 475 -90 533 79
person 0.010465407 547 696 561 722
person 0.010463732 720 521 779 607
person 0.010460376 567 695 582 722
person 0.0104556335 935 -214 943 -180
person 0.010454139 588 695 602 722
person 0.010451298 708 -229 722 -222
person 0.010450499 587 -70 601 -44
person 0.010445944 551 20 565 38
person 0.010442095 487 696 501 722
person 0.010441322 608 695 622 722
person 0.010439888 28 438 39 493
person 0.010439716 606 549 623 577
person 0.010429395 507 696 521 722
person 0.010428244 467 696 481 722
person 0.010422444 627 532 644 560
person 0.010418643 527 696 541 722
person 0.010415172 793 -214 805 -181
person 0.010401744 601 290 638 341
person 0.010400871 446 696 461 722
person 0.010399467 143 597 153 626
person 0.010394522 874 56 884 68
person 0.01039131 413 362 435 402
person 0.010384369 22 770 36 801
person 0.010373942 362 -6 391 85
person 0.01037334 466 -70 481 -44
person 0.010372311 220 355 241 375
person 0.0103714205 628 695 642 722
person 0.010370037 832 554 850 582
person 0.010366395 465 552 481 580
person 0.01034982 668 -229 682 -222
person 0.01034238 185 73 237 169
person 0.010342131 727 -71 741 -60
person 0.010340492 426 696 440 722
person 0.010338735 852 595 861 622
person 0.010331424 -3 610 8 638
person 0.010326598 831 674 844 703
person 0.0103169 648 695 662 722
person 0.010312071 767 713 784 740
person 0.010312037 0 -101 5 -61
person 0.010306759 1034 -157 1050 -88
person 0.010302256 -3 554 8 583
person 0.0103006605 129 -197 141 -148
person 0.010298007 452 594 461 623
person 0.010294294 872 549 891 577
person 0.010281311 625 550 642 577
person 0.010281229 184 418 201 430
person 0.010274613 210 593 219 624
person 0.01026883 311 593 320 624
person 0.010268065 668 695 682 722
person 0.010262402 750 35 767 53
person 0.010261874 646 64 726 214
person 0.010257584 1043 576 1048 592
person 0.01024661 82 485 104 514
person 0.01024587 204 216 231 245
person 0.010245232 189 98 206 117
person 0.010243713 583 85 639 180
person 0.010243205 182 714 201 784
person 0.010242581 406 696 420 722
person 0.010231301 667 551 684 579
person 0.010225937 956 192 968 207
person 0.010219574 688 695 703 722
person 0.010216936 894 600 902 615
person 0.010213585 432 303 441 315
person 0.010209064 804 -101 859 81
person 0.010207556 1043 729 1050 766
person 0.010201521 253 144 345 285
person 0.010199109 0 -64 10 20
person 0.010194566 614 22 622 34
person 0.010193345 168 654 214 761
person 0.010192748 709 695 723 722
person 0.010191636 989 214 1004 240
person 0.010189491 688 -229 702 -222
person 0.010149298 521 71 532 88
person 0.010147396 171 229 198 259
person 0.010146525 318 426 342 450
person 0.010142402 1040 473 1053 501
person 0.010138778 61 -153 79 -86
person 0.010138003 135 301 153 322
person 0.010134984 246 599 264 665
person 0.010134161 44 708 59 738
person 0.010131431 486 -70 501 -44
person 0.01011644 386 696 400 722
person 0.010114071 882 161 940 246
person 0.01010959 822 91 877 189
person 0.010100804 -4 711 9 738
person 0.0101006515 199 655 221 716
person 0.010087377 567 134 585 157
person 0.010083906 54 395 69 422
person 0.010081308 365 -70 380 -45
person 0.010077748 -4 125 8 151
person 0.010068406 990 486 1012 514
person 0.0100640245 953 613 963 638
person 0.010061108 769 675 783 703
person 0.010053864 348 573 358 606
person 0.010052578 744 172 762 196
person 0.010044101 413 62 493 215
person 0.010043262 735 -197 747 -147
person 0.010038025 265 729 283 756
person 0.010036636 473 594 481 625
person 0.010033122 768 168 786 192
person 0.0100312885 224 729 242 756
person 0.010029538 244 729 262 756
person 0.010024387 285 729 303 756
person 0.010020796 951 302 1034 451
person 0.010014247 325 729 343 756
person 0.0100132255 123 -229 137 -222
person 0.010008921 820 -54 876 134
person 0.010008589 329 297 435 444
person 0.010008448 305 729 323 756
person 0.010004995 204 729 222 756
person 0.010003177 785 -50 800 -41
person 0.010003035 363 18 379 37
person 0.010002038 345 729 363 756
person 0.010001104 378 322 408 370
