person 0.6139908 940 84 954 105
person 0.5785841 94 173 120 205
person 0.56649786 115 213 148 259
person 0.53978264 194 170 224 203
person 0.45679465 67 254 103 304
person 0.25530702 164 282 198 331
person 0.24975592 97 212 123 246
person 0.2178273 56 241 109 314
person 0.20959829 941 90 951 108
person 0.20742653 936 80 956 110
person 0.19848551 194 189 237 247
person 0.14565109 118 259 153 305
person 0.12034293 943 86 951 99
person 0.11966125 32 187 59 219
person 0.1193018 95 208 137 269
person 0.106557444 980 273 1010 328
person 0.10505718 150 268 209 340
person 0.10376518 176 215 205 248
person 0.10288743 201 147 229 178
person 0.10073102 190 177 211 201
person 0.09625903 120 219 142 246
person 0.09222278 1053 624 1062 685
person 0.09060261 313 435 345 484
person 0.086931325 0 145 10 193
person 0.08625729 376 -80 404 14
person 0.083499454 221 184 242 205
person 0.081171624 0 244 21 305
person 0.07770313 0 241 11 304
person 0.07687823 0 164 9 211
person 0.07586657 974 465 1038 636
person 0.073408686 115 193 144 224
person 0.07254138 46 502 92 623
person 0.07245329 1001 135 1015 158
person 0.0720039 80 142 108 173
person 0.07177689 731 150 754 180
person 0.071658865 1056 114 1062 142
person 0.07093749 1052 332 1061 407
person 0.070557624 629 36 643 54
person 0.06923989 319 446 352 496
person 0.068812065 953 102 967 123
person 0.068632804 972 266 1019 362
person 0.06645485 632 38 640 50
person 0.06634454 508 178 533 214
person 0.064649336 0 228 10 279
person 0.06443805 36 48 68 121
person 0.060789518 43 79 79 146
person 0.059593182 600 73 615 92
person 0.059506807 290 424 323 474
person 0.059419055 1056 96 1062 123
person 0.05905067 2 272 14 350
person 0.058866672 99 195 123 220
person 0.056974027 1052 668 1062 720
person 0.05690779 97 167 115 186
person 0.054984882 -4 -228 9 -204
person 0.054553017 105 -42 125 0
person 0.054419346 1051 -226 1062 -178
person 0.053551514 220 191 245 216
person 0.05266541 489 23 510 58
person 0.052039385 43 498 61 528
person 0.051829714 109 -66 138 16
person 0.051315553 20 170 58 236
person 0.050463993 656 39 664 53
person 0.04980371 38 484 52 512
person 0.049549744 123 162 141 181
person 0.049042996 1052 227 1062 274
person 0.04862355 102 497 122 524
person 0.048314184 -1 -231 6 -203
person 0.048235252 48 230 119 349
person 0.04806388 54 303 87 354
person 0.04752759 653 37 667 56
person 0.047170676 976 186 999 218
person 0.04706335 -4 -227 8 -220
person 0.047012225 962 366 1023 566
person 0.046969604 -3 -218 19 -126
person 0.046494734 305 -77 333 14
person 0.04642377 1052 248 1061 302
person 0.04579398 301 393 324 420
person 0.045719735 532 81 548 100
person 0.045366205 1056 135 1062 164
person 0.045123138 37 217 66 253
person 0.044799093 1052 116 1065 141
person 0.044533834 -2 149 16 186
person 0.04417556 296 381 328 431
person 0.04370729 118 205 139 228
person 0.043654047 926 95 942 114
person 0.043632075 685 141 710 172
person 0.04287561 596 68 619 97
person 0.042824775 1051 301 1060 365
person 0.042494148 599 67 614 84
person 0.042461675 627 59 642 78
person 0.042247724 -5 360 23 444
person 0.042148724 533 36 548 56
person 0.041866243 -2 168 16 204
person 0.0416425 627 26 647 60
person 0.04156604 281 272 346 351
person 0.04127967 531 92 557 122
person 0.04108036 1052 584 1060 651
person 0.041070256 -2 233 17 271
person 0.04106293 938 86 953 118
person 0.040587764 1056 75 1062 102
person 0.039818846 636 134 660 165
person 0.039457202 -3 -148 15 -43
person 0.039451122 3 282 26 344
person 0.038912658 916 80 932 98
person 0.038417574 196 151 234 196
person 0.038294464 1053 704 1062 764
person 0.03827066 1050 -228 1062 -220
person 0.038197644 713 93 727 113
person 0.037542272 579 31 599 64
person 0.037524328 189 -92 219 -9
person 0.037229694 405 142 432 171
person 0.037168894 1049 -229 1064 -206
person 0.037067298 640 23 648 36
person 0.03691942 929 184 954 218
person 0.036888793 1050 144 1062 183
person 0.03664813 248 178 279 208
person 0.036646735 630 62 639 74
person 0.036614425 961 313 1023 492
person 0.036430106 501 107 527 137
person 0.036423706 203 200 228 224
person 0.036392827 200 102 219 121
person 0.036096625 677 104 700 132
person 0.03600182 984 -213 998 -173
person 0.03591953 39 445 52 473
person 0.035818998 824 715 847 778
person 0.035770144 1052 98 1065 121
person 0.035685785 137 243 225 375
person 0.03546482 302 380 321 405
person 0.035279144 791 78 808 97
person 0.03516754 280 469 313 520
person 0.034996107 0 -233 8 -180
person 0.03497436 181 346 213 397
person 0.034963403 120 229 141 254
person 0.034834612 207 133 227 154
person 0.034795783 215 245 251 292
person 0.03477065 1041 -207 1067 -128
person 0.03465578 956 105 964 117
person 0.034474246 1051 183 1062 225
person 0.03443989 1052 -190 1061 -134
person 0.03436733 1056 154 1062 184
person 0.03423141 777 140 804 171
person 0.034183435 660 24 668 37
person 0.034143995 102 384 134 433
person 0.034128077 737 84 753 102
person 0.033986375 708 97 732 124
person 0.03387958 128 150 157 180
person 0.0337309 505 142 532 174
person 0.03371194 602 75 612 87
person 0.033277407 530 34 550 66
person 0.033256583 621 56 644 85
person 0.03312945 170 146 200 176
person 0.033116408 673 134 698 165
person 0.033093847 783 715 806 778
person 0.03308691 384 141 411 170
person 0.03287975 627 102 653 132
person 0.032852802 1024 407 1048 470
person 0.032697618 44 -228 60 -212
person 0.03255337 200 161 222 183
person 0.032475773 688 102 703 122
person 0.03246044 553 43 568 62
person 0.03236469 652 27 672 63
person 0.032256298 172 166 257 301
person 0.03216306 185 123 226 185
person 0.032050997 933 72 960 117
person 0.03200121 95 99 135 165
person 0.03199155 25 -228 38 -221
person 0.031907078 236 449 298 540
person 0.031707034 732 99 757 127
person 0.03170109 1051 238 1066 265
person 0.031555828 120 257 141 279
person 0.031532418 589 104 614 132
person 0.03147182 261 549 292 608
person 0.031469442 73 327 134 407
person 0.0314691 90 179 109 202
person 0.031220546 55 137 82 168
person 0.031207336 947 -216 962 -170
person 0.031154683 195 -118 223 -32
person 0.031040812 197 6 232 80
person 0.03098694 144 241 166 263
person 0.03096852 974 177 1008 244
person 0.030933183 198 100 224 129
person 0.030893771 25 -228 41 -212
person 0.030861732 964 248 1031 398
person 0.030748487 690 151 707 175
person 0.030655108 668 58 691 88
person 0.030654259 1056 196 1062 227
person 0.030653892 -4 155 10 180
person 0.030610586 468 28 488 65
person 0.030524967 58 -108 78 -45
person 0.030475121 493 30 507 52
person 0.030440101 1052 137 1065 162
person 0.03037464 532 72 556 102
person 0.030356573 914 -220 930 -170
person 0.03031809 222 419 314 563
person 0.03020936 862 137 888 168
person 0.030139541 1050 110 1061 146
person 0.030124018 742 715 765 779
person 0.030111676 865 715 888 778
person 0.030091524 246 470 280 524
person 0.029772902 692 77 708 95
person 0.029750401 854 182 880 216
person 0.029709287 682 104 698 124
person 0.029645633 157 274 179 297
person 0.029629448 904 -102 944 51
person 0.029624041 96 -99 114 -50
person 0.029484326 1046 230 1065 268
person 0.029359162 151 144 169 163
person 0.029323399 546 137 572 167
person 0.029270798 272 625 282 651
person 0.029219503 581 38 595 58
person 0.029136965 906 138 931 169
person 0.028875887 444 -82 472 19
person 0.028784944 37 188 56 207
person 0.028651534 458 139 486 169
person 0.028630156 680 115 697 138
person 0.028527759 126 275 145 297
person 0.028483205 781 77 798 96
person 0.028410297 637 21 652 38
person 0.02840156 557 76 574 94
person 0.028383628 976 216 1001 253
person 0.02835736 293 625 302 650
person 0.02834219 1052 199 1065 225
person 0.028326316 124 293 161 341
person 0.028188555 0 108 10 158
person 0.028041467 219 516 239 543
person 0.027902793 935 150 959 181
person 0.027882442 642 298 679 369
person 0.027851982 831 139 856 169
person 0.027829047 914 732 945 820
person 0.027772766 581 143 608 176
person 0.027732303 1019 370 1041 435
person 0.027610736 554 63 571 82
person 0.027604723 278 403 300 428
person 0.027591715 578 395 588 423
person 0.027536336 1052 219 1066 246
person 0.027527954 97 236 121 259
person 0.027498363 1056 55 1062 82
person 0.027491184 0 -90 9 -25
person 0.027474565 880 -227 892 -220
person 0.027462691 657 22 671 39
person 0.027431343 859 -227 872 -220
person 0.02739863 29 476 42 505
person 0.027389156 923 176 960 238
person 0.027325165 901 79 918 96
person 0.027306067 58 509 76 535
person 0.027254954 420 -218 448 -138
person 0.027179852 -6 570 28 713
person 0.027130667 320 428 340 450
person 0.027127042 964 84 979 102
person 0.026973879 39 60 66 101
person 0.026953693 44 -228 58 -221
person 0.026947161 204 118 224 136
person 0.026946379 1019 -228 1032 -221
person 0.026929952 0 133 7 159
person 0.026800238 810 545 826 572
person 0.026753234 910 177 936 213
person 0.02673694 602 69 611 81
person 0.02671074 306 420 332 446
person 0.026596002 833 176 858 210
person 0.026483657 0 112 6 142
person 0.026480608 248 146 278 174
person 0.026455922 124 437 179 536
person 0.026439695 57 487 73 513
person 0.02642689 702 714 724 779
person 0.02637097 232 626 241 651
person 0.026266603 171 625 180 649
person 0.026234388 939 158 956 182
person 0.026225481 734 171 762 205
person 0.026074378 100 175 112 196
person 0.026053043 617 609 634 677
person 0.026044998 47 515 63 543
person 0.026041733 718 83 735 101
person 0.026037881 387 563 407 588
person 0.02602358 839 -227 851 -220
person 0.026013097 291 142 319 170
person 0.025954181 75 143 112 188
person 0.02593351 661 714 683 779
person 0.025738884 498 100 515 119
person 0.02572957 0 548 6 648
person 0.02570522 940 111 956 134
person 0.025699526 576 20 590 38
person 0.025660051 57 520 76 547
person 0.025647227 119 178 138 199
person 0.025586898 701 616 714 677
person 0.02553875 1056 174 1062 205
person 0.025513105 337 -131 365 -39
person 0.025433667 900 -227 912 -220
person 0.025376843 264 81 303 146
person 0.025361856 620 715 642 779
person 0.025319802 459 99 486 128
person 0.025256779 256 435 284 476
person 0.025162872 860 -228 874 -206
person 0.025081092 742 614 755 677
person 0.025045853 917 23 931 64
person 0.024954125 839 -228 853 -206
person 0.02493191 660 613 673 673
person 0.024898265 1056 216 1062 248
person 0.024853813 58 299 144 448
person 0.024812745 400 211 464 294
person 0.024796495 504 102 520 121
person 0.02474899 880 -228 894 -206
person 0.024723396 864 104 889 132
person 0.024697194 610 384 620 416
person 0.024687221 89 290 127 340
person 0.024666417 22 456 35 486
person 0.02464613 792 175 818 209
person 0.024629634 278 526 299 551
person 0.02460048 736 94 753 114
person 0.024593612 191 626 200 650
person 0.024525346 0 591 7 686
person 0.024506552 0 152 6 182
person 0.0244938 254 114 270 132
person 0.024491733 822 -223 837 -172
person 0.024465278 987 716 1006 766
person 0.024444016 -5 255 13 278
person 0.02442062 320 438 342 462
person 0.024364132 1052 77 1065 101
person 0.024346394 818 74 834 92
person 0.024266776 787 100 812 128
person 0.024256587 333 140 362 169
person 0.02424156 918 82 930 94
person 0.024228593 579 715 601 780
person 0.024200402 945 622 955 652
person 0.02419375 503 -218 530 -138
person 0.024185369 183 199 204 223
person 0.024153255 -4 174 10 199
person 0.024113847 819 -228 833 -207
person 0.02411284 419 24 441 61
person 0.024098923 85 137 103 158
person 0.024074383 535 91 551 112
person 0.024071518 981 696 1008 788
person 0.02403273 1056 236 1062 267
person 0.024016904 -10 425 29 555
person 0.023918396 769 -107 808 56
person 0.023878448 447 -6 477 77
person 0.023873245 1052 156 1065 182
person 0.023814058 879 75 895 92
person 0.023803584 598 395 607 427
person 0.023726406 539 62 554 81
person 0.023722982 0 -218 8 -141
person 0.023683274 1055 119 1062 134
person 0.023679312 357 -1 390 80
person 0.02366986 148 257 168 281
person 0.023629572 1019 -228 1035 -211
person 0.023578439 965 624 975 649
person 0.02355679 597 382 607 417
person 0.023498641 505 317 520 344
person 0.023448681 410 -129 437 -32
person 0.02342679 254 -125 282 -37
person 0.023423282 341 -217 370 -138
person 0.023383262 253 626 262 650
person 0.02336602 733 667 752 716
person 0.023345299 608 -98 648 50
person 0.023334235 834 -100 874 60
person 0.023312202 538 715 561 780
person 0.02329134 832 177 870 239
person 0.02324455 900 -228 914 -206
person 0.023118038 825 103 850 131
person 0.023114476 828 739 859 831
person 0.023102239 411 143 428 165
person 0.023077827 410 152 427 175
person 0.0230585 261 247 363 385
person 0.023051532 104 426 119 438
person 0.023038607 818 -228 831 -220
person 0.02300261 621 60 637 79
person 0.022997843 584 -217 611 -135
person 0.022914255 252 106 278 133
person 0.022907449 1050 256 1065 282
person 0.022847965 521 176 550 211
person 0.022758264 867 -223 882 -172
person 0.022731502 985 681 999 720
person 0.02272853 259 420 278 447
person 0.022689583 173 285 190 329
person 0.022677135 1041 250 1064 309
person 0.022676323 279 415 300 441
person 0.022618758 87 686 127 802
person 0.022604104 411 57 436 87
person 0.022600941 876 60 898 89
person 0.022597762 596 390 605 409
person 0.022569144 794 94 811 113
person 0.022564756 265 455 285 481
person 0.022552665 507 114 523 136
person 0.022529915 448 97 466 116
person 0.02243928 254 485 285 539
person 0.02241442 792 64 807 81
person 0.02236271 71 178 161 309
person 0.022282297 261 442 280 469
person 0.022246936 959 24 973 63
person 0.022217352 501 168 542 227
person 0.022158809 535 402 545 418
person 0.022156132 1043 336 1061 405
person 0.022142375 312 625 322 650
person 0.022132415 -18 338 49 461
person 0.022122866 1040 301 1061 365
person 0.022121973 920 -228 933 -220
person 0.022115242 73 255 99 278
person 0.022073187 409 64 425 82
person 0.022058627 -3 134 10 158
person 0.022057233 -4 666 13 799
person 0.022049695 1004 138 1012 151
person 0.022048282 783 -222 799 -171
person 0.022044688 797 -228 812 -208
person 0.021990046 534 83 545 95
person 0.021987421 537 400 546 428
person 0.021969771 211 625 221 650
person 0.021936983 916 102 941 131
person 0.02193039 984 613 993 629
person 0.021905886 65 260 89 282
person 0.021849057 861 760 883 830
person 0.021811819 93 4 128 80
person 0.021800296 143 226 164 247
person 0.021745741 176 284 196 308
person 0.021714667 688 115 705 137
person 0.021662638 145 157 165 177
person 0.021661667 704 65 728 95
person 0.021644436 322 125 339 144
person 0.021622702 495 55 519 85
person 0.021616252 903 81 915 92
person 0.021586027 246 49 269 80
person 0.021578198 755 76 771 93
person 0.021541215 820 760 842 830
person 0.021535967 1001 -228 1017 -211
person 0.021485679 497 715 520 780
person 0.02143431 366 95 406 160
person 0.021418283 533 269 559 327
person 0.021399722 91 -123 119 -36
person 0.021396017 740 86 750 97
person 0.021385398 826 61 849 91
person 0.021344481 943 361 1001 555
person 0.02128425 -5 236 10 260
person 0.021276947 247 170 292 231
person 0.02125723 0 502 7 612
person 0.021255385 902 760 924 830
person 0.021251041 504 85 541 148
person 0.021245636 166 292 192 318
person 0.02123223 339 482 362 504
person 0.02121053 55 710 75 777
person 0.021210415 578 23 587 35
person 0.0211966 1055 101 1062 115
person 0.021148304 920 -228 935 -207
person 0.02112312 1001 -228 1014 -221
person 0.021109732 343 466 365 488
person 0.021107716 375 56 400 85
person 0.021077504 859 76 876 93
person 0.02106941 302 333 326 370
person 0.021051168 694 174 722 210
person 0.02103769 232 484 317 630
person 0.021027194 905 716 929 778
person 0.021001866 439 85 477 150
person 0.020972444 786 62 809 92
person 0.02092024 14 -99 39 -7
person 0.020893592 780 760 801 830
person 0.020852001 1045 185 1064 220
person 0.020803932 17 446 30 475
person 0.02078887 319 456 349 481
person 0.02074154 273 4 308 83
person 0.02073572 79 245 99 267
person 0.020710075 45 463 60 492
person 0.020673614 1014 451 1039 512
person 0.0206668 1000 151 1015 174
person 0.020662565 453 56 478 86
person 0.020661063 750 -221 765 -170
person 0.020635685 664 -215 691 -131
person 0.020623036 623 63 634 75
person 0.020613767 947 718 967 768
person 0.020612814 899 96 916 115
person 0.020513682 292 609 300 626
person 0.020503288 119 -48 144 8
person 0.020497654 659 -101 701 52
person 0.020495648 609 74 626 94
person 0.020474158 921 117 937 139
person 0.020471241 963 614 971 631
person 0.020447241 587 156 605 180
person 0.020416114 109 409 186 565
person 0.020407518 692 666 711 717
person 0.02039969 360 -100 416 62
person 0.02036785 100 -64 124 -2
person 0.02025974 164 431 182 451
person 0.020228455 777 -228 792 -209
person 0.020100493 376 105 403 132
person 0.020064732 1052 177 1065 203
person 0.020059647 1052 804 1058 849
person 0.020041926 181 100 208 129
person 0.02004175 82 406 97 417
person 0.020024784 739 760 761 831
person 0.019951409 1005 612 1012 627
person 0.019951062 842 76 859 94
person 0.019940857 570 78 587 96
person 0.019913614 176 518 194 541
person 0.01986598 596 21 610 38
person 0.019852836 797 -228 810 -220
person 0.019841362 536 38 544 52
person 0.019830903 620 401 629 433
person 0.019795116 0 357 7 433
person 0.019741172 0 8 5 42
person 0.019736072 203 211 227 235
person 0.0197348 876 15 890 57
person 0.019720512 413 103 440 131
person 0.019676542 578 399 586 417
person 0.019612577 980 96 995 115
person 0.019611483 0 325 7 404
person 0.019587183 296 436 321 462
person 0.019496694 341 54 365 84
person 0.01946591 151 624 161 650
person 0.019454436 120 424 141 445
person 0.019425474 1028 112 1042 134
person 0.019411061 611 104 647 171
person 0.019402912 1056 582 1061 616
person 0.019369792 784 63 799 80
person 0.019358099 626 173 653 207
person 0.019337207 456 716 479 779
person 0.01933172 258 -216 287 -137
person 0.019311057 455 84 472 102
person 0.019276861 656 56 667 69
person 0.019265993 908 60 930 90
person 0.01925133 464 98 481 116
person 0.01925037 56 99 81 135
person 0.019246476 859 102 876 120
person 0.019244706 1029 105 1044 126
person 0.019238913 886 344 930 465
person 0.019175244 837 726 857 795
person 0.01917361 928 97 939 109
person 0.01915893 214 503 243 557
person 0.019146323 550 560 561 595
person 0.019115258 133 -97 153 -48
person 0.01909439 774 666 793 716
person 0.01908674 283 368 347 446
person 0.019035948 254 107 269 124
person 0.019033594 878 727 897 795
person 0.019028341 956 113 971 136
person 0.01899492 742 67 766 97
person 0.018993229 676 97 711 163
person 0.018970812 215 211 245 234
person 0.018944154 790 15 810 53
person 0.018920975 0 -136 8 -60
person 0.018896 940 -228 955 -208
person 0.018889053 85 342 124 393
person 0.018884677 971 -96 1011 48
person 0.01887302 698 760 720 831
person 0.018846536 166 519 186 543
person 0.018838178 794 80 805 92
person 0.01883814 243 219 275 257
person 0.018837975 881 78 892 89
person 0.01883432 30 496 44 526
person 0.018795894 581 390 588 405
person 0.018787358 778 95 795 114
person 0.01878215 1049 64 1060 103
person 0.018779343 653 54 669 73
person 0.018760057 695 79 705 90
person 0.018759478 163 505 185 528
person 0.018752236 1002 122 1017 144
person 0.018706344 448 113 466 132
person 0.018644394 0 453 5 490
person 0.018607808 929 83 962 154
person 0.018573003 708 -221 723 -170
person 0.018529149 118 436 144 460
person 0.018470528 677 75 693 94
person 0.018445652 176 734 208 832
person 0.018428644 103 -154 122 -88
person 0.01840683 617 21 627 34
person 0.018386198 301 102 327 130
person 0.018380957 139 482 217 631
person 0.018331358 116 500 138 522
person 0.01831901 796 726 816 795
person 0.018274808 -1 234 5 262
person 0.018256748 514 333 528 362
person 0.018239299 100 723 129 829
person 0.018238842 940 -228 953 -220
person 0.018172108 560 78 570 90
person 0.018171757 610 391 619 409
person 0.018088644 167 760 189 831
person 0.018068003 577 420 587 447
person 0.018065875 471 83 489 101
person 0.018047517 0 410 6 449
person 0.01799629 0 720 12 803
person 0.017971756 242 24 263 59
person 0.017970704 744 -217 770 -133
person 0.017946055 726 146 758 192
person 0.017880658 657 760 679 831
person 0.017835328 614 666 629 715
person 0.017815266 985 -179 998 -135
person 0.017809609 -5 31 9 57
person 0.017797153 0 252 8 280
person 0.017768152 839 99 856 117
person 0.017764075 140 477 169 500
person 0.017748108 761 165 799 226
person 0.01774161 0 -200 5 -159
person 0.017738983 647 135 665 158
person 0.017724399 999 730 1030 822
person 0.017710207 484 -93 526 49
person 0.017708449 1030 95 1059 169
person 0.017658751 144 378 170 413
person 0.017658453 935 178 953 203
person 0.01765708 0 -220 5 -181
person 0.017640604 374 26 397 62
person 0.017632516 407 178 434 210
person 0.017628329 208 760 230 831
person 0.01760891 279 374 298 399
person 0.017576307 703 16 724 54
person 0.0175695 757 -228 772 -210
person 0.017566858 332 176 360 207
person 0.017541891 151 514 209 614
person 0.017518139 898 259 934 331
person 0.017514562 332 627 345 655
person 0.017489946 381 174 408 206
person 0.017483639 553 421 563 434
person 0.017442657 831 13 846 55
person 0.017440042 556 45 565 59
person 0.01742263 137 448 158 469
person 0.017422229 569 156 588 181
person 0.0174162 816 99 833 118
person 0.017412739 931 209 957 246
person 0.017405953 -4 115 10 139
person 0.017378172 493 19 507 39
person 0.017377237 676 58 687 70
person 0.017376032 127 760 148 831
person 0.01736353 722 622 731 652
person 0.017363213 919 727 938 796
person 0.017357234 985 626 995 649
person 0.017355908 163 315 187 336
person 0.01732245 29 153 44 176
person 0.017309804 149 510 227 683
person 0.017280545 982 324 997 339
person 0.01727925 678 133 696 156
person 0.01727648 943 760 965 831
person 0.017272772 444 191 471 226
person 0.017271575 249 760 271 831
person 0.017258978 557 65 568 78
person 0.017242875 513 398 523 428
person 0.017238358 -9 -158 22 -30
person 0.017234383 632 177 650 201
person 0.017230306 994 107 1018 137
person 0.017218804 324 404 347 426
person 0.017213825 63 -81 85 -20
person 0.017211616 616 759 638 831
person 0.01719052 229 546 250 572
person 0.01717848 86 195 106 217
person 0.017162064 702 622 711 652
person 0.01714912 290 760 312 831
person 0.01714773 289 499 312 523
person 0.017142024 331 760 352 831
person 0.01713005 743 19 764 56
person 0.017129425 584 41 592 54
person 0.017127346 63 -37 83 4
person 0.017109558 664 -222 679 -172
person 0.01708724 621 41 637 60
person 0.017081307 857 115 874 136
person 0.01707949 0 28 5 61
person 0.01701382 335 105 362 133
person 0.017008502 444 158 461 182
person 0.017008128 1056 35 1062 62
person 0.017005887 575 421 585 437
person 0.01700089 413 123 430 143
person 0.017000563 371 760 393 831
person 0.017000046 535 335 551 364
person 0.016983448 580 64 595 81
person 0.016973373 138 -223 153 -173
person 0.016971758 1005 625 1015 648
person 0.016921623 1052 57 1065 81
person 0.016892426 942 139 959 163
person 0.016889907 796 120 813 141
person 0.016883297 555 402 566 420
person 0.016879499 595 421 605 450
person 0.016878761 -5 55 9 81
person 0.01687385 879 96 895 114
person 0.016861808 1055 778 1061 822
person 0.0168408 806 606 815 641
person 0.016836822 412 759 434 831
person 0.016833175 576 759 597 831
person 0.01683061 733 142 751 165
person 0.01682389 0 799 8 845
person 0.016823526 39 213 62 237
person 0.016809871 755 726 775 795
person 0.016803496 991 362 1001 388
person 0.016799321 715 -88 731 -63
person 0.016783059 720 84 732 95
person 0.016763706 453 759 475 831
person 0.016730757 212 519 231 545
person 0.016726876 817 283 854 355
person 0.016709246 494 759 516 831
person 0.016708087 535 759 556 831
person 0.016671028 244 156 263 176
person 0.016660212 539 617 551 666
person 0.016659923 598 23 606 36
person 0.016657235 140 203 160 224
person 0.016656494 102 -210 132 -131
person 0.016651379 0 432 6 471
person 0.016644236 777 -228 790 -221
person 0.016638821 182 -215 212 -138
person 0.016597582 695 -88 710 -62
person 0.01659622 45 760 67 831
person 0.016585974 743 623 752 652
person 0.016582482 615 18 630 36
person 0.016568841 324 517 351 540
person 0.016566347 553 419 566 443
person 0.016550483 256 480 277 507
person 0.01654713 1006 326 1014 340
person 0.016500853 0 678 8 759
person 0.016493382 287 178 315 208
person 0.016473351 311 612 320 629
person 0.016435977 598 118 615 141
person 0.016431583 981 633 998 684
person 0.016417403 638 77 655 97
person 0.01639674 795 67 805 78
person 0.016395194 531 727 548 752
person 0.016393373 510 727 527 752
person 0.016391259 130 623 139 650
person 0.016357496 758 98 775 117
person 0.016357351 493 -228 508 -208
person 0.016356798 350 -228 365 -208
person 0.016356062 329 -228 345 -208
person 0.016356 248 -228 263 -208
person 0.01635462 370 -228 385 -208
person 0.016352601 268 -228 283 -208
person 0.016351858 227 -228 243 -208
person 0.016351359 472 -228 487 -208
person 0.016350195 390 -228 406 -208
person 0.01635004 411 -228 426 -208
person 0.016350018 207 -228 222 -208
person 0.016347747 309 -228 324 -208
person 0.016347336 431 -228 447 -208
person 0.01634456 184 318 206 338
person 0.01634396 288 -228 304 -208
person 0.016340533 452 -228 467 -208
person 0.016337683 513 -228 528 -208
person 0.016335102 186 -228 202 -208
person 0.016322931 652 117 669 139
person 0.016322434 0 172 6 202
person 0.016308084 675 -88 690 -62
person 0.016287114 551 727 568 752
person 0.01626882 -1 -175 12 -94
person 0.016266882 128 519 149 544
person 0.01626432 533 -228 549 -208
person 0.016263342 783 79 795 91
person 0.016248494 580 616 592 666
person 0.01621983 197 233 220 252
person 0.016213806 576 609 594 677
person 0.01621039 490 727 507 752
person 0.016209874 71 259 87 304
person 0.016208528 862 78 873 89
person 0.016202895 554 -228 569 -208
person 0.016201291 652 666 671 716
person 0.016195297 43 37 60 62
person 0.016179053 668 170 707 231
person 0.016176935 635 151 653 175
person 0.016169433 272 504 310 556
person 0.016164737 639 103 655 124
person 0.016159635 166 -228 181 -208
person 0.016154699 61 -150 79 -83
person 0.016154306 757 57 773 74
person 0.016143199 741 56 757 73
person 0.016142124 1055 253 1062 284
person 0.016134197 166 539 191 562
person 0.01609141 899 116 916 137
person 0.016082972 574 -228 589 -208
person 0.016082572 557 402 567 431
person 0.016067557 572 727 589 752
person 0.016037092 339 31 360 66
person 0.01603008 293 408 372 561
person 0.01601382 983 760 1005 831
person 0.016010318 0 493 5 532
person 0.016001878 654 -88 669 -62
person 0.015997335 595 355 611 385
person 0.01598741 254 739 286 830
person 0.01598602 391 143 408 164
person 0.015979834 469 727 487 752
person 0.015969744 568 278 607 349
person 0.015959414 -3 275 16 299
person 0.015955191 514 84 531 102
person 0.015946852 816 115 833 136
person 0.015939595 404 606 419 634
person 0.015933398 0 472 5 511
person 0.015931178 321 504 345 528
person 0.015929038 863 60 879 78
person 0.015920267 499 620 510 665
person 0.015916396 763 622 772 652
person 0.015903557 776 -87 792 -66
person 0.01590213 925 621 935 653
person 0.015902093 623 18 650 69
person 0.015885983 960 -228 975 -210
person 0.015885297 176 -97 196 -47
person 0.01588093 1055 601 1061 637
person 0.015876653 449 727 466 752
person 0.01587371 909 -196 922 -146
person 0.015868884 1055 81 1062 94
person 0.01586344 775 138 792 162
person 0.015852435 284 477 305 503
person 0.015847117 981 182 998 205
person 0.015837504 595 -228 610 -209
person 0.015813855 408 727 425 752
person 0.015786473 429 727 446 752
person 0.015767554 -4 12 8 37
person 0.015744394 388 727 405 752
person 0.015743041 818 62 834 80
person 0.015734214 122 -151 141 -99
person 0.015715322 883 60 899 78
person 0.015715262 737 -228 752 -210
person 0.01570699 581 384 590 415
person 0.015693085 105 -218 117 -172
person 0.015692923 733 282 771 352
person 0.015686765 82 54 107 87
person 0.01567774 820 77 831 88
person 0.015673527 592 727 609 752
person 0.015656305 146 -228 161 -209
person 0.015653793 77 257 93 301
person 0.01564904 188 323 202 335
person 0.0156196635 314 123 331 142
person 0.015619511 0 638 8 718
person 0.01561407 77 546 95 573
person 0.015606318 164 342 233 420
person 0.0155996755 67 -217 78 -171
person 0.015597749 845 101 878 173
person 0.015572738 367 727 385 753
person 0.015569155 837 118 855 139
person 0.015567226 574 670 587 716
person 0.015560052 135 520 157 544
person 0.015546414 264 335 364 475
person 0.015521038 634 -87 649 -62
person 0.015508649 0 -35 4 3
person 0.015502972 491 -136 517 -36
person 0.015493877 805 615 813 632
person 0.015452137 347 727 364 753
person 0.015444161 137 458 161 481
person 0.015443935 680 623 692 653
person 0.015429224 391 154 408 178
person 0.015411443 100 -76 144 36
person 0.01540434 91 166 108 185
person 0.015394911 673 55 690 74
person 0.015393284 615 -228 630 -209
person 0.015370169 733 115 750 138
person 0.015364655 612 727 630 752
person 0.015360978 925 -213 934 -178
person 0.015351619 302 488 323 509
person 0.015351402 716 96 724 108
person 0.015343735 81 421 101 439
person 0.015337043 203 104 216 117
person 0.015336064 128 343 163 391
person 0.015318678 -5 195 10 219
person 0.0153051885 327 727 344 753
person 0.015299211 145 613 154 629
person 0.015280768 86 759 108 832
person 0.015244325 782 614 796 674
person 0.015240661 918 137 935 160
person 0.015236053 756 -88 772 -64
person 0.015212297 433 120 451 140
person 0.015196049 512 400 522 418
person 0.015188593 1055 11 1062 40
person 0.015164854 415 715 438 778
person 0.0151576195 736 -88 751 -63
person 0.015156252 211 -96 231 -46
person 0.015152004 306 727 323 753
person 0.015150609 241 458 263 485
person 0.015137686 548 336 566 363
person 0.015115827 416 558 433 583
person 0.015105844 918 157 935 181
person 0.015100969 0 596 5 635
person 0.015099111 1052 -151 1061 -90
person 0.015055224 1015 156 1030 181
person 0.0150488885 1001 354 1014 383
person 0.015032967 426 -103 485 67
person 0.015003137 286 727 303 753
person 0.014996734 488 83 506 102
person 0.014991536 699 58 710 70
person 0.014990621 635 -228 651 -209
person 0.014984187 228 519 304 684
person 0.014967875 715 726 734 796
person 0.0149530545 633 727 650 752
person 0.01495007 123 460 150 487
person 0.014932925 983 77 994 94
person 0.014924923 0 -180 5 -138
person 0.014920409 191 105 209 123
person 0.014908632 1044 -228 1064 -168
person 0.014902017 885 63 896 75
person 0.01489064 838 135 856 159
person 0.014882367 539 580 548 613
person 0.014872323 125 -228 141 -209
person 0.01486807 100 170 113 180
person 0.014865458 613 -87 629 -62
person 0.0148225445 662 174 690 210
person 0.014810379 593 94 610 115
person 0.014785379 967 87 977 99
person 0.014756573 265 727 283 753
person 0.014749539 1054 337 1060 372
person 0.014748404 624 -223 638 -173
person 0.014731535 560 582 569 615
person 0.0147163225 716 115 733 138
person 0.014712437 1054 622 1061 657
person 0.014682668 1053 724 1062 801
person 0.014679696 173 -224 188 -174
person 0.014676978 593 -87 609 -62
person 0.014663435 1000 728 1019 799
person 0.014655431 697 55 713 73
person 0.014654102 1015 516 1073 707
person 0.014651838 0 392 5 430
person 0.014645147 246 520 308 618
person 0.0146411555 387 222 477 390
person 0.014635489 795 158 813 182
person 0.014626505 575 172 603 206
person 0.01460212 187 -2 238 102
person 0.014594588 -3 -230 13 -161
person 0.0145908585 857 136 874 159
person 0.014590241 64 -228 80 -211
person 0.014585025 591 137 610 161
person 0.014570928 840 16 854 34
person 0.014568661 434 155 452 179
person 0.014555346 775 119 793 140
person 0.0145518845 960 -228 973 -221
person 0.014549924 881 18 891 32
person 0.014545882 52 490 121 634
person 0.014540627 0 616 5 656
person 0.014538756 374 716 398 778
person 0.0145380385 598 400 606 419
person 0.014533181 833 212 858 250
person 0.014507518 653 727 670 752
person 0.0144957155 608 118 625 141
person 0.014490457 81 528 99 553
person 0.014469941 162 177 182 198
person 0.014469161 758 78 769 89
person 0.0144420145 274 607 282 634
person 0.014435846 381 189 486 317
person 0.014431953 257 496 279 522
person 0.014422318 245 727 262 753
person 0.014398851 992 23 1006 63
person 0.014395876 169 441 187 464
person 0.014390761 993 279 1014 304
person 0.0143747935 573 -87 588 -62
person 0.014367116 1011 490 1036 552
person 0.014363623 818 17 833 35
person 0.014359878 300 61 325 93
person 0.014351391 222 163 242 184
person 0.014346386 838 158 855 182
person 0.014341189 778 155 796 180
person 0.014330704 20 418 33 449
person 0.01433061 164 -148 182 -100
person 0.014326824 717 -228 732 -209
person 0.01432253 842 61 858 78
person 0.014305738 803 619 813 651
person 0.014291523 0 394 8 472
person 0.014285291 282 469 303 492
person 0.014258135 166 319 184 331
person 0.014240279 105 -228 120 -209
person 0.014234209 980 -228 993 -221
person 0.014215167 -4 499 9 525
person 0.0142137045 273 613 281 629
person 0.014210457 656 -228 671 -209
person 0.014202342 842 18 850 32
person 0.014191059 572 79 584 91
person 0.014189818 744 59 754 70
person 0.014180909 861 18 870 32
person 0.014178763 865 63 876 75
person 0.014167696 878 118 895 139
person 0.014164406 609 96 626 116
person 0.014152394 760 -55 816 136
person 0.014139426 1054 -194 1061 -157
person 0.014120926 636 118 654 141
person 0.014115239 416 743 448 835
person 0.014105163 1046 703 1063 772
person 0.014089523 536 291 555 321
person 0.014071961 393 118 411 137
person 0.014067734 1055 140 1062 155
person 0.01404961 980 -228 996 -211
person 0.014046236 901 17 911 32
person 0.014044505 756 118 774 140
person 0.014044004 867 212 894 250
person 0.014037358 756 -228 770 -221
person 0.014020492 159 264 180 287
person 0.014014771 225 727 242 753
person 0.014013223 678 156 696 179
person 0.014011793 552 -87 568 -62
person 0.014010397 214 -224 228 -175
person 0.014008512 758 113 793 183
person 0.014007723 844 79 856 90
person 0.01399622 511 -87 527 -62
person 0.013988071 83 109 109 142
person 0.013987893 532 -87 548 -62
person 0.013979377 76 439 93 463
person 0.013977925 674 727 691 752
person 0.013969773 227 184 237 204
person 0.0139687285 430 103 448 121
person 0.013967421 827 614 834 631
person 0.013966988 824 -214 833 -179
person 0.013956006 693 178 711 202
person 0.013947636 582 67 592 79
person 0.013939348 313 84 329 103
person 0.013919896 998 17 1012 36
person 0.0139107825 491 -87 507 -62
person 0.013901634 859 157 877 181
person 0.013896098 950 -189 964 -136
person 0.013880569 369 -87 384 -61
person 0.013867879 36 147 52 165
person 0.0138588045 22 60 95 205
person 0.013852505 470 -87 486 -62
person 0.01382462 389 -87 405 -61
person 0.013816107 207 -146 221 -100
person 0.013775146 744 742 775 838
person 0.013770534 902 60 918 79
person 0.01376167 450 -87 466 -62
person 0.013759212 347 -15 396 102
person 0.013736201 1054 642 1061 677
person 0.013734011 447 213 465 238
person 0.013725759 676 -228 691 -209
person 0.013713913 144 307 248 459
person 0.013708573 661 743 691 837
person 0.0137006845 827 350 893 537
person 0.013696644 794 137 811 160
person 0.013691152 962 164 978 186
person 0.0136859175 316 585 327 600
person 0.013669083 674 726 693 796
person 0.013666691 786 66 796 77
person 0.01366592 349 -87 364 -61
person 0.013650626 579 744 610 839
person 0.013633007 254 -224 269 -174
person 0.013632827 -1 331 16 401
person 0.013627475 204 727 221 753
person 0.013623565 334 743 367 835
person 0.013619837 468 116 486 135
person 0.013612882 433 140 450 161
person 0.01360726 407 668 427 714
person 0.013604522 696 -228 712 -209
person 0.013597613 608 356 623 384
person 0.013591832 859 196 876 222
person 0.013573369 430 -87 446 -62
person 0.013565919 84 423 97 435
person 0.0135649685 680 20 688 34
person 0.013561671 264 175 284 198
person 0.013556893 0 -56 5 -16
person 0.01353893 108 398 128 418
person 0.013537535 410 -87 425 -62
person 0.013525796 1045 417 1054 451
person 0.013509932 -3 -215 8 -186
person 0.013505428 230 613 238 628
person 0.013481359 561 377 569 412
person 0.013476553 272 519 292 545
person 0.013470779 -4 478 9 505
person 0.013461074 988 377 1001 406
person 0.0134168 897 137 914 161
person 0.013399377 694 726 711 752
person 0.013379636 209 200 230 248
person 0.013376226 979 348 1012 447
person 0.013369789 878 137 895 161
person 0.013328852 146 276 167 297
person 0.013326119 944 59 959 79
person 0.01329238 -4 458 9 485
person 0.013283384 652 75 668 93
person 0.013276436 488 314 504 342
person 0.013274255 511 277 530 307
person 0.01326003 0 573 5 615
person 0.013255146 821 18 830 33
person 0.013225989 536 436 546 464
person 0.01322566 847 595 857 630
person 0.013223847 847 602 854 625
person 0.013216938 497 745 529 837
person 0.013213836 1054 -154 1061 -116
person 0.013213151 285 178 304 201
person 0.0132126035 579 175 620 237
person 0.013211355 1055 591 1061 605
person 0.013206046 501 102 511 114
person 0.013194295 102 528 121 553
person 0.013184979 175 542 195 567
person 0.013164825 1001 19 1009 33
person 0.013158842 82 383 105 396
person 0.013151674 127 108 155 138
person 0.013141638 328 -87 344 -61
person 0.01312914 0 -8 5 26
person 0.013122105 16 20 87 149
person 0.0131165115 612 76 623 89
person 0.013113235 184 726 201 753
person 0.013110551 1 271 10 301
person 0.013068953 341 519 374 542
person 0.01306316 324 134 342 155
person 0.013058888 623 43 633 56
person 0.013046301 1054 -175 1061 -137
person 0.013038972 721 59 731 70
person 0.013029819 0 -160 5 -118
person 0.013008252 180 221 201 243
person 0.012987869 541 65 550 77
person 0.012974771 653 99 669 119
person 0.012973775 313 102 330 121
person 0.012948654 897 157 914 181
person 0.01294638 795 -87 813 -69
person 0.012941299 797 317 815 345
person 0.01291795 581 -224 595 -174
person 0.012915142 714 726 732 752
person 0.01290828 341 667 387 765
person 0.012891752 851 413 875 477
person 0.012876445 450 99 463 111
person 0.012875761 295 -224 310 -174
person 0.0128719425 979 -220 1001 -163
person 0.01286416 409 546 429 572
person 0.012856109 1057 564 1062 597
person 0.012844792 859 16 874 34
person 0.012841357 1003 102 1018 122
person 0.01284074 533 671 546 716
person 0.012839792 798 15 813 33
person 0.012825978 988 61 1011 91
person 0.012825518 535 610 553 677
person 0.012809494 106 -193 118 -139
person 0.012796013 110 506 173 685
person 0.012787413 794 -89 812 -78
person 0.012770821 1054 662 1061 698
person 0.012735148 391 586 411 610
person 0.012733626 943 18 952 33
person 0.012723037 1006 320 1015 346
person 0.0127162775 963 17 972 32
person 0.012688416 156 484 179 508
person 0.012685991 30 578 39 613
person 0.012673908 304 357 325 384
person 0.012672452 548 290 568 320
person 0.012655592 782 621 792 651
person 0.012653226 1054 -93 1061 -55
person 0.0126507 983 98 993 110
person 0.012650451 480 285 537 377
person 0.012644675 915 210 940 249
person 0.0126244025 122 480 147 500
person 0.012607467 248 -148 262 -101
person 0.012605747 735 726 752 752
person 0.012593976 900 3 912 17
person 0.012590591 718 55 734 72
person 0.012586086 878 157 896 182
person 0.012582278 172 685 212 796
person 0.012581642 905 -214 913 -178
person 0.012558323 1047 734 1062 812
person 0.012528676 679 77 690 89
person 0.012523073 292 715 316 779
person 0.012522388 838 -58 893 136
person 0.01251125 922 18 932 32
person 0.01250794 252 610 261 627
person 0.012502068 304 225 406 375
person 0.012495165 737 -228 750 -221
person 0.012494193 391 548 413 570
person 0.012493471 553 94 570 115
person 0.012486148 801 17 810 31
person 0.012474529 -3 -194 8 -166
person 0.012468816 776 176 794 200
person 0.012457605 608 136 626 160
person 0.01245096 757 17 773 35
person 0.01243309 163 726 180 753
person 0.012428086 525 -3 555 82
person 0.012422633 1055 61 1061 76
person 0.012420715 776 726 793 752
person 0.012417357 680 140 715 187
person 0.012407461 821 619 831 650
person 0.012397457 221 276 242 293
person 0.012390727 359 180 426 264
person 0.012384297 253 75 310 166
person 0.012381113 845 64 855 75
person 0.012372516 760 19 769 33
person 0.012369108 796 726 813 752
person 0.012363674 574 98 591 119
person 0.012352885 755 726 773 752
person 0.012351204 1050 24 1060 71
person 0.012350748 633 726 652 796
person 0.012345933 821 65 831 77
person 0.01234579 892 699 960 847
person 0.012334195 149 556 162 628
person 0.012301894 920 3 932 17
person 0.012270843 445 138 462 159
person 0.012270167 650 156 668 178
person 0.012270045 673 -49 732 137
person 0.01226224 84 -228 100 -210
person 0.012262142 97 490 117 513
person 0.012260658 146 497 171 522
person 0.0122570945 817 726 834 752
person 0.012244585 818 156 835 180
person 0.012240554 776 16 791 34
person 0.012235234 1011 -134 1036 -29
person 0.012223587 824 -226 851 -144
person 0.012213573 569 666 590 729
person 0.012208822 129 394 220 559
person 0.012202959 610 180 629 203
person 0.012178572 1055 295 1061 328
person 0.012172143 519 380 528 414
person 0.012169941 220 254 244 275
person 0.012164329 82 222 102 245
person 0.012158895 327 390 353 427
person 0.012149287 960 2 973 17
person 0.012146736 402 253 463 348
person 0.012140363 42 448 49 464
person 0.012140077 307 -87 323 -61
person 0.012138922 816 136 833 159
person 0.0121334 0 192 5 222
person 0.012113657 845 -214 853 -179
person 0.0121089965 -3 357 10 384
person 0.012107695 256 568 285 628
person 0.0121066 219 151 316 290
person 0.0121058645 262 106 279 124
person 0.012099183 1054 -134 1061 -96
person 0.012094903 336 -224 350 -174
person 0.012091771 754 178 772 203
person 0.01206235 867 602 877 636
person 0.012052223 80 695 144 861
person 0.012051656 712 158 730 182
person 0.012041651 411 102 429 121
person 0.012031037 823 420 849 482
person 0.012029607 654 443 667 475
person 0.01202256 813 310 886 491
person 0.012020952 940 3 952 17
person 0.012011147 779 17 788 32
person 0.01201001 368 115 386 134
person 0.012008674 0 656 5 697
person 0.012006071 279 528 310 582
person 0.012005728 815 179 832 203
person 0.0119905565 367 570 383 583
person 0.01198837 0 635 5 676
person 0.011987325 140 182 159 203
person 0.011987009 409 -52 432 10
person 0.011982808 230 557 250 585
person 0.011979731 -3 416 9 443
person 0.011979161 508 360 517 394
person 0.011962198 879 16 894 34
person 0.011952648 760 60 770 71
person 0.0119500365 857 -67 876 -49
person 0.011944502 350 138 367 159
person 0.011941605 1016 142 1032 165
person 0.011937071 59 726 78 797
person 0.011924659 592 726 611 797
person 0.011923226 904 63 915 76
person 0.011921671 101 384 119 395
person 0.011866018 92 712 113 779
person 0.011864351 753 157 770 181
person 0.01185907 837 726 854 752
person 0.011854896 334 627 341 650
person 0.0118456725 321 433 337 475
person 0.011845371 984 139 1000 161
person 0.011841544 981 292 1006 319
person 0.011841348 713 177 732 201
person 0.011840136 347 121 364 139
person 0.011838781 617 422 628 453
person 0.011837849 878 335 894 363
person 0.011821534 553 156 571 180
person 0.011815888 944 615 952 632
person 0.011809926 1055 574 1062 586
person 0.011799713 842 519 857 542
person 0.011797277 262 162 281 184
person 0.011795911 1054 -113 1061 -76
person 0.011770541 0 -139 5 -98
person 0.011768546 814 667 833 717
person 0.011762994 960 728 979 798
person 0.011760445 413 193 430 219
person 0.011749953 754 138 771 161
person 0.011743461 877 -67 896 -49
person 0.011742714 141 541 164 562
person 0.011728617 128 543 149 568
person 0.011728423 320 246 388 333
person 0.011725389 159 200 179 221
person 0.011724295 651 179 669 202
person 0.011722638 540 -224 555 -174
person 0.011715989 551 726 570 797
person 0.011715608 573 456 582 486
person 0.011702443 160 224 179 246
person 0.011693698 560 385 568 399
person 0.0116897095 258 -97 278 -47
person 0.011666462 203 -151 224 -88
person 0.01166052 0 676 5 717
person 0.011657648 0 777 5 822
person 0.011654934 631 134 665 180
person 0.011647323 201 496 221 524
person 0.011635768 60 536 82 562
person 0.011634403 377 -224 391 -174
person 0.011634392 858 178 875 204
person 0.011630894 589 178 608 201
person 0.011628904 1005 334 1015 359
person 0.011622719 45 740 61 769
person 0.011620401 79 403 100 420
person 0.011620003 0 371 6 408
person 0.011608101 921 41 937 59
person 0.011607156 717 17 732 36
person 0.01160202 160 164 179 184
person 0.011601112 804 -214 813 -179
person 0.011591739 981 280 1003 305
person 0.01158874 573 140 591 164
person 0.011588314 554 24 570 42
person 0.011587571 302 496 327 520
person 0.011580894 833 372 852 402
person 0.0115770735 630 360 646 387
person 0.011576626 167 612 177 627
person 0.011575955 333 715 357 779
person 0.011575786 714 139 732 161
person 0.0115753 794 355 813 384
person 0.011574494 263 -5 314 106
person 0.011566814 170 531 196 598
person 0.011557895 827 606 836 639
person 0.011551026 0 51 5 85
person 0.011532303 243 474 269 503
person 0.011506728 697 16 712 35
person 0.01150542 0 433 8 516
person 0.011502542 202 482 221 511
person 0.011488519 -1 336 5 365
person 0.011486487 331 178 348 202
person 0.01147137 419 317 445 376
person 0.011469992 252 666 300 766
person 0.011467109 857 725 875 752
person 0.011460874 869 7 895 63
person 0.011444592 117 402 139 421
person 0.011439575 211 714 234 779
person 0.011438611 176 371 215 421
person 0.011438584 179 -101 225 12
person 0.011436653 1052 37 1065 60
person 0.011432239 510 726 530 797
person 0.011425699 346 176 363 201
person 0.0114097465 1040 435 1049 468
person 0.01140388 154 696 223 853
person 0.0113986125 660 622 671 653
person 0.011395309 418 -224 432 -174
person 0.011393799 0 -42 8 12
person 0.0113787865 366 139 383 160
person 0.011372175 911 13 936 69
person 0.011371049 691 104 701 116
person 0.011350681 165 147 205 191
person 0.011346176 992 292 1013 318
person 0.011332918 161 279 176 289
person 0.011327946 64 -228 77 -221
person 0.011325958 41 488 50 501
person 0.011316838 -1 113 16 150
person 0.011312965 983 160 999 182
person 0.011311839 496 373 506 405
person 0.011311028 532 537 547 570
person 0.011306737 557 539 570 569
person 0.01130192 898 16 914 34
person 0.011291491 898 -67 917 -48
person 0.011279935 3 295 24 320
person 0.011267227 737 16 752 35
person 0.011264151 304 435 361 531
person 0.011260477 125 163 137 175
person 0.011258433 510 160 528 184
person 0.011251784 798 196 816 221
person 0.011251248 716 -228 730 -221
person 0.011250103 83 -4 135 102
person 0.011247775 598 -155 625 -54
person 0.011245945 0 -78 5 -37
person 0.01124454 499 -224 513 -174
person 0.011240633 143 726 160 753
person 0.011235398 473 160 490 185
person 0.011226486 677 17 692 35
person 0.011223417 219 141 238 159
person 0.011219882 459 -224 473 -174
person 0.011214451 528 666 549 729
person 0.0112118125 494 611 513 676
person 0.011209234 469 138 487 160
person 0.011209148 608 154 626 177
person 0.0112047475 208 581 232 643
person 0.011204404 509 671 547 772
person 0.011203094 0 353 6 387
person 0.011196408 -3 397 9 425
person 0.011186995 436 -21 482 100
person 0.011186282 778 707 792 734
person 0.011178278 918 177 936 202
person 0.011167958 -1 47 9 102
person 0.011165299 681 47 690 59
person 0.011162057 1038 422 1057 448
person 0.01116194 534 282 552 310
person 0.011161567 943 682 963 724
person 0.011153982 414 81 431 100
person 0.011152245 803 625 811 643
person 0.0111455005 329 479 355 502
person 0.011131095 1053 396 1060 432
person 0.011130119 836 -67 855 -48
person 0.0111054275 755 663 793 771
person 0.011102233 252 715 275 779
person 0.011099285 640 79 652 92
person 0.011095592 675 179 693 202
person 0.011092045 184 727 204 796
person 0.011085096 865 -215 873 -179
person 0.011083466 36 156 55 177
person 0.0110775605 231 695 304 848
person 0.011062694 202 175 214 195
person 0.011061139 757 707 772 734
person 0.01105826 979 18 989 33
person 0.011057379 113 423 148 472
person 0.01104967 491 116 508 136
person 0.0110409865 464 256 551 405
person 0.011039873 66 -189 78 -133
person 0.011035027 457 621 469 665
person 0.011034204 885 -215 893 -179
person 0.011030426 400 140 436 185
person 0.011029793 186 166 205 186
person 0.011025757 737 707 751 734
person 0.011009428 914 -26 973 155
person 0.011007173 1056 760 1062 802
person 0.010997258 702 -194 715 -144
person 0.010994142 825 6 851 61
person 0.010991529 160 244 180 265
person 0.010989979 -3 376 9 404
person 0.010988439 742 -194 755 -142
person 0.010983715 507 103 517 114
person 0.010982487 36 26 64 77
person 0.010975234 327 586 339 601
person 0.010974954 662 -195 674 -146
person 0.010973148 546 243 628 405
person 0.010966434 469 726 489 797
person 0.010966154 266 144 285 163
person 0.010962969 225 280 237 291
person 0.010941187 775 -88 791 -77
person 0.010940923 834 677 871 798
person 0.0109293815 856 -67 874 -57
person 0.010928541 798 707 813 733
person 0.010927279 355 88 411 179
person 0.010909251 467 100 478 112
person 0.0108982455 110 623 119 650
person 0.0108870715 575 22 603 72
person 0.010886923 367 537 394 562
person 0.010884695 409 622 420 655
person 0.01086672 492 -228 506 -221
person 0.010863339 349 -228 363 -221
person 0.010862878 329 -228 342 -221
person 0.010862104 541 137 577 183
person 0.0108609665 472 -228 485 -221
person 0.0108608585 370 -228 383 -221
person 0.01085989 247 -228 261 -221
person 0.010859235 512 -228 526 -221
person 0.010858651 268 -228 281 -221
person 0.010857749 308 -228 322 -221
person 0.010857453 227 -228 240 -221
person 0.010856807 390 -228 404 -221
person 0.010856377 206 -228 220 -221
person 0.010856305 410 -228 424 -221
person 0.010856182 0 717 5 757
person 0.010854518 288 -228 302 -221
person 0.010854216 186 -228 200 -221
person 0.010853929 431 -228 444 -221
person 0.010852092 451 -228 465 -221
person 0.010838143 572 558 584 595
person 0.010833414 756 298 774 324
person 0.010827621 533 -228 546 -221
person 0.010817688 57 240 78 264
person 0.010815107 717 707 731 734
person 0.010813837 45 720 60 750
person 0.010796584 553 -228 567 -221
person 0.010796427 219 124 237 141
person 0.0107923485 980 -184 1000 -123
person 0.01078879 126 647 139 677
person 0.010785524 130 -195 143 -145
person 0.010781811 816 -68 835 -47
person 0.0107781645 0 697 5 737
person 0.01077544 1045 664 1064 727
person 0.010766107 1006 340 1014 354
person 0.010760045 166 -228 179 -221
person 0.010759374 591 38 607 58
person 0.010750776 858 376 878 406
person 0.010749548 873 376 891 405
person 0.010739569 945 -212 954 -178
person 0.010735248 202 238 216 249
person 0.010733516 681 444 691 472
person 0.010730464 1 153 83 297
person 0.010727433 452 -52 474 9
person 0.010725479 320 504 359 555
person 0.0107235005 574 -228 587 -221
person 0.0107223885 564 220 594 274
person 0.010718909 247 253 275 290
person 0.01070673 758 198 776 223
person 0.010698848 112 403 124 412
person 0.0106978 655 509 708 709
person 0.010690041 557 27 567 40
person 0.010687484 225 727 244 796
person 0.010679814 121 300 141 319
person 0.010674394 211 49 235 82
person 0.0106593575 0 118 6 133
person 0.010654989 265 727 285 796
person 0.010652541 413 617 429 666
person 0.010651837 907 685 949 794
person 0.010640577 880 3 891 17
person 0.010636702 306 726 326 796
person 0.010632889 773 353 793 383
person 0.010628095 -4 -30 8 -2
person 0.010626195 622 175 657 223
person 0.010617872 696 708 711 734
person 0.010611426 304 139 321 159
person 0.010600159 28 557 36 596
person 0.010592785 449 177 467 202
person 0.010588433 1047 632 1063 676
person 0.010588382 878 725 895 752
person 0.010579928 508 367 516 385
person 0.010578042 918 614 926 632
person 0.010572369 594 -228 608 -221
person 0.010569836 621 268 701 399
person 0.010556802 57 185 76 203
person 0.010544155 492 -84 520 25
person 0.010541404 983 335 996 362
person 0.010531342 496 62 512 82
person 0.01053093 902 99 913 110
person 0.010519999 287 -87 303 -61
person 0.010516688 570 174 589 198
person 0.01051031 864 545 880 573
person 0.010505257 0 -119 5 -78
person 0.010497636 740 19 749 33
person 0.010496239 986 723 1035 840
person 0.010494413 145 -228 159 -221
person 0.010469235 -1 259 8 272
person 0.010465679 828 339 876 454
person 0.010465021 782 -212 793 -178
person 0.010460144 960 178 978 201
person 0.010450903 700 19 708 33
person 0.010449583 384 -46 403 3
person 0.010437361 217 234 248 255
person 0.010433457 143 727 163 796
person 0.010429662 1055 160 1061 175
person 0.01042912 637 379 653 409
person 0.010426482 817 316 834 343
person 0.010424977 411 590 430 616
person 0.010416642 22 783 37 814
person 0.010406212 77 456 96 482
person 0.01040445 246 145 264 164
person 0.010399654 818 707 833 733
person 0.010388956 761 -212 773 -179
person 0.010380513 497 399 508 431
person 0.01037756 962 646 973 674
person 0.010374313 487 138 504 161
person 0.010372928 304 460 330 481
person 0.010372316 720 20 728 34
person 0.010371377 696 -228 710 -221
person 0.010364972 -4 723 9 750
person 0.010359154 103 726 122 797
person 0.0103577105 -2 240 6 252
person 0.010352981 284 161 301 182
person 0.010350998 614 -228 628 -221
person 0.010343756 618 581 629 653
person 0.010340062 129 142 147 161
person 0.010339139 797 96 808 108
person 0.01033872 193 180 207 191
person 0.010336115 146 646 159 676
person 0.010332258 526 91 561 136
person 0.01032939 346 53 365 73
person 0.010328845 237 550 256 574
person 0.01031541 676 708 690 734
person 0.010314874 738 96 750 108
person 0.010306471 672 666 708 770
person 0.010292357 512 741 531 768
person 0.010288325 609 -6 638 86
person 0.010282491 635 -228 648 -221
person 0.010274895 194 177 206 197
person 0.010272523 56 224 75 246
person 0.010262609 212 617 226 679
person 0.0102577815 490 459 504 491
person 0.010254457 730 173 766 221
person 0.010249323 632 198 651 222
person 0.010245767 533 741 551 768
person 0.010244627 1053 356 1060 391
person 0.0102388365 492 741 510 768
person 0.010232561 427 577 445 608
person 0.010228384 306 62 324 83
person 0.010227834 17 406 30 434
person 0.010218315 943 633 955 684
person 0.010215773 243 -152 264 -88
person 0.0102080135 538 371 548 406
person 0.010205389 553 741 571 768
person 0.010198907 0 -98 5 -58
person 0.01019027 657 379 674 408
person 0.010182448 555 455 565 490
person 0.010176091 361 523 388 547
person 0.010168007 388 727 408 797
person 0.010167335 0 471 7 561
person 0.010163472 472 741 490 768
person 0.010163405 655 77 666 89
person 0.010144283 451 741 469 768
person 0.010143594 868 609 874 630
person 0.010135496 877 179 894 204
person 0.010133157 685 106 694 118
person 0.010126511 390 105 407 122
person 0.010121885 257 117 266 128
person 0.010119529 431 741 449 768
person 0.010118083 839 195 857 221
person 0.010117681 247 708 262 735
person 0.010115074 676 -228 689 -221
person 0.010109366 347 727 367 796
person 0.010106928 -3 437 9 465
person 0.010104275 959 139 975 162
person 0.010099817 411 741 429 768
person 0.010097333 574 741 592 768
person 0.01009709 575 355 592 387
person 0.01009659 390 741 408 768
person 0.010095951 227 708 242 735
person 0.010095299 204 548 232 609
person 0.010094945 807 695 875 849
person 0.01009354 429 726 448 797
person 0.010086605 427 180 445 205
person 0.010081883 920 686 934 713
person 0.010081697 1055 741 1062 779
person 0.010081056 -13 654 28 781
person 0.010080151 655 -228 669 -221
person 0.01007365 190 610 198 625
person 0.010072679 951 252 981 308
person 0.010056304 692 381 708 409
person 0.010048412 1054 317 1060 351
person 0.0100438455 817 197 834 222
person 0.010035769 286 143 304 162
person 0.010034898 268 708 282 735
person 0.010030556 374 627 384 655
person 0.010027042 821 625 828 642
person 0.010025637 783 -200 797 -147
person 0.010019438 125 -228 138 -221
person 0.010014891 423 668 465 768
person 0.010012744 736 -108 751 -82
person 0.010012007 349 741 367 768
person 0.010011142 182 237 202 259
person 0.010005689 1041 425 1054 439
person 0.010005136 490 158 508 183
person 0.010004631 386 175 403 200
person 0.010003927 1051 276 1066 302
person 0.010001292 207 708 221 735
