person 0.20790295 741 165 770 201
person 0.18713951 1157 322 1201 406
person 0.13386264 40 280 107 392
person 0.12853895 521 172 540 199
person 0.12591 1185 165 1203 193
person 0.1138197 25 225 90 334
person 0.111653596 442 -91 475 18
person 0.09794946 29 266 123 433
person 0.09637594 864 180 893 215
person 0.094483085 282 513 326 571
person 0.09324322 1241 387 1250 476
person 0.08886495 109 218 138 255
person 0.0826529 772 47 789 68
person 0.080709696 871 104 890 125
person 0.077826396 15 206 108 372
person 0.07766855 746 179 766 205
person 0.07575859 50 87 93 168
person 0.075023 344 506 385 563
person 0.07445496 744 45 760 66
person 0.073414 39 65 78 148
person 0.0726863 192 423 268 527
person 0.07125492 369 518 409 575
person 0.069261275 1241 735 1252 811
person 0.068341345 0 173 11 234
person 0.06699853 376 530 418 587
person 0.064717084 201 356 279 445
person 0.06312103 776 48 785 65
person 0.061893564 177 388 280 558
person 0.06188609 868 111 888 135
person 0.057366025 1155 562 1229 756
person 0.05728859 768 37 791 79
person 0.057067536 319 135 337 159
person 0.056018755 355 469 380 501
person 0.055537865 747 46 756 62
person 0.054978747 -5 -266 11 -238
person 0.05462877 55 599 108 742
person 0.054548882 1240 -265 1252 -208
person 0.054388404 811 126 829 149
person 0.05393204 353 449 374 479
person 0.053625237 290 470 315 498
person 0.053458005 0 338 10 426
person 0.05300348 1138 296 1222 464
person 0.05163602 50 588 69 624
person 0.051024638 1245 137 1252 169
person 0.05049416 267 140 294 175
person 0.050248146 114 213 135 243
person 0.04963103 93 159 120 195
person 0.049002938 1147 220 1177 259
person 0.04831288 667 182 699 220
person 0.048311334 -1 -270 7 -237
person 0.048144612 251 154 279 189
person 0.04736865 1133 439 1205 667
person 0.04710875 1241 789 1252 852
person 0.047064636 -4 -266 10 -258
person 0.046585627 626 97 648 119
person 0.046539266 740 32 764 74
person 0.046149734 532 -93 565 25
person 0.045374874 -4 -255 23 -147
person 0.045069188 129 -68 163 24
person 0.04499563 98 162 117 186
person 0.04473272 1240 291 1251 364
person 0.043855112 345 456 385 514
person 0.043563608 329 470 354 500
person 0.0435461 867 95 894 129
person 0.0432714 1207 496 1237 568
person 0.042638637 1239 173 1252 220
person 0.042587493 324 559 370 616
person 0.042257074 715 -112 763 55
person 0.0422299 292 528 335 585
person 0.042157564 56 609 73 643
person 0.041397672 243 18 283 102
person 0.04089941 678 722 699 804
person 0.04062647 124 -46 147 2
person 0.040506404 279 421 305 450
person 0.040238746 1239 357 1250 438
person 0.040225055 46 575 62 608
person 0.040207516 1245 116 1252 147
person 0.04013681 288 458 311 485
person 0.03978659 726 724 748 803
person 0.03963305 1178 179 1197 205
person 0.039560333 1219 486 1235 574
person 0.039553884 972 845 999 920
person 0.039074693 797 136 826 170
person 0.03889795 1241 268 1252 329
person 0.03888258 -4 -174 18 -53
person 0.03849088 733 151 778 227
person 0.037889186 714 132 748 170
person 0.03768418 258 459 351 648
person 0.037559453 919 168 952 204
person 0.037553035 1238 -266 1252 -257
person 0.037430026 1240 139 1256 167
person 0.03735578 515 178 536 207
person 0.03694983 1241 832 1252 903
person 0.036693264 1228 -242 1259 -148
person 0.036419068 1077 -111 1125 69
person 0.036401317 1148 211 1190 289
person 0.036395308 284 461 318 503
person 0.03639137 841 116 860 140
person 0.03637961 1237 -267 1255 -240
person 0.036357164 924 845 951 920
person 0.03627654 536 -8 572 91
person 0.03607689 359 -85 393 18
person 0.035798755 506 162 546 215
person 0.03564921 1185 415 1242 556
person 0.03548556 778 69 806 104
person 0.03539313 270 490 337 597
person 0.035359845 429 164 461 199
person 0.035283267 235 119 257 144
person 0.03525657 1161 -249 1177 -201
person 0.035218872 1241 685 1250 773
person 0.035215314 0 195 10 262
person 0.035084505 1245 163 1252 196
person 0.03507293 0 -272 10 -210
person 0.03502705 771 31 780 46
person 0.034871772 604 210 633 248
person 0.03462794 1156 254 1189 299
person 0.03458297 1240 -222 1251 -155
person 0.03452192 875 107 886 120
person 0.03444622 69 618 87 651
person 0.034312412 631 720 652 802
person 0.034038823 218 367 258 428
person 0.034026787 875 845 902 920
person 0.033752177 1245 185 1252 220
person 0.03371537 753 30 763 46
person 0.033494852 1239 217 1252 269
person 0.033468783 -6 665 33 841
person 0.033408746 284 21 322 114
person 0.033221684 884 91 903 111
person 0.03316209 650 110 681 146
person 0.03313113 314 132 341 166
person 0.033122938 831 119 862 152
person 0.033101104 1198 443 1228 516
person 0.033092123 593 164 625 200
person 0.03302837 747 349 817 443
person 0.03301372 635 845 661 921
person 0.032990023 1098 217 1129 257
person 0.032696147 52 -267 71 -247
person 0.032534152 67 603 84 634
person 0.032510642 248 113 292 188
person 0.032247532 767 28 784 49
person 0.03224174 1118 -252 1135 -198
person 0.032128714 588 120 620 156
person 0.03199545 30 -266 45 -259
person 0.03186014 937 93 957 114
person 0.03168809 170 400 197 431
person 0.03161955 683 844 709 921
person 0.031562362 43 222 64 248
person 0.031384148 1063 167 1094 202
person 0.031339273 340 445 363 476
person 0.031276 175 444 272 646
person 0.03126003 776 159 809 197
person 0.03124451 1238 130 1252 174
person 0.031156914 1026 164 1056 199
person 0.031141717 109 -113 131 -57
person 0.030929161 0 280 10 368
person 0.030894889 29 -267 48 -248
person 0.030795839 177 332 305 471
person 0.030632203 586 845 613 921
person 0.030631779 378 540 413 570
person 0.03060977 432 167 452 190
person 0.030586362 731 845 757 921
person 0.030339519 248 541 290 598
person 0.030299142 378 521 406 548
person 0.03025409 361 493 390 523
person 0.029969703 779 845 806 921
person 0.029948458 1105 176 1135 211
person 0.029925732 1161 726 1171 745
person 0.029907115 71 -120 92 -61
person 0.029812094 1078 -257 1097 -198
person 0.02980277 1240 119 1257 145
person 0.029669913 1020 845 1047 920
person 0.029641995 1138 740 1150 770
person 0.029627275 917 90 936 111
person 0.029524045 310 480 335 507
person 0.02943361 290 496 321 523
person 0.029137151 1163 742 1172 766
person 0.029062219 484 -152 516 -40
person 0.028986119 931 125 961 157
person 0.028869394 1240 166 1256 194
person 0.028854955 -1 179 19 224
person 0.02865386 1241 188 1256 218
person 0.028617872 404 -147 437 -40
person 0.028591054 834 165 866 201
person 0.02849787 228 -98 264 -4
person 0.028338354 50 46 70 77
person 0.028246654 805 -118 853 62
person 0.028169662 456 668 479 699
person 0.028081039 827 845 854 921
person 0.027897483 1245 92 1252 123
person 0.027831487 1158 816 1187 936
person 0.027822493 303 503 327 529
person 0.027754812 496 -254 529 -160
person 0.027722295 1013 -266 1028 -257
person 0.027616728 989 -266 1004 -257
person 0.02758339 1229 395 1251 474
person 0.027571917 828 71 856 106
person 0.027563777 992 -116 1040 73
person 0.027424747 741 203 771 240
person 0.027404258 -4 185 12 216
person 0.027385568 750 27 768 48
person 0.027348673 586 723 601 794
person 0.027282905 1037 -266 1052 -257
person 0.027073031 592 -255 624 -161
person 0.027043162 862 206 896 244
person 0.027039792 981 125 1011 157
person 0.026988067 1092 210 1138 281
person 0.026953267 52 -267 68 -259
person 0.026748482 1202 -266 1217 -258
person 0.026740072 858 174 897 227
person 0.026474306 487 173 507 196
person 0.026471063 259 475 288 500
person 0.02643079 671 783 695 858
person 0.026427206 203 -139 237 -41
person 0.026425887 0 128 11 190
person 0.026359463 1068 210 1100 249
person 0.026309654 965 -266 980 -257
person 0.026171703 876 731 891 793
person 0.026155328 1186 743 1194 765
person 0.026132463 289 55 315 94
person 0.02607066 1025 210 1056 249
person 0.02599588 1240 284 1257 315
person 0.025990255 135 7 175 93
person 0.025951114 820 94 839 116
person 0.025935177 135 100 181 177
person 0.025857257 0 -103 10 -28
person 0.025783293 977 165 1008 199
person 0.025745712 259 212 289 246
person 0.02573023 258 158 278 181
person 0.025650917 538 845 565 920
person 0.025568468 1061 -266 1076 -257
person 0.02544447 66 838 89 919
person 0.025439868 190 168 220 203
person 0.025375776 395 166 428 201
person 0.025303561 990 -267 1006 -240
person 0.02519731 34 220 73 279
person 0.025116399 380 506 406 533
person 0.025110371 966 -267 982 -241
person 0.025061224 1038 93 1058 112
person 0.025022276 -1 463 6 509
person 0.024967331 1014 -267 1030 -240
person 0.024937116 1022 123 1052 156
person 0.024894744 1022 -261 1041 -200
person 0.024815453 424 -115 489 74
person 0.024813157 939 114 959 135
person 0.024562009 689 122 722 159
person 0.024464782 993 217 1040 288
person 0.024383504 1038 -267 1054 -240
person 0.024347583 941 -266 956 -257
person 0.02433153 739 69 768 103
person 0.024270337 1032 73 1058 108
person 0.024250448 557 337 623 444
person 0.024233723 689 -253 721 -157
person 0.024225628 941 -267 958 -242
person 0.024194233 587 124 607 144
person 0.024181206 1063 93 1083 112
person 0.024169141 401 573 429 599
person 0.024150085 865 333 914 408
person 0.024144188 0 158 8 191
person 0.024128294 992 124 1012 145
person 0.024072751 113 198 133 222
person 0.023995 202 215 232 249
person 0.023942098 400 -255 433 -161
person 0.023927901 1041 95 1054 108
person 0.02387145 327 439 402 535
person 0.023871383 351 516 381 547
person 0.0238388 864 142 906 224
person 0.023799043 1065 95 1079 109
person 0.023689182 926 76 954 110
person 0.023673572 1014 93 1033 112
person 0.023653628 234 511 268 556
person 0.023626547 0 -254 9 -165
person 0.023609685 24 407 38 487
person 0.023603493 1014 120 1033 141
person 0.023585899 119 251 141 280
person 0.023557123 424 0 464 98
person 0.023508785 1138 727 1147 748
person 0.023496049 876 196 923 265
person 0.023462243 966 91 986 111
person 0.023440871 1201 -267 1220 -247
person 0.023376672 672 184 694 211
person 0.023340544 780 734 794 791
person 0.023251284 917 -267 934 -243
person 0.023223363 1225 297 1253 368
person 0.023196833 594 373 613 406
person 0.023194693 957 648 975 682
person 0.023142261 929 211 962 249
person 0.023095384 0 697 9 811
person 0.023090363 1062 -267 1078 -241
person 0.023081258 1079 864 1113 973
person 0.023080977 1238 305 1257 336
person 0.023003966 0 648 8 766
person 0.022972468 721 787 742 847
person 0.02292041 593 120 615 141
person 0.022774305 1231 221 1254 262
person 0.022646677 978 75 1005 109
person 0.022640603 785 -250 816 -152
person 0.022578297 801 111 845 189
person 0.022564394 975 212 1008 252
person 0.02250949 1075 124 1104 156
person 0.022495572 424 106 469 182
person 0.022443088 1164 846 1186 905
person 0.022368707 300 -148 333 -46
person 0.022350289 49 312 168 468
person 0.022344423 1085 -266 1100 -257
person 0.022259157 663 202 695 242
person 0.022218138 609 101 653 176
person 0.022217503 146 183 175 217
person 0.02210321 1146 -111 1192 59
person 0.022087265 396 208 428 244
person 0.022080181 490 845 517 920
person 0.022048134 959 783 984 860
person 0.022012008 315 101 360 178
person 0.022010345 713 140 733 166
person 0.021997653 587 -152 619 -40
person 0.021967327 109 564 125 597
person 0.021948941 515 146 536 169
person 0.021942656 458 173 478 195
person 0.021933919 630 98 644 113
person 0.02185112 916 -266 932 -258
person 0.02181763 485 126 507 146
person 0.021815116 655 116 676 140
person 0.021710718 337 168 369 202
person 0.021666564 892 -267 910 -244
person 0.021653727 625 786 647 846
person 0.021595798 1183 726 1192 742
person 0.021569379 0 134 7 170
person 0.021551428 302 167 333 200
person 0.021544106 68 339 148 441
person 0.021423822 1180 -267 1199 -247
person 0.021415466 1016 95 1030 108
person 0.021406207 -6 67 11 98
person 0.021392303 524 115 545 136
person 0.021336434 521 174 532 195
person 0.021320382 1016 899 1041 981
person 0.021295011 1068 846 1095 919
person 0.02128726 274 144 288 160
person 0.021248875 1069 73 1096 108
person 0.021174984 257 458 282 479
person 0.021170972 1115 738 1126 772
person 0.021147044 1085 -267 1102 -242
person 0.021138975 33 563 48 598
person 0.021108929 834 -258 852 -198
person 0.021107243 104 -145 137 -45
person 0.021088356 981 426 1060 635
person 0.02103603 964 119 984 140
person 0.021030482 41 -107 71 -5
person 0.020980224 1064 898 1089 982
person 0.020941969 1181 -266 1196 -258
person 0.020926166 693 74 723 111
person 0.02091477 370 103 387 123
person 0.020898344 991 93 1011 112
person 0.02089474 305 212 336 248
person 0.020886453 -5 207 12 238
person 0.020861423 1240 261 1257 292
person 0.020856494 577 787 599 847
person 0.020835513 867 166 890 193
person 0.020821482 622 91 651 127
person 0.020736495 431 136 454 158
person 0.02072911 878 -118 929 71
person 0.020727888 1200 543 1231 614
person 0.020724617 967 898 993 982
person 0.02063144 106 305 147 365
person 0.020566879 286 33 311 76
person 0.020561201 963 416 996 489
person 0.020525405 591 -104 643 56
person 0.020486932 1240 237 1256 268
person 0.02047995 67 576 83 608
person 0.020476677 1122 123 1151 155
person 0.020473957 919 723 942 805
person 0.020457296 1245 281 1252 317
person 0.020426603 313 127 333 148
person 0.02041025 775 726 796 803
person 0.020397998 435 123 468 157
person 0.020375624 888 94 901 106
person 0.02037191 1081 26 1097 74
person 0.020331752 425 618 456 646
person 0.02032894 939 78 958 98
person 0.020322232 1245 68 1252 99
person 0.020229602 1037 117 1057 137
person 0.020210119 626 397 649 428
person 0.020181693 884 77 903 97
person 0.02017804 206 543 232 568
person 0.0201397 1240 950 1248 1003
person 0.020118989 877 -260 895 -199
person 0.020104894 207 870 244 985
person 0.020081067 0 182 8 218
person 0.02004373 868 -267 886 -244
person 0.020015677 744 72 763 94
person 0.020008972 26 64 112 238
person 0.019995838 1245 233 1252 270
person 0.019981734 1245 208 1252 243
person 0.01992018 977 873 1012 984
person 0.019888837 830 24 855 69
person 0.01986796 919 898 945 982
person 0.019853558 918 119 938 140
person 0.019825287 1079 321 1127 401
person 0.019785045 514 125 534 146
person 0.019778797 749 168 762 192
person 0.019734906 804 493 816 529
person 0.01971727 922 -260 940 -198
person 0.019693844 280 144 300 167
person 0.019668385 -5 785 15 948
person 0.019665843 122 -174 143 -112
person 0.019646676 385 159 406 183
person 0.01958837 577 374 599 404
person 0.01957854 0 594 9 723
person 0.019558001 1086 96 1099 109
person 0.019514645 103 807 147 951
person 0.01949496 1162 806 1179 852
person 0.019375088 863 786 888 860
person 0.019356469 153 736 164 771
person 0.019339057 1110 189 1130 218
person 0.019308187 1011 137 1031 161
person 0.019298228 1189 167 1200 183
person 0.019262975 892 -266 907 -258
person 0.019222645 889 118 910 140
person 0.019207947 1043 76 1056 91
person 0.019200874 871 898 897 982
person 0.019177372 814 210 848 250
person 0.019135788 0 -157 10 -69
person 0.019124687 874 67 893 89
person 0.019105932 40 227 68 259
person 0.019102804 1232 274 1255 320
person 0.019098593 1241 94 1256 121
person 0.019065358 940 95 954 108
person 0.019027665 1170 129 1199 161
person 0.01897509 300 402 419 568
person 0.018973896 181 321 224 378
person 0.018971255 865 135 888 161
person 0.018959913 157 -111 180 -56
person 0.018954743 847 99 867 119
person 0.018938137 -3 195 22 268
person 0.018913297 1109 -267 1126 -243
person 0.018891757 261 492 289 518
person 0.01888357 940 143 961 168
person 0.018795509 1083 94 1102 113
person 0.01878706 1225 359 1250 434
person 0.018768426 542 310 639 477
person 0.018754235 923 77 941 97
person 0.018748123 1155 473 1194 588
person 0.01873657 694 188 716 213
person 0.018716184 785 -258 803 -199
person 0.018674932 118 856 151 981
person 0.018662898 0 487 6 534
person 0.018659502 1091 736 1101 773
person 0.018634554 250 159 269 182
person 0.018623741 796 157 818 183
person 0.01862314 823 898 849 982
person 0.018589253 716 183 739 207
person 0.01856089 612 209 646 251
person 0.018537957 1061 117 1081 137
person 0.018515496 485 145 508 168
person 0.018508108 990 136 1011 161
person 0.018476458 -7 365 82 545
person 0.018451415 877 -260 908 -163
person 0.01844424 87 186 157 286
person 0.018443532 779 518 790 555
person 0.018427914 799 22 816 44
person 0.018413771 727 -12 763 96
person 0.018398795 769 788 791 848
person 0.018389631 1108 -266 1123 -258
person 0.01838383 644 161 675 196
person 0.018368658 144 214 175 249
person 0.018336331 483 184 505 211
person 0.01833139 543 120 575 153
person 0.018326428 -4 161 12 188
person 0.01830649 1108 115 1127 136
person 0.018277582 284 409 308 434
person 0.018259466 802 26 812 41
person 0.018247478 542 23 569 71
person 0.018228488 775 898 800 982
person 0.018148374 1031 19 1048 68
person 0.018134857 1195 606 1258 838
person 0.018118205 0 851 15 950
person 0.018116347 1137 766 1149 797
person 0.018115502 1117 849 1140 909
person 0.01810488 1183 602 1220 727
person 0.018095514 1182 21 1199 44
person 0.018095464 481 -59 507 14
person 0.018062383 1161 -208 1177 -157
person 0.01801553 998 118 1040 202
person 0.017996987 1245 258 1252 295
person 0.017986601 658 329 730 432
person 0.017973538 489 126 522 160
person 0.017957438 727 898 752 982
person 0.017944543 871 22 895 66
person 0.017923765 994 95 1008 108
person 0.017916992 484 240 560 340
person 0.017868351 1240 211 1256 241
person 0.017863808 649 345 672 380
person 0.017831786 325 530 419 731
person 0.017829163 220 121 248 156
person 0.017825766 0 13 5 53
person 0.017822895 1170 327 1197 354
person 0.017767994 679 898 704 982
person 0.01774037 0 -233 6 -185
person 0.017737105 -6 40 10 71
person 0.017710425 -1 36 6 76
person 0.017680768 305 -253 339 -160
person 0.017671866 258 396 287 425
person 0.017655797 0 -257 6 -211
person 0.017653963 631 898 656 982
person 0.017648058 1086 116 1106 137
person 0.017634705 969 94 983 107
person 0.017587122 582 898 608 982
person 0.017568445 1237 78 1250 123
person 0.01756349 970 719 987 799
person 0.017557379 716 163 740 190
person 0.017549017 1007 785 1032 861
person 0.017546294 755 668 768 739
person 0.017542195 333 212 366 247
person 0.017539563 441 845 469 920
person 0.017517991 534 898 560 982
person 0.017497273 346 738 357 771
person 0.017488537 788 209 837 279
person 0.017455705 1209 138 1228 164
person 0.017455297 486 898 512 982
person 0.01744922 1246 691 1252 730
person 0.017429896 442 67 472 103
person 0.01739912 107 192 127 218
person 0.017389005 987 859 1010 940
person 0.017365996 911 784 936 860
person 0.017351078 493 210 527 249
person 0.017326396 -4 470 10 502
person 0.017326316 889 -64 957 160
person 0.017313557 844 -267 862 -245
person 0.01731033 698 -160 730 -44
person 0.017306143 727 22 745 44
person 0.017301636 1035 859 1058 940
person 0.017268678 323 138 333 154
person 0.017258914 919 93 933 106
person 0.017256511 766 188 788 214
person 0.017253043 928 19 952 64
person 0.017245162 438 898 464 982
person 0.017232211 87 152 125 207
person 0.017210294 1112 899 1137 982
person 0.017197918 525 -24 578 117
person 0.017191986 618 0 655 101
person 0.017134514 163 -260 180 -201
person 0.01712668 828 734 843 789
person 0.017125217 1123 480 1178 633
person 0.017122217 -11 -186 27 -37
person 0.017077088 402 615 439 640
person 0.01707223 872 114 884 129
person 0.017039215 987 -66 1053 164
person 0.017022721 390 898 416 982
person 0.017021142 776 210 810 250
person 0.017003609 268 429 296 451
person 0.01699849 793 -56 864 162
person 0.016997075 511 -115 579 81
person 0.01698918 820 -101 838 -73
person 0.016978638 964 328 1013 406
person 0.016973523 703 21 720 43
person 0.016955186 803 523 814 559
person 0.01693097 1017 719 1033 798
person 0.016930383 738 -259 755 -200
person 0.01687627 383 151 403 173
person 0.016867032 1244 920 1251 971
person 0.01686224 73 634 94 667
person 0.016848255 1243 735 1251 776
person 0.016846968 144 -45 168 1
person 0.016829254 581 66 611 103
person 0.016816981 0 944 10 999
person 0.01681061 0 -38 5 7
person 0.016798716 1174 302 1199 327
person 0.016785443 1047 416 1109 536
person 0.016780674 1179 860 1214 976
person 0.016775398 1021 76 1034 91
person 0.016774178 885 142 907 167
person 0.016764311 197 898 223 982
person 0.01675647 282 518 319 547
person 0.016746698 1040 74 1060 94
person 0.016737828 118 -73 146 0
person 0.016732225 771 -101 789 -71
person 0.01672952 72 -175 94 -96
person 0.016726006 101 163 113 181
person 0.016693406 590 127 603 140
person 0.016667439 972 -261 990 -198
person 0.016650371 -1 -107 16 -21
person 0.016615586 529 99 551 119
person 0.016611326 1241 490 1251 527
person 0.016592968 1035 144 1055 168
person 0.016588144 342 898 367 982
person 0.016519794 345 485 442 666
person 0.016497713 716 -31 769 124
person 0.01649017 1036 161 1057 188
person 0.016483953 180 608 272 811
person 0.01647658 865 208 887 236
person 0.01647179 1244 702 1252 717
person 0.016465226 147 -175 170 -112
person 0.016464368 868 -266 884 -258
person 0.016450321 130 737 141 771
person 0.016447522 981 18 998 67
person 0.016429225 431 637 465 669
person 0.016426267 1007 496 1038 568
person 0.016424727 -1 584 6 629
person 0.016389513 -1 -203 15 -109
person 0.016388806 246 898 271 982
person 0.01638099 774 75 794 97
person 0.01638023 34 588 51 624
person 0.016374968 205 806 251 942
person 0.016374815 962 138 982 162
person 0.016359944 149 898 175 982
person 0.016359238 403 552 430 577
person 0.016355418 485 -267 503 -243
person 0.016354864 244 -267 262 -243
person 0.016352758 355 418 376 450
person 0.01635004 268 -267 286 -243
person 0.016349696 292 -267 310 -243
person 0.016348997 581 -267 599 -243
person 0.016348876 316 -267 334 -243
person 0.016348232 509 -267 527 -243
person 0.01634797 388 -267 406 -243
person 0.016347518 364 -267 382 -243
person 0.01634695 340 -267 358 -243
person 0.016343739 461 -267 479 -243
person 0.016343348 412 -267 430 -243
person 0.016340006 220 -267 238 -243
person 0.016336596 557 -267 575 -243
person 0.016333576 436 -267 454 -243
person 0.016328366 533 -267 551 -243
person 0.01632192 1107 211 1128 242
person 0.01630761 294 898 319 982
person 0.016303876 605 -267 623 -243
person 0.016299168 748 -101 765 -71
person 0.016295062 0 801 10 898
person 0.016279966 299 874 337 984
person 0.016266974 53 898 79 983
person 0.016260542 1245 711 1251 754
person 0.016257972 1088 23 1099 40
person 0.016240677 322 738 333 771
person 0.016235558 984 254 1015 297
person 0.016200166 703 421 724 456
person 0.016198244 145 191 165 217
person 0.016179265 0 426 8 517
person 0.0161774 401 63 430 100
person 0.016157687 196 -267 214 -244
person 0.016156245 1083 860 1106 940
person 0.016154615 289 310 370 411
person 0.016153753 629 -267 647 -244
person 0.016146077 796 -102 814 -71
person 0.016141988 28 73 60 139
person 0.016136725 1244 302 1252 338
person 0.016085599 1023 -225 1039 -171
person 0.016084686 413 -15 471 123
person 0.01606895 281 270 313 308
person 0.016058369 653 -267 671 -244
person 0.016045354 1160 899 1185 982
person 0.016017178 822 23 839 45
person 0.016008839 1186 407 1197 423
person 0.01600437 939 859 962 940
person 0.015980111 352 396 382 440
person 0.015978409 412 164 433 187
person 0.015973821 1018 73 1037 94
person 0.01596844 597 138 618 161
person 0.015961241 424 236 499 334
person 0.0159599 1132 -267 1150 -245
person 0.015957078 1072 -229 1087 -168
person 0.015956927 393 845 421 920
person 0.015933808 1244 143 1252 159
person 0.015924502 622 380 642 412
person 0.015904557 492 877 529 987
person 0.015901593 350 122 381 156
person 0.015898451 265 286 389 461
person 0.01589682 447 208 479 245
person 0.015884567 817 791 839 850
person 0.015876802 -1 560 6 604
person 0.015862651 1135 117 1154 139
person 0.015862482 227 123 246 147
person 0.0158512 719 49 739 72
person 0.015849989 124 -255 138 -200
person 0.015832806 842 -101 862 -75
person 0.015820174 1177 383 1196 398
person 0.015816461 114 437 137 458
person 0.015805347 1066 77 1079 92
person 0.015803907 481 860 502 889
person 0.015802046 1163 304 1200 361
person 0.015785761 457 860 478 890
person 0.01578491 677 -267 695 -244
person 0.015778258 1067 735 1077 772
person 0.015752953 0 536 7 580
person 0.015743988 586 604 649 831
person 0.015711075 1120 74 1148 109
person 0.015708875 178 736 189 771
person 0.015706915 1128 27 1144 75
person 0.0157041 235 574 262 599
person 0.015701948 1112 764 1124 798
person 0.01569539 716 422 735 454
person 0.015687428 994 733 1004 772
person 0.015682768 164 433 193 458
person 0.015672643 79 -254 92 -199
person 0.015667487 93 645 112 678
person 0.01564741 172 -267 190 -244
person 0.01563716 1161 767 1174 796
person 0.015627965 699 -101 717 -71
person 0.015615838 942 82 955 95
person 0.015604107 506 860 526 889
person 0.015598196 42 34 75 94
person 0.015594645 878 878 913 991
person 0.015594507 436 169 448 183
person 0.015588915 781 501 792 535
person 0.01558405 73 -40 97 9
person 0.015583706 659 634 670 675
person 0.015578682 723 -101 741 -71
person 0.015576144 730 25 740 41
person 0.015574674 1166 449 1182 483
person 0.015559088 683 659 704 745
person 0.015553123 234 195 286 267
person 0.015527117 433 860 454 890
person 0.015520805 218 398 255 430
person 0.015519165 602 860 622 889
person 0.01551902 530 860 550 889
person 0.015513899 578 860 598 889
person 0.015467438 791 89 811 111
person 0.015427557 554 860 574 889
person 0.015413462 625 334 647 370
person 0.015397687 626 860 646 889
person 0.015393899 684 876 720 989
person 0.0153831495 435 139 449 153
person 0.01537678 1091 -249 1101 -208
person 0.015360458 116 586 134 619
person 0.015360163 701 -267 719 -244
person 0.015352793 675 -101 693 -71
person 0.015324921 891 859 914 941
person 0.015300554 1242 857 1252 946
person 0.015285446 1179 423 1199 451
person 0.015280897 781 877 816 989
person 0.015275173 -6 229 11 261
person 0.0152732935 75 -93 101 -21
person 0.015257875 409 860 429 890
person 0.015251049 120 -246 157 -153
person 0.015249251 1063 24 1075 40
person 0.015228622 317 212 368 283
person 0.015194114 1208 -156 1238 -31
person 0.015177121 204 447 244 468
person 0.0151759945 588 876 624 989
person 0.015167872 454 280 562 471
person 0.015164241 1040 24 1051 40
person 0.015160288 650 860 670 889
person 0.015157983 937 165 958 192
person 0.0151527515 448 629 472 655
person 0.015133159 204 -262 222 -203
person 0.015105331 821 -267 839 -245
person 0.015101969 412 140 434 162
person 0.01509451 755 426 774 459
person 0.015094114 44 637 64 671
person 0.015072416 746 146 768 172
person 0.015025119 877 71 889 85
person 0.015024053 707 141 728 169
person 0.015023615 966 74 985 94
person 0.015023452 1136 22 1147 39
person 0.015017702 458 184 479 210
person 0.015012857 385 860 405 890
person 0.014980871 770 141 792 164
person 0.014977355 241 860 261 890
person 0.014959111 825 26 835 42
person 0.01495184 265 860 285 890
person 0.014941738 244 554 270 579
person 0.014936277 289 860 309 890
person 0.01492158 215 -251 251 -161
person 0.014915062 623 112 645 136
person 0.014914032 0 -210 6 -161
person 0.014912422 816 186 839 213
person 0.014900658 488 128 503 142
person 0.014897251 0 753 10 851
person 0.01489429 404 210 424 238
person 0.014892604 1231 -267 1255 -196
person 0.014890471 313 860 333 890
person 0.014881891 849 27 859 43
person 0.014881514 1073 803 1118 946
person 0.014863447 361 860 381 890
person 0.0148612475 148 -267 166 -244
person 0.014860137 1241 -176 1251 -104
person 0.014859971 674 859 694 889
person 0.014855888 1114 102 1127 115
person 0.014855162 337 860 357 890
person 0.014845464 1018 734 1028 773
person 0.01484246 1085 22 1103 42
person 0.014839365 771 380 794 415
person 0.014838444 1245 44 1252 75
person 0.014832764 109 605 184 821
person 0.0148305 1175 159 1212 214
person 0.014828625 484 211 505 241
person 0.01480274 766 164 787 189
person 0.014801914 -1 286 21 364
person 0.014796643 252 -262 269 -204
person 0.01479658 217 860 237 890
person 0.014780865 686 -261 703 -202
person 0.014772613 644 398 667 429
person 0.01477241 405 126 436 159
person 0.014763523 651 -101 669 -71
person 0.01475873 983 797 1025 948
person 0.014737176 1158 746 1178 810
person 0.014728447 459 139 482 162
person 0.014712665 1208 123 1243 209
person 0.0146964025 80 370 120 429
person 0.014689997 255 556 280 583
person 0.014677868 102 898 127 984
person 0.014677122 693 19 718 61
person 0.014662339 304 426 325 456
person 0.014658302 1132 -266 1148 -258
person 0.014634106 -4 -269 16 -188
person 0.014629686 262 131 299 186
person 0.014623605 845 23 863 45
person 0.0146233635 794 859 815 889
person 0.0146208005 1112 23 1123 40
person 0.014620396 300 -262 317 -204
person 0.014607212 1244 14 1252 48
person 0.014604508 47 472 63 505
person 0.014599493 1019 254 1053 298
person 0.014589083 818 859 839 889
person 0.014588096 75 -267 94 -246
person 0.014581441 1193 579 1226 651
person 0.014580975 981 442 1003 476
person 0.014565217 725 -267 743 -244
person 0.014553205 884 166 906 192
person 0.014521194 1174 280 1197 308
person 0.0145063875 770 859 791 889
person 0.014503055 627 -100 645 -71
person 0.014501868 1120 -221 1138 -157
person 0.014501513 698 859 719 889
person 0.0144942105 843 859 863 889
person 0.01448753 192 -171 214 -113
person 0.014473935 395 877 433 987
person 0.01447105 -1 500 11 631
person 0.014467271 941 213 962 241
person 0.014465007 608 608 619 644
person 0.014451592 622 637 637 674
person 0.0144420685 250 -110 273 -54
person 0.014440617 992 72 1011 93
person 0.014433703 73 345 177 546
person 0.014433424 1133 20 1151 41
person 0.014422699 722 859 743 889
person 0.014421694 843 859 866 941
person 0.014415738 1138 721 1150 753
person 0.014409649 746 859 767 889
person 0.014404205 651 94 674 115
person 0.014394968 0 -64 6 -17
person 0.014386899 356 584 420 708
person 0.014375686 730 500 742 538
person 0.014362936 972 733 982 771
person 0.014358372 867 859 887 889
person 0.01435392 1009 163 1030 190
person 0.014343002 169 388 194 414
person 0.01433922 -1 63 6 103
person 0.014324751 1016 23 1027 40
person 0.014321177 419 279 494 384
person 0.014311366 197 471 258 498
person 0.01430698 109 842 133 921
person 0.014284962 193 859 213 890
person 0.01427729 1244 123 1252 137
person 0.014275578 728 198 780 270
person 0.0142725855 1077 -63 1144 159
person 0.014262045 597 121 611 134
person 0.014251086 1212 127 1230 151
person 0.014240528 1156 -267 1171 -258
person 0.0142348055 123 -267 142 -245
person 0.01421081 1180 861 1202 944
person 0.014186023 814 168 837 192
person 0.0141814565 850 523 862 556
person 0.014179463 1197 186 1217 214
person 0.014172966 995 711 1005 759
person 0.014172307 628 344 649 377
person 0.014165899 641 296 748 476
person 0.01414956 1043 734 1053 772
person 0.0141489 749 -267 767 -244
person 0.014148888 632 78 654 100
person 0.014148549 794 859 817 941
person 0.014138907 1111 99 1130 118
person 0.014126126 275 8 330 136
person 0.014122578 1063 74 1082 95
person 0.014119731 1243 759 1251 800
person 0.014111835 206 -111 229 -55
person 0.014100224 581 73 603 95
person 0.014097327 995 76 1008 90
person 0.014086005 823 96 836 110
person 0.014084795 388 569 418 594
person 0.014074164 603 -100 621 -71
person 0.014073151 1156 -267 1174 -246
person 0.014056066 1197 170 1217 196
person 0.014042657 450 24 477 69
person 0.014041659 934 421 961 455
person 0.014040795 797 -267 815 -245
person 0.014034941 46 117 68 136
person 0.0140335355 332 557 358 580
person 0.014031747 360 518 427 629
person 0.014013282 1087 141 1106 165
person 0.014002769 491 607 566 833
person 0.013970278 891 859 911 889
person 0.013956373 608 104 631 123
person 0.01395119 844 -267 860 -258
person 0.013944998 0 -7 6 34
person 0.01394068 545 65 575 103
person 0.013911304 773 -267 791 -244
person 0.013909904 108 227 128 254
person 0.013893308 747 73 759 89
person 0.013889977 345 846 373 920
person 0.013883597 240 -170 262 -113
person 0.0138819 190 490 262 609
person 0.013878643 1241 69 1256 97
person 0.013876406 796 542 808 579
person 0.013872823 1033 387 1121 568
person 0.0138698295 249 727 265 793
person 0.01386818 990 163 1011 190
person 0.013830004 1008 -77 1031 -66
person 0.013814022 348 -262 365 -203
person 0.013800744 579 -100 597 -71
person 0.0137802055 1185 148 1204 173
person 0.013779402 1064 727 1081 800
person 0.013772516 334 498 360 523
person 0.0137662925 707 80 726 100
person 0.013756268 1110 168 1129 195
person 0.013755402 68 162 98 199
person 0.013755219 1185 24 1194 41
person 0.01375379 727 73 748 94
person 0.013745552 79 722 93 823
person 0.013744828 1090 120 1131 202
person 0.013731577 1243 -227 1251 -183
person 0.013720222 550 169 571 195
person 0.013707839 817 450 835 483
person 0.013701265 25 540 39 576
person 0.013695428 746 858 769 941
person 0.013694726 650 858 673 941
person 0.013690012 1213 530 1229 619
person 0.013687431 438 692 462 717
person 0.013674401 435 -100 453 -70
person 0.0136729665 915 859 935 889
person 0.013668396 1242 466 1251 509
person 0.0136532895 555 -100 573 -70
person 0.013651884 14 33 103 178
person 0.013639048 0 345 23 421
person 0.0136380475 60 735 70 769
person 0.013612248 1160 742 1176 771
person 0.013608874 698 858 721 941
person 0.013594792 463 142 478 156
person 0.01358948 969 77 982 91
person 0.013588439 411 -100 429 -70
person 0.0135843605 239 120 254 137
person 0.013571665 -5 17 10 48
person 0.0135698775 1138 99 1150 112
person 0.013567995 464 650 487 676
person 0.013563936 525 173 537 188
person 0.0135592725 887 188 909 215
person 0.013555089 1030 447 1052 481
person 0.01355398 398 256 512 441
person 0.013550264 1033 -77 1055 -66
person 0.0135386875 791 475 807 513
person 0.013507301 -4 -252 10 -217
person 0.013506857 790 71 810 93
person 0.01349723 20 528 35 563
person 0.01349488 459 -100 477 -70
person 0.013476933 463 210 583 376
person 0.013453027 991 422 1035 510
person 0.013448907 490 659 511 689
person 0.013446041 34 75 51 134
person 0.013434744 821 66 841 87
person 0.013433928 1037 22 1055 42
person 0.013433296 923 408 957 480
person 0.013427611 799 54 818 75
person 0.013410168 1060 22 1079 42
person 0.013408811 924 -250 934 -208
person 0.013405469 531 -100 549 -70
person 0.01340511 1185 766 1197 794
person 0.013377829 564 572 579 607
person 0.013372928 485 647 509 679
person 0.0133693125 844 117 856 132
person 0.013345564 815 212 837 240
person 0.013339116 553 120 575 140
person 0.013338952 1082 164 1102 191
person 0.013337686 1058 166 1078 194
person 0.013323736 814 128 826 142
person 0.013311212 995 460 1051 600
person 0.013291792 939 859 959 889
person 0.013283916 1058 141 1078 164
person 0.013279254 645 107 686 161
person 0.013273888 651 77 672 97
person 0.013267263 984 -77 1007 -66
person 0.013260454 948 -250 958 -208
person 0.013254434 849 101 864 114
person 0.013238814 1016 121 1030 135
person 0.013236411 642 47 662 70
person 0.013235937 507 -100 525 -70
person 0.0132119935 0 512 7 557
person 0.013211385 483 -100 501 -70
person 0.013210757 250 39 276 81
person 0.013194083 -5 591 10 622
person 0.013193084 823 726 845 802
person 0.013185034 231 8 290 127
person 0.013175124 185 173 203 196
person 0.0131678535 602 858 625 941
person 0.013159306 913 142 935 167
person 0.013145486 635 613 645 652
person 0.013141019 721 449 733 494
person 0.01312565 728 324 838 466
person 0.013116493 306 461 327 486
person 0.013108465 248 383 292 441
person 0.013106719 1176 33 1192 80
person 0.013106534 926 80 938 94
person 0.013099228 1233 831 1253 913
person 0.013056263 1059 188 1080 217
person 0.012978465 0 -186 6 -137
person 0.012971723 772 444 790 481
person 0.012967609 917 187 939 215
person 0.012965272 995 125 1008 138
person 0.0129575785 117 229 130 252
person 0.012944084 169 859 189 890
person 0.01294097 537 724 553 793
person 0.012934766 963 859 983 889
person 0.012925631 400 35 426 78
person 0.012919172 577 97 599 117
person 0.012909531 1243 -180 1251 -135
person 0.012907964 35 182 52 209
person 0.012904707 1135 96 1154 116
person 0.012892438 953 615 1021 818
person 0.012885285 381 482 405 508
person 0.012868115 -5 566 10 598
person 0.012866431 751 123 772 147
person 0.012866164 525 180 537 203
person 0.012859788 1244 678 1253 690
person 0.012857052 1156 214 1177 241
person 0.01284851 638 -262 655 -203
person 0.012843866 517 127 530 141
person 0.012810463 840 135 862 160
person 0.012801849 697 354 719 390
person 0.012793096 1108 21 1127 42
person 0.01277476 0 204 7 242
person 0.012774272 794 188 816 214
person 0.012770588 99 434 115 447
person 0.012749016 387 -101 405 -70
person 0.012727793 1156 165 1176 191
person 0.012722121 1227 169 1258 230
person 0.012717923 677 421 699 457
person 0.012716037 974 423 1005 493
person 0.012713847 913 167 934 194
person 0.012709047 1108 141 1126 164
person 0.012707313 1082 188 1102 216
person 0.012706421 38 660 46 704
person 0.012702359 678 352 702 389
person 0.012689998 990 22 1000 39
person 0.012679189 1243 -108 1251 -63
person 0.012678833 1243 -204 1251 -159
person 0.012669983 1011 188 1032 217
person 0.012663221 1155 -257 1180 -190
person 0.012643848 1243 783 1251 824
person 0.012636527 23 411 51 483
person 0.012634779 249 846 276 921
person 0.012599664 867 -100 887 -77
person 0.012599558 794 381 815 415
person 0.012597227 1112 724 1122 746
person 0.012594706 1234 868 1253 960
person 0.012594067 396 -262 413 -203
person 0.012593835 866 23 884 44
person 0.01259017 201 845 228 921
person 0.012582158 775 -160 805 -35
person 0.012557952 1241 398 1249 435
person 0.012545086 -5 138 11 166
person 0.01253178 358 85 386 122
person 0.01252611 1090 742 1099 763
person 0.012517619 429 669 456 694
person 0.012508316 935 187 957 215
person 0.012504835 888 80 900 93
person 0.012502845 1182 426 1194 445
person 0.012495128 125 284 149 313
person 0.012493217 554 859 577 941
person 0.012492217 489 736 501 774
person 0.012488683 0 775 6 824
person 0.01247073 -4 -226 10 -193
person 0.01247016 960 -77 983 -66
person 0.0124698365 1013 21 1031 42
person 0.012469202 235 455 266 477
person 0.012460329 942 116 955 129
person 0.012456627 755 517 767 553
person 0.012452815 959 214 980 242
person 0.012452667 869 25 880 42
person 0.012440546 461 174 474 188
person 0.012425616 1012 446 1036 481
person 0.012419475 48 545 66 581
person 0.01241202 -1 418 6 462
person 0.012411517 211 624 236 651
person 0.012380962 341 740 365 792
person 0.012371614 987 858 1007 889
person 0.0123703955 1060 598 1142 816
person 0.012363972 435 127 457 147
person 0.012361585 1183 741 1199 770
person 0.012351757 77 124 93 140
person 0.012344883 520 231 552 271
person 0.012336263 67 177 175 345
person 0.01233312 668 205 690 233
person 0.01233049 1159 191 1180 217
person 0.01231808 635 661 654 748
person 0.012299993 -1 -46 9 15
person 0.012298336 505 215 527 243
person 0.012281567 493 30 519 75
person 0.012278462 652 322 673 357
person 0.012274275 527 117 542 131
person 0.012264399 -5 423 10 457
person 0.0122589655 99 -267 118 -245
person 0.012248651 78 653 93 752
person 0.012245531 752 499 764 536
person 0.012245105 471 320 544 434
person 0.012243668 236 104 300 209
person 0.012242699 53 301 97 365
person 0.012239188 1040 119 1054 132
person 0.012216075 961 376 1057 575
person 0.012210432 47 527 63 562
person 0.012192593 244 139 267 163
person 0.012187168 0 -89 6 -41
person 0.012185939 304 521 334 548
person 0.01218467 297 846 325 921
person 0.012182483 125 -225 140 -162
person 0.01216378 32 37 49 68
person 0.0121615175 950 732 960 772
person 0.012161202 802 57 813 72
person 0.012153443 734 474 743 514
person 0.012146026 606 -18 661 129
person 0.01214598 201 738 215 773
person 0.0121436175 776 474 788 511
person 0.012122545 821 -267 837 -258
person 0.012112556 1193 -171 1240 -3
person 0.012110005 1111 118 1123 131
person 0.012107188 1033 188 1054 217
person 0.012100152 179 174 197 196
person 0.012091759 972 -250 981 -208
person 0.01208319 193 263 225 297
person 0.012082438 0 704 6 751
person 0.012081755 0 728 6 776
person 0.012073505 631 33 657 76
person 0.0120686935 960 165 980 191
person 0.012068626 864 -103 886 -90
person 0.01206857 987 189 1008 217
person 0.012065841 769 212 791 238
person 0.012054892 463 498 488 540
person 0.012052166 704 90 725 112
person 0.012049845 844 67 864 88
person 0.012048738 377 597 405 623
person 0.012034885 1067 -250 1077 -208
person 0.012024062 1032 213 1053 242
person 0.011998399 433 185 453 210
person 0.011978642 649 653 662 696
person 0.011975375 68 469 164 665
person 0.011962851 292 -171 309 -115
person 0.01195333 112 452 136 475
person 0.011944074 494 75 525 112
person 0.011941745 -1 394 5 434
person 0.011939658 780 -227 795 -167
person 0.011936891 353 507 374 559
person 0.011931499 827 -227 843 -165
person 0.011929048 347 579 391 639
person 0.0119093135 1243 -155 1251 -111
person 0.011894555 916 21 934 42
person 0.0118641835 457 127 479 147
person 0.011863084 518 149 532 163
person 0.01185688 589 -262 606 -203
person 0.011847314 19 227 35 316
person 0.011828433 70 858 92 942
person 0.011827458 1034 -76 1057 -56
person 0.011820253 488 146 504 161
person 0.0118081905 1018 431 1049 504
person 0.011800586 0 752 6 800
person 0.011791304 1243 -131 1251 -87
person 0.011782683 941 22 959 43
person 0.011776644 392 623 478 835
person 0.011776095 1193 589 1229 615
person 0.0117702475 1154 116 1173 138
person 0.011764741 1073 15 1103 81
person 0.011762779 38 682 47 722
person 0.011753133 154 844 180 921
person 0.011752279 1011 858 1031 889
person 0.011748697 491 135 558 242
person 0.011741567 445 -262 461 -203
person 0.011727925 825 524 837 559
person 0.011726775 1241 542 1251 574
person 0.011719915 973 -269 1006 -174
person 0.011710144 634 47 655 71
person 0.011708487 0 800 6 848
person 0.011708112 0 -162 6 -113
person 0.011698439 1239 500 1251 515
person 0.011685494 678 401 699 433
person 0.011678421 835 296 940 471
person 0.011677173 1230 514 1243 549
person 0.011669415 332 567 361 591
person 0.011656961 959 426 981 459
person 0.011652758 1158 476 1177 512
person 0.011638318 0 918 6 972
person 0.011637117 1058 -77 1080 -55
person 0.011618157 -4 493 10 526
person 0.011608808 607 398 627 432
person 0.011602906 1010 -76 1033 -56
person 0.0115908645 1057 -77 1079 -65
person 0.011588969 968 493 1001 563
person 0.0115888985 -6 85 11 116
person 0.01158886 617 83 656 138
person 0.011585922 506 859 529 941
person 0.011576665 408 190 428 214
person 0.011545925 719 91 741 113
person 0.011540045 915 210 937 237
person 0.011527917 681 465 692 500
person 0.011520518 698 460 711 484
person 0.011509343 1132 141 1150 165
person 0.011502367 961 187 983 215
person 0.01149827 592 33 617 78
person 0.011496667 966 23 977 40
person 0.011488496 1132 861 1155 943
person 0.011482027 605 227 628 257
person 0.0114781475 53 875 72 909
person 0.011453168 369 150 388 172
person 0.011452072 -4 542 10 574
person 0.011436007 1221 519 1248 547
person 0.011430526 105 841 156 1006
person 0.011424876 541 -262 558 -203
person 0.011419169 1134 195 1154 221
person 0.011412962 493 -262 509 -203
person 0.011403337 555 95 576 115
person 0.011398033 526 211 548 238
person 0.011397974 579 145 602 168
person 0.011396642 1087 762 1100 796
person 0.0113843335 182 822 263 1010
person 0.0113801705 887 214 909 240
person 0.011375085 383 789 406 844
person 0.0113683045 301 -112 325 -55
person 0.011364281 1089 118 1103 132
person 0.011357531 1068 256 1101 301
person 0.011356425 840 189 862 215
person 0.0113534 747 91 768 114
person 0.011328106 950 649 967 682
person 0.011327256 75 -267 91 -258
person 0.011317077 718 112 740 137
person 0.011314985 966 120 980 133
person 0.011305191 1086 52 1105 72
person 0.011288021 723 368 744 403
person 0.01128726 1064 119 1077 132
person 0.0112767825 606 326 631 363
person 0.011274819 -5 -33 9 0
person 0.011264683 795 213 817 239
person 0.011263922 373 105 383 121
person 0.011263822 533 100 547 115
person 0.011252733 209 432 240 455
person 0.011251376 772 89 794 112
person 0.01124717 573 163 595 190
person 0.011245955 1015 235 1036 265
person 0.011231019 843 162 866 186
person 0.011214017 936 -77 959 -66
person 0.011207104 0 679 6 728
person 0.011203781 857 105 897 158
person 0.011194366 403 205 520 370
person 0.011192298 911 419 937 453
person 0.011183941 354 579 381 600
person 0.011178764 986 20 1004 41
person 0.0111647 232 594 256 618
person 0.011160783 118 624 135 657
person 0.011158262 958 659 979 695
person 0.011150657 369 598 419 658
person 0.011131929 794 446 813 480
person 0.011123518 -1 225 6 267
person 0.011123052 900 -250 910 -208
person 0.011116288 962 -76 985 -56
person 0.011104176 1166 347 1198 376
person 0.011096356 1244 99 1252 114
person 0.011087495 43 250 72 282
person 0.011083471 963 21 981 42
person 0.011078204 986 -76 1009 -56
person 0.011076735 73 399 107 427
person 0.011073232 765 426 783 459
person 0.0110587925 733 -228 747 -171
person 0.011053745 841 -102 860 -89
person 0.011045851 857 315 898 381
person 0.011033726 1243 378 1250 415
person 0.011033039 0 608 6 656
person 0.011032806 797 -267 813 -258
person 0.011032425 49 579 59 595
person 0.0110319415 1245 899 1252 948
person 0.011016293 969 442 991 476
person 0.01101569 188 410 214 434
person 0.011013545 73 785 94 867
person 0.011010346 -21 493 53 659
person 0.011004199 961 236 982 264
person 0.010996963 1084 6 1098 23
person 0.010979427 238 1 258 29
person 0.010950613 395 741 406 777
person 0.010936235 401 784 452 902
person 0.01093346 989 258 1010 288
person 0.010933046 0 468 9 562
person 0.010932799 862 85 899 139
person 0.0109235225 558 97 572 112
person 0.010920318 370 739 380 772
person 0.010916477 550 141 571 163
person 0.010912179 1240 46 1256 74
person 0.0109113455 965 836 982 867
person 0.010908628 1182 48 1199 71
person 0.010904045 1061 6 1075 23
person 0.010900421 673 93 696 114
person 0.01088872 1238 31 1250 86
person 0.010879367 751 184 762 199
person 0.01087154 580 -266 596 -258
person 0.010866346 484 -266 500 -258
person 0.010863302 508 -266 524 -258
person 0.010861023 556 -266 572 -258
person 0.010860977 914 -77 937 -54
person 0.010860474 1115 -248 1125 -208
person 0.010859788 243 -266 260 -258
person 0.010858928 460 -266 476 -258
person 0.010858918 219 -266 235 -258
person 0.010858359 944 24 954 41
person 0.010856377 1226 524 1244 538
person 0.010856126 388 -266 404 -258
person 0.010856034 267 -266 284 -258
person 0.01085584 292 -266 308 -258
person 0.010855736 364 -266 380 -258
person 0.010855624 316 -266 332 -258
person 0.010854847 340 -266 356 -258
person 0.010854129 532 -266 548 -258
person 0.010854108 412 -266 428 -258
person 0.010853161 996 -251 1005 -208
person 0.010850701 436 -266 452 -258
person 0.0108505925 1244 169 1252 186
person 0.0108453985 989 836 1006 867
person 0.010844919 604 -266 620 -258
person 0.010842152 529 788 550 846
person 0.010838644 941 836 958 867
person 0.010828505 1023 10 1054 75
person 0.010811042 52 593 67 611
person 0.01080231 1156 -215 1180 -143
person 0.010794191 300 784 354 903
person 0.010793132 78 -220 92 -154
person 0.010789376 393 212 413 239
person 0.010787773 920 23 930 40
person 0.010781968 229 470 263 495
person 0.01077633 -2 134 19 180
person 0.010772685 628 -266 644 -258
person 0.010763847 706 24 715 40
person 0.01076334 0 848 6 895
person 0.010760304 195 -266 211 -258
person 0.01075322 612 447 623 485
person 0.010750659 888 794 929 950
person 0.010750548 1163 73 1191 107
person 0.010749072 0 824 6 872
person 0.010736737 210 487 249 536
person 0.010734868 1054 824 1131 1005
person 0.010734529 791 129 832 183
person 0.010726456 692 404 711 436
person 0.010717353 652 -266 669 -258
person 0.010705932 1203 741 1213 765
person 0.010705195 917 837 934 867
person 0.010704735 1246 666 1252 703
person 0.010691664 106 551 135 624
person 0.010691398 721 678 733 723
person 0.010689581 595 202 645 274
person 0.01068826 409 593 437 617
person 0.010685191 62 286 87 313
person 0.01067312 938 -76 961 -55
person 0.010662179 841 211 863 236
person 0.010659383 941 233 962 262
person 0.010650059 500 780 548 904
person 0.010646728 406 63 428 85
person 0.010642575 273 820 358 1003
person 0.010639177 477 714 494 748
person 0.010637917 1035 857 1055 889
person 0.010634716 1083 -78 1104 -54
person 0.010629399 926 256 958 297
person 0.0106195295 470 494 484 546
person 0.0106134685 201 723 218 798
person 0.0105906 1018 648 1036 682
person 0.010584167 822 51 841 72
person 0.0105801225 676 -266 693 -258
person 0.01057906 59 618 70 634
person 0.0105786165 1181 118 1199 141
person 0.010561501 1244 721 1251 740
person 0.01054275 1214 -6 1243 108
person 0.010540299 113 261 144 304
person 0.0105401995 824 69 837 83
person 0.010523732 268 615 362 808
person 0.010518674 773 -267 789 -258
person 0.01051015 217 859 240 941
person 0.010506288 411 98 476 204
person 0.010503016 705 106 799 277
person 0.0105004655 0 -114 6 -66
person 0.010499733 1108 6 1123 23
person 0.010498999 1037 6 1051 23
person 0.01049839 53 852 70 887
person 0.010497984 828 255 861 298
person 0.010497587 1153 23 1164 40
person 0.010496324 1020 -168 1033 -121
person 0.010495749 235 424 265 446
person 0.01048982 171 -266 187 -258
person 0.01048075 0 -138 6 -90
person 0.01047632 449 -53 472 7
person 0.010474502 458 859 481 942
person 0.010472386 1238 328 1257 356
person 0.010464503 848 70 861 85
person 0.010463575 1044 -251 1053 -208
person 0.010455037 801 392 823 428
person 0.01045442 893 837 910 867
person 0.01045338 336 789 358 843
person 0.010446422 145 859 164 890
person 0.010437666 853 126 914 241
person 0.010433254 1135 52 1154 73
person 0.010432072 0 549 8 673
person 0.010423128 700 -266 717 -258
person 0.010414125 585 551 602 588
person 0.0104065165 360 550 389 574
person 0.010405579 26 926 43 963
person 0.010405064 1085 811 1102 844
person 0.0104021225 61 107 93 153
person 0.010397279 1206 724 1215 741
person 0.010389584 43 175 62 196
person 0.010388153 1113 716 1125 754
person 0.0103682345 751 455 769 489
person 0.010363295 869 837 886 868
person 0.010358601 428 607 453 630
person 0.010353323 1133 5 1147 23
person 0.01035093 -1 369 6 409
person 0.010349185 362 -101 381 -70
person 0.010349038 496 376 526 448
person 0.010345509 1015 260 1057 317
person 0.01034482 334 211 355 238
person 0.0103436345 112 313 137 340
person 0.010343195 119 439 132 452
person 0.010342775 245 147 284 201
person 0.010333501 118 -80 171 47
person 0.010328889 1020 -251 1029 -208
person 0.010320587 685 -229 699 -172
person 0.010316272 698 451 712 493
person 0.010314767 599 791 638 953
person 0.010313108 919 652 940 751
person 0.010311964 317 130 329 144
person 0.010310733 -1 16 9 73
person 0.010306369 1164 852 1219 999
person 0.010303316 -1 438 6 486
person 0.010302382 370 120 389 142
person 0.010301866 748 -267 765 -258
person 0.010296923 153 -227 168 -169
person 0.010294022 1238 550 1251 564
person 0.010286758 989 235 1010 264
person 0.010277028 582 117 626 170
person 0.010275288 892 21 910 42
person 0.010274191 1031 232 1052 262
person 0.010273105 117 523 138 541
person 0.010269639 1233 545 1257 571
person 0.010267556 129 715 142 817
person 0.010265865 415 143 429 157
person 0.010258004 -4 855 10 887
person 0.010254795 1013 836 1030 867
person 0.010246817 988 212 1009 241
person 0.010239943 895 23 905 40
person 0.01023303 1061 812 1078 843
person 0.010230205 874 -248 887 -208
person 0.010212824 722 51 735 67
person 0.010198422 725 -266 741 -258
person 0.0101955235 333 195 353 220
person 0.010184972 1131 166 1150 192
person 0.010182487 623 598 633 635
person 0.010182189 587 163 630 216
person 0.01015976 681 79 700 99
person 0.010159295 298 737 308 772
person 0.010157961 436 734 450 774
person 0.010155311 260 261 293 297
person 0.010154702 133 317 177 377
person 0.010137745 460 876 481 908
person 0.010125574 1244 351 1251 387
person 0.010118555 752 372 774 408
person 0.0101167215 1012 214 1033 243
person 0.0101133995 265 859 288 942
person 0.0101095615 724 837 742 868
person 0.010105129 700 837 718 868
person 0.010102902 490 174 503 189
person 0.010100771 777 76 790 92
person 0.010099259 1088 714 1100 756
person 0.010094174 152 722 169 806
person 0.010094145 484 876 506 908
person 0.01007782 921 121 935 133
person 0.010075618 845 837 862 868
person 0.010070929 224 739 238 773
person 0.010066101 993 742 1003 758
person 0.010061555 338 166 359 190
person 0.010054618 508 876 530 908
person 0.01005459 340 837 357 869
person 0.010051618 162 447 190 473
person 0.010046737 0 164 7 182
person 0.010036579 122 -2 182 118
person 0.010032506 834 466 853 500
person 0.010030839 491 463 517 514
person 0.01002602 828 476 846 511
person 0.010025533 755 466 767 505
person 0.010018658 1244 877 1252 921
person 0.010014649 412 876 433 908
person 0.010012961 147 -266 163 -258
person 0.01000858 1236 472 1255 505
person 0.010008255 316 837 333 869
person 0.010005429 1165 380 1183 397
person 0.010005127 1104 251 1137 294
