person 0.74444073 884 71 898 90
person 0.71781766 854 125 878 158
person 0.71008176 969 151 994 184
person 0.70954776 391 117 411 139
person 0.7062816 553 167 582 202
person 0.70037556 629 181 660 215
person 0.7002088 693 143 720 174
person 0.7000873 686 49 701 68
person 0.6955366 562 71 577 90
person 0.69517535 974 105 991 128
person 0.69282013 436 91 453 111
person 0.6924813 803 124 826 155
person 0.68901676 589 124 613 152
person 0.6889032 907 98 924 120
person 0.6800285 865 86 881 107
person 0.6791808 720 57 736 75
person 0.6789074 745 72 761 92
person 0.677408 920 67 934 87
person 0.67630357 843 65 858 84
person 0.67295396 598 93 615 115
person 0.6715253 952 67 966 86
person 0.6670453 842 89 859 111
person 0.6645743 738 109 762 138
person 0.66329646 940 106 956 129
person 0.6624214 651 54 666 72
person 0.662097 314 139 332 161
person 0.65702266 785 73 801 93
person 0.65338486 971 86 986 105
person 0.64791405 478 92 494 111
person 0.64496493 659 72 676 92
person 0.6448341 626 48 641 67
person 0.64447534 401 168 429 198
person 0.6344166 639 113 663 141
person 0.6313016 822 158 850 196
person 0.6253515 567 100 590 128
person 0.6252509 689 108 713 136
person 0.62474406 349 150 373 177
person 0.6224651 931 91 946 112
person 0.6223768 790 59 804 77
person 0.61430836 33 214 70 260
person 0.6107639 531 89 547 110
person 0.61064637 512 156 539 188
person 0.6052098 987 81 1002 100
person 0.6018678 497 79 513 96
person 0.5965397 700 191 732 228
person 0.5952977 475 76 490 92
person 0.59422 359 118 376 139
person 0.5933013 922 123 940 149
person 0.5917421 747 158 773 194
person 0.5886458 589 60 603 77
person 0.5839441 433 124 452 146
person 0.582376 823 61 838 78
person 0.5806886 266 157 284 180
person 0.5736048 512 117 530 142
person 0.5684629 815 70 830 90
person 0.56329423 612 77 630 98
person 0.5553038 640 151 668 180
person 0.5270753 342 134 360 155
person 0.52291024 466 111 484 134
person 0.50302553 733 53 747 71
person 0.5024857 502 98 518 118
person 0.47396073 772 72 787 91
person 0.4398665 774 86 792 109
person 0.42734003 949 87 963 106
person 0.42291924 721 84 739 106
person 0.42084605 895 84 910 104
person 0.4166274 779 103 796 126
person 0.41368717 597 74 613 93
person 0.33311674 693 59 708 76
person 0.30552045 322 132 342 156
person 0.28741968 586 79 601 99
person 0.262366 726 103 744 127
person 0.25047582 330 123 347 141
person 0.23679225 688 91 705 112
person 0.23628233 508 75 522 92
person 0.21945785 403 106 419 126
person 0.21724059 462 107 479 130
person 0.19851872 911 80 927 100
person 0.19801019 796 85 813 104
person 0.19800813 848 62 863 80
person 0.16725919 470 124 489 147
person 0.15640526 370 116 397 144
person 0.12302299 430 112 457 141
person 0.11866869 644 85 662 104
person 0.10656348 743 70 767 96
person 0.09521057 902 103 920 127
person 0.07962225 716 76 740 102
person 0.07862277 655 70 680 97
person 0.073236875 859 83 882 112
person 0.06643866 529 81 545 97
person 0.062450226 403 147 424 168
person 0.060945034 392 148 421 177
person 0.049657185 392 124 412 147
person 0.04856668 557 70 581 96
person 0.04641014 838 62 863 92
person 0.04620461 506 93 524 114
person 0.037011664 477 77 488 88
person 0.036622457 545 147 576 179
person 0.030794496 879 70 901 97
person 0.028821386 674 68 692 89
person 0.025729587 867 80 883 100
person 0.023425305 893 106 910 128
person 0.023259431 563 88 581 110
person 0.022377886 499 79 510 91
person 0.021762734 697 66 714 86
person 0.019418526 447 97 465 117
person 0.017006468 397 171 419 195
person 0.016902756 584 73 609 99
person 0.016305927 976 93 999 124
person 0.01620884 320 151 342 176
person 0.015828677 510 75 520 88
person 0.015409706 861 107 880 131
person 0.015290279 916 66 938 93
person 0.01385016 948 64 970 91
person 0.01332751 738 87 756 109
person 0.012641033 591 106 610 129
person 0.011442444 407 136 428 159
person 0.010653636 494 75 518 100
person 0.010204588 654 55 664 67
person 0.010048991 325 165 354 195
