person 0.67942995 481 127 500 154
person 0.6575442 1008 256 1047 313
person 0.5992392 1087 86 1104 107
person 0.5700179 1129 87 1145 109
person 0.56119984 582 101 601 125
person 0.5317627 605 130 625 158
person 0.5091766 620 113 640 138
person 0.40844318 703 71 715 90
person 0.24050504 1132 89 1142 104
person 0.227203 700 73 711 88
person 0.18779527 1093 87 1106 107
person 0.18343338 624 98 641 117
person 0.16609289 731 90 743 109
person 0.15915205 1090 87 1100 102
person 0.15232429 1158 319 1206 397
person 0.1510428 -3 150 31 236
person 0.14781435 694 40 706 59
person 0.14585282 598 128 618 154
person 0.14098738 63 299 107 384
person 0.13917683 994 245 1058 330
person 0.13362649 1190 156 1206 181
person 0.1325792 695 89 713 111
person 0.13188255 586 103 598 116
person 0.1307998 706 81 726 104
person 0.12963098 1186 142 1203 166
person 0.12670785 776 -90 829 52
person 0.123436816 608 217 639 254
person 0.12306831 1162 549 1239 736
person 0.1200929 978 -91 1032 49
person 0.11543508 579 92 604 125
person 0.115277864 850 115 868 137
person 0.1103206 626 101 638 114
person 0.109973654 755 68 770 83
person 0.10765647 481 127 492 150
person 0.104738966 746 72 759 88
person 0.10411715 627 111 647 135
person 0.10097862 882 -92 938 49
person 0.09699241 1084 81 1109 117
person 0.093633585 1260 742 1271 817
person 0.087170504 571 105 590 126
person 0.08713504 756 42 769 57
person 0.0870777 724 48 735 63
person 0.084523894 623 113 636 130
person 0.08262678 374 516 415 574
person 0.081980415 1126 105 1145 129
person 0.08105843 1170 487 1254 681
person 0.08079608 515 160 545 194
person 0.08015975 1125 83 1149 119
person 0.079902 766 357 817 431
person 0.07973992 721 46 738 66
person 0.07944184 780 67 793 82
person 0.07582083 717 -93 770 57
person 0.07562382 1264 156 1271 189
person 0.07485113 1079 -94 1133 46
person 0.07463929 631 100 642 112
person 0.07185051 748 44 759 58
person 0.07158102 490 158 511 186
person 0.071474366 1264 132 1271 165
person 0.06966504 695 61 721 96
person 0.06939833 -8 233 25 329
person 0.06927942 1191 140 1205 161
person 0.06844807 1259 266 1272 322
person 0.06812994 208 351 284 444
person 0.06709835 15 400 42 480
person 0.0662831 785 43 797 58
person 0.06434808 477 121 495 159
person 0.06317598 1178 156 1205 192
person 0.06287906 382 529 424 586
person 0.06173776 379 -108 428 62
person 0.061589845 1169 260 1202 302
person 0.061035287 1076 109 1096 132
person 0.060085565 349 505 390 562
person 0.058962792 532 163 565 200
person 0.058159415 296 291 370 390
person 0.05732182 1101 107 1122 130
person 0.05726058 538 114 559 135
person 0.057087332 761 85 776 100
person 0.056869604 1260 792 1271 858
person 0.056477234 745 42 763 62
person 0.056359746 810 75 823 89
person 0.055965673 1168 203 1196 239
person 0.05587916 467 167 487 193
person 0.05500023 -5 -279 11 -250
person 0.054545645 1264 108 1271 140
person 0.054015834 0 325 13 411
person 0.05341318 571 97 591 118
person 0.053005923 1258 -277 1271 -219
person 0.05293956 176 464 264 660
person 0.052747417 1259 158 1275 187
person 0.05262468 883 -137 922 -40
person 0.052331295 190 375 291 563
person 0.052249018 605 160 635 195
person 0.051603474 1183 431 1249 554
person 0.051437926 538 130 559 153
person 0.05111684 1159 94 1173 113
person 0.05067406 500 -109 553 57
person 0.050667897 1187 155 1200 177
person 0.050475933 790 -137 828 -39
person 0.05019674 206 413 280 527
person 0.050091483 810 156 839 189
person 0.050080277 103 66 130 107
person 0.050042648 58 592 110 742
person 0.049956646 683 115 704 138
person 0.049931407 671 326 722 402
person 0.049891878 1163 249 1209 325
person 0.04959226 853 117 865 130
person 0.049500037 1264 179 1271 213
person 0.049463887 324 -104 378 56
person 0.049451735 -4 -267 23 -156
person 0.04930485 1173 -84 1209 26
person 0.04930374 1056 85 1077 104
person 0.04880332 558 131 578 153
person 0.048753094 845 112 873 144
person 0.048526432 667 109 687 132
person 0.048504036 1168 -143 1202 -42
person 0.048318505 -1 -282 7 -249
person 0.048031572 1259 690 1269 774
person 0.048027832 361 468 387 500
person 0.04789044 288 457 322 500
person 0.0478116 0 151 15 229
person 0.047688436 761 154 789 188
person 0.0475849 459 164 490 199
person 0.047515173 1259 292 1270 360
person 0.04719281 822 159 853 194
person 0.047168743 1245 -254 1278 -165
person 0.047059566 813 128 833 152
person 0.04705672 -4 -278 10 -270
person 0.046794213 839 110 859 131
person 0.04671725 473 116 508 170
person 0.046380207 277 276 388 449
person 0.04618887 1260 134 1275 163
person 0.046188597 1163 400 1260 580
person 0.04612312 68 348 140 444
person 0.046083596 1152 111 1167 133
person 0.04602708 595 117 633 170
person 0.04587906 1180 176 1198 201
person 0.045573484 609 133 622 149
person 0.045220017 630 138 651 163
person 0.0451501 293 515 338 574
person 0.0447915 665 88 685 108
person 0.04464258 1089 444 1183 647
person 0.044561677 131 279 151 308
person 0.044410665 811 120 831 141
person 0.044139735 59 50 96 143
person 0.04412119 294 467 319 495
person 0.044029687 117 -86 154 27
person 0.043685224 1258 211 1271 262
person 0.04352549 993 210 1028 251
person 0.043420747 1259 404 1269 485
person 0.043401983 1017 261 1043 291
person 0.04320431 1189 144 1199 160
person 0.043192547 1100 308 1151 386
person 0.043132856 986 849 1014 925
person 0.0427892 511 140 531 164
person 0.042664807 1264 84 1271 116
person 0.042527243 266 466 364 659
person 0.042474635 485 131 497 146
person 0.04244127 991 286 1034 345
person 0.042069986 644 164 676 198
person 0.041664723 937 850 965 925
person 0.041588973 563 113 591 147
person 0.041562658 763 19 774 35
person 0.041512884 607 155 629 182
person 0.041283038 353 458 394 516
person 0.041280914 1022 221 1055 262
person 0.04118227 484 122 499 142
person 0.041174177 -4 -184 19 -53
person 0.040729295 1163 302 1206 363
person 0.04058973 41 278 127 445
person 0.040282965 1205 177 1225 204
person 0.039911717 730 78 757 114
person 0.03989433 180 -101 230 58
person 0.039608758 1090 224 1139 296
person 0.039534252 142 200 170 235
person 0.03928482 794 69 821 105
person 0.039171327 788 86 804 100
person 0.03914077 1252 270 1275 313
person 0.03901728 1194 159 1203 175
person 0.038837772 1000 283 1054 361
person 0.03882282 977 -136 1017 -40
person 0.038734596 806 85 821 100
person 0.038684152 1259 182 1275 212
person 0.03845296 1173 829 1207 934
person 0.03826971 1129 108 1142 123
person 0.0382619 384 518 410 546
person 0.03814682 728 108 748 130
person 0.038134348 464 666 487 698
person 0.0380158 523 175 543 203
person 0.037979424 1257 -279 1271 -270
person 0.037765183 1258 339 1269 411
person 0.037734717 1010 -22 1051 80
person 0.03767715 1181 137 1207 171
person 0.03742831 292 455 315 484
person 0.03739879 716 114 736 137
person 0.037277162 1140 290 1226 454
person 0.037178915 520 116 539 137
person 0.03709849 1264 60 1271 92
person 0.036845334 1256 -280 1274 -252
person 0.036833815 494 659 514 692
person 0.03673752 953 86 974 106
person 0.036368527 699 169 732 204
person 0.03636231 788 20 799 35
person 0.036246832 825 -19 867 83
person 0.036202505 631 111 663 146
person 0.03616595 1095 247 1128 287
person 0.036147136 385 539 418 569
person 0.03613023 844 74 872 110
person 0.03608577 1056 111 1077 133
person 0.036038917 936 83 956 102
person 0.03603738 1257 168 1271 214
person 0.035786223 1014 263 1033 309
person 0.035773046 329 561 376 618
person 0.035760976 883 161 915 196
person 0.035716284 146 186 173 221
person 0.035643183 1178 -261 1194 -213
person 0.035618383 916 -19 959 81
person 0.03561108 1260 111 1275 138
person 0.03547406 0 -284 10 -222
person 0.03542318 1259 -234 1270 -166
person 0.035421643 130 88 174 169
person 0.035094164 1003 86 1023 105
person 0.034918934 241 113 263 138
person 0.034874786 281 500 352 614
person 0.034850616 1078 164 1109 198
person 0.034711484 0 250 10 328
person 0.0346483 740 17 751 33
person 0.034550752 888 850 916 926
person 0.034358166 1069 430 1141 539
person 0.03416394 853 129 873 154
person 0.03413273 287 419 311 446
person 0.034071226 947 212 980 250
person 0.033988785 1260 835 1271 908
person 0.033951737 367 493 397 524
person 0.033822805 640 80 668 115
person 0.03354542 938 85 952 98
person 0.03352903 1019 285 1061 345
person 0.03351773 1081 -135 1119 -39
person 0.03349571 1095 -269 1113 -210
person 0.033430833 531 159 552 184
person 0.033362713 1264 202 1271 237
person 0.033252828 547 73 576 109
person 0.033242617 1094 213 1126 252
person 0.033201776 934 162 966 196
person 0.03293717 981 86 1001 105
person 0.032900408 439 166 460 191
person 0.03283732 1035 163 1067 197
person 0.032695625 53 -279 72 -260
person 0.032654993 573 108 587 122
person 0.032580838 361 449 382 479
person 0.032399703 836 87 851 100
person 0.032372307 1150 136 1170 161
person 0.03230325 1216 134 1234 160
person 0.03229332 602 132 614 148
person 0.032220937 947 70 974 106
person 0.03221924 99 576 116 609
person 0.032061175 253 158 281 192
person 0.031976636 30 -279 46 -271
person 0.0319402 989 159 1021 193
person 0.03189943 443 134 463 157
person 0.03183993 1134 -264 1152 -210
person 0.03181309 0 401 32 512
person 0.031812068 94 6 133 108
person 0.031798538 1030 84 1050 102
person 0.031785548 1035 850 1063 925
person 0.03167996 357 516 386 546
person 0.031642605 529 177 550 205
person 0.03150504 150 191 167 215
person 0.03149485 232 100 276 177
person 0.031444002 -7 672 33 846
person 0.031437244 1259 230 1276 262
person 0.031402867 384 506 409 533
person 0.0313802 807 110 854 187
person 0.031290706 791 734 806 798
person 0.031262137 709 126 738 159
person 0.031163082 771 412 842 513
person 0.03108931 547 91 566 113
person 0.031069059 -11 366 58 546
person 0.031026244 188 176 216 210
person 0.03088774 30 -279 49 -260
person 0.030787762 976 221 1078 360
person 0.030704929 860 94 880 114
person 0.030652836 892 70 919 105
person 0.030624922 886 118 916 150
person 0.030617632 1259 205 1275 236
person 0.030606765 0 416 9 516
person 0.030504111 308 502 333 529
person 0.030455654 1263 37 1271 68
person 0.030433048 1121 170 1152 205
person 0.030282818 986 70 1000 84
person 0.03021938 752 117 782 151
person 0.030185804 839 72 853 86
person 0.030169886 695 28 722 72
person 0.030142775 1000 419 1072 521
person 0.03007652 643 68 663 89
person 0.030060582 1259 255 1276 287
person 0.029922621 185 328 308 469
person 0.029617522 737 727 759 808
person 0.029588087 900 303 955 378
person 0.02956075 958 653 978 685
person 0.029551994 1257 71 1269 120
person 0.029535305 834 85 854 104
person 0.02948166 621 320 656 385
person 0.029420374 714 -37 773 107
person 0.029393464 992 70 1019 105
person 0.029373446 1182 114 1200 137
person 0.02923911 113 -59 144 11
person 0.029127486 762 108 781 129
person 0.029108472 196 168 215 191
person 0.029094264 911 207 963 278
person 0.0289276 830 137 852 161
person 0.028843803 964 417 1004 481
person 0.028826429 839 -60 869 14
person 0.02877016 113 206 142 244
person 0.028722186 681 129 702 154
person 0.028705778 715 18 726 35
person 0.02854739 888 -60 917 13
person 0.02843984 631 208 666 246
person 0.028363122 1007 108 1054 189
person 0.02833263 644 725 660 803
person 0.028312566 445 47 463 66
person 0.02830757 375 115 393 136
person 0.028297344 1257 125 1271 169
person 0.02828294 823 207 856 247
person 0.02826175 1264 227 1271 264
person 0.02822385 754 376 855 549
person 0.028216463 841 112 856 125
person 0.02812958 448 49 459 64
person 0.028092546 955 108 975 129
person 0.028091818 1167 293 1202 341
person 0.028037274 963 71 976 85
person 0.028027322 862 97 877 110
person 0.028011722 750 20 776 66
person 0.027951218 574 -103 627 64
person 0.027897554 913 112 959 191
person 0.027818168 1250 214 1274 255
person 0.027613353 714 139 735 164
person 0.027562562 937 729 954 799
person 0.027538449 1182 596 1227 716
person 0.027523512 583 46 604 66
person 0.02748809 1259 -185 1271 -117
person 0.027485397 -1 413 5 458
person 0.027459634 1029 -278 1043 -269
person 0.027427098 504 71 532 106
person 0.027412347 589 157 611 182
person 0.027405554 1033 86 1047 99
person 0.02736752 300 59 328 96
person 0.02732002 1004 -278 1019 -269
person 0.027318934 1127 109 1156 145
person 0.027307637 791 849 818 927
person 0.027300581 800 201 852 270
person 0.027279954 1259 86 1275 114
person 0.027201237 455 105 501 186
person 0.027196348 882 209 915 248
person 0.02719271 1053 -278 1068 -269
person 0.027141716 1002 110 1022 130
person 0.027125822 665 69 680 83
person 0.027113505 692 21 702 37
person 0.027038693 1260 -141 1271 -66
person 0.026984291 1169 230 1188 258
person 0.026949754 53 -279 70 -271
person 0.026949117 -1 161 23 220
person 0.026894042 1220 -279 1236 -271
person 0.0268628 990 118 1021 150
person 0.026807435 174 397 199 426
person 0.026806282 401 163 433 198
person 0.02679394 742 206 775 244
person 0.02673723 337 468 361 497
person 0.026704008 984 111 1004 132
person 0.02667711 89 366 125 431
person 0.026606478 108 -144 144 -37
person 0.02645235 1261 -107 1271 -26
person 0.026322324 48 586 66 621
person 0.026185475 1009 68 1022 83
person 0.02608392 1037 70 1064 106
person 0.026007546 713 161 735 189
person 0.02595318 1042 119 1073 152
person 0.02593839 1263 8 1271 43
person 0.025884379 0 125 12 185
person 0.025874594 803 204 835 243
person 0.025811926 60 65 91 115
person 0.025786925 689 725 711 808
person 0.025700733 551 205 585 243
person 0.025623424 1077 -278 1092 -269
person 0.02561089 840 849 867 926
person 0.025608499 980 -278 995 -270
person 0.025512923 1084 115 1114 149
person 0.025508525 208 207 239 241
person 0.02549144 342 93 388 173
person 0.025459658 1263 275 1271 312
person 0.025438033 104 586 122 620
person 0.025434203 1038 -273 1056 -213
person 0.025416045 943 117 974 150
person 0.025283182 -1 391 5 434
person 0.025240371 1264 251 1271 289
person 0.025186218 489 648 513 682
person 0.025141096 1005 -279 1021 -252
person 0.02510676 237 -20 275 80
person 0.025078226 1224 -57 1239 8
person 0.025042338 1079 111 1093 126
person 0.02499293 69 574 86 608
person 0.024979634 980 -279 997 -253
person 0.024913343 592 63 613 88
person 0.024889953 572 40 590 60
person 0.02484721 929 790 948 855
person 0.024742985 705 -142 743 -37
person 0.024700796 889 -266 926 -178
person 0.02466884 985 -273 1003 -213
person 0.024665264 1029 -280 1046 -252
person 0.024541397 1095 869 1131 977
person 0.024511814 783 16 810 64
person 0.024417024 1232 -10 1266 92
person 0.024391966 983 343 1026 403
person 0.024391951 560 159 582 184
person 0.024386633 441 638 469 670
person 0.024331594 114 188 133 213
person 0.02432702 800 -262 837 -173
person 0.024251524 1129 133 1149 158
person 0.024189707 1054 -280 1070 -252
person 0.024128992 883 111 903 133
person 0.024126487 0 -267 9 -176
person 0.02411468 234 595 261 620
person 0.024080992 786 113 806 134
person 0.024048273 642 47 661 67
person 0.024045333 464 175 484 202
person 0.024031535 1050 403 1155 569
person 0.024017332 297 496 326 524
person 0.02396281 941 10 966 57
person 0.023947997 360 67 388 104
person 0.023938317 909 89 930 108
person 0.023793714 955 -279 972 -254
person 0.023785299 177 564 270 743
person 0.02374635 886 91 906 110
person 0.023612065 311 480 337 508
person 0.023573544 1219 -279 1239 -259
person 0.023523364 1023 236 1047 265
person 0.023494307 648 292 746 466
person 0.023434455 196 -148 230 -39
person 0.023433773 938 249 974 292
person 0.023430869 67 843 90 924
person 0.023428623 1114 -4 1153 100
person 0.023402633 705 -265 741 -175
person 0.023356764 1263 162 1271 179
person 0.023335159 1263 138 1271 155
person 0.02331914 399 120 429 153
person 0.023242153 213 625 239 649
person 0.02322525 1137 207 1170 245
person 0.023156883 952 228 974 259
person 0.023141367 69 297 92 326
person 0.02302633 1078 -279 1095 -253
person 0.023008194 938 -60 967 14
person 0.022978678 742 848 769 927
person 0.022947716 955 -279 970 -270
person 0.022943418 905 111 925 132
person 0.022927068 1169 377 1190 397
person 0.022910893 705 186 726 214
person 0.02284361 937 -273 955 -211
person 0.022838093 960 68 980 88
person 0.022787658 574 81 609 133
person 0.022749083 1149 158 1169 184
person 0.022744356 979 390 1088 561
person 0.02273574 1074 135 1095 160
person 0.022505453 1259 62 1275 90
person 0.022458194 101 -118 172 76
person 0.022424374 1101 -279 1116 -270
person 0.022423403 541 116 556 129
person 0.02242264 491 176 512 202
person 0.02240072 669 111 683 125
person 0.022361185 891 9 916 56
person 0.02232692 1102 132 1121 157
person 0.022323506 726 117 773 195
person 0.022311145 736 13 755 34
person 0.022293564 302 387 418 565
person 0.022284087 1181 850 1204 911
person 0.022281984 931 -279 948 -256
person 0.022273358 208 542 237 566
person 0.022209046 0 1 7 41
person 0.02212941 932 109 953 130
person 0.022128373 587 318 661 423
person 0.022111556 450 65 477 100
person 0.022110341 798 -53 880 136
person 0.022079153 476 345 553 446
person 0.021999175 -5 793 16 952
person 0.021947917 591 722 613 803
person 0.02192727 566 285 678 477
person 0.021917397 406 573 433 598
person 0.021912808 993 12 1018 60
person 0.02188584 654 44 674 66
person 0.021819105 600 -268 635 -176
person 0.021802502 759 16 778 36
person 0.021777285 896 -272 915 -210
person 0.021760037 597 206 649 276
person 0.021753553 1198 116 1216 140
person 0.021684725 107 170 137 209
person 0.0216308 369 116 397 148
person 0.021608926 693 849 720 927
person 0.02159193 840 736 855 796
person 0.021573035 825 177 846 206
person 0.021544429 263 565 287 589
person 0.021544315 814 119 828 134
person 0.021532675 268 396 295 427
person 0.0215311 1198 -279 1217 -259
person 0.021519374 1062 295 1106 352
person 0.021517923 1028 110 1048 131
person 0.021473873 836 69 856 88
person 0.021456845 1031 904 1057 988
person 0.021442158 84 -12 141 128
person 0.021381924 587 47 599 64
person 0.021343216 660 131 681 155
person 0.021209033 927 304 973 363
person 0.02119173 889 737 904 798
person 0.021187961 309 163 340 196
person 0.02116346 1102 -279 1119 -254
person 0.021098604 1199 -279 1214 -271
person 0.02108366 1265 668 1271 706
person 0.021062093 790 -60 820 14
person 0.02105969 1058 113 1073 126
person 0.021040976 353 166 384 199
person 0.021035545 977 790 995 854
person 0.021017287 1079 70 1113 126
person 0.021002317 982 904 1008 988
person 0.020984339 842 8 868 55
person 0.02092493 508 -266 542 -172
person 0.020923913 1080 904 1106 988
person 0.020917296 42 223 71 263
person 0.020903623 595 15 614 36
person 0.02082626 998 428 1100 629
person 0.020784944 1102 250 1124 280
person 0.020781567 1051 133 1071 159
person 0.020768065 298 115 328 149
person 0.020760482 1127 163 1147 190
person 0.02073115 986 -56 1067 134
person 0.02069772 1181 809 1198 855
person 0.020651264 1028 -176 1044 -130
person 0.020626811 1084 70 1101 90
person 0.020592133 738 324 846 462
person 0.020571342 -1 57 10 123
person 0.020542694 979 134 1000 158
person 0.020515526 117 193 167 266
person 0.020500166 912 91 926 105
person 0.020487731 731 792 753 851
person 0.020373702 1259 956 1267 1010
person 0.020371942 780 791 803 852
person 0.020371033 -12 487 31 650
person 0.020251907 906 -279 924 -256
person 0.020218642 951 210 972 239
person 0.020203317 933 903 959 988
person 0.020181581 881 791 898 852
person 0.020171363 761 138 782 163
person 0.020151975 889 93 903 106
person 0.020110043 118 862 153 985
person 0.020108953 125 -259 161 -165
person 0.020051375 1103 115 1148 196
person 0.020049015 688 203 722 241
person 0.020038351 784 16 803 36
person 0.02002752 645 50 657 65
person 0.020021528 906 393 982 492
person 0.020006709 1179 16 1190 34
person 0.020006701 1134 853 1158 914
person 0.019989276 316 -265 351 -172
person 0.019972024 575 41 586 57
person 0.01995322 646 70 659 86
person 0.019945927 0 645 7 780
person 0.019930786 1075 -176 1090 -127
person 0.019922497 633 157 655 184
person 0.019913753 0 182 10 250
person 0.019913645 -1 437 6 485
person 0.019906478 120 223 138 251
person 0.019898146 209 874 247 987
person 0.019885393 1125 185 1146 213
person 0.019829022 411 -266 445 -172
person 0.019797241 957 138 977 162
person 0.019779602 68 -135 93 -59
person 0.019738756 1001 135 1022 159
person 0.019719709 930 -279 946 -270
person 0.019711893 291 564 396 748
person 0.019708438 0 290 7 336
person 0.01969081 404 65 432 101
person 0.019670587 1006 66 1026 86
person 0.019660378 993 877 1029 989
person 0.01963827 1245 298 1273 368
person 0.019551955 213 -265 248 -173
person 0.01954133 846 -270 865 -210
person 0.01952449 813 18 824 35
person 0.01950334 -6 419 9 451
person 0.019466635 884 903 910 988
person 0.019361796 758 179 780 207
person 0.019343557 695 689 716 775
person 0.019336084 471 648 495 678
person 0.019306561 1264 689 1270 730
person 0.019298788 779 157 800 185
person 0.019276293 351 579 395 639
person 0.019176235 939 72 952 87
person 0.019156404 148 -59 182 11
person 0.01914606 1175 -222 1197 -165
person 0.019135736 936 70 956 89
person 0.019132733 878 135 898 161
person 0.01911331 797 -270 815 -211
person 0.019110637 1202 526 1246 637
person 0.019092716 1084 851 1112 925
person 0.019083345 289 408 312 434
person 0.019052202 66 337 151 532
person 0.01902487 1039 15 1064 64
person 0.018976998 1101 232 1123 261
person 0.018975915 49 570 66 606
person 0.018974308 732 110 745 124
person 0.018971335 306 524 336 551
person 0.018964188 728 159 749 186
person 0.018964078 891 -54 975 134
person 0.018933646 1125 -279 1143 -256
person 0.018898107 1156 -112 1228 73
person 0.018855099 1195 16 1205 34
person 0.018813472 1263 115 1271 131
person 0.018785201 1179 67 1206 105
person 0.018778868 905 133 926 158
person 0.018705878 440 623 469 652
person 0.018702602 1259 39 1275 66
person 0.018688416 858 69 872 83
person 0.018654656 882 -279 900 -257
person 0.018631049 117 311 142 339
person 0.01861219 836 903 862 988
person 0.018607575 377 140 396 163
person 0.018605964 0 700 9 814
person 0.018542264 383 598 410 625
person 0.018483685 75 598 132 739
person 0.01844558 1125 -279 1141 -270
person 0.018394306 408 -64 482 147
person 0.018372528 441 14 461 35
person 0.018334126 1265 622 1271 657
person 0.01832999 388 -151 421 -33
person 0.018326739 1155 725 1165 746
person 0.018306024 783 135 803 159
person 0.018302193 1135 73 1146 86
person 0.018274061 75 586 97 622
person 0.018259628 1182 88 1196 108
person 0.018238548 939 341 984 402
person 0.018200187 731 134 751 158
person 0.018197969 228 382 272 445
person 0.018118272 1083 13 1109 63
person 0.018108016 1213 112 1254 196
person 0.018097784 74 516 90 551
person 0.018062687 687 156 709 184
person 0.01805356 1129 17 1139 35
person 0.018045425 417 165 437 190
person 0.018012466 302 -151 339 -40
person 0.018008037 1263 66 1270 84
person 0.017992873 1057 16 1067 34
person 0.017989142 189 307 209 335
person 0.01797194 350 475 448 657
person 0.017969744 448 697 469 728
person 0.017956547 688 17 706 38
person 0.017909266 1032 16 1042 34
person 0.017875683 1265 597 1271 632
person 0.017874913 1154 16 1164 34
person 0.0178678 1051 864 1074 946
person 0.017857159 787 903 813 989
person 0.017849442 1100 69 1118 90
person 0.017844476 1102 -21 1160 123
person 0.017800646 97 620 178 830
person 0.017765116 686 113 701 130
person 0.017752223 0 -245 6 -197
person 0.017708583 366 392 393 437
person 0.017666718 747 -272 765 -213
person 0.017660514 0 -269 6 -223
person 0.017652715 1197 867 1233 978
person 0.017650044 0 856 15 956
person 0.017621601 1132 68 1149 88
person 0.017616533 453 201 485 239
person 0.017609445 839 -126 868 -52
person 0.017575582 1265 645 1271 680
person 0.017569136 487 210 518 247
person 0.017539145 236 578 264 601
person 0.017537592 608 67 630 91
person 0.017525157 1120 71 1153 128
person 0.017522745 987 -60 1016 15
person 0.017498896 1173 -172 1195 -116
person 0.017466372 444 16 457 33
person 0.017420646 118 205 138 233
person 0.017400783 698 206 750 275
person 0.01736257 487 -154 521 -35
person 0.017348014 1258 16 1269 80
person 0.017295856 1148 185 1169 211
person 0.017289089 -1 343 6 388
person 0.017266704 1178 204 1191 227
person 0.017236467 738 903 764 989
person 0.01719757 1243 342 1271 413
person 0.017197393 326 431 404 539
person 0.017192027 683 792 706 853
person 0.017189618 983 18 994 35
person 0.01718887 1025 156 1047 183
person 0.017185252 1034 69 1046 84
person 0.01716299 1003 155 1024 182
person 0.017157432 1115 621 1136 651
person 0.017154217 1008 17 1018 35
person 0.017142259 1002 863 1026 946
person 0.01712359 1153 744 1166 774
person 0.017118245 1129 904 1155 989
person 0.01709477 927 160 948 188
person 0.01707543 1075 157 1096 185
person 0.0170645 929 133 950 157
person 0.017064454 838 19 848 35
person 0.017053893 126 -185 147 -123
person 0.017049538 0 -116 10 -32
person 0.017041707 830 791 852 851
person 0.01701902 1028 140 1048 164
person 0.017017983 813 49 825 63
person 0.017000284 1263 925 1270 978
person 0.016988106 166 -273 183 -213
person 0.016982801 877 159 898 186
person 0.01697143 537 -45 591 113
person 0.016968852 905 -279 921 -270
person 0.016942006 708 -111 729 -81
person 0.016941918 935 18 945 35
person 0.016936725 409 614 443 642
person 0.016917625 1263 90 1271 107
person 0.01691665 68 276 90 306
person 0.016911838 684 186 706 214
person 0.016910203 957 110 971 124
person 0.016903039 1099 864 1123 946
person 0.016891 421 50 434 65
person 0.016874734 881 209 903 238
person 0.016864281 541 134 556 147
person 0.016847568 342 445 365 477
person 0.016847553 440 180 461 207
person 0.016824055 201 903 226 989
person 0.016824007 103 813 149 953
person 0.016822848 0 950 10 1006
person 0.016811393 346 740 369 795
person 0.016802961 490 101 535 182
person 0.016802024 755 210 777 238
person 0.016799882 9 280 26 383
person 0.016770529 1184 116 1197 130
person 0.016754834 930 181 951 209
person 0.016735032 689 903 715 989
person 0.01673203 122 265 157 327
person 0.016730344 409 552 436 577
person 0.016720824 684 -111 704 -80
person 0.016720776 893 253 927 296
person 0.016714254 644 849 671 927
person 0.016710807 0 804 10 903
person 0.016705511 1102 207 1124 235
person 0.0167049 954 157 975 185
person 0.016701132 -24 208 51 362
person 0.016693499 633 10 653 32
person 0.016664876 88 440 178 665
person 0.01665908 396 903 422 989
person 0.016654542 211 188 262 260
person 0.016651971 304 880 343 990
person 0.016649786 1149 206 1171 233
person 0.016620861 445 903 471 989
person 0.016567146 1130 741 1142 775
person 0.016565517 561 182 582 210
person 0.016550763 549 -24 585 87
person 0.016547397 1002 183 1023 211
person 0.01654101 347 903 373 989
person 0.016530355 385 295 467 404
person 0.016519437 959 18 969 35
person 0.016508874 117 447 143 473
person 0.016497899 1105 17 1115 34
person 0.016486429 494 903 519 989
person 0.01648233 249 903 275 989
person 0.01647808 711 14 729 35
person 0.016433118 1216 162 1235 189
person 0.016431153 640 903 666 989
person 0.01642663 953 863 977 946
person 0.016419081 452 317 575 472
person 0.016418079 593 22 619 65
person 0.016407903 298 903 324 989
person 0.016406441 387 143 407 166
person 0.01638119 1184 45 1194 62
person 0.016373515 363 509 434 620
person 0.016372249 590 -279 608 -256
person 0.016368764 310 209 341 243
person 0.016366845 492 -279 510 -256
person 0.01636154 614 -279 632 -256
person 0.016360443 516 -279 535 -256
person 0.01635956 321 -279 339 -256
person 0.016359407 297 -279 315 -256
person 0.016358603 345 -279 364 -256
person 0.016357435 468 -279 486 -256
person 0.016356975 272 -279 290 -256
person 0.016356323 248 -279 266 -256
person 0.016355425 370 -279 388 -256
person 0.016354889 565 -279 583 -256
person 0.016353745 394 -279 413 -256
person 0.016351245 419 -279 437 -256
person 0.01635096 733 -111 753 -81
person 0.016347287 443 -279 461 -256
person 0.016341362 541 -279 559 -256
person 0.016338097 223 -279 242 -256
person 0.016326308 542 903 568 989
person 0.016324477 591 903 617 989
person 0.016318314 152 903 178 989
person 0.016290966 313 239 367 311
person 0.016288849 638 -279 657 -256
person 0.016280737 988 215 1034 270
person 0.016241767 663 -279 681 -256
person 0.01622365 1031 66 1050 87
person 0.016220294 1010 -278 1048 -193
person 0.016216042 976 156 997 183
person 0.016207723 409 206 430 235
person 0.016205113 250 58 278 96
person 0.016202165 844 295 883 357
person 0.016196739 813 180 835 208
person 0.016193807 54 903 81 989
person 0.016188642 1000 208 1022 237
person 0.016186941 -5 5 11 36
person 0.016176147 242 618 270 642
person 0.016160931 199 -279 217 -256
person 0.016152851 364 419 389 453
person 0.016147455 1051 183 1073 211
person 0.01613652 857 -279 876 -257
person 0.016129883 567 26 591 70
person 0.016127113 1263 43 1270 61
person 0.016115345 199 171 211 186
person 0.016108867 547 63 566 86
person 0.016105678 1047 157 1068 185
person 0.016080761 1018 344 1058 408
person 0.016079478 1097 159 1118 186
person 0.016068092 911 19 921 36
person 0.016066719 687 -279 706 -256
person 0.016066177 1261 862 1271 952
person 0.016062822 1177 904 1203 988
person 0.016061708 395 572 424 596
person 0.01604434 764 110 777 123
person 0.016032351 659 186 681 213
person 0.016018772 829 -185 853 -124
person 0.015992675 1099 184 1120 212
person 0.015978724 904 863 928 946
person 0.015965044 -1 708 6 754
person 0.015961615 1149 -279 1168 -257
person 0.015938265 126 -267 140 -212
person 0.01592023 610 181 634 209
person 0.015907243 643 28 669 69
person 0.015899668 1087 -241 1104 -182
person 0.015882874 598 17 609 34
person 0.015871832 658 156 680 183
person 0.015860539 80 -266 93 -210
person 0.015820522 827 208 849 237
person 0.01580476 457 630 480 658
person 0.015802113 416 10 436 32
person 0.01575711 712 -279 730 -256
person 0.015755016 1181 43 1199 64
person 0.01574183 986 113 1001 126
person 0.015741285 595 849 622 927
person 0.015740132 758 -112 778 -82
person 0.015692355 499 882 537 992
person 0.015659451 597 603 668 828
person 0.01565918 780 -184 803 -124
person 0.015657725 1172 406 1187 425
person 0.015656542 174 -279 193 -256
person 0.015615413 952 182 973 210
person 0.015587613 -1 365 7 411
person 0.015574864 236 371 262 399
person 0.015571297 252 542 297 600
person 0.015543582 696 -274 713 -214
person 0.01554046 853 160 875 186
person 0.015498388 561 134 575 147
person 0.015481392 862 20 872 37
person 0.015462201 1064 346 1102 410
person 0.015413186 401 880 440 991
person 0.015390815 1197 866 1220 950
person 0.015380788 522 119 536 132
person 0.015373849 1123 206 1145 234
person 0.015362629 1108 -261 1117 -220
person 0.015361214 597 881 634 993
person 0.015359066 902 232 924 261
person 0.015342886 661 -111 680 -80
person 0.015308769 525 163 539 186
person 0.015277876 335 556 363 580
person 0.015273416 1081 16 1091 34
person 0.015245557 110 159 128 183
person 0.015237404 1130 809 1155 862
person 0.015224017 1005 112 1019 125
person 0.015221408 -5 396 9 429
person 0.015213027 340 499 365 524
person 0.015210634 886 19 896 36
person 0.015205526 694 881 731 995
person 0.015193692 414 183 435 211
person 0.015182853 855 66 876 86
person 0.015176736 704 206 726 234
person 0.015171877 420 141 439 163
person 0.015155306 -1 -215 15 -119
person 0.015146859 262 471 293 494
person 0.015140132 367 269 490 448
person 0.015120193 967 247 1079 430
person 0.015104397 440 864 460 895
person 0.015095058 0 -12 7 28
person 0.015084113 304 121 322 142
person 0.015084 885 297 928 356
person 0.015070433 497 849 525 926
person 0.015057092 638 593 689 743
person 0.015050869 1178 -127 1201 -66
person 0.015032896 464 864 485 895
person 0.015026071 1024 210 1046 239
person 0.015017943 625 251 668 309
person 0.015014353 718 115 732 131
person 0.015008155 788 115 803 128
person 0.015005717 736 -279 754 -256
person 0.015005647 416 864 436 895
person 0.014999376 601 -55 679 154
person 0.014997706 604 13 623 35
person 0.014984483 1104 73 1116 87
person 0.014970919 836 251 870 294
person 0.01495264 980 182 1001 210
person 0.014942086 117 190 130 206
person 0.014929362 741 248 774 291
person 0.014915048 0 -222 6 -172
person 0.014904997 485 713 501 748
person 0.01489688 0 -169 10 -76
person 0.014872869 150 -279 168 -256
person 0.014849957 886 113 899 127
person 0.0148201855 241 -3 268 41
person 0.014817309 379 117 389 132
person 0.014815312 733 182 755 210
person 0.014796254 381 607 434 669
person 0.014789937 1137 16 1161 66
person 0.014783017 930 206 951 234
person 0.014780936 878 183 900 211
person 0.014773798 1216 520 1240 549
person 0.014767656 489 864 509 895
person 0.014764785 158 61 187 100
person 0.014763002 1135 -232 1153 -169
person 0.014757108 -4 -282 16 -199
person 0.014754648 815 692 829 772
person 0.014742986 904 158 925 185
person 0.014739564 38 -119 68 -1
person 0.014736927 391 864 411 895
person 0.014720499 881 -279 897 -270
person 0.014709361 420 13 432 30
person 0.014700755 389 160 409 185
person 0.014691943 50 252 81 299
person 0.014690493 448 849 476 926
person 0.01468242 1149 -279 1165 -270
person 0.014670615 221 396 256 428
person 0.014663116 580 -166 613 -50
person 0.014656602 312 -63 390 145
person 0.014654564 301 734 318 794
person 0.014640751 295 601 322 626
person 0.014638618 510 673 531 707
person 0.014632277 183 606 275 817
person 0.014627535 103 903 129 990
person 0.014618053 778 374 801 409
person 0.014610142 739 739 754 775
person 0.014589328 77 -279 95 -259
person 0.014582509 510 155 550 208
person 0.014560975 1250 -279 1274 -207
person 0.014560093 520 618 543 652
person 0.014558664 1136 251 1170 293
person 0.014555181 334 -19 373 87
person 0.014539965 885 731 908 810
person 0.014530812 372 82 391 103
person 0.014528941 399 849 427 926
person 0.014523474 153 192 163 209
person 0.014512176 1214 181 1232 208
person 0.014506543 1087 74 1098 88
person 0.014501555 1113 -268 1152 -184
person 0.014479567 883 365 1000 543
person 0.014461043 760 -279 779 -256
person 0.014451336 51 33 76 79
person 0.014444308 480 126 492 140
person 0.014444212 635 864 656 895
person 0.014441668 1072 183 1093 211
person 0.014441342 87 373 130 462
person 0.0144310035 660 864 680 895
person 0.014416098 513 864 534 895
person 0.0144029055 367 864 387 895
person 0.014389225 208 -275 225 -215
person 0.0143809635 630 396 660 426
person 0.014379761 1076 232 1099 260
person 0.014371897 205 470 259 497
person 0.014353799 205 316 248 377
person 0.014352719 856 863 879 947
person 0.014351774 891 883 928 997
person 0.014344958 611 864 631 895
person 0.014332852 1257 299 1275 331
person 0.014324622 515 -110 534 -79
person 0.01432267 585 182 607 210
person 0.014315544 73 -185 96 -106
person 0.014313357 1173 -279 1189 -270
person 0.014308602 834 -279 852 -257
person 0.014307263 97 0 123 49
person 0.01426781 834 15 852 36
person 0.014240187 125 -279 144 -257
person 0.014240166 54 614 73 647
person 0.014226557 1219 137 1231 152
person 0.014224632 684 864 705 895
person 0.014222277 855 864 876 894
person 0.014199813 831 864 851 895
person 0.014173305 586 864 607 895
person 0.014169201 342 864 363 895
person 0.0141649125 538 864 558 895
person 0.014164725 0 585 6 631
person 0.014164666 253 734 268 797
person 0.014164574 816 132 828 146
person 0.014139406 540 -110 558 -79
person 0.014130098 880 864 900 894
person 0.014129785 975 209 997 238
person 0.014123323 -19 117 58 263
person 0.014118749 1162 199 1201 254
person 0.014118518 1173 -279 1192 -258
person 0.014114741 398 206 419 235
person 0.014109241 963 -262 973 -220
person 0.014105712 543 596 566 631
person 0.014093961 637 -110 655 -80
person 0.014078902 146 -186 168 -126
person 0.014072027 1263 677 1271 692
person 0.014064916 133 320 171 381
person 0.0140609285 562 864 582 895
person 0.014060268 793 102 861 209
person 0.014045596 226 -35 283 105
person 0.01403902 245 864 265 895
person 0.014034836 491 -110 509 -79
person 0.014034057 318 864 338 895
person 0.0140274335 1025 183 1046 211
person 0.01402566 806 864 827 895
person 0.014017302 269 864 289 895
person 0.014016741 293 864 314 895
person 0.013993753 393 -110 411 -79
person 0.013992096 469 736 481 774
person 0.013986603 690 51 726 107
person 0.013957095 792 881 828 994
person 0.013954051 546 849 573 927
person 0.013934787 166 428 193 454
person 0.013921525 709 864 729 895
person 0.013914144 220 864 240 895
person 0.013911567 296 519 329 546
person 0.013911095 119 169 140 193
person 0.013907316 835 -238 857 -174
person 0.013888247 782 -113 803 -82
person 0.013885152 1006 230 1030 260
person 0.013883356 908 112 922 126
person 0.013882449 1262 -239 1270 -194
person 0.013865057 68 318 101 352
person 0.0138643645 433 -25 470 86
person 0.013858623 902 209 923 237
person 0.013856578 417 -110 436 -79
person 0.0138431415 818 505 828 524
person 0.013833789 885 68 899 83
person 0.013830395 636 184 658 212
person 0.013821845 785 -279 803 -256
person 0.013817205 594 684 610 775
person 0.013813652 782 864 802 895
person 0.013794269 629 -19 667 87
person 0.013761368 1263 631 1272 645
person 0.013758797 684 208 706 236
person 0.013757743 733 864 753 895
person 0.013737125 466 -110 485 -79
person 0.013736796 1263 185 1271 203
person 0.013734342 352 560 437 740
person 0.013728839 -5 444 9 477
person 0.013726534 395 737 418 793
person 0.013706389 289 269 323 310
person 0.013694249 809 -279 828 -257
person 0.013675552 758 864 778 895
person 0.01366713 21 416 37 453
person 0.013661987 195 180 209 204
person 0.013645618 1250 632 1261 731
person 0.013644323 442 -110 460 -79
person 0.01363756 1158 67 1170 83
person 0.013633315 540 723 564 803
person 0.013633116 550 94 562 109
person 0.01361429 435 607 460 632
person 0.01359852 350 849 378 926
person 0.013563617 1208 577 1238 652
person 0.013548148 408 638 445 672
person 0.013535644 742 688 759 777
person 0.0135159455 -4 -264 10 -229
person 0.013514394 244 5 265 29
person 0.0135116745 904 864 925 894
person 0.013506921 1171 262 1193 290
person 0.013505682 491 228 513 258
person 0.013478765 742 -125 771 -50
person 0.01344911 196 864 216 895
person 0.013447687 647 -274 664 -215
person 0.013446498 244 114 259 131
person 0.013436204 273 602 297 624
person 0.013423853 341 208 373 244
person 0.013413196 564 -110 582 -79
person 0.013412413 57 526 72 562
person 0.013408439 387 480 411 506
person 0.013406445 0 680 6 729
person 0.013403507 1263 654 1272 667
person 0.013401376 256 -275 273 -215
person 0.013398173 935 111 949 125
person 0.013387753 1024 799 1047 856
person 0.0133489845 1187 16 1203 67
person 0.013336005 209 565 245 594
person 0.013309972 360 579 387 601
person 0.013307504 368 -110 387 -79
person 0.013305063 1251 -190 1272 -110
person 0.013291092 0 756 10 854
person 0.0132893035 64 97 94 142
person 0.013277897 170 380 196 409
person 0.013267206 783 209 805 237
person 0.013255252 793 -121 817 -61
person 0.013231629 447 720 467 754
person 0.013225192 1132 302 1175 362
person 0.013209613 1179 744 1188 772
person 0.01320771 0 457 9 570
person 0.013190999 251 133 272 158
person 0.013189658 1178 450 1197 482
person 0.01318568 1184 423 1201 450
person 0.013184868 1263 607 1272 620
person 0.013182881 882 65 902 85
person 0.013171758 1154 229 1176 258
person 0.013169576 729 365 751 402
person 0.013168355 1153 138 1167 153
person 0.0131226545 733 -184 755 -125
person 0.013120814 806 863 830 947
person 0.013119802 1263 497 1271 534
person 0.013109589 1215 617 1288 837
person 0.013102895 1253 873 1272 966
person 0.01307834 256 159 274 183
person 0.01307332 514 142 528 157
person 0.013072409 1263 296 1270 333
person 0.013067924 858 17 876 37
person 0.013058991 929 863 949 894
person 0.013034911 1191 13 1209 36
person 0.013028876 0 660 14 773
person 0.013025245 394 187 415 213
person 0.013014786 144 508 178 573
person 0.0130100595 904 181 925 209
person 0.013003723 -5 274 11 306
person 0.01299136 305 -275 322 -215
person 0.0129892565 613 -110 631 -79
person 0.012989147 0 -197 6 -148
person 0.012987093 249 639 276 666
person 0.01297764 112 -127 136 -65
person 0.012976229 527 176 538 200
person 0.012973487 1264 520 1271 557
person 0.012971004 1220 120 1238 144
person 0.012967687 857 -279 873 -270
person 0.012967266 1246 208 1276 272
person 0.012957172 484 698 505 732
person 0.012925948 375 83 387 100
person 0.012920412 447 743 459 782
person 0.012917688 973 231 996 261
person 0.012912035 1252 834 1273 918
person 0.0129119735 1252 -103 1273 -17
person 0.01289878 1263 16 1270 33
person 0.0128902225 263 623 288 647
person 0.012868986 732 209 754 237
person 0.012866067 69 326 100 396
person 0.012860527 302 849 329 927
person 0.012844532 643 664 661 776
person 0.012840197 1070 277 1180 453
person 0.012836655 588 -110 607 -79
person 0.012812556 987 -262 996 -220
person 0.012800765 1251 -144 1272 -60
person 0.012799844 780 183 801 210
person 0.01278698 1262 -191 1270 -145
person 0.01278459 1105 740 1117 776
person 0.012774339 1263 -93 1271 -49
person 0.012764787 305 540 342 566
person 0.012760406 1129 754 1145 815
person 0.012753837 798 247 830 292
person 0.012753675 1075 253 1099 281
person 0.012744647 637 12 648 29
person 0.012741067 535 663 557 699
person 0.012724972 429 220 508 316
person 0.0127239 -5 35 11 65
person 0.012720577 877 229 900 258
person 0.012700972 876 -186 899 -125
person 0.012691881 448 30 472 74
person 0.012688524 1262 -215 1270 -170
person 0.012686183 0 336 19 399
person 0.01268534 740 -60 771 14
person 0.012684833 665 25 675 41
person 0.012680695 537 204 559 232
person 0.012670758 467 498 494 539
person 0.012667222 389 792 412 849
person 0.012663459 1047 554 1146 744
person 0.012642812 625 211 671 265
person 0.012640627 207 812 255 948
person 0.01263629 588 550 604 586
person 0.0126300985 1172 -270 1198 -201
person 0.0126166055 1035 -61 1064 15
person 0.012614475 0 731 7 779
person 0.012607064 139 496 166 523
person 0.012592885 287 588 331 645
person 0.012576408 911 69 924 83
person 0.012574465 1149 703 1159 723
person 0.012566883 244 553 271 576
person 0.012564736 415 67 437 88
person 0.012564729 141 484 166 507
person 0.012552998 1123 255 1145 284
person 0.012548695 215 640 244 663
person 0.012534381 91 394 124 423
person 0.012527572 1054 66 1073 88
person 0.012514737 953 863 974 894
person 0.012502328 1251 789 1273 865
person 0.012495823 976 282 1000 308
person 0.0124906525 809 15 828 34
person 0.012485889 295 540 329 569
person 0.012482385 251 212 283 245
person 0.012478048 1121 233 1143 260
person 0.012468809 -4 -238 10 -205
person 0.012449074 116 79 182 191
person 0.012436716 366 551 395 574
person 0.012390254 -5 296 11 330
person 0.012376625 1089 215 1132 271
person 0.012375909 394 461 426 504
person 0.012347773 764 739 778 775
person 0.012344784 775 443 800 473
person 0.012333341 23 525 38 560
person 0.012331453 756 230 778 259
person 0.012291485 43 -58 75 12
person 0.0122776115 353 -275 371 -215
person 0.012277583 788 -240 808 -177
person 0.012263072 101 -279 120 -258
person 0.01225934 1049 207 1071 235
person 0.0122447 1073 208 1095 236
person 0.012235246 127 -237 142 -173
person 0.012231731 171 864 191 895
person 0.012211698 110 846 135 926
person 0.012189251 899 102 967 213
person 0.01217891 888 259 932 316
person 0.012177734 24 404 40 439
person 0.012177716 1149 865 1172 949
person 0.012173931 338 256 358 288
person 0.012166673 664 489 676 524
person 0.012150243 176 358 200 385
person 0.012149322 366 162 387 187
person 0.012143509 1034 46 1045 63
person 0.012135275 1131 717 1142 754
person 0.0121251615 1218 -23 1271 118
person 0.0121180685 805 232 827 261
person 0.012111638 561 209 584 236
person 0.012110969 602 336 704 529
person 0.012110308 -1 560 6 606
person 0.012103989 1031 113 1045 126
person 0.012092026 0 226 6 268
person 0.01208833 853 182 875 210
person 0.012087305 710 -94 733 -62
person 0.01207627 1263 -21 1270 21
person 0.012066966 598 -274 615 -215
person 0.012052263 1203 725 1213 744
person 0.012048653 48 157 79 197
person 0.012045356 679 350 705 387
person 0.012040454 978 863 998 894
person 0.012034057 941 215 985 269
person 0.012033654 1194 45 1205 62
person 0.01203001 358 590 393 617
person 0.01202571 760 372 782 409
person 0.012025579 1011 45 1022 60
person 0.01200691 581 97 647 206
person 0.012004799 436 673 462 702
person 0.011999219 361 617 397 645
person 0.011972486 1025 302 1051 323
person 0.011971725 509 451 520 468
person 0.011960867 0 31 6 70
person 0.011951932 152 738 167 774
person 0.01193779 769 157 781 180
person 0.011929127 828 231 850 260
person 0.011909954 0 779 6 828
person 0.011903401 117 469 144 496
person 0.011888958 415 604 441 630
person 0.011880216 926 231 948 260
person 0.011878347 81 610 104 645
person 0.01187442 938 -262 948 -220
person 0.011872186 105 846 159 1008
person 0.011858646 586 210 609 237
person 0.011851943 1264 570 1271 607
person 0.011846789 882 17 900 37
person 0.011835898 1084 -263 1093 -220
person 0.011827312 344 -110 362 -79
person 0.011807883 1155 64 1174 86
person 0.011802159 330 82 395 196
person 0.011799697 1071 665 1090 701
person 0.0117986845 136 194 175 250
person 0.011797039 445 138 459 150
person 0.011792597 80 553 98 588
person 0.011784871 253 850 281 927
person 0.011783522 -6 202 11 230
person 0.011774846 1262 714 1270 755
person 0.01174987 1031 44 1050 64
person 0.01174682 920 410 962 473
person 0.011737956 1185 65 1197 82
person 0.011733459 335 569 365 594
person 0.011726185 284 616 381 814
person 0.01172477 0 -173 6 -123
person 0.011715116 483 622 564 833
person 0.011706738 1068 831 1149 1009
person 0.011701758 1262 -166 1270 -121
person 0.011698731 1259 11 1275 40
person 0.011695423 855 208 877 236
person 0.011682214 383 613 415 642
person 0.0116797425 311 611 386 733
person 0.011673006 194 616 221 644
person 0.0116569325 684 234 707 262
person 0.011654203 757 863 781 947
person 0.01165243 969 647 989 678
person 0.011651594 1180 -57 1204 7
person 0.011649112 0 924 6 978
person 0.011625995 467 463 492 505
person 0.011624247 610 398 633 430
person 0.011618623 0 803 6 852
person 0.011609989 1201 120 1213 134
person 0.011604071 931 16 949 36
person 0.011601359 0 268 7 312
person 0.0115968045 428 71 520 256
person 0.011596345 950 616 1029 810
person 0.011584113 -1 199 7 234
person 0.0115765985 340 793 364 850
person 0.011561817 34 10 117 173
person 0.0115369335 183 827 268 1014
person 0.011536619 263 491 297 519
person 0.011530241 671 315 708 383
person 0.011524058 -5 592 10 624
person 0.011522532 1138 350 1178 415
person 0.011518519 107 200 147 258
person 0.011517575 218 626 234 640
person 0.01151523 196 517 246 613
person 0.011513293 54 879 73 915
person 0.011501766 1259 -88 1274 -54
person 0.01149425 839 42 851 57
person 0.011479809 1021 445 1050 479
person 0.011478543 907 16 925 37
person 0.011475692 575 549 590 583
person 0.011472791 807 -113 828 -82
person 0.011464564 402 -275 419 -215
person 0.0114631755 1244 407 1270 481
person 0.011448887 703 351 724 385
person 0.011446842 71 863 93 948
person 0.011427945 55 537 72 574
person 0.01142368 831 256 874 314
person 0.011411259 1002 862 1023 894
person 0.011404467 1183 180 1194 195
person 0.011367623 760 -95 783 -63
person 0.011356403 145 520 176 552
person 0.011342091 833 -279 850 -270
person 0.011338096 -1 130 20 177
person 0.011337204 1026 -91 1051 -65
person 0.011334173 908 65 928 85
person 0.011331444 1084 -61 1113 16
person 0.01132621 76 -279 93 -271
person 0.0113250725 115 433 138 456
person 0.011306821 267 430 295 454
person 0.011301605 949 255 973 284
person 0.01129901 215 113 245 148
person 0.0112974495 715 739 730 775
person 0.011290831 1262 699 1270 716
person 0.011285488 164 595 193 627
person 0.0112730395 1195 564 1233 593
person 0.011270005 393 9 413 31
person 0.0112625845 782 506 794 529
person 0.011259989 125 250 146 278
person 0.011248352 984 729 1002 798
person 0.011246852 211 530 237 554
person 0.01124181 594 242 640 301
person 0.011241274 549 -274 566 -215
person 0.011236909 606 251 633 276
person 0.011232304 979 15 998 36
person 0.0112305945 65 375 88 403
person 0.011220146 1179 724 1190 746
person 0.011215725 121 321 147 347
person 0.011194134 219 91 284 199
person 0.011193136 88 614 113 649
person 0.01117695 735 -94 758 -63
person 0.011176449 709 863 732 947
person 0.011173394 613 472 627 507
person 0.011169865 0 754 6 803
person 0.011167317 1148 672 1169 706
person 0.011155853 466 14 486 35
person 0.0111485915 1058 70 1070 85
person 0.011146452 1203 744 1213 771
person 0.011138577 752 254 773 283
person 0.011131184 469 17 482 33
person 0.011128535 1264 904 1271 954
person 0.011128068 784 -135 802 -104
person 0.011127505 228 119 249 143
person 0.011124027 1190 42 1208 64
person 0.011113898 886 -260 901 -220
person 0.011110025 509 234 532 262
person 0.011099265 608 15 620 32
person 0.011095932 133 272 149 319
person 0.011088112 1074 307 1096 333
person 0.01108461 851 -111 881 -39
person 0.0110809775 -6 232 11 263
person 0.011078559 805 389 832 425
person 0.011071648 0 0 9 64
person 0.011067614 366 183 386 209
person 0.011059768 269 571 282 583
person 0.011059246 1078 742 1094 802
person 0.011055998 863 273 981 449
person 0.011031837 310 461 331 486
person 0.011005057 506 792 557 915
person 0.01099939 1262 -118 1271 -73
person 0.010996128 1232 -267 1284 -146
person 0.010986508 955 15 973 36
person 0.010979867 1002 -92 1027 -65
person 0.010979122 420 697 442 727
person 0.01097879 606 803 649 954
person 0.010974706 661 22 679 42
person 0.010957427 993 102 1061 214
person 0.0109510785 1097 827 1132 943
person 0.010936884 451 -274 468 -215
person 0.0109359715 1132 -260 1142 -219
person 0.010935043 884 -240 905 -175
person 0.010926253 129 718 144 812
person 0.010924543 79 -232 93 -165
person 0.010914572 630 214 653 240
person 0.010904333 138 286 160 311
person 0.010899706 1051 -92 1076 -65
person 0.010898919 1262 762 1270 804
person 0.010897156 444 121 462 141
person 0.0108959535 500 -274 517 -215
person 0.0108896755 1032 725 1042 748
person 0.01088738 712 366 735 402
person 0.010881235 204 849 232 927
person 0.0108795 589 -279 605 -270
person 0.010875493 1175 14 1194 35
person 0.010875283 515 -90 537 -62
person 0.010874267 613 -279 630 -270
person 0.010871078 494 740 506 778
person 0.0108672995 0 852 7 900
person 0.010866695 491 -279 508 -270
person 0.010866433 565 -279 581 -270
person 0.010863769 516 -279 532 -270
person 0.010861037 467 -279 483 -270
person 0.010860162 320 -279 337 -270
person 0.010859869 296 -279 312 -270
person 0.010859184 345 -279 361 -270
person 0.01085882 247 -279 263 -270
person 0.010858773 931 841 948 872
person 0.010858492 272 -279 288 -270
person 0.010857059 369 -279 386 -270
person 0.010856023 394 -279 410 -270
person 0.010855758 540 -279 557 -270
person 0.010855163 223 -279 239 -270
person 0.010854544 418 -279 434 -270
person 0.010853802 442 -279 459 -270
person 0.010847854 1051 283 1077 310
person 0.010845967 638 -279 654 -270
person 0.010845778 0 828 7 876
person 0.010844571 1011 -263 1021 -220
person 0.010842198 523 95 542 116
person 0.010822322 1081 740 1092 775
person 0.010821056 662 -279 679 -270
person 0.01079828 1026 862 1047 894
person 0.01079576 810 46 829 64
person 0.010788007 500 17 525 63
person 0.010774012 1208 528 1239 604
person 0.010769164 911 -260 925 -219
person 0.010768077 496 90 515 113
person 0.010764573 797 444 830 473
person 0.010760435 198 -279 215 -270
person 0.010746881 634 140 647 156
person 0.010742507 -1 535 6 581
person 0.010738267 685 -93 708 -62
person 0.010738211 140 177 179 231
person 0.010733345 687 -279 703 -270
person 0.010721781 1172 152 1210 208
person 0.010712221 907 841 924 872
person 0.010702166 304 788 360 907
person 0.0106974915 1254 752 1273 805
person 0.010690862 492 629 515 660
person 0.0106789265 164 554 200 621
person 0.01066867 955 841 973 871
person 0.01065877 974 257 997 286
person 0.010648532 1028 668 1049 706
person 0.0106477225 1152 42 1171 64
person 0.010642003 906 554 927 581
person 0.0106377965 588 794 605 852
person 0.010625669 0 593 9 730
person 0.010624371 54 856 71 892
person 0.010623503 804 -111 833 -39
person 0.010619535 51 688 66 733
person 0.010618969 1109 718 1120 757
person 0.0106174955 809 -279 825 -270
person 0.010616514 986 43 998 59
person 0.010614175 795 299 833 363
person 0.010602973 711 419 730 453
person 0.010598698 712 106 781 216
person 0.010598184 187 642 216 666
person 0.010580554 1195 206 1216 233
person 0.010564466 711 -279 728 -270
person 0.010548673 405 792 459 910
person 0.010547394 1174 749 1195 812
person 0.010531288 660 863 683 948
person 0.010529508 1220 566 1233 663
person 0.010527462 882 841 900 872
person 0.010525511 562 230 586 257
person 0.0105244275 1132 -60 1161 16
person 0.010514515 -16 -207 38 -30
person 0.010514122 735 230 757 258
person 0.010510557 344 167 364 190
person 0.010505688 540 841 558 873
person 0.010494091 174 -279 190 -270
person 0.010492872 -4 54 20 128
person 0.010490661 1047 671 1066 707
person 0.010483926 28 -66 54 14
person 0.010483728 292 795 315 852
person 0.01047541 905 570 932 613
person 0.010472619 112 517 145 550
person 0.010463856 177 739 192 774
person 0.010456093 743 -240 758 -182
person 0.010450357 889 -123 914 -63
person 0.010439736 904 257 927 286
person 0.010438646 342 208 363 236
person 0.010433526 817 209 861 265
person 0.010431821 565 841 582 873
person 0.010429651 1195 379 1216 404
person 0.010424593 777 427 799 457
person 0.010418618 1257 602 1278 624
person 0.01041507 272 841 289 873
person 0.010409041 26 931 44 969
person 0.010401529 296 841 314 873
person 0.010394042 522 615 583 742
person 0.010392845 516 841 533 873
person 0.010388672 247 841 265 873
person 0.0103885345 256 481 300 540
person 0.010382385 678 253 719 313
person 0.010381381 223 841 240 873
person 0.010370147 -4 859 11 892
person 0.010363931 0 550 9 672
person 0.010354614 0 -148 7 -99
person 0.010354432 510 209 532 236
person 0.01035191 736 841 753 873
person 0.010348883 813 525 823 549
person 0.010344635 321 841 338 873
person 0.010342028 711 841 729 873
person 0.010339013 137 346 161 374
person 0.010330167 217 351 261 415
person 0.010330098 759 -135 777 -104
person 0.010329041 808 -136 826 -104
person 0.010325369 458 47 477 66
person 0.010324225 417 -90 439 -62
person 0.010319364 760 -279 776 -270
person 0.010319047 736 -279 752 -270
person 0.010312937 783 -95 807 -63
person 0.01030793 760 841 778 873
person 0.010304667 1187 426 1197 445
person 0.010303908 199 841 216 873
person 0.010301716 522 604 543 635
person 0.010297915 1130 255 1174 312
person 0.010296349 634 793 656 851
person 0.010290195 563 524 579 559
person 0.010289205 687 841 704 873
person 0.010282306 784 -279 801 -270
person 0.010281433 1181 860 1239 1000
person 0.010275758 978 -180 994 -130
person 0.010268495 264 454 292 475
person 0.010264522 589 841 607 873
person 0.010251413 1131 723 1141 743
person 0.010238111 1262 738 1270 779
person 0.010223259 683 405 703 438
person 0.010210558 231 471 268 495
person 0.010210467 260 156 279 179
person 0.010209324 345 841 362 873
person 0.010209041 540 -90 562 -62
person 0.010207388 496 17 508 34
person 0.01020601 1262 -142 1270 -97
person 0.010205118 367 208 388 235
person 0.010197386 1060 -263 1069 -220
person 0.010191361 1048 231 1072 258
person 0.010185846 785 841 802 873
person 0.010185673 1263 881 1271 927
person 0.010182241 980 841 997 871
person 0.010182204 662 841 680 873
person 0.010179406 163 444 188 469
person 0.010177393 1182 63 1201 85
person 0.0101769855 1047 450 1069 482
person 0.010173786 314 567 350 594
person 0.010163147 220 864 243 947
person 0.010156404 492 841 509 873
person 0.010146979 490 -90 512 -61
person 0.010139266 657 207 680 234
person 0.010131966 504 579 598 766
person 0.0101286955 919 624 996 829
person 0.010118555 858 841 875 873
person 0.01011801 1199 383 1211 398
person 0.0101167355 545 13 557 31
person 0.010114969 34 690 46 731
person 0.010105377 269 863 292 948
person 0.010103513 836 39 855 58
person 0.010103183 788 58 826 114
person 0.010100255 1050 304 1076 326
person 0.010095865 614 841 631 873
person 0.01008761 521 718 531 758
person 0.010080475 392 -90 415 -62
person 0.010073431 679 416 699 448
person 0.010070289 1035 -263 1045 -220
person 0.010057452 370 841 387 873
person 0.010045746 1004 14 1022 36
person 0.010044309 174 841 191 874
person 0.010041689 1108 724 1118 745
person 0.010038556 147 863 167 895
person 0.0100369025 1034 717 1045 761
person 0.010027388 638 841 656 873
person 0.010025575 -4 -7 11 22
person 0.010020706 391 691 414 722
person 0.010019638 149 -279 166 -270
person 0.010018308 1039 -241 1054 -186
person 0.010014582 689 606 757 835
person 0.01000218 418 881 440 914
person 0.010001968 1028 13 1047 35
