person 0.71497214 781 120 803 149
person 0.7013198 702 133 726 165
person 0.67252815 639 98 660 124
person 0.63602555 708 173 738 214
person 0.6308996 627 88 642 109
person 0.6241492 752 189 783 231
person 0.6161549 727 108 750 137
person 0.605717 561 74 577 95
person 0.5996922 601 80 621 105
person 0.586944 856 191 889 236
person 0.57031775 502 87 519 109
person 0.54763 678 92 699 118
person 0.53990155 204 178 247 234
person 0.4676615 573 94 595 119
person 0.41069785 538 74 554 94
person 0.15352196 547 71 565 93
person 0.020446105 199 185 232 230
person 0.012079939 544 79 562 99
