person 0.6936063 633 79 644 96
person 0.69080293 570 70 581 85
person 0.68638146 674 97 685 115
person 0.683996 535 58 545 71
person 0.67397493 483 75 495 91
person 0.6733161 545 68 556 83
person 0.6544878 577 56 587 69
person 0.651971 680 68 690 83
person 0.6518341 618 71 628 87
person 0.6453784 513 92 530 112
person 0.6398056 632 53 642 67
person 0.6372509 564 54 574 66
person 0.6363189 601 78 612 94
person 0.6284869 457 83 469 100
person 0.6244505 420 89 436 110
person 0.6233802 590 53 600 66
person 0.61413324 648 105 662 127
person 0.61392796 693 86 703 102
person 0.61048806 549 58 559 70
person 0.6099151 646 59 656 72
person 0.60644126 411 72 422 88
person 0.60398036 613 52 623 65
person 0.60148835 487 88 504 108
person 0.577248 458 65 469 80
person 0.57081354 521 45 531 57
person 0.55928105 706 68 715 83
person 0.5538309 514 67 526 82
person 0.54454535 345 62 356 77
person 0.5363615 599 63 609 76
person 0.5308894 558 122 579 146
person 0.5303415 501 41 509 52
person 0.52643806 526 71 538 87
person 0.5167859 365 52 376 65
person 0.5147618 321 55 332 69
person 0.5136184 273 67 285 83
person 0.51353574 441 53 451 68
person 0.5115965 420 52 430 66
person 0.5062394 655 91 666 108
person 0.50340366 695 71 705 85
person 0.5008099 492 53 503 67
person 0.49580252 464 53 475 67
person 0.49537167 304 66 315 81
person 0.49496317 426 74 437 90
person 0.49305484 487 44 497 56
person 0.48987192 584 64 595 78
person 0.48480892 428 49 438 64
person 0.47512653 454 41 464 54
person 0.463593 368 75 381 89
person 0.46320257 387 67 398 81
person 0.4628051 363 71 376 86
person 0.45836964 665 82 676 98
person 0.45491055 390 48 400 62
person 0.43512988 342 81 354 97
person 0.42580897 372 62 385 77
person 0.4249883 271 70 286 91
person 0.4233013 592 80 604 96
person 0.42319694 506 50 517 64
person 0.4137956 321 68 333 82
person 0.39315575 347 52 357 65
person 0.37574977 369 49 380 61
person 0.36260366 397 56 407 70
person 0.35322723 610 51 620 64
person 0.34581378 631 68 642 83
person 0.32835692 428 45 438 57
person 0.31409264 409 43 419 56
person 0.30034018 409 22 418 36
person 0.28727853 425 24 432 36
person 0.27386785 465 87 481 108
person 0.27148837 563 65 576 80
person 0.2557637 325 63 337 77
person 0.24740641 325 57 336 70
person 0.23974778 389 45 400 57
person 0.22953527 489 46 495 54
person 0.22497807 522 75 535 91
person 0.21766064 565 121 584 144
person 0.21491405 661 70 673 85
person 0.21433462 592 54 598 63
person 0.21319035 459 22 466 34
person 0.20719896 470 50 481 64
person 0.20216456 456 42 462 51
person 0.2003074 442 23 449 35
person 0.1989725 565 54 572 63
person 0.19673863 698 81 709 97
person 0.19322322 555 116 583 156
person 0.18375523 523 47 529 55
person 0.18312246 410 24 416 33
person 0.17976335 615 52 622 61
person 0.1779946 441 68 453 84
person 0.17559366 391 50 398 59
person 0.17503856 707 69 713 79
person 0.16673768 457 88 470 105
person 0.16633476 533 53 548 73
person 0.16479646 371 51 378 58
person 0.16410863 351 23 361 37
person 0.16246355 391 46 398 54
person 0.16164051 697 72 703 82
person 0.15694332 682 281 718 358
person 0.15675968 337 22 347 36
person 0.14961903 612 52 618 60
person 0.14874227 430 46 437 54
person 0.1484468 362 52 378 71
person 0.14736305 634 54 640 64
person 0.14571601 551 58 557 67
person 0.1427647 673 83 685 99
person 0.13865681 349 53 356 61
person 0.13859701 413 41 425 54
person 0.13686028 388 46 403 66
person 0.13684429 508 51 515 60
person 0.13523582 528 75 536 88
person 0.13354535 556 96 576 118
person 0.13074084 320 54 335 74
person 0.12947232 579 56 585 66
person 0.12803158 562 53 576 72
person 0.12722878 630 54 644 75
person 0.12335384 367 53 374 62
person 0.12188623 507 62 519 77
person 0.121282026 443 51 450 64
person 0.11883791 480 71 492 87
person 0.11683219 421 52 428 63
person 0.11654112 648 60 654 69
person 0.11245591 588 53 602 73
person 0.112306416 506 94 520 111
person 0.110078074 601 64 607 73
person 0.10833723 429 50 436 59
person 0.10363492 649 82 662 98
person 0.10314033 323 56 330 65
person 0.10266625 372 94 392 117
person 0.10123756 108 206 122 223
person 0.0996865 428 70 437 85
person 0.099429324 484 84 507 113
person 0.09812865 257 82 269 97
person 0.09708045 399 52 406 66
person 0.09670498 740 436 747 481
person 0.09656951 699 88 710 104
person 0.093731865 283 69 296 83
person 0.09354881 493 47 501 65
person 0.09293558 702 228 730 276
person 0.09227609 235 86 246 100
person 0.09159125 306 67 313 76
person 0.09145062 710 108 721 125
person 0.09119123 610 49 624 70
person 0.08947614 493 49 510 70
person 0.08800031 448 80 461 97
person 0.08792048 354 22 365 37
person 0.087675415 327 58 334 66
person 0.08749382 432 26 444 41
person 0.08693322 413 75 420 87
person 0.08641984 132 199 160 248
person 0.08589458 602 94 621 115
person 0.085494064 635 107 648 125
person 0.08434865 586 65 593 75
person 0.083628066 465 52 473 63
person 0.08274285 342 89 360 111
person 0.08002843 648 63 654 72
person 0.07973666 410 71 418 86
person 0.07854535 250 21 260 35
person 0.078379005 563 76 576 91
person 0.077984944 579 154 600 178
person 0.07744237 373 64 383 73
person 0.07569258 241 84 253 99
person 0.074771635 580 98 599 120
person 0.07463415 353 24 359 34
person 0.074099734 452 77 473 107
person 0.073357105 371 44 383 57
person 0.07180949 682 69 688 79
person 0.07118409 480 44 488 56
person 0.070029624 330 77 344 93
person 0.06986624 67 204 78 222
person 0.06932974 322 66 331 78
person 0.06620632 572 75 580 88
person 0.06584448 694 82 701 97
person 0.06559407 739 100 747 127
person 0.06552949 502 81 515 97
person 0.06549958 685 352 721 431
person 0.06525002 544 79 557 94
person 0.0651981 518 122 540 145
person 0.064518556 339 24 345 34
person 0.06346255 485 71 494 85
person 0.06336879 740 152 747 187
person 0.06316748 742 79 747 97
person 0.06304595 651 108 659 123
person 0.06255168 388 65 396 78
person 0.06252136 347 64 354 73
person 0.06146901 276 68 283 77
person 0.06085465 742 65 746 83
person 0.06000439 113 212 150 281
person 0.059823655 742 93 747 112
person 0.059676662 -2 234 13 312
person 0.059137646 531 92 545 107
person 0.058837894 307 57 319 71
person 0.058677312 563 201 593 244
person 0.058196757 663 71 671 80
person 0.05805207 274 76 281 90
person 0.058017034 740 404 745 452
person 0.058006585 285 80 299 95
person 0.057920713 20 292 50 383
person 0.057878602 546 62 554 80
person 0.0576687 347 40 358 54
person 0.057363395 35 174 41 196
person 0.057253208 631 96 643 112
person 0.056832887 564 123 593 165
person 0.056299128 551 147 578 180
person 0.05543582 309 145 326 169
person 0.055325195 302 50 318 71
person 0.055138677 687 218 742 331
person 0.054989416 -3 -162 6 -145
person 0.054967575 740 466 746 505
person 0.05487819 658 108 670 125
person 0.05397715 669 90 689 121
person 0.053927988 559 94 573 110
person 0.05390084 478 70 500 100
person 0.053810615 739 -161 746 -127
person 0.053691786 420 85 442 116
person 0.053338427 402 95 416 111
person 0.05296559 619 64 627 81
person 0.052931756 385 80 398 95
person 0.052676696 300 76 313 91
person 0.05218973 314 77 327 92
person 0.051344994 363 41 375 55
person 0.051034473 421 66 442 97
person 0.05081911 234 80 250 101
person 0.050486874 265 63 291 107
person 0.050156333 483 76 490 89
person 0.05004321 31 158 38 181
person 0.04978822 516 67 524 77
person 0.04962643 491 90 499 105
person 0.04929468 644 119 661 140
person 0.049101904 742 105 746 125
person 0.048995834 633 67 640 78
person 0.04866955 60 223 71 243
person 0.0486273 460 66 467 76
person 0.04842232 572 64 580 82
person 0.048313726 0 -164 4 -145
person 0.04823037 -2 -156 13 -89
person 0.048210833 700 81 707 92
person 0.048197936 333 43 344 57
person 0.04804452 39 204 48 225
person 0.047919877 739 124 747 153
person 0.047610957 205 135 221 159
person 0.047086827 264 70 276 84
person 0.047059845 -2 -162 6 -157
person 0.046509154 367 75 375 88
person 0.04648623 667 80 674 93
person 0.04634454 106 199 158 310
person 0.045482866 338 74 360 105
person 0.045057975 334 20 348 42
person 0.044980347 517 95 525 109
person 0.044799518 586 95 599 110
person 0.04449908 658 117 675 140
person 0.044466108 356 23 364 34
person 0.044021387 739 80 749 96
person 0.04364307 406 67 428 97
person 0.04360973 250 285 261 300
person 0.043522395 544 93 559 108
person 0.043451615 269 314 280 331
person 0.042905036 739 94 749 111
person 0.042762123 0 83 6 120
person 0.042467102 740 171 746 212
person 0.041993454 364 65 374 80
person 0.041955028 252 22 258 32
person 0.041750677 29 156 38 187
person 0.041719362 601 93 614 109
person 0.04169012 32 344 63 436
person 0.041574053 528 63 537 80
person 0.04149688 118 179 174 280
person 0.041172132 36 194 50 240
person 0.040985335 320 42 332 57
person 0.040833704 344 80 352 92
person 0.040748533 166 95 181 116
person 0.04046096 57 215 74 256
person 0.0401454 29 154 35 174
person 0.040057167 739 66 749 82
person 0.040053263 689 108 702 126
person 0.039954714 513 83 539 129
person 0.03969224 411 119 430 143
person 0.039379302 471 93 479 107
person 0.03931892 364 67 386 98
person 0.0392439 31 203 41 225
person 0.039058518 615 92 629 108
person 0.03872162 372 91 385 105
person 0.03868205 496 120 515 142
person 0.03861566 738 -162 746 -157
person 0.038599987 461 84 484 114
person 0.038510572 371 78 378 86
person 0.0381883 134 284 160 318
person 0.038113058 303 140 333 182
person 0.037963755 464 120 484 142
person 0.037681364 423 92 431 106
person 0.03755507 738 -163 748 -147
person 0.037495226 63 226 81 270
person 0.037456647 521 427 531 470
person 0.03731936 573 92 587 107
person 0.03730662 687 120 704 143
person 0.037243713 357 95 371 110
person 0.03703437 292 93 310 116
person 0.037011724 72 219 84 238
person 0.036983505 739 -136 746 -96
person 0.036489148 429 111 443 127
person 0.03631871 52 257 73 301
person 0.036303785 514 111 528 127
person 0.036198907 394 29 404 42
person 0.03595913 370 27 382 41
person 0.03565328 690 486 708 552
person 0.035522476 261 362 277 381
person 0.035515293 262 280 273 294
person 0.03537512 710 215 727 256
person 0.035296045 616 108 630 124
person 0.03527161 272 90 284 106
person 0.035160996 267 361 278 379
person 0.034990977 33 190 54 253
person 0.034883182 231 92 249 115
person 0.03476043 438 122 456 144
person 0.034745917 428 64 437 80
person 0.034138888 0 -166 6 -129
person 0.034127835 731 -146 750 -92
person 0.03412239 700 169 727 215
person 0.03408204 366 122 384 145
person 0.03397365 486 108 499 124
person 0.03381791 435 430 444 471
person 0.03377072 408 65 419 83
person 0.033722613 678 56 689 70
person 0.0335766 349 21 364 42
person 0.033568256 543 192 589 244
person 0.033527955 444 92 457 108
person 0.033513967 357 121 386 163
person 0.03341914 616 263 657 319
person 0.033231802 740 491 746 535
person 0.03308762 607 127 628 149
person 0.03301419 737 286 744 343
person 0.032971 412 68 421 82
person 0.03277358 442 64 452 79
person 0.032702435 692 -152 701 -123
person 0.032694034 31 -162 42 -151
person 0.03267979 -2 -107 10 -24
person 0.03259736 325 96 343 117
person 0.032494966 736 71 745 96
person 0.03247021 581 264 635 374
person 0.032448966 520 68 543 98
person 0.032338962 664 57 674 70
person 0.032309547 737 244 744 303
person 0.032257162 735 155 749 183
person 0.032237586 55 233 78 293
person 0.03210363 579 500 595 545
person 0.031983722 17 -162 27 -158
person 0.031876598 134 204 148 222
person 0.03184066 642 124 655 142
person 0.031836495 414 117 444 159
person 0.031820893 602 260 644 317
person 0.031649124 603 79 610 90
person 0.031630997 499 109 513 124
person 0.031486284 26 155 41 199
person 0.031328134 406 431 416 472
person 0.03127098 594 78 602 92
person 0.031255424 461 429 474 476
person 0.030889899 17 -162 29 -151
person 0.030719249 742 52 746 70
person 0.03070792 657 93 664 102
person 0.030673807 62 231 74 251
person 0.030483257 142 162 158 188
person 0.03048062 721 316 727 366
person 0.0303193 0 2 3 27
person 0.030281937 517 153 544 185
person 0.030274669 474 132 505 173
person 0.03026888 0 108 6 150
person 0.030252678 244 39 261 59
person 0.030121308 695 91 701 101
person 0.030085688 490 427 503 475
person 0.030032545 628 72 648 103
person 0.030032426 45 212 87 336
person 0.02989775 271 49 288 70
person 0.029758545 110 200 121 217
person 0.029607603 635 77 642 92
person 0.02958003 277 58 288 72
person 0.02955969 414 108 428 124
person 0.029555801 387 97 401 111
person 0.029507954 559 112 574 128
person 0.02945101 -7 220 25 332
person 0.029341286 119 228 141 268
person 0.029328858 529 112 543 127
person 0.02925723 66 239 80 258
person 0.029066475 76 197 87 217
person 0.028867204 357 122 376 144
person 0.028698232 165 275 181 291
person 0.028614799 39 497 53 544
person 0.028611708 114 219 131 237
person 0.0285827 630 120 643 136
person 0.028461931 591 284 629 352
person 0.028407434 298 59 320 91
person 0.028306952 0 143 4 173
person 0.028007591 158 262 181 297
person 0.027834086 395 31 402 40
person 0.02778578 334 45 342 54
person 0.027723536 172 138 189 161
person 0.027641183 643 116 671 158
person 0.027539015 171 138 199 181
person 0.027520005 329 93 342 108
person 0.027499795 373 -145 393 -89
person 0.0274564 738 375 744 434
person 0.027446924 721 341 728 402
person 0.027428309 550 500 566 545
person 0.027353738 248 19 262 41
person 0.027177174 285 70 295 79
person 0.027131202 131 183 152 222
person 0.02707723 593 420 599 444
person 0.027077002 365 43 373 52
person 0.027046027 0 88 4 112
person 0.027017286 716 -162 726 -158
person 0.026999066 472 107 485 121
person 0.026996905 458 106 472 121
person 0.026949316 31 -162 41 -158
person 0.026891565 476 77 503 122
person 0.026849115 0 173 3 199
person 0.026683846 567 181 595 215
person 0.026643502 552 99 579 130
person 0.026626084 550 42 559 55
person 0.026586294 643 511 664 574
person 0.026569825 620 77 626 86
person 0.026450198 259 82 267 91
person 0.026446294 310 135 328 158
person 0.026417594 549 174 579 206
person 0.026284147 534 44 542 56
person 0.026282182 101 259 146 383
person 0.02617405 624 266 683 382
person 0.026091143 501 122 515 137
person 0.026011363 159 95 175 115
person 0.025956333 0 77 3 100
person 0.025902145 -4 392 18 499
person 0.025807295 0 157 4 186
person 0.025780095 689 77 708 109
person 0.025734717 732 172 748 215
person 0.025685208 723 119 748 166
person 0.025503032 257 20 268 34
person 0.025442876 594 44 601 55
person 0.025419923 0 243 3 271
person 0.02541469 257 89 269 106
person 0.025324825 520 175 547 208
person 0.025305131 618 -162 627 -157
person 0.025284732 742 406 746 430
person 0.025196778 596 72 616 103
person 0.025136858 316 -145 336 -90
person 0.025113545 -3 5 6 24
person 0.025083361 733 -101 749 -31
person 0.025081672 666 -154 676 -121
person 0.024870511 364 72 392 116
person 0.02482972 742 119 746 141
person 0.024828667 372 29 380 39
person 0.02463047 237 87 244 96
person 0.024504047 51 266 98 400
person 0.02442826 739 121 749 139
person 0.024419656 41 219 51 241
person 0.024389397 400 108 414 123
person 0.024341736 633 -162 641 -157
person 0.02429585 28 220 38 242
person 0.02427246 619 -162 628 -147
person 0.024255842 213 96 230 118
person 0.02423502 550 429 560 470
person 0.024200223 604 -162 614 -148
person 0.024189245 654 92 662 106
person 0.024055712 308 59 317 68
person 0.024016308 522 500 538 545
person 0.02400734 608 500 624 545
person 0.02398022 460 175 492 215
person 0.023837425 604 -162 613 -157
person 0.02381654 609 43 619 56
person 0.023789823 716 97 727 113
person 0.023697728 716 -162 727 -151
person 0.023671567 450 18 456 27
person 0.023666972 47 232 57 253
person 0.023526903 227 93 239 110
person 0.023456382 738 45 746 72
person 0.023406807 -2 90 7 109
person 0.02339144 428 77 435 86
person 0.023179278 0 186 3 213
person 0.023130229 590 -162 600 -148
person 0.023093766 0 210 8 280
person 0.02303978 633 -162 643 -147
person 0.023025194 177 143 196 171
person 0.022896288 316 58 339 89
person 0.022836337 47 279 57 300
person 0.02273751 -3 468 9 560
person 0.022695314 694 500 707 536
person 0.0226831 174 309 190 317
person 0.022678666 55 353 88 438
person 0.022672521 206 500 222 545
person 0.022647379 177 431 186 468
person 0.022637703 138 192 152 209
person 0.022609623 485 78 493 86
person 0.022606563 168 268 188 285
person 0.022581585 600 299 620 340
person 0.022577772 22 204 27 227
person 0.022573879 717 82 728 97
person 0.022544589 0 -155 5 -101
person 0.022467613 108 203 131 243
person 0.022462664 582 517 604 582
person 0.022440525 515 120 529 135
person 0.022371355 27 307 37 327
person 0.022357374 267 221 282 237
person 0.022354705 375 429 388 476
person 0.022243658 715 111 722 125
person 0.022205247 443 109 457 123
person 0.022182185 177 500 193 545
person 0.022138864 699 363 720 376
person 0.02204085 248 71 260 85
person 0.022012167 0 129 3 158
person 0.021954576 314 96 328 111
person 0.021837955 205 62 231 108
person 0.021831267 0 189 6 251
person 0.021798883 40 195 49 216
person 0.021780469 647 -162 656 -157
person 0.021719279 268 299 279 313
person 0.021709275 436 500 451 545
person 0.021670623 741 68 746 78
person 0.02158997 607 150 628 174
person 0.021587783 258 -148 278 -93
person 0.02156673 704 -162 715 -151
person 0.021555755 589 -162 598 -157
person 0.021550657 530 124 544 139
person 0.021532878 0 201 4 230
person 0.021492481 575 -162 586 -149
person 0.021484114 539 60 561 91
person 0.021435441 407 500 423 545
person 0.021285897 349 430 358 470
person 0.021231432 262 359 275 374
person 0.021220392 378 500 394 545
person 0.021214044 235 500 251 545
person 0.021190597 704 -162 713 -157
person 0.021161871 306 61 334 104
person 0.021109153 647 -162 657 -148
person 0.021083232 242 89 254 106
person 0.021062963 641 -158 652 -121
person 0.021018755 86 336 103 349
person 0.020993205 665 50 681 72
person 0.02090841 739 53 749 70
person 0.02085641 692 -128 701 -97
person 0.020815974 493 150 516 174
person 0.020803422 -2 84 14 144
person 0.020735584 743 392 746 415
person 0.020721849 289 375 302 395
person 0.020663885 288 57 299 69
person 0.020634267 559 269 574 283
person 0.020609079 523 -152 541 -92
person 0.020599347 104 272 129 307
person 0.020586945 248 38 258 53
person 0.020565098 540 105 595 197
person 0.020545878 286 93 298 109
person 0.02053972 703 50 713 71
person 0.020525968 258 119 288 161
person 0.020512454 181 21 196 46
person 0.020511512 0 163 5 215
person 0.020505954 206 433 215 470
person 0.020504188 740 563 744 594
person 0.020495815 14 277 23 298
person 0.020487357 231 130 249 153
person 0.020455064 634 532 649 582
person 0.02040183 605 532 621 581
person 0.020382984 601 108 615 123
person 0.020302745 70 508 90 580
person 0.020291157 661 138 673 155
person 0.020253787 14 246 23 269
person 0.020253627 36 197 45 217
person 0.020250797 587 109 601 123
person 0.020099146 672 118 685 135
person 0.020054923 139 56 163 104
person 0.020043185 241 350 255 368
person 0.020018166 621 44 631 57
person 0.020000214 29 317 41 338
person 0.019996077 644 92 669 137
person 0.01997151 212 69 229 89
person 0.019953134 264 281 270 291
person 0.019938491 464 500 480 545
person 0.019931732 168 96 178 112
person 0.019888872 425 -145 445 -89
person 0.019874958 565 67 588 98
person 0.019865353 572 111 587 125
person 0.019820001 407 145 428 171
person 0.019753166 448 15 458 28
person 0.019708509 638 -105 646 -74
person 0.019699827 739 -108 746 -66
person 0.01961752 636 288 676 364
person 0.019600043 0 258 4 285
person 0.019569654 270 121 288 143
person 0.019561008 282 225 294 240
person 0.019548068 546 181 610 265
person 0.019518815 675 103 683 118
person 0.019484987 577 532 592 582
person 0.019414697 106 295 134 329
person 0.019400336 -1 263 6 343
person 0.019393373 34 168 43 200
person 0.01937165 470 -150 489 -92
person 0.01932232 635 436 642 458
person 0.019293979 696 148 714 173
person 0.01927222 349 500 365 545
person 0.019231867 98 266 121 303
person 0.019211253 0 102 4 128
person 0.019151736 84 348 105 363
person 0.019087309 -3 79 6 98
person 0.019065198 702 92 708 100
person 0.019056372 124 -153 143 -97
person 0.019043831 666 502 680 538
person 0.019023798 538 238 583 294
person 0.019021004 718 68 729 82
person 0.018996805 493 500 509 546
person 0.01898459 103 198 122 238
person 0.018955013 30 156 34 168
person 0.018954149 20 302 29 323
person 0.018949108 486 122 500 136
person 0.018935053 32 163 37 175
person 0.018932242 144 40 161 63
person 0.01891505 356 147 375 171
person 0.018908573 455 20 469 42
person 0.018904563 437 20 452 42
person 0.018901432 459 80 467 93
person 0.018869529 608 -159 618 -122
person 0.01885434 661 -162 671 -149
person 0.018835163 560 -162 571 -149
person 0.018801352 0 504 8 562
person 0.018795557 0 72 5 106
person 0.018771362 299 122 317 146
person 0.018765446 31 164 45 210
person 0.018758649 515 468 528 502
person 0.018754221 650 434 657 456
person 0.018744344 739 368 750 384
person 0.018694216 691 475 705 505
person 0.018585347 548 532 563 582
person 0.018581932 743 378 746 401
person 0.018567447 66 191 79 221
person 0.018548248 56 352 102 487
person 0.018540777 149 500 164 545
person 0.018538281 359 46 381 77
person 0.018535363 40 180 48 201
person 0.01851271 545 111 559 125
person 0.018466838 637 148 657 171
person 0.01846069 66 483 85 563
person 0.018452857 665 59 673 67
person 0.018414559 575 -162 584 -157
person 0.018408246 337 337 347 358
person 0.018405149 413 375 425 394
person 0.018399348 548 126 564 142
person 0.018387593 741 82 746 91
person 0.018366886 13 174 19 197
person 0.018362178 176 256 191 271
person 0.018358197 406 21 421 42
person 0.018313514 263 500 279 545
person 0.01829861 354 15 364 28
person 0.018292129 566 43 574 55
person 0.0182868 407 76 447 137
person 0.018262573 253 204 265 221
person 0.01825011 290 532 305 582
person 0.018235283 15 234 20 258
person 0.018234557 261 532 276 582
person 0.018177385 181 69 199 89
person 0.018162033 318 532 334 582
person 0.018148318 232 532 248 582
person 0.018131867 661 -162 670 -157
person 0.018129928 642 171 673 214
person 0.018125072 519 532 535 582
person 0.018118672 347 532 362 582
person 0.01810727 429 467 442 502
person 0.018087322 376 532 391 582
person 0.018083317 405 532 420 582
person 0.018078223 376 150 397 174
person 0.018058335 433 532 448 582
person 0.018023811 462 532 477 582
person 0.017990485 491 532 506 582
person 0.017990418 552 130 576 149
person 0.01797555 123 514 144 582
person 0.017969728 458 150 485 183
person 0.017966656 321 500 337 545
person 0.017918797 73 -150 93 -92
person 0.017916396 146 66 164 86
person 0.017906616 703 510 724 577
person 0.017903363 204 532 219 582
person 0.017826317 118 532 133 582
person 0.01781712 302 93 315 108
person 0.017785752 580 42 588 55
person 0.017781748 20 169 65 279
person 0.017771907 40 21 53 47
person 0.017745955 0 -143 3 -114
person 0.01773119 530 47 550 78
person 0.017715044 579 -159 589 -122
person 0.01765541 0 -157 3 -129
person 0.017638562 134 145 163 190
person 0.017617382 175 532 190 582
person 0.017614651 159 266 177 282
person 0.017613579 376 -126 395 -64
person 0.017590022 171 467 185 502
person 0.017589329 146 532 162 582
person 0.017542236 316 48 338 79
person 0.017517721 85 126 100 147
person 0.017484097 400 467 414 502
person 0.0174675 163 263 189 291
person 0.01742019 339 87 363 118
person 0.017414508 0 242 5 308
person 0.017337212 252 286 258 296
person 0.017277492 1 133 7 184
person 0.01727177 544 466 558 502
person 0.017263038 138 291 155 309
person 0.0172531 275 284 287 298
person 0.017229216 89 532 104 582
person 0.017179832 118 -63 148 34
person 0.017175717 636 501 653 545
person 0.017167559 65 499 79 545
person 0.017144363 204 39 220 59
person 0.017141815 357 109 370 123
person 0.01713914 0 474 6 531
person 0.017138602 137 217 158 236
person 0.017109832 742 545 746 575
person 0.017109815 646 509 660 557
person 0.017104186 663 532 678 582
person 0.01706555 371 468 385 502
person 0.017040221 493 25 502 37
person 0.017007187 181 268 195 284
person 0.01700545 200 228 214 242
person 0.01696467 83 -53 101 18
person 0.016955487 350 176 381 218
person 0.016948987 307 42 318 56
person 0.016916055 680 58 687 67
person 0.01690541 101 219 117 237
person 0.016884588 702 176 719 205
person 0.0168546 742 97 746 106
person 0.01680494 0 559 6 592
person 0.016801395 320 430 330 470
person 0.016780706 39 246 50 268
person 0.016764287 248 199 271 235
person 0.016705424 32 532 47 582
person 0.016702779 547 -162 557 -149
person 0.016702158 554 -158 565 -121
person 0.016692301 263 236 276 250
person 0.016692294 134 194 148 213
person 0.016690563 446 362 458 382
person 0.01665669 426 172 457 213
person 0.016598416 46 347 60 365
person 0.016596338 617 509 631 557
person 0.016587304 0 229 3 257
person 0.01656289 120 45 137 67
person 0.01655359 716 215 724 255
person 0.016521242 321 44 330 53
person 0.016501179 740 508 746 561
person 0.016395278 346 -162 357 -149
person 0.016381843 360 -162 371 -149
person 0.016364535 260 -162 271 -149
person 0.016363235 332 -162 343 -149
person 0.01636016 178 518 201 583
person 0.016359122 246 -162 256 -149
person 0.016358372 188 -162 199 -149
person 0.016357966 274 -162 285 -149
person 0.01635765 174 -162 185 -149
person 0.01635725 203 -162 213 -149
person 0.016356124 231 -162 242 -149
person 0.016355356 217 -162 228 -149
person 0.016352793 160 -162 170 -149
person 0.016350992 145 -162 156 -149
person 0.016350394 292 500 308 545
person 0.01635001 289 -162 299 -149
person 0.016347708 404 -162 414 -149
person 0.016347349 0 273 4 300
person 0.016344659 375 -162 386 -149
person 0.016344229 578 424 584 448
person 0.016344206 266 72 274 80
person 0.016343262 389 -162 400 -149
person 0.01634189 303 -162 314 -149
person 0.016337523 431 362 444 382
person 0.016334688 131 -162 142 -149
person 0.016333316 217 81 229 95
person 0.01632784 317 -162 328 -149
person 0.016313953 703 510 716 559
person 0.016313823 741 -53 746 -26
person 0.016262494 691 532 706 582
person 0.01626222 418 -162 429 -149
person 0.016259832 -2 105 7 125
person 0.016177345 106 278 141 358
person 0.016177049 742 365 746 386
person 0.016158534 524 78 533 87
person 0.016156534 636 42 646 55
person 0.01615279 117 -162 127 -149
person 0.01613562 559 46 579 78
person 0.016112456 183 35 199 57
person 0.016089348 507 75 544 142
person 0.016047688 481 70 490 81
person 0.016041953 429 -129 448 -67
person 0.016039357 357 18 362 26
person 0.016010145 432 -162 443 -149
person 0.015977435 525 -157 535 -122
person 0.015932582 664 435 671 456
person 0.01592475 739 381 750 397
person 0.01589476 447 -162 457 -149
person 0.015877167 170 363 185 381
person 0.015875073 578 -160 597 -103
person 0.015865443 675 -163 686 -150
person 0.015830392 276 333 287 352
person 0.015825624 120 500 136 546
person 0.015815163 243 85 251 93
person 0.01573276 486 467 500 503
person 0.015694285 293 518 315 584
person 0.015692407 706 55 716 69
person 0.015682135 18 290 27 312
person 0.015641844 102 -162 113 -149
person 0.015589567 619 429 624 440
person 0.015543794 369 96 396 128
person 0.015532357 560 -162 570 -157
person 0.015499304 168 279 196 327
person 0.015496655 578 433 588 469
person 0.015484009 1 135 20 199
person 0.015472376 76 -61 105 34
person 0.015469833 200 144 218 169
person 0.015451588 190 -150 210 -95
person 0.015415697 341 336 351 357
person 0.015389232 617 123 631 139
person 0.015378079 52 351 66 368
person 0.015368184 741 177 746 200
person 0.0153591605 237 195 282 252
person 0.015358547 676 92 684 109
person 0.015358093 461 -162 472 -149
person 0.015321131 387 110 401 125
person 0.01530325 375 282 382 294
person 0.015292655 228 348 243 367
person 0.015272068 408 15 419 29
person 0.015266016 588 508 602 557
person 0.01525877 61 532 75 583
person 0.015242408 117 326 131 334
person 0.015241685 694 55 702 68
person 0.015232942 605 249 668 333
person 0.015196775 14 263 20 286
person 0.015186224 258 57 295 120
person 0.015174833 236 519 258 585
person 0.01516892 384 42 406 73
person 0.015143703 332 79 342 88
person 0.0151388105 678 436 686 454
person 0.015107177 629 136 642 152
person 0.015082549 47 -155 54 -122
person 0.015054221 349 15 360 28
person 0.01504708 419 14 429 28
person 0.015027038 532 -162 543 -149
person 0.015011497 350 519 372 584
person 0.015010278 472 123 486 136
person 0.015010265 80 321 97 335
person 0.015000247 0 380 5 457
person 0.014987643 651 -152 656 -127
person 0.014978472 0 -129 3 -99
person 0.014969232 739 137 749 156
person 0.0149259325 67 205 73 223
person 0.0149255125 239 293 252 310
person 0.0149220135 627 48 647 80
person 0.014921104 621 435 628 456
person 0.014919667 705 351 721 365
person 0.014909221 313 171 343 214
person 0.014904208 428 93 435 108
person 0.014901918 160 223 175 237
person 0.014878297 0 60 3 83
person 0.014874818 0 301 3 328
person 0.014858363 88 -162 99 -149
person 0.014849315 143 124 160 145
person 0.014847871 261 -127 279 -62
person 0.01482586 36 178 40 190
person 0.014816891 164 163 208 224
person 0.014771551 475 -162 486 -149
person 0.014761303 458 467 471 502
person 0.014760625 -2 176 5 196
person 0.014745729 312 -128 331 -66
person 0.014722402 576 100 602 131
person 0.014719628 734 -162 748 -120
person 0.0146776615 0 215 3 245
person 0.014672889 0 19 4 42
person 0.014660383 -2 247 5 267
person 0.0146238385 45 201 81 270
person 0.014623218 580 433 586 455
person 0.014593986 44 267 60 311
person 0.014585444 45 -162 56 -150
person 0.014573537 -2 205 6 225
person 0.014549786 372 111 386 125
person 0.014546218 408 519 429 585
person 0.014531072 675 -162 684 -157
person 0.014502953 742 135 746 158
person 0.014498966 462 18 468 26
person 0.01449321 0 -28 3 1
person 0.014472234 284 277 295 291
person 0.014469311 741 -139 746 -113
person 0.014464039 742 36 746 54
person 0.014462831 26 267 34 287
person 0.014457877 741 -67 746 -40
person 0.014457551 741 412 745 422
person 0.014444362 228 337 241 354
person 0.014434299 645 136 659 152
person 0.014421912 679 429 685 442
person 0.014413049 -2 21 7 39
person 0.014409615 97 -159 107 -123
person 0.0143930195 113 159 129 183
person 0.014382018 518 -162 529 -149
person 0.014381929 -2 190 5 209
person 0.014358575 563 421 571 449
person 0.014309194 200 466 213 500
person 0.014297913 151 260 210 376
person 0.014289898 606 434 613 455
person 0.01428848 220 95 232 112
person 0.014286661 74 -155 82 -123
person 0.014256769 60 284 94 373
person 0.014245281 230 509 242 527
person 0.01423744 689 -162 698 -157
person 0.014235997 -2 -164 9 -115
person 0.0142313065 73 -162 84 -149
person 0.014213884 242 319 256 338
person 0.014211379 110 206 117 221
person 0.014205982 610 45 617 54
person 0.014164275 623 46 630 55
person 0.014164161 244 509 256 527
person 0.014158756 608 -152 614 -128
person 0.014130934 704 125 715 142
person 0.014130331 584 47 604 79
person 0.01411764 215 509 227 527
person 0.014059058 490 -162 500 -149
person 0.014055457 90 57 112 107
person 0.0140475305 689 -162 700 -150
person 0.014034374 387 281 394 293
person 0.014031549 739 354 750 370
person 0.0140279755 504 -162 515 -149
person 0.014003087 242 343 255 359
person 0.014000973 650 80 660 93
person 0.01398844 316 294 331 318
person 0.01398619 290 370 302 388
person 0.0139818825 660 147 679 171
person 0.013956891 28 296 38 316
person 0.013876216 335 346 346 366
person 0.013873547 258 509 270 527
person 0.013872732 201 509 213 527
person 0.013872132 259 219 274 234
person 0.013870716 273 263 283 275
person 0.013865316 735 464 748 509
person 0.013855149 186 285 202 300
person 0.013850864 34 138 41 157
person 0.013842235 146 235 210 335
person 0.013834298 26 279 35 300
person 0.013827501 100 198 112 216
person 0.013804242 277 285 284 296
person 0.013800166 343 468 356 502
person 0.013797934 636 -152 642 -128
person 0.013796623 686 311 708 353
person 0.013795507 270 206 284 222
person 0.0137806395 287 109 299 125
person 0.013756637 430 122 444 138
person 0.013754244 414 46 435 77
person 0.013724656 736 514 747 569
person 0.01369045 0 287 4 313
person 0.013689524 465 519 486 585
person 0.013661397 42 -79 55 -32
person 0.01365277 63 281 83 323
person 0.013643598 703 428 708 439
person 0.013623013 739 179 749 198
person 0.013601457 68 245 82 265
person 0.013586341 129 509 141 527
person 0.013581121 187 509 199 527
person 0.013573739 0 115 4 143
person 0.01357326 742 336 746 356
person 0.013556466 436 152 462 185
person 0.013555995 271 261 286 277
person 0.013546267 741 -82 746 -55
person 0.013534752 526 215 594 320
person 0.013513671 -2 -153 5 -133
person 0.01350816 498 -158 508 -122
person 0.013507709 546 -162 556 -157
person 0.01350518 741 -110 746 -84
person 0.013480553 545 509 557 527
person 0.013477281 144 508 156 527
person 0.013471856 41 125 50 154
person 0.013468579 694 277 707 295
person 0.013457864 -2 148 6 169
person 0.013455389 273 508 285 527
person 0.013452989 276 435 283 456
person 0.013438051 0 -125 8 -67
person 0.013432196 13 161 18 184
person 0.013431564 115 509 127 527
person 0.01343003 240 306 252 323
person 0.013427395 0 315 3 344
person 0.013424332 735 491 747 540
person 0.013414699 92 499 107 545
person 0.0134109305 741 -125 746 -98
person 0.013396408 172 508 184 527
person 0.013369173 594 -152 600 -128
person 0.013352359 567 205 588 232
person 0.013337038 0 -114 4 -85
person 0.013325291 600 124 614 139
person 0.013324614 741 56 746 66
person 0.01331574 154 248 170 262
person 0.013305977 158 508 170 527
person 0.013303192 -2 133 5 153
person 0.013292655 40 332 54 351
person 0.01328851 531 509 543 527
person 0.013281246 701 76 723 127
person 0.013276722 560 508 572 527
person 0.013274012 523 519 545 586
person 0.01325814 186 292 204 307
person 0.013252309 560 508 573 557
person 0.013250625 693 430 699 442
person 0.013241799 558 403 571 425
person 0.013228939 -3 -24 6 -3
person 0.013165666 458 124 472 138
person 0.013148102 362 307 376 332
person 0.01313513 622 -152 628 -128
person 0.013124279 505 27 517 41
person 0.013114808 290 436 298 456
person 0.013112148 479 28 485 37
person 0.013107546 683 159 742 274
person 0.01309015 602 178 628 211
person 0.013082846 316 122 329 139
person 0.013076389 459 362 472 382
person 0.01306268 215 508 229 557
person 0.013050496 244 508 258 557
person 0.013044465 517 508 529 527
person 0.0130242035 296 210 308 225
person 0.013013549 145 22 160 47
person 0.0130119445 742 162 746 186
person 0.0129961185 0 -99 6 -43
person 0.01299438 741 -96 746 -69
person 0.012990278 287 508 299 527
person 0.012983683 379 23 396 46
person 0.012968464 88 192 100 210
person 0.012962166 302 79 311 87
person 0.0129345525 574 508 586 527
person 0.0129294945 155 362 171 379
person 0.012922613 0 459 4 488
person 0.012908146 732 123 750 161
person 0.012906561 387 508 401 557
person 0.0128510995 0 -37 6 5
person 0.012841382 143 -6 162 54
person 0.012840288 315 110 328 126
person 0.0128384745 416 508 430 557
person 0.012826092 607 43 627 76
person 0.012817419 593 434 600 455
person 0.012816091 577 430 583 443
person 0.012813811 0 444 4 473
person 0.0128013315 187 508 200 557
person 0.012794344 569 134 586 149
person 0.012778935 417 360 429 380
person 0.012772138 551 390 562 410
person 0.012752312 445 508 458 557
person 0.012749797 60 48 76 71
person 0.012747444 0 411 5 479
person 0.012744145 1 -7 6 18
person 0.012738177 702 366 718 372
person 0.012718246 477 26 488 39
person 0.012712961 42 508 55 558
person 0.0127048185 502 508 514 527
person 0.012696555 108 279 124 293
person 0.012692067 343 106 357 121
person 0.012679937 359 508 372 557
person 0.0126757175 610 -106 617 -75
person 0.012670013 31 405 40 432
person 0.0126619395 0 431 4 459
person 0.01265468 400 60 459 160
person 0.012653077 259 21 265 31
person 0.012650868 741 421 746 445
person 0.012646497 268 239 283 253
person 0.012632601 369 133 382 148
person 0.012629218 185 341 193 351
person 0.0126112625 139 175 154 195
person 0.012599635 434 14 444 28
person 0.012596574 434 45 455 77
person 0.012589021 301 508 313 527
person 0.012584167 473 508 487 557
person 0.012579327 531 508 545 557
person 0.012569741 742 352 746 372
person 0.012558525 0 -100 4 -71
person 0.012536011 84 207 96 223
person 0.012535532 141 250 159 265
person 0.01253463 674 509 688 558
person 0.012502975 619 424 626 446
person 0.01249663 690 441 702 478
person 0.0124957 488 508 500 527
person 0.012493553 -2 -138 6 -119
person 0.0124718975 638 480 667 557
person 0.012471387 -3 62 6 81
person 0.012471147 151 238 167 253
person 0.0124660265 708 58 714 67
person 0.012444536 673 396 685 416
person 0.012426746 462 298 470 310
person 0.012426435 301 110 313 126
person 0.012417269 728 251 744 297
person 0.0123953195 328 108 341 123
person 0.012394258 284 119 350 214
person 0.012392443 330 508 344 557
person 0.012376718 273 508 286 557
person 0.012367728 573 467 586 502
person 0.012362878 100 508 112 527
person 0.012355433 213 109 224 127
person 0.012353797 474 508 485 527
person 0.012338088 553 248 569 264
person 0.012334705 95 43 111 65
person 0.012321295 316 508 328 527
person 0.012312002 -3 130 26 209
person 0.012307276 742 109 746 119
person 0.012256195 59 -163 70 -150
person 0.012251974 76 426 84 480
person 0.012250129 301 508 315 557
person 0.012238612 55 156 70 183
person 0.012237661 459 508 471 527
person 0.012235817 588 508 600 527
person 0.012230491 122 477 148 560
person 0.012226041 722 393 753 482
person 0.012216997 144 230 169 267
person 0.012206385 522 25 529 38
person 0.012197545 158 508 172 557
person 0.012181526 633 435 643 473
person 0.012177247 91 -1 110 60
person 0.012161884 129 508 143 557
person 0.012161684 689 -157 704 -116
person 0.012160865 615 138 629 154
person 0.012158952 459 47 480 78
person 0.012158006 330 508 342 527
person 0.012152636 664 379 675 399
person 0.0121488245 445 508 457 527
person 0.012140673 48 319 59 338
person 0.012122095 675 410 682 424
person 0.012113291 739 165 749 184
person 0.012112534 53 362 68 381
person 0.012108117 114 -109 132 -36
person 0.012106589 669 -137 679 -97
person 0.01209916 345 508 356 527
person 0.012098607 502 508 516 557
person 0.012095735 532 -162 542 -157
person 0.0120923575 673 362 691 381
person 0.01207949 137 202 156 232
person 0.012076348 359 508 371 527
person 0.01207396 737 442 748 475
person 0.012071748 431 508 442 527
person 0.01207144 184 352 196 368
person 0.012068161 76 466 85 504
person 0.012057818 144 339 155 349
person 0.012049941 373 508 385 527
person 0.012049771 712 319 728 362
person 0.012048347 549 133 564 149
person 0.012044703 689 -132 703 -89
person 0.012034937 388 508 399 527
person 0.012030164 416 508 428 527
person 0.012020125 402 508 414 527
person 0.0120070735 649 39 660 53
person 0.011988133 0 -86 4 -57
person 0.011983563 -3 49 6 67
person 0.0119686695 0 473 4 502
person 0.011966306 0 47 3 70
person 0.011959971 0 416 3 445
person 0.011954558 322 27 333 41
person 0.011928902 -3 305 6 324
person 0.011927188 314 467 328 502
person 0.011914613 726 -109 752 -16
person 0.011910824 142 311 159 324
person 0.011900362 551 204 579 238
person 0.011899061 270 251 286 267
person 0.011894644 32 207 39 218
person 0.011872348 363 280 369 293
person 0.011862759 460 16 470 28
person 0.011857545 502 58 555 161
person 0.0118556 144 363 160 379
person 0.011854685 363 180 387 216
person 0.011850401 742 398 746 407
person 0.011838898 692 -98 700 -66
person 0.011833639 462 345 473 366
person 0.0118295355 156 254 200 318
person 0.011822197 598 305 619 322
person 0.011817597 107 362 155 491
person 0.011808118 274 110 287 126
person 0.011805036 615 152 629 168
person 0.011798257 546 240 571 276
person 0.011772677 43 -109 55 -60
person 0.011768445 29 332 43 355
person 0.011766693 74 -138 83 -99
person 0.011762972 360 266 368 277
person 0.011761454 696 290 717 306
person 0.011730662 180 254 194 270
person 0.011725173 632 429 638 440
person 0.011662637 287 81 297 90
person 0.011653583 436 17 442 26
person 0.011641654 126 126 143 147
person 0.011630352 565 78 574 87
person 0.011627897 175 238 189 253
person 0.011626652 23 391 28 417
person 0.0116185825 -2 161 6 182
person 0.011617411 407 406 417 458
person 0.011609574 124 -57 144 16
person 0.011600774 0 544 3 576
person 0.011598669 720 70 727 79
person 0.011581734 69 -100 88 -31
person 0.0115800155 85 362 107 381
person 0.011561697 529 465 558 538
person 0.011555 501 -50 513 -42
person 0.011550459 -3 36 6 54
person 0.011547673 98 25 110 38
person 0.011505355 608 424 614 447
person 0.011504494 627 489 675 594
person 0.011495035 113 323 134 336
person 0.011490983 351 17 358 26
person 0.011482493 46 468 55 508
person 0.011477953 235 434 245 474
person 0.01147422 0 -71 4 -42
person 0.011462208 509 94 517 109
person 0.011446859 603 508 615 527
person 0.011445531 741 -39 746 -11
person 0.011435803 489 -49 499 -31
person 0.011429453 0 34 4 56
person 0.011427983 399 361 411 381
person 0.011427132 96 153 111 178
person 0.011424547 721 -3 739 59
person 0.011406934 343 -71 361 -52
person 0.011393439 739 36 749 53
person 0.0113925915 88 338 100 346
person 0.01138514 47 97 56 123
person 0.011383283 14 149 20 171
person 0.011377193 146 315 156 323
person 0.011365936 460 -49 470 -30
person 0.011351601 462 375 474 394
person 0.011345818 32 518 43 538
person 0.011339599 72 -112 85 -63
person 0.011330103 162 92 184 125
person 0.011325292 45 -162 54 -157
person 0.011315247 0 -67 9 -10
person 0.011309882 304 437 313 457
person 0.011308038 271 300 277 310
person 0.011293892 344 91 352 105
person 0.011287399 740 -81 746 -36
person 0.011264969 742 532 746 561
person 0.011260886 237 210 304 323
person 0.011253403 178 -108 185 -78
person 0.011222676 405 280 412 293
person 0.011221184 153 154 218 257
person 0.011210375 272 318 279 333
person 0.0112087 474 -49 484 -31
person 0.011202835 659 149 672 166
person 0.011199587 389 361 402 382
person 0.0111987 184 27 195 40
person 0.011196092 320 6 344 59
person 0.0111919595 579 -152 586 -128
person 0.0111723095 468 71 508 135
person 0.01115386 501 360 514 380
person 0.011144482 518 -162 528 -157
person 0.011143925 171 376 184 394
person 0.0111385975 741 -153 746 -127
person 0.011127517 733 97 750 133
person 0.011123225 120 69 137 90
person 0.011121006 109 291 130 307
person 0.011113641 649 426 655 439
person 0.011103207 529 375 541 394
person 0.011101777 299 45 321 78
person 0.0110890325 742 322 746 343
person 0.011068115 607 427 613 441
person 0.0110561745 315 -71 331 -50
person 0.011052114 436 407 446 457
person 0.011051368 664 476 678 507
person 0.011041991 292 423 298 444
person 0.011039486 110 305 132 320
person 0.011023475 95 362 116 378
person 0.011015639 440 159 511 255
person 0.01100341 463 309 470 323
person 0.011001803 444 392 455 411
person 0.010992711 173 326 182 334
person 0.010991223 371 306 385 332
person 0.010982487 649 423 656 444
person 0.010978649 466 -159 476 -123
person 0.010953924 691 136 703 153
person 0.010948377 564 432 571 457
person 0.010928269 575 495 585 513
person 0.010918969 503 -49 513 -33
person 0.010912616 287 -72 302 -48
person 0.010906421 470 465 498 538
person 0.010895039 206 -108 214 -77
person 0.010890908 346 -162 355 -157
person 0.01088853 0 487 4 516
person 0.010885465 360 -162 370 -157
person 0.010880614 244 361 262 380
person 0.0108785145 263 378 276 397
person 0.010875682 403 -162 413 -157
person 0.010871309 331 -162 341 -157
person 0.010865311 389 -162 398 -157
person 0.010865213 374 -162 384 -157
person 0.010861754 260 -162 269 -157
person 0.010861048 188 -162 198 -157
person 0.010860613 174 -162 183 -157
person 0.010859901 202 -162 212 -157
person 0.010859727 245 -162 255 -157
person 0.010858585 231 -162 241 -157
person 0.0108581595 217 -162 226 -157
person 0.01085778 159 -162 169 -157
person 0.010857376 145 -162 155 -157
person 0.010856823 274 -162 284 -157
person 0.010854825 131 -162 140 -157
person 0.010852271 288 -162 298 -157
person 0.010847655 303 -162 312 -157
person 0.01084525 317 -162 327 -157
person 0.0108275255 62 499 93 595
person 0.010822394 418 -162 427 -157
person 0.010820964 415 391 427 411
person 0.010819963 76 437 83 456
person 0.010808283 465 401 476 456
person 0.010767401 0 502 4 530
person 0.010756523 116 -162 126 -157
person 0.0107561415 125 312 143 324
person 0.010753779 674 343 695 382
person 0.010745878 101 508 114 558
person 0.010731563 0 446 5 501
person 0.010729477 727 292 743 337
person 0.010717104 158 212 174 226
person 0.01071202 37 235 45 256
person 0.010708822 529 391 545 410
person 0.010704 432 -162 441 -157
person 0.0107004335 373 -71 389 -51
person 0.0106901815 0 387 3 417
person 0.010689284 665 -151 671 -127
person 0.010679889 741 435 746 459
person 0.010678574 125 225 142 239
person 0.01067406 83 324 95 331
person 0.01067249 318 436 327 457
person 0.010664971 730 404 750 472
person 0.010663241 446 -162 456 -157
person 0.010659971 123 102 140 122
person 0.010652658 0 401 3 431
person 0.010651712 146 70 155 81
person 0.01065139 443 124 456 138
person 0.010646552 735 -111 747 -62
person 0.010625498 35 434 42 454
person 0.010622601 303 269 315 284
person 0.010608464 739 151 749 171
person 0.010604961 295 17 311 41
person 0.010603395 122 -160 132 -124
person 0.010587998 404 375 417 395
person 0.010564337 561 495 571 514
person 0.010555229 108 397 115 406
person 0.01055253 185 199 199 213
person 0.01054204 630 151 643 167
person 0.0105411345 -3 291 6 310
person 0.010540877 503 -162 513 -157
person 0.010515731 474 300 483 311
person 0.010508955 518 361 532 382
person 0.010508539 398 174 423 210
person 0.010504004 461 -162 470 -157
person 0.010503196 692 214 716 253
person 0.01048579 102 -162 111 -157
person 0.0104721 -2 119 6 139
person 0.010460218 -2 262 6 282
person 0.010459804 72 508 85 558
person 0.01045779 254 394 265 413
person 0.010453 739 338 749 354
person 0.010439272 494 405 503 457
person 0.010429696 21 137 26 158
person 0.010427885 704 415 713 423
person 0.0104203895 102 -63 112 -44
person 0.010415714 303 495 313 514
person 0.010415694 475 225 521 278
person 0.010413188 119 339 130 347
person 0.010410515 183 476 209 559
person 0.010408476 116 -63 127 -44
person 0.010406365 534 92 542 106
person 0.010404812 159 315 169 323
person 0.010404386 317 495 327 514
person 0.010403983 142 467 156 502
person 0.010401087 459 212 533 313
person 0.010399772 31 504 42 525
person 0.01039799 617 507 629 527
person 0.010397373 145 495 155 514
person 0.010392791 356 135 369 151
person 0.010390844 504 495 514 514
person 0.01039005 445 -49 456 -31
person 0.010376482 15 548 26 570
person 0.0103756795 108 486 156 598
person 0.01037496 159 495 169 514
person 0.010367124 742 519 746 545
person 0.010366332 258 299 270 314
person 0.010359681 518 495 528 514
person 0.01035664 174 495 184 514
person 0.010350748 288 495 299 514
person 0.010350582 131 495 141 514
person 0.010349835 539 356 581 488
person 0.010338812 475 -162 485 -157
person 0.010330395 433 -70 440 -39
person 0.010321993 635 -73 642 -44
person 0.010310553 444 296 451 308
person 0.010309794 489 495 499 514
person 0.010308821 547 495 557 514
person 0.010306661 -8 76 19 152
person 0.010305683 739 395 750 411
person 0.010288733 90 128 96 143
person 0.0102867475 332 495 342 514
person 0.010277805 475 495 485 514
person 0.0102742305 177 339 185 349
person 0.010263007 461 495 471 514
person 0.010261926 741 449 746 474
person 0.010259408 188 495 198 514
person 0.010244622 47 -135 55 -95
person 0.010244061 590 495 600 513
person 0.0102398265 346 495 356 514
person 0.010236213 -2 506 6 525
person 0.010234633 562 428 569 444
person 0.01022613 585 476 611 558
person 0.01022613 274 495 284 514
person 0.010225247 100 276 119 293
person 0.010217384 123 18 138 44
person 0.010217178 123 337 177 446
person 0.010204392 116 495 127 514
person 0.010200231 360 495 370 514
person 0.010198301 489 -162 499 -157
person 0.01019384 128 338 142 345
person 0.010192565 532 495 543 514
person 0.010188169 545 262 562 278
person 0.010178527 375 347 385 367
person 0.010169025 52 250 65 270
person 0.010164193 0 -74 13 6
person 0.010142707 446 495 456 514
person 0.010138166 375 495 385 514
person 0.010136377 202 495 213 514
person 0.010133975 620 374 670 491
person 0.010133353 645 151 658 167
person 0.010132644 118 73 125 83
person 0.010128318 693 150 717 186
person 0.010127228 0 326 5 397
person 0.010126817 86 508 98 527
person 0.0101242885 0 -57 4 -28
person 0.010093341 285 390 301 412
person 0.01009111 146 284 162 298
person 0.0100846635 632 480 642 499
person 0.010082454 257 16 273 40
person 0.010080419 263 148 281 172
person 0.010078696 148 430 157 468
person 0.010078396 389 495 399 514
person 0.010076155 260 495 270 514
person 0.010075945 653 317 704 432
person 0.010075389 0 39 6 73
person 0.010070996 586 127 601 142
person 0.010064628 130 -63 141 -45
person 0.010062795 290 308 306 330
person 0.01005559 225 177 297 275
person 0.010051814 432 495 442 514
person 0.010044395 255 108 268 124
person 0.010038313 517 -49 528 -34
person 0.010019321 403 495 413 514
person 0.010014502 232 296 252 322
person 0.010013485 564 -151 572 -127
person 0.010010986 88 -162 97 -157
person 0.01000867 418 495 428 514
person 0.010002771 694 505 727 590
person 0.01000227 507 29 515 39
