person 0.4547466 102 280 131 323
person 0.4133418 535 148 556 177
person 0.25359744 84 356 120 417
person 0.15301365 9 378 48 462
person 0.12796573 442 -85 478 11
person 0.11803907 -1 140 35 229
person 0.1162393 116 217 144 255
person 0.10912701 36 216 80 293
person 0.10238774 1165 319 1209 400
person 0.10207178 527 138 565 188
person 0.101937704 281 146 299 166
person 0.10016594 92 262 139 331
person 0.097439826 111 280 132 311
person 0.0941028 225 367 265 425
person 0.089856505 747 168 776 204
person 0.08976621 257 155 277 176
person 0.08726907 875 110 894 133
person 0.08693682 121 202 140 230
person 0.08681773 3 345 43 428
person 0.082054496 54 592 110 725
person 0.078961976 192 293 225 339
person 0.07617084 611 215 641 254
person 0.07557756 121 244 143 274
person 0.07417138 23 362 52 430
person 0.07316061 543 144 564 168
person 0.073008776 46 61 85 144
person 0.07285151 542 152 564 180
person 0.06925192 596 127 627 162
person 0.06789129 50 243 81 290
person 0.06612555 367 502 408 560
person 0.0657868 1192 162 1209 188
person 0.065174535 517 -87 555 12
person 0.06460217 71 331 132 422
person 0.064480744 359 462 385 494
person 0.062036403 812 171 842 207
person 0.061821524 449 632 472 663
person 0.06046287 192 180 210 205
person 0.058625463 869 109 897 140
person 0.05834293 539 148 552 168
person 0.057452247 349 503 391 559
person 0.057339992 285 145 296 161
person 0.056580283 45 565 61 598
person 0.05575339 1164 545 1238 744
person 0.055104442 1241 114 1249 145
person 0.05496479 -5 -271 11 -243
person 0.054081704 1237 -269 1249 -212
person 0.05405827 352 453 391 510
person 0.05355293 278 149 290 163
person 0.05332134 1103 215 1132 254
person 0.053039677 52 583 72 618
person 0.052825008 111 291 133 322
person 0.052800894 186 178 213 211
person 0.052421834 1182 158 1208 193
person 0.052325916 594 154 624 190
person 0.052137613 252 155 281 188
person 0.051802337 94 45 134 134
person 0.051776607 278 422 302 451
person 0.05164333 -1 252 10 324
person 0.051175825 104 64 132 108
person 0.050453108 193 282 222 319
person 0.050334718 42 219 71 260
person 0.050018203 0 280 12 348
person 0.050018102 261 469 366 645
person 0.04916624 237 -46 273 46
person 0.04910845 289 511 339 567
person 0.04866948 260 157 273 172
person 0.048621666 1233 126 1242 154
person 0.04830662 -1 -274 7 -241
person 0.047944266 1155 216 1187 257
person 0.047504064 197 347 278 432
person 0.047445986 1076 -108 1124 68
person 0.047276534 -4 -259 22 -152
person 0.047076963 848 112 867 134
person 0.047069456 -4 -270 10 -262
person 0.046712928 537 20 579 108
person 0.046543717 981 -112 1028 70
person 0.046270274 331 464 356 493
person 0.04625687 616 -92 653 15
person 0.046038948 713 -109 764 47
person 0.04511258 218 377 292 469
person 0.0448671 252 377 297 435
person 0.044557273 1236 117 1253 143
person 0.044217438 354 445 375 475
person 0.044068743 499 162 530 197
person 0.043905787 842 110 872 144
person 0.043478217 209 465 314 646
person 0.04325704 810 -114 859 60
person 0.043181676 1234 159 1249 209
person 0.043156873 651 108 681 143
person 0.043068748 1238 782 1249 845
person 0.04302241 278 499 351 599
person 0.042246837 291 463 326 505
person 0.041966014 776 63 805 98
person 0.0418149 1238 727 1249 804
person 0.041769642 1189 385 1220 455
person 0.041745268 525 174 547 202
person 0.041537933 1237 261 1249 321
person 0.041357014 102 156 131 194
person 0.041213095 1142 423 1217 658
person 0.04109448 441 162 475 196
person 0.04092042 236 -10 277 77
person 0.040806036 320 122 332 136
person 0.04040862 576 136 597 161
person 0.040185787 767 23 777 38
person 0.04013459 370 495 405 540
person 0.039947912 529 -61 559 5
person 0.03972254 236 109 261 134
person 0.039609525 1238 294 1249 364
person 0.039567355 750 44 769 64
person 0.038950566 1233 114 1247 158
person 0.038910292 317 120 336 140
person 0.038740415 108 160 125 182
person 0.038692255 550 21 577 65
person 0.03867309 127 -76 162 19
person 0.038507722 969 838 996 912
person 0.03845512 625 97 647 117
person 0.038344007 476 137 498 159
person 0.03830653 757 157 790 194
person 0.038288724 0 141 15 226
person 0.03820419 867 -117 916 68
person 0.037936676 1147 243 1179 286
person 0.03772754 753 354 801 427
person 0.037668217 503 159 525 182
person 0.037626382 1228 128 1246 154
person 0.03761146 374 495 398 524
person 0.03752278 -4 -178 18 -58
person 0.037487924 1235 -271 1249 -262
person 0.037479106 441 0 484 89
person 0.03667534 305 425 328 456
person 0.03667246 1181 392 1239 525
person 0.036655024 437 167 457 189
person 0.036578085 377 523 422 581
person 0.036383703 334 437 412 525
person 0.03631241 1234 -272 1252 -245
person 0.03582929 921 838 948 912
person 0.035779223 487 242 565 338
person 0.035768013 -7 355 73 516
person 0.03568641 1165 358 1247 568
person 0.03566698 233 591 258 615
person 0.035527457 1232 474 1245 559
person 0.03543598 1235 338 1247 420
person 0.035428375 1237 -227 1248 -160
person 0.03536208 865 174 898 210
person 0.03527591 278 135 308 170
person 0.03515978 1225 -246 1256 -153
person 0.03510069 0 -276 10 -215
person 0.035031516 733 145 779 220
person 0.034938697 295 466 319 493
person 0.034764368 1158 -253 1174 -206
person 0.03466505 263 392 291 422
person 0.034658976 938 84 957 104
person 0.03454102 283 156 314 188
person 0.03449751 125 -51 149 -2
person 0.034427788 -8 666 34 826
person 0.034310367 763 20 781 40
person 0.034210224 479 -61 509 5
person 0.034069646 113 182 132 206
person 0.03401607 873 838 900 913
person 0.033877254 874 727 889 781
person 0.033699866 -12 499 35 644
person 0.033616878 71 568 88 600
person 0.033423655 1238 823 1249 896
person 0.03317301 34 556 49 590
person 0.033125427 208 204 238 238
person 0.032991454 610 313 641 379
person 0.032723494 1150 209 1193 285
person 0.03268983 52 -271 71 -252
person 0.03261735 677 713 697 796
person 0.032611135 383 474 406 501
person 0.032607533 0 120 11 187
person 0.03245271 1063 165 1094 200
person 0.032284748 71 -124 92 -67
person 0.032187484 109 -119 131 -62
person 0.03200605 30 -271 45 -263
person 0.03195764 481 -137 517 -40
person 0.03191709 1242 87 1249 117
person 0.031866755 1208 535 1239 606
person 0.03181292 27 373 45 447
person 0.031729173 145 307 177 351
person 0.031727396 753 46 765 61
person 0.031525902 659 113 691 147
person 0.031262346 821 80 851 114
person 0.031259682 406 -135 444 -40
person 0.031020992 1020 161 1051 196
person 0.031000301 741 64 771 100
person 0.030947926 463 664 487 694
person 0.03093484 159 444 183 471
person 0.030897984 29 -271 48 -252
person 0.03081153 601 111 624 133
person 0.030790329 1115 -257 1132 -203
person 0.030743025 267 597 290 620
person 0.030681016 663 115 684 140
person 0.030615097 687 176 720 214
person 0.030525604 565 573 581 604
person 0.030490093 227 496 300 605
person 0.030389102 149 180 179 216
person 0.03032796 734 109 766 145
person 0.030239243 725 715 745 796
person 0.030212147 1199 379 1215 454
person 0.03006125 387 158 420 192
person 0.03005553 67 595 87 627
person 0.029963968 666 327 716 401
person 0.029909763 1202 431 1231 504
person 0.029904256 391 155 412 178
person 0.029856155 752 22 763 38
person 0.029846463 1142 290 1231 464
person 0.029844183 470 30 496 73
person 0.029825307 970 161 1001 195
person 0.029757809 1026 70 1052 105
person 0.029658966 122 320 143 351
person 0.02965765 1108 164 1138 200
person 0.029220965 108 86 153 168
person 0.02921531 1010 87 1029 106
person 0.029078947 1027 205 1057 243
person 0.029040892 0 645 8 758
person 0.028999234 134 404 170 464
person 0.028960818 250 159 270 180
person 0.028929697 486 122 507 142
person 0.02890803 1075 -262 1093 -203
person 0.028830325 959 120 988 151
person 0.028820153 929 71 956 105
person 0.028756028 1017 838 1044 912
person 0.028711021 365 490 393 520
person 0.028705668 245 140 267 162
person 0.028633405 262 558 287 584
person 0.028577449 1012 89 1026 102
person 0.028553275 55 603 74 636
person 0.028523326 871 72 899 106
person 0.028499696 80 465 178 656
person 0.02849317 926 118 956 150
person 0.028399583 451 624 474 650
person 0.02825214 166 464 192 492
person 0.028234579 629 712 650 795
person 0.028159264 1221 478 1246 553
person 0.02801934 500 178 522 204
person 0.027932629 977 70 1004 104
person 0.027810352 556 120 577 142
person 0.027764006 298 419 332 463
person 0.02774348 595 95 641 169
person 0.027735876 499 137 520 159
person 0.027708333 927 164 958 198
person 0.027530124 0 -107 10 -34
person 0.027404564 1236 204 1249 257
person 0.02721959 1035 89 1055 108
person 0.027155183 749 166 771 193
person 0.027073923 1156 812 1185 926
person 0.027041776 1161 838 1183 898
person 0.026997298 68 608 89 640
person 0.026986742 220 94 267 172
person 0.026950918 52 -271 68 -263
person 0.026798952 1035 -270 1049 -262
person 0.026714947 1199 -271 1214 -263
person 0.026607826 0 417 9 522
person 0.026589954 281 489 312 516
person 0.026589492 1011 -270 1025 -262
person 0.026587473 698 416 714 449
person 0.026493384 1038 91 1052 104
person 0.026463391 825 838 852 914
person 0.026440881 601 -4 643 88
person 0.026407957 429 632 465 664
person 0.026404982 231 368 260 397
person 0.026310459 302 474 328 502
person 0.026212765 204 205 256 275
person 0.025988685 1062 204 1093 243
person 0.025865255 119 581 141 612
person 0.02582918 425 616 450 643
person 0.025825921 129 412 202 512
person 0.02573765 609 328 630 360
person 0.025469445 1065 69 1092 104
person 0.025469236 229 464 264 489
person 0.025450692 986 -270 1001 -262
person 0.025446333 863 784 885 841
person 0.025401728 145 205 176 243
person 0.025325006 955 205 987 244
person 0.02528743 1092 207 1138 277
person 0.025134655 1065 839 1092 912
person 0.025102492 1059 -270 1073 -262
person 0.025072923 764 157 785 182
person 0.025063641 1011 -271 1028 -245
person 0.024994766 585 56 615 94
person 0.024985533 585 -138 621 -38
person 0.024964845 484 120 516 154
person 0.024946563 0 693 9 802
person 0.024904625 23 520 38 554
person 0.024852345 139 262 173 300
person 0.02484004 1241 158 1249 189
person 0.024817714 1019 -265 1038 -203
person 0.024805455 777 837 804 914
person 0.024803005 473 665 496 696
person 0.024802854 93 360 111 411
person 0.024770323 987 86 1007 106
person 0.024750948 878 112 890 126
person 0.02472042 1035 -271 1052 -245
person 0.02471622 115 563 137 592
person 0.024579333 305 494 333 520
person 0.024571428 586 30 614 72
person 0.024570126 987 -271 1004 -246
person 0.024566345 59 543 74 576
person 0.024560867 -1 278 22 351
person 0.024513314 549 181 570 208
person 0.024435615 887 -72 955 148
person 0.024365373 356 412 379 444
person 0.024307124 423 106 471 180
person 0.024284672 1170 308 1203 359
person 0.02422388 512 112 577 212
person 0.024161274 265 487 295 516
person 0.02411763 961 117 981 138
person 0.024070876 962 -271 977 -262
person 0.024069497 766 44 787 65
person 0.024038596 207 537 232 561
person 0.02402696 1021 117 1051 148
person 0.023980409 963 -271 980 -246
person 0.023933318 590 -61 621 5
person 0.023856306 425 232 501 325
person 0.023818525 90 402 127 467
person 0.02381634 26 374 46 406
person 0.023761982 0 -259 9 -169
person 0.023692306 808 138 854 218
person 0.02366051 1074 858 1110 964
person 0.023549642 295 53 323 90
person 0.02347287 66 832 89 911
person 0.02345791 1121 118 1151 150
person 0.023451217 721 -28 777 122
person 0.023450784 0 5 6 45
person 0.023438996 1010 202 1058 273
person 0.02343196 1070 118 1100 150
person 0.02341441 1198 -271 1217 -252
person 0.023409668 939 -271 956 -247
person 0.023349507 941 87 954 100
person 0.02334013 47 296 77 341
person 0.023280842 341 440 364 472
person 0.023246018 959 130 978 154
person 0.023206586 1059 -271 1076 -245
person 0.023192048 0 180 10 255
person 0.023163006 1183 175 1202 202
person 0.023149766 729 837 755 914
person 0.023133015 874 201 907 239
person 0.023094626 817 130 838 154
person 0.023088489 989 89 1003 102
person 0.023062563 484 268 555 373
person 0.023050414 938 -271 953 -262
person 0.023046065 140 355 180 411
person 0.023025414 732 -9 770 96
person 0.022985455 463 169 483 190
person 0.022978079 489 224 522 262
person 0.022965487 455 8 489 70
person 0.022951206 200 -153 234 -55
person 0.022946352 449 204 481 238
person 0.022889504 1109 210 1130 239
person 0.022818096 746 31 771 72
person 0.022785822 783 -255 815 -159
person 0.022784714 26 533 42 569
person 0.022761282 631 156 663 193
person 0.02273762 915 -271 932 -247
person 0.02273654 195 169 214 191
person 0.022712644 784 -66 858 145
person 0.022703946 422 -112 492 69
person 0.022685092 1160 798 1178 846
person 0.022684136 344 -80 381 18
person 0.022648733 818 93 839 115
person 0.02259625 1220 351 1249 423
person 0.022552902 628 392 647 425
person 0.022527637 749 20 767 40
person 0.022525804 1237 89 1254 115
person 0.022518016 597 -120 670 69
person 0.022487551 775 116 808 150
person 0.022442402 422 275 498 373
person 0.022440571 473 59 501 97
person 0.022371694 -6 787 16 935
person 0.022365913 589 -259 624 -169
person 0.022355445 284 152 297 171
person 0.022350919 408 161 429 183
person 0.022335602 317 133 337 154
person 0.022333208 465 238 573 432
person 0.022218967 194 351 308 527
person 0.022212934 89 319 111 349
person 0.022207363 1011 111 1031 132
person 0.02213927 681 837 707 914
person 0.022138622 1056 88 1076 107
person 0.022107387 1168 122 1197 155
person 0.022093274 922 204 955 244
person 0.022087732 1082 -271 1097 -262
person 0.022086361 531 115 553 138
person 0.022054916 965 87 985 107
person 0.022053419 333 99 380 175
person 0.02201189 211 616 237 640
person 0.021994673 1131 110 1151 131
person 0.021969622 262 209 292 242
person 0.021968957 1220 525 1236 607
person 0.02191166 354 391 385 433
person 0.02190529 242 6 262 32
person 0.021792298 1059 90 1073 104
person 0.021780208 519 229 550 267
person 0.02177721 105 -146 138 -46
person 0.021768715 263 467 293 489
person 0.021761745 652 93 675 114
person 0.021752154 125 206 136 221
person 0.021735292 392 206 427 241
person 0.021703402 985 -71 1051 152
person 0.021634493 1117 70 1145 105
person 0.021609645 347 573 390 632
person 0.021603638 49 34 74 79
person 0.021529974 605 463 618 496
person 0.021484943 594 371 613 403
person 0.0214623 238 361 261 385
person 0.021445144 59 307 147 451
person 0.021443414 812 157 834 182
person 0.021439396 890 -271 908 -248
person 0.021400044 344 474 441 653
person 0.021389758 1178 -271 1196 -252
person 0.021376368 914 -271 929 -262
person 0.021368638 480 159 502 182
person 0.02132905 0 590 9 714
person 0.021312565 1033 111 1053 131
person 0.021299973 293 452 316 478
person 0.021260386 1062 303 1109 380
person 0.02121335 1141 -108 1188 62
person 0.021211298 196 183 205 199
person 0.0211764 1013 891 1039 974
person 0.02112574 1083 -271 1099 -247
person 0.021108506 -6 369 10 399
person 0.021075187 869 135 890 161
person 0.021052314 778 726 792 785
person 0.021045223 1224 300 1252 370
person 0.021025216 633 837 660 914
person 0.021009583 1061 891 1087 974
person 0.0210022 1229 267 1252 312
person 0.020995028 959 320 1007 396
person 0.020940224 452 59 482 97
person 0.020921351 438 116 471 150
person 0.02089505 1178 -271 1193 -263
person 0.020806527 345 164 378 197
person 0.02080396 580 713 602 794
person 0.020802144 772 438 789 472
person 0.020696755 314 17 357 105
person 0.020670218 1157 749 1174 806
person 0.020655671 -2 155 23 213
person 0.020629272 889 90 909 111
person 0.020615313 243 517 269 546
person 0.020602694 290 -175 325 -77
person 0.020595778 1242 182 1249 214
person 0.020581797 814 202 848 240
person 0.020570265 1082 110 1102 131
person 0.02056322 1236 160 1253 187
person 0.020507636 875 322 925 396
person 0.020506069 958 784 981 843
person 0.020475244 968 718 984 783
person 0.02041519 634 667 651 770
person 0.020393359 42 166 71 205
person 0.020386355 557 338 627 436
person 0.020385796 965 891 991 974
person 0.020375866 47 516 62 549
person 0.020371042 323 551 374 607
person 0.020357829 937 109 957 131
person 0.020338984 692 -257 726 -165
person 0.020321745 746 61 768 82
person 0.020321665 883 136 904 161
person 0.020316027 -6 395 10 426
person 0.020303067 994 425 1039 511
person 0.020301204 682 463 693 500
person 0.02029832 171 571 278 734
person 0.020268155 831 -263 849 -203
person 0.02025222 572 161 594 188
person 0.020250674 1238 674 1248 768
person 0.020237764 826 728 840 782
person 0.020227646 1191 164 1202 186
person 0.020188795 1238 943 1245 996
person 0.020165458 0 -162 10 -74
person 0.020099903 872 186 894 215
person 0.020034423 358 502 427 609
person 0.020033615 866 -271 884 -249
person 0.019998062 115 852 150 971
person 0.019945774 282 402 306 427
person 0.019918755 769 46 783 61
person 0.019862615 973 868 1010 976
person 0.019844448 1234 75 1247 120
person 0.019840453 350 213 384 246
person 0.01979355 111 162 120 178
person 0.019745955 56 405 88 470
person 0.019743772 121 -178 142 -116
person 0.019739555 629 99 642 112
person 0.019733844 881 187 902 215
person 0.019705882 987 112 1006 132
person 0.019691292 441 169 453 183
person 0.019690085 299 210 331 243
person 0.019670712 722 416 741 448
person 0.019633938 657 463 669 499
person 0.019586992 -15 108 61 264
person 0.019557728 510 730 521 766
person 0.019469734 252 160 265 176
person 0.019441875 917 891 943 974
person 0.019370548 696 187 718 213
person 0.019350013 53 93 82 141
person 0.019335711 917 90 937 111
person 0.01933526 773 718 794 797
person 0.019272074 1227 209 1251 250
person 0.0192327 874 -265 892 -203
person 0.019222155 865 94 886 115
person 0.01920698 204 864 242 974
person 0.019204846 268 428 295 452
person 0.01919346 246 301 280 341
person 0.01914964 1156 228 1179 258
person 0.019143313 890 -271 905 -262
person 0.01908604 345 553 437 740
person 0.019035958 233 446 260 467
person 0.01902059 1108 111 1127 131
person 0.019009838 585 837 612 914
person 0.018970203 784 -263 802 -204
person 0.018965648 400 542 428 567
person 0.018927282 -5 9 10 40
person 0.018926842 497 -259 534 -170
person 0.018909605 1017 71 1030 85
person 0.018894425 283 270 316 306
person 0.018879492 1106 -271 1123 -248
person 0.018871443 111 813 144 939
person 0.018839788 604 197 654 266
person 0.018811926 1242 202 1249 236
person 0.018804586 1060 112 1080 132
person 0.018792167 152 717 169 788
person 0.018776057 669 778 693 854
person 0.018775191 591 122 633 174
person 0.018746352 308 404 432 557
person 0.018743483 600 98 623 119
person 0.018727073 869 891 895 974
person 0.018674085 157 -116 179 -61
person 0.018665731 316 202 369 271
person 0.018663175 1200 571 1236 641
person 0.018661419 436 139 459 160
person 0.018621655 1237 184 1253 213
person 0.018605497 735 -264 752 -205
person 0.018598253 12 188 101 351
person 0.01857147 674 197 709 240
person 0.018550294 1076 19 1091 72
person 0.018537566 1240 120 1248 135
person 0.018531132 879 196 927 265
person 0.018522847 261 178 282 200
person 0.018515296 1237 205 1253 234
person 0.018509062 1232 132 1241 147
person 0.018503562 1003 115 1045 200
person 0.018457899 922 -265 941 -201
person 0.018456934 378 533 414 563
person 0.018444678 767 372 789 407
person 0.018418152 703 464 714 501
person 0.018380364 0 482 7 526
person 0.018365268 1209 107 1245 194
person 0.018318633 679 66 710 102
person 0.018317493 47 -112 77 -8
person 0.018312573 920 723 937 786
person 0.018295508 1032 852 1056 932
person 0.018291363 1158 -213 1174 -162
person 0.0182794 1106 -271 1121 -262
person 0.018237216 46 217 68 240
person 0.018224716 483 236 505 266
person 0.018214123 495 -119 572 66
person 0.018185925 764 19 790 63
person 0.018176345 632 467 643 500
person 0.01817503 648 391 673 422
person 0.018151883 684 -144 719 -34
person 0.018138712 821 891 847 975
person 0.018137233 1151 110 1170 130
person 0.018124586 456 140 479 161
person 0.018107647 968 90 982 103
person 0.018069293 76 -92 98 -36
person 0.018034356 400 -258 437 -169
person 0.018020568 0 844 14 942
person 0.018009624 485 891 511 974
person 0.017976578 1086 424 1149 532
person 0.01797567 533 891 559 975
person 0.017960096 401 560 431 588
person 0.017918603 437 891 463 974
person 0.017876085 204 -257 240 -167
person 0.017869808 200 720 216 787
person 0.017868636 238 539 264 565
person 0.017864987 303 512 336 539
person 0.01785598 1176 854 1211 967
person 0.017843273 883 110 896 130
person 0.017842954 1081 852 1104 933
person 0.01783947 448 -55 473 0
person 0.01782827 581 891 607 975
person 0.017824605 740 420 758 453
person 0.017823128 594 351 616 383
person 0.017801037 432 652 462 684
person 0.017776161 545 70 575 106
person 0.017767588 773 891 799 975
person 0.017750086 512 616 534 648
person 0.017734464 0 -238 6 -190
person 0.017708499 876 -266 907 -169
person 0.017695548 629 891 655 975
person 0.017669672 289 298 372 390
person 0.017668944 127 716 141 800
person 0.017656188 119 348 143 375
person 0.017653914 0 -262 6 -216
person 0.017640652 137 286 157 314
person 0.017637812 387 147 407 167
person 0.017633772 389 891 415 974
person 0.017624546 716 779 741 854
person 0.017607622 72 -180 93 -101
person 0.017594093 725 891 751 975
person 0.01758657 124 -88 147 -32
person 0.01757545 677 891 703 975
person 0.017574282 1114 841 1137 901
person 0.017543001 722 363 745 399
person 0.017519223 -3 261 18 312
person 0.017497193 96 493 166 608
person 0.01748671 815 783 837 841
person 0.017477283 891 101 934 182
person 0.017470472 971 497 1001 567
person 0.017466912 684 -266 701 -207
person 0.017446801 1039 71 1052 86
person 0.017396307 1237 303 1254 333
person 0.017392404 798 22 808 38
person 0.017382545 631 470 641 488
person 0.017369414 1109 891 1135 975
person 0.0173191 218 363 252 407
person 0.017267996 478 645 501 673
person 0.017261581 984 852 1008 933
person 0.01725081 226 388 263 419
person 0.017236032 761 204 794 243
person 0.01723586 184 511 212 537
person 0.017194677 971 -265 989 -202
person 0.017192526 0 -42 5 2
person 0.017186483 172 315 307 461
person 0.017183697 940 137 960 162
person 0.017134402 643 341 666 376
person 0.017126702 356 510 385 541
person 0.017125588 884 210 906 238
person 0.017121647 272 600 285 616
person 0.017116576 142 418 165 445
person 0.017113367 0 457 7 500
person 0.017103273 1238 465 1247 502
person 0.017102143 163 -265 180 -206
person 0.01709775 341 891 367 975
person 0.017094593 1029 13 1045 67
person 0.017093929 842 -271 860 -249
person 0.017066726 761 178 783 205
person 0.017041666 537 837 564 913
person 0.017038047 -2 117 22 188
person 0.017029498 64 356 102 417
person 0.017023766 851 114 863 128
person 0.017021015 121 -250 157 -159
person 0.016992247 0 530 6 573
person 0.016979618 911 783 933 840
person 0.016974917 594 592 658 823
person 0.016926922 1083 92 1102 111
person 0.016919838 -1 553 6 598
person 0.01689313 1130 93 1149 112
person 0.016863443 1169 370 1199 398
person 0.016858723 197 891 223 975
person 0.01684542 767 783 789 842
person 0.016844813 1241 912 1248 964
person 0.016810864 0 937 10 992
person 0.016776672 -1 -112 16 -27
person 0.016756674 -1 -208 15 -114
person 0.01672944 1014 68 1034 88
person 0.01671989 215 383 257 441
person 0.016683701 0 577 6 623
person 0.01666862 293 891 319 975
person 0.016666306 818 -106 836 -78
person 0.016664227 645 104 687 158
person 0.016661018 463 179 483 203
person 0.016656782 307 -257 343 -167
person 0.016640209 1034 137 1054 160
person 0.016632924 0 -9 6 30
person 0.016632043 229 488 262 514
person 0.0166277 1009 133 1028 156
person 0.016608475 577 117 600 137
person 0.016604247 0 794 10 890
person 0.016603936 1195 178 1216 207
person 0.016589055 245 891 271 975
person 0.016587 207 522 231 545
person 0.016573697 786 71 807 91
person 0.016544703 -6 232 11 260
person 0.016541079 590 -19 650 112
person 0.016532425 941 74 960 94
person 0.016512219 400 253 516 426
person 0.016508276 464 611 539 827
person 0.016496459 866 -271 882 -262
person 0.016495144 248 724 264 785
person 0.016491648 371 589 415 647
person 0.016490674 1174 374 1195 392
person 0.01648686 1110 91 1129 110
person 0.016475692 225 -20 284 101
person 0.016468283 1240 14 1248 45
person 0.016447011 625 84 655 119
person 0.016443424 781 205 831 276
person 0.016425326 656 468 667 488
person 0.016384095 256 382 280 407
person 0.016365953 483 181 504 205
person 0.016358709 1058 184 1079 212
person 0.016353391 149 891 175 975
person 0.016349413 291 -271 309 -248
person 0.016345033 267 -271 285 -248
person 0.016344197 315 -271 333 -248
person 0.01634341 636 -266 653 -208
person 0.01634167 243 -271 261 -248
person 0.016332442 339 -271 357 -248
person 0.016331378 866 162 888 189
person 0.016329853 219 -271 237 -248
person 0.016329816 387 -271 405 -248
person 0.01632843 363 -271 381 -248
person 0.016325021 411 -271 429 -248
person 0.016320067 483 -271 501 -248
person 0.016316233 459 -271 477 -248
person 0.016315596 435 -271 453 -248
person 0.016312918 507 -271 525 -248
person 0.016304787 555 -271 573 -248
person 0.016302072 579 -271 597 -248
person 0.016298754 531 -271 549 -248
person 0.016285311 53 890 79 975
person 0.016285174 1237 278 1253 310
person 0.016283289 740 199 773 238
person 0.016251888 -1 366 6 402
person 0.016246764 603 -271 621 -248
person 0.016244061 1157 891 1182 974
person 0.016239138 99 616 184 816
person 0.016232481 1169 226 1188 255
person 0.016232474 -6 36 10 68
person 0.016231166 1240 729 1248 769
person 0.016226398 488 838 516 913
person 0.016216962 863 64 882 86
person 0.016208239 1177 854 1199 936
person 0.016204674 303 437 325 465
person 0.01619946 651 491 667 520
person 0.016186409 -1 389 6 433
person 0.016150933 411 585 438 609
person 0.016148722 195 -271 213 -248
person 0.016134832 1121 462 1137 496
person 0.016119579 1242 299 1249 336
person 0.016118944 1133 96 1146 109
person 0.01611056 627 -271 645 -248
person 0.01609551 680 423 697 457
person 0.016093425 122 224 135 248
person 0.016090889 95 79 161 189
person 0.016088594 575 323 602 358
person 0.01607644 0 748 10 841
person 0.016060947 149 192 168 215
person 0.016052825 258 551 285 576
person 0.016030613 506 121 528 142
person 0.016020337 443 -267 461 -208
person 0.016006013 1242 275 1249 313
person 0.015993934 395 -267 413 -208
person 0.01599218 651 -271 669 -248
person 0.015978191 985 438 1007 472
person 0.015974347 703 439 715 483
person 0.015941937 1129 -271 1147 -250
person 0.015933456 265 614 291 642
person 0.015929652 144 -50 168 -2
person 0.015914172 1061 730 1077 791
person 0.015914088 1242 63 1249 93
person 0.015908116 491 -266 509 -208
person 0.015871556 124 -259 138 -205
person 0.015854644 1239 850 1249 939
person 0.015813353 -1 229 6 264
person 0.015798146 588 -266 605 -208
person 0.015792884 1073 -68 1140 150
person 0.015766408 994 72 1006 86
person 0.015765898 347 -267 365 -208
person 0.01575358 675 -271 693 -248
person 0.015749974 540 -266 557 -208
person 0.015732672 1113 94 1126 107
person 0.015724832 980 420 1064 636
person 0.015718043 991 69 1010 89
person 0.015709644 1061 19 1072 36
person 0.015700415 78 -258 91 -203
person 0.015691847 930 11 947 63
person 0.015687782 981 13 997 66
person 0.015652295 651 492 664 508
person 0.015640287 171 -271 189 -248
person 0.015638547 150 -179 173 -117
person 0.015632808 587 868 624 979
person 0.015619876 491 868 528 978
person 0.015605819 794 -106 812 -76
person 0.015597964 1029 444 1049 477
person 0.015541867 434 178 454 201
person 0.015539306 816 204 838 233
person 0.015535071 479 140 494 152
person 0.015530097 936 851 960 933
person 0.015499901 426 599 450 623
person 0.015498598 1241 691 1250 703
person 0.0154607715 1086 19 1097 35
person 0.015443007 1009 181 1029 210
person 0.015436818 816 117 838 139
person 0.015416169 297 869 336 976
person 0.0154136345 1087 453 1173 659
person 0.015411153 699 -271 717 -248
person 0.01540047 107 374 215 550
person 0.015399162 34 584 51 618
person 0.015398923 26 387 48 419
person 0.015385431 986 136 1006 160
person 0.015380781 1089 -253 1098 -213
person 0.015372304 624 -62 653 5
person 0.015359153 824 22 833 37
person 0.015322288 235 417 268 442
person 0.015316218 1033 157 1054 185
person 0.015313499 299 -267 317 -208
person 0.015312645 621 779 646 854
person 0.015308253 987 159 1007 186
person 0.015300863 -1 60 10 130
person 0.015275616 1093 107 1134 192
person 0.015264697 699 362 720 396
person 0.015238629 -11 -190 26 -42
person 0.015237119 1171 209 1191 236
person 0.015222394 840 65 860 86
person 0.015212047 62 -48 87 2
person 0.015203064 155 56 183 94
person 0.015199016 1238 -181 1248 -109
person 0.015179386 745 83 767 103
person 0.0151772285 970 725 980 763
person 0.015171435 623 340 646 374
person 0.015169077 1086 95 1099 108
person 0.015168413 324 323 354 363
person 0.015155149 1007 440 1031 475
person 0.015142897 845 90 866 111
person 0.015139293 838 133 860 157
person 0.015135129 0 -68 6 -22
person 0.015105034 1007 159 1028 186
person 0.01504484 204 -267 221 -208
person 0.015039309 682 869 719 981
person 0.015016278 504 204 525 231
person 0.01501159 1111 730 1123 766
person 0.015007267 -1 32 5 73
person 0.014981457 746 369 770 405
person 0.014970588 1206 -156 1235 -31
person 0.01495255 570 354 594 385
person 0.0149475485 215 465 251 492
person 0.014925378 1158 69 1185 103
person 0.014917844 959 208 979 237
person 0.014917311 1160 731 1171 761
person 0.014916904 1135 730 1147 763
person 0.014912982 0 -215 6 -166
person 0.014897425 700 492 712 527
person 0.014886617 1036 68 1056 89
person 0.014882178 93 397 118 425
person 0.01485669 578 -42 662 148
person 0.0148555245 147 -271 165 -249
person 0.014852203 48 569 59 585
person 0.014844078 1237 255 1253 286
person 0.014814818 869 720 892 794
person 0.014810351 251 -267 269 -208
person 0.014803659 416 606 454 665
person 0.014803415 937 158 957 186
person 0.014798214 708 193 759 263
person 0.014791536 1228 -271 1252 -201
person 0.014781407 333 491 358 514
person 0.014773126 270 121 285 136
person 0.0147667555 819 -271 838 -249
person 0.014764973 1032 226 1054 256
person 0.014762107 1081 137 1101 160
person 0.0147527335 1021 -232 1036 -176
person 0.014741676 795 19 813 39
person 0.0147409085 816 852 837 882
person 0.014739579 841 852 861 882
person 0.014739032 694 354 715 389
person 0.014724636 -6 345 12 375
person 0.014712292 1181 113 1200 135
person 0.014709867 773 -160 804 -38
person 0.01469902 1008 495 1038 566
person 0.014695712 723 -271 741 -248
person 0.014689286 59 573 141 737
person 0.014685828 102 890 127 976
person 0.01467562 1021 249 1053 291
person 0.014666756 874 873 911 983
person 0.014664117 840 -105 860 -81
person 0.014654184 655 592 699 747
person 0.014651376 1087 729 1098 766
person 0.0146486005 865 852 885 882
person 0.0146475155 238 592 254 606
person 0.014643206 915 113 935 135
person 0.014634285 1160 719 1169 738
person 0.014631907 970 711 981 751
person 0.01463137 -4 -274 16 -192
person 0.014630293 1233 509 1245 547
person 0.014621584 1129 -271 1145 -262
person 0.014618652 778 871 814 980
person 0.014608475 1038 19 1048 35
person 0.014599767 674 493 687 508
person 0.014581674 75 -271 94 -251
person 0.01458112 587 151 630 203
person 0.014568313 749 62 764 77
person 0.014559245 1237 231 1253 260
person 0.014558575 63 275 85 303
person 0.014548535 792 852 813 882
person 0.014538747 609 222 631 253
person 0.0145193525 680 660 701 751
person 0.014518035 1080 159 1100 186
person 0.014510329 788 85 810 107
person 0.014492207 1191 582 1229 710
person 0.014486858 -6 252 11 281
person 0.014482684 556 90 577 113
person 0.014478288 576 560 594 595
person 0.014463437 514 240 551 301
person 0.014458482 967 68 986 88
person 0.0144557785 889 851 911 933
person 0.014448912 1069 -235 1085 -173
person 0.014445246 1134 113 1147 126
person 0.014441967 1105 447 1136 524
person 0.014424705 844 22 855 38
person 0.014416125 439 141 454 155
person 0.0144107 1123 23 1139 74
person 0.014410557 261 451 287 472
person 0.014404821 955 422 975 455
person 0.014391707 108 835 133 913
person 0.014389901 935 181 956 210
person 0.014360944 486 730 498 767
person 0.014358137 1242 251 1249 288
person 0.0143562 0 341 8 377
person 0.014352375 1197 607 1261 836
person 0.014339625 643 383 682 474
person 0.01433767 1167 460 1206 573
person 0.014321945 216 852 236 883
person 0.014317373 729 468 740 507
person 0.0143135255 665 127 686 153
person 0.014311251 219 593 245 616
person 0.014290778 459 142 475 155
person 0.014275 240 852 260 883
person 0.014270633 1103 461 1129 498
person 0.014267328 820 18 838 39
person 0.014267033 617 214 638 241
person 0.014262312 -5 585 10 615
person 0.014261011 298 125 313 139
person 0.014258995 211 560 240 586
person 0.014258532 1057 163 1077 190
person 0.0142575195 -5 560 10 591
person 0.014226798 123 -271 141 -249
person 0.014224786 409 611 439 640
person 0.014207252 296 726 311 785
person 0.014203165 889 852 909 882
person 0.014202764 747 -271 765 -249
person 0.014201215 1057 138 1077 161
person 0.014196436 1153 -271 1169 -262
person 0.014192079 769 -106 787 -76
person 0.014191906 581 370 601 402
person 0.014191331 456 852 476 882
person 0.014188531 432 852 452 883
person 0.014178963 1033 183 1054 212
person 0.014170973 934 376 958 407
person 0.014160153 46 270 77 300
person 0.014144645 117 184 128 198
person 0.014136768 970 71 982 85
person 0.014129726 604 112 619 126
person 0.01412031 768 852 789 882
person 0.014109202 1242 228 1249 262
person 0.01410686 -6 273 12 302
person 0.014096572 941 204 963 233
person 0.014094226 408 852 428 883
person 0.014068784 264 852 284 883
person 0.014056945 612 439 622 477
person 0.014051949 1182 731 1194 759
person 0.014041377 1153 -271 1171 -251
person 0.014041026 1118 -226 1135 -162
person 0.01401404 192 852 212 883
person 0.014003586 1241 319 1249 355
person 0.013991714 198 172 210 187
person 0.01398147 794 124 861 235
person 0.013978747 480 852 500 882
person 0.013973162 503 387 532 422
person 0.013951762 384 852 404 883
person 0.013951649 1017 -173 1031 -126
person 0.013943354 288 852 308 883
person 0.013938674 1236 488 1246 527
person 0.013924615 393 158 408 172
person 0.013924602 969 251 1002 294
person 0.0139215775 1133 135 1152 158
person 0.013918907 702 21 719 41
person 0.013902477 1174 272 1196 301
person 0.013890728 -4 536 10 567
person 0.0138905635 794 386 816 421
person 0.01388788 913 852 933 882
person 0.013877274 0 506 7 550
person 0.013877181 611 447 620 467
person 0.013862638 559 586 579 621
person 0.013844403 312 852 332 883
person 0.013840082 207 87 275 195
person 0.013835495 411 163 426 177
person 0.013821371 1236 322 1254 352
person 0.013818524 360 852 380 883
person 0.013816329 795 -271 813 -249
person 0.013813262 336 852 356 883
person 0.013812904 440 838 468 913
person 0.0138118835 842 -271 858 -263
person 0.013807554 485 739 497 759
person 0.013799855 577 91 599 113
person 0.013785209 1117 244 1149 286
person 0.013768189 1236 412 1246 452
person 0.013763749 198 778 259 900
person 0.013726936 1030 -82 1053 -71
person 0.013726399 1240 -232 1248 -188
person 0.01372059 -6 204 12 230
person 0.013719164 744 852 765 882
person 0.013702619 -14 307 76 463
person 0.013693418 1129 184 1149 212
person 0.013691331 1076 182 1097 210
person 0.013684739 300 534 343 562
person 0.013664139 89 345 114 371
person 0.013663523 771 -271 789 -249
person 0.013646543 958 228 978 258
person 0.013627341 1237 436 1247 476
person 0.01362361 361 344 388 384
person 0.013601074 1014 19 1024 36
person 0.013594461 394 870 432 981
person 0.013581064 505 852 525 882
person 0.013570273 869 21 879 37
person 0.013565544 1013 719 1030 787
person 0.013554465 1006 -82 1030 -71
person 0.013553942 688 19 715 60
person 0.0135387 873 18 896 64
person 0.013523665 962 181 983 209
person 0.013521115 720 407 744 464
person 0.013517218 1230 823 1250 905
person 0.013511064 1127 207 1148 235
person 0.013508102 1183 138 1203 162
person 0.013505052 468 50 506 108
person 0.0135015035 62 227 169 360
person 0.013501281 -4 -256 9 -222
person 0.013497165 1054 206 1075 235
person 0.013488419 1134 19 1144 36
person 0.013485829 112 168 131 191
person 0.013480199 681 340 706 394
person 0.013476457 1231 861 1250 952
person 0.013475697 894 19 904 36
person 0.013471058 1067 254 1100 297
person 0.013466249 188 612 264 727
person 0.013454851 1241 94 1249 108
person 0.013440371 946 -255 956 -213
person 0.0134213455 1156 92 1174 112
person 0.013416086 721 852 741 882
person 0.013395875 910 -82 933 -71
person 0.01338987 649 629 666 662
person 0.013389289 964 436 986 470
person 0.013370965 770 55 810 110
person 0.013363709 830 16 854 61
person 0.013358611 985 180 1006 208
person 0.013355009 724 18 735 35
person 0.013345519 982 -82 1006 -71
person 0.013335847 821 95 835 109
person 0.013319676 841 851 864 934
person 0.0133178765 937 852 957 882
person 0.013304788 528 852 548 882
person 0.013292893 958 -82 981 -71
person 0.013272039 1201 137 1220 162
person 0.013270503 330 131 351 152
person 0.013269578 389 122 422 156
person 0.013263031 958 158 979 185
person 0.013252913 1109 19 1120 36
person 0.013242261 1014 113 1028 126
person 0.013240758 640 288 742 462
person 0.013233092 0 458 9 566
person 0.013229305 592 70 614 93
person 0.013208855 624 852 644 882
person 0.013207519 837 160 858 184
person 0.013207507 1241 39 1249 68
person 0.013206345 649 852 669 882
person 0.013199543 765 425 783 457
person 0.013199113 673 852 693 882
person 0.013191651 970 -254 979 -213
person 0.013187937 1106 186 1127 214
person 0.013185226 963 381 1061 559
person 0.013182596 600 852 620 882
person 0.013181983 697 852 717 882
person 0.013178715 535 96 555 118
person 0.013163548 267 275 393 440
person 0.013159845 934 -82 957 -71
person 0.013159628 413 144 434 164
person 0.013150287 496 90 592 257
person 0.013148095 1008 207 1029 236
person 0.013144656 489 125 503 138
person 0.01310994 1055 -81 1079 -61
person 0.013109767 576 852 596 882
person 0.013093545 552 852 572 882
person 0.01308577 821 179 834 202
person 0.0130794 755 445 767 482
person 0.01306929 990 19 1000 36
person 0.013047308 418 -37 502 148
person 0.013038849 679 516 694 550
person 0.013031549 201 838 228 914
person 0.013026943 789 73 804 87
person 0.013018327 677 182 699 209
person 0.013018125 236 610 261 635
person 0.012987857 0 -191 6 -142
person 0.01298675 248 838 276 914
person 0.012968348 1036 113 1050 126
person 0.012956401 91 642 112 673
person 0.01295283 466 171 479 184
person 0.012952683 75 6 155 172
person 0.012948879 1240 -184 1248 -140
person 0.0129452655 600 604 618 639
person 0.012937841 409 629 441 661
person 0.012936251 -1 425 17 516
person 0.012927779 826 -232 841 -171
person 0.012918138 1132 161 1151 188
person 0.0129134515 705 23 715 39
person 0.012910449 0 -94 6 -46
person 0.01288449 945 77 956 91
person 0.012881628 296 838 324 914
person 0.01280432 770 60 793 81
person 0.012802446 961 851 981 882
person 0.012799928 908 393 953 475
person 0.012786426 376 592 405 617
person 0.012786298 168 852 188 883
person 0.0127791865 669 92 691 113
person 0.012777099 1031 -81 1055 -62
person 0.012768765 717 435 732 480
person 0.012768291 371 399 401 440
person 0.01276501 411 600 495 819
person 0.012764739 -1 201 7 233
person 0.012748579 145 202 165 229
person 0.012748339 1065 -255 1074 -213
person 0.0127422605 1129 853 1151 935
person 0.012738764 1058 459 1080 495
person 0.012713643 0 698 6 744
person 0.01270882 0 722 6 769
person 0.012698133 392 838 420 913
person 0.012698067 1240 -208 1248 -164
person 0.012696309 778 -232 793 -173
person 0.012694631 306 318 337 359
person 0.012693316 792 852 815 934
person 0.012683101 340 166 361 186
person 0.012682838 655 95 670 108
person 0.012680814 142 564 168 589
person 0.01266591 -5 -37 9 -4
person 0.012652559 1007 511 1033 543
person 0.01264387 821 720 843 795
person 0.012641306 1085 113 1099 126
person 0.012637468 677 19 695 38
person 0.01263137 1155 209 1176 237
person 0.012620694 0 768 6 817
person 0.012611452 675 349 699 385
person 0.012601799 619 633 638 669
person 0.012596431 96 150 136 206
person 0.012596396 288 181 310 203
person 0.012592417 721 16 739 37
person 0.012590662 945 679 963 714
person 0.012584362 1055 -82 1076 -71
person 0.012572606 1154 113 1167 126
person 0.012571038 295 37 321 78
person 0.012567783 538 306 646 466
person 0.012562163 507 442 521 469
person 0.012549801 918 20 928 36
person 0.012544477 1242 704 1249 745
person 0.012529555 608 211 630 240
person 0.012528146 635 434 645 473
person 0.01252769 736 58 776 113
person 0.01252233 1152 -262 1178 -194
person 0.012513588 889 414 911 448
person 0.012508916 231 504 281 560
person 0.012494247 1159 96 1171 109
person 0.012477549 990 720 999 740
person 0.01247668 1237 393 1245 431
person 0.0124683045 -4 -231 10 -198
person 0.0124678165 180 169 219 222
person 0.012467247 1191 -172 1237 -6
person 0.012459887 301 6 365 128
person 0.01243975 969 719 978 743
person 0.012438643 408 207 428 232
person 0.012436668 1196 164 1206 179
person 0.012428741 964 117 978 130
person 0.012425955 814 71 835 91
person 0.012421434 871 202 893 230
person 0.012409314 593 393 615 429
person 0.012408396 1105 136 1124 159
person 0.012399108 402 201 522 359
person 0.01237919 994 -255 1003 -213
person 0.0123637505 620 376 638 408
person 0.012359594 1184 420 1204 449
person 0.01234741 922 -254 932 -213
person 0.012347185 1203 115 1222 138
person 0.012339598 319 92 387 197
person 0.012335438 1226 514 1249 545
person 0.01232072 21 27 110 174
person 0.012319582 254 256 287 291
person 0.012306256 1060 45 1079 65
person 0.012304976 -6 61 11 93
person 0.012296663 583 66 605 91
person 0.012289732 214 114 244 149
person 0.012288846 1110 113 1124 126
person 0.012277646 0 130 8 166
person 0.0122772185 703 469 712 491
person 0.012263557 763 209 786 236
person 0.012255703 1241 370 1248 407
person 0.012249754 99 -271 117 -250
person 0.012248351 769 138 791 161
person 0.012248289 1108 743 1123 803
person 0.012245722 358 164 379 185
person 0.012237293 -5 -5 10 25
person 0.012232463 725 488 738 524
person 0.012228321 124 -230 139 -166
person 0.012224186 681 469 690 489
person 0.012215161 726 88 747 109
person 0.012207437 96 118 126 161
person 0.01220016 774 467 788 503
person 0.012198057 1007 -81 1031 -62
person 0.012188046 1158 424 1175 454
person 0.012185922 1237 474 1246 488
person 0.012169023 837 184 859 209
person 0.012167368 942 20 952 36
person 0.012163752 -1 249 6 285
person 0.012158574 744 852 767 934
person 0.012147262 919 93 933 106
person 0.012131685 508 158 520 179
person 0.012125389 985 851 1005 882
person 0.012118366 787 375 809 408
person 0.01211113 492 159 536 210
person 0.012110775 696 852 719 934
person 0.012104246 579 49 619 105
person 0.012098773 0 745 6 793
person 0.012096636 294 593 318 615
person 0.012094698 745 -107 764 -75
person 0.012084624 725 156 747 182
person 0.012081397 951 408 979 482
person 0.012078477 468 327 566 514
person 0.012076798 1056 789 1080 846
person 0.012067864 964 20 974 36
person 0.012062959 841 19 859 40
person 0.012061765 383 212 404 236
person 0.012047938 649 852 671 934
person 0.012043506 67 237 90 263
person 0.012041803 510 -22 594 158
person 0.012000859 119 367 142 395
person 0.011994612 -4 463 11 494
person 0.011991103 1162 27 1178 74
person 0.011990611 992 726 1002 763
person 0.011970247 -4 488 11 520
person 0.011965269 344 116 378 149
person 0.011953627 102 212 124 238
person 0.011935001 665 515 698 621
person 0.011917806 0 793 6 841
person 0.011911688 888 785 934 905
person 0.011909853 546 146 562 159
person 0.0119033 1211 -11 1240 105
person 0.011896914 36 654 45 699
person 0.011888161 1104 160 1123 186
person 0.011884439 620 490 636 522
person 0.011883973 1163 448 1180 482
person 0.011873714 1240 -160 1248 -116
person 0.011871034 1027 511 1054 541
person 0.011864928 1063 114 1077 127
person 0.011864279 865 -82 887 -58
person 0.0118603045 794 140 815 162
person 0.011859557 959 371 982 403
person 0.011855512 892 93 906 106
person 0.01185536 730 -232 745 -175
person 0.011854092 912 136 932 162
person 0.011853791 1237 65 1253 91
person 0.011852568 310 190 331 212
person 0.0118510425 912 -81 935 -61
person 0.011832446 44 180 64 204
person 0.011831888 395 66 425 103
person 0.011826259 1222 159 1254 221
person 0.011816216 755 469 764 505
person 0.011800046 989 114 1003 127
person 0.011793643 1018 -255 1027 -213
person 0.011791021 1058 17 1076 37
person 0.011781284 286 606 387 802
person 0.011779265 581 87 649 190
person 0.011777694 70 851 92 935
person 0.011775473 1171 340 1200 372
person 0.011760202 1153 136 1172 159
person 0.011757546 983 -81 1007 -62
person 0.011752994 535 614 558 647
person 0.011752794 -3 181 21 255
person 0.011745681 1083 17 1101 37
person 0.011744545 267 118 289 140
person 0.011738044 408 184 429 207
person 0.011725047 819 -271 835 -263
person 0.011721053 676 490 688 520
person 0.0117187165 1056 228 1077 257
person 0.011714415 251 543 295 597
person 0.0117071355 701 422 711 438
person 0.011702182 1242 680 1249 717
person 0.011676402 1150 246 1172 275
person 0.011665884 184 589 210 614
person 0.011657999 0 -167 6 -118
person 0.011657389 -1 320 22 351
person 0.011642899 1240 752 1248 793
person 0.011636163 245 147 286 200
person 0.011636142 359 212 381 237
person 0.011632298 1130 47 1149 67
person 0.011619525 0 911 6 965
person 0.011613623 140 306 162 333
person 0.011612934 220 394 250 424
person 0.011611445 191 -177 214 -119
person 0.011609683 600 852 623 934
person 0.011609252 1082 47 1102 68
person 0.011603026 1240 -113 1248 -68
person 0.011600593 107 563 125 592
person 0.011596602 128 729 139 763
person 0.011593296 959 -81 983 -62
person 0.0115881 584 666 601 771
person 0.011578579 796 48 816 68
person 0.011545387 650 66 673 88
person 0.011544653 -4 295 15 324
person 0.011543172 1065 396 1164 558
person 0.011534525 1011 225 1032 255
person 0.0115237655 166 430 191 456
person 0.01151991 1160 400 1179 426
person 0.0115166465 1177 441 1197 474
person 0.011516147 1182 17 1200 39
person 0.011512549 891 17 909 38
person 0.011511453 806 -24 843 93
person 0.011506966 1240 -136 1248 -92
person 0.011505735 1080 -83 1102 -59
person 0.011501675 352 583 387 608
person 0.01149562 1041 -255 1051 -213
person 0.011491633 376 463 408 505
person 0.011490745 1058 514 1080 542
person 0.01148036 300 777 357 890
person 0.011479939 71 628 96 659
person 0.01147891 147 -86 172 -28
person 0.011461143 887 226 910 255
person 0.011440288 98 233 121 259
person 0.011423367 53 867 72 902
person 0.011421375 0 672 6 722
person 0.011375108 537 595 558 625
person 0.011374957 1009 851 1029 882
person 0.011370743 501 372 532 441
person 0.01135287 62 254 85 282
person 0.011352377 884 158 905 185
person 0.011344545 289 45 328 102
person 0.011334954 3 314 15 354
person 0.011334874 1173 322 1198 350
person 0.011334164 192 541 222 564
person 0.011331182 933 414 957 448
person 0.011324939 75 -271 91 -263
person 0.011306994 794 158 815 181
person 0.011286803 223 597 239 612
person 0.011283062 838 208 860 234
person 0.011279599 174 729 188 763
person 0.011278148 178 816 263 999
person 0.011277319 790 783 834 910
person 0.011277313 634 20 663 62
person 0.011268687 1058 1 1073 19
person 0.01125624 -1 409 6 453
person 0.011250554 283 426 299 440
person 0.011247864 54 588 70 604
person 0.011247005 742 135 764 160
person 0.011245897 1063 72 1075 87
person 0.011244556 680 21 690 36
person 0.011243527 992 711 1001 751
person 0.011234196 294 588 333 636
person 0.011225252 974 -273 1007 -179
person 0.011219799 1235 16 1251 43
person 0.011219349 622 492 633 509
person 0.011213621 1059 69 1079 90
person 0.011209106 1123 226 1145 254
person 0.01120555 1242 344 1249 380
person 0.011198662 482 208 504 235
person 0.011192476 940 112 954 125
person 0.011190857 627 71 651 94
person 0.011183092 579 388 605 425
person 0.011175892 349 -116 372 -60
person 0.011174684 331 121 352 141
person 0.011171846 938 486 959 519
person 0.011152351 984 208 1004 236
person 0.011150406 682 -233 697 -176
person 0.011148681 400 775 455 890
person 0.011137174 1200 713 1210 733
person 0.011131977 935 -81 959 -62
person 0.0111295255 192 611 219 636
person 0.011122002 914 17 932 38
person 0.011111037 603 100 619 115
person 0.011106905 272 127 313 179
person 0.011102888 -5 -63 9 -30
person 0.011102788 1034 1 1049 19
person 0.011082315 1173 257 1194 285
person 0.011075827 531 719 555 797
person 0.011066325 116 -88 169 42
person 0.011059429 870 47 888 69
person 0.011056029 869 413 890 448
person 0.011047377 1079 206 1100 234
person 0.011047248 862 -157 891 -28
person 0.011044773 666 394 685 426
person 0.011043638 431 209 451 235
person 0.011042684 552 852 575 934
person 0.011041747 0 269 6 306
person 0.011038758 223 454 269 512
person 0.011026408 888 -81 911 -61
person 0.011013601 213 441 242 465
person 0.011004979 92 816 168 1007
person 0.011002524 544 349 565 375
person 0.010999095 1153 -220 1177 -148
person 0.010998618 1242 891 1249 940
person 0.010991095 596 787 636 944
person 0.010978153 435 160 481 212
person 0.010968983 154 837 179 914
person 0.010958248 939 17 956 38
person 0.010933218 1076 540 1098 569
person 0.010925801 1156 470 1187 544
person 0.010924073 984 229 1005 258
person 0.01092155 0 817 6 864
person 0.010920298 935 719 945 743
person 0.010915514 1164 469 1181 503
person 0.010910162 527 206 550 232
person 0.010903325 127 780 143 844
person 0.010902549 1080 229 1101 257
person 0.010898945 235 573 262 596
person 0.010896195 868 96 883 109
person 0.010896056 838 -107 859 -94
person 0.010892532 913 162 934 189
person 0.01089232 143 237 163 264
person 0.010890672 79 721 93 813
person 0.010877961 843 67 856 82
person 0.010875422 240 -176 262 -119
person 0.010875113 81 62 174 235
person 0.010866593 78 -225 92 -159
person 0.010861232 963 829 980 860
person 0.010860714 291 -271 307 -262
person 0.010860029 260 633 287 662
person 0.010859619 315 -271 331 -262
person 0.010857289 267 -271 283 -262
person 0.010853796 243 -271 259 -262
person 0.010853208 339 -271 355 -262
person 0.010852712 219 -271 235 -262
person 0.010852681 908 233 929 261
person 0.010852465 387 -271 403 -262
person 0.010851683 363 -271 379 -262
person 0.010849917 411 -271 427 -262
person 0.010849692 207 -115 230 -60
person 0.010847753 483 -271 499 -262
person 0.010846632 847 92 862 105
person 0.010845798 459 -271 475 -262
person 0.010844923 435 -271 451 -262
person 0.010843869 507 -271 523 -262
person 0.010843701 579 -271 595 -262
person 0.010843154 555 -271 571 -262
person 0.01083776 862 102 903 154
person 0.010837718 531 -271 547 -262
person 0.010836011 192 319 218 348
person 0.010833905 1036 459 1059 494
person 0.010818056 0 841 6 888
person 0.010813708 839 230 861 257
person 0.010811088 603 -271 619 -262
person 0.010801419 939 829 956 860
person 0.010795611 0 -118 6 -71
person 0.010794414 257 521 284 544
person 0.010794161 104 255 125 283
person 0.010793458 691 409 714 467
person 0.010791441 568 604 590 640
person 0.010787284 1071 800 1116 935
person 0.010787244 -4 512 11 544
person 0.010786811 670 37 691 59
person 0.0107812965 983 418 1012 490
person 0.010771303 836 105 878 158
person 0.010757137 1112 -253 1122 -212
person 0.010753976 195 -271 211 -262
person 0.010751161 382 181 403 205
person 0.010748464 579 138 593 153
person 0.010743299 153 -232 168 -173
person 0.010739321 627 -271 643 -262
person 0.010733005 1162 483 1181 519
person 0.01073095 1015 727 1025 763
person 0.010728368 148 589 171 614
person 0.010723956 777 91 876 265
person 0.010720957 1034 16 1053 37
person 0.010720011 1153 187 1174 213
person 0.010716008 887 -82 909 -71
person 0.010714031 1082 1 1097 19
person 0.010704806 1240 775 1248 818
person 0.010703932 675 829 692 861
person 0.010703902 336 185 357 209
person 0.010684827 699 829 716 861
person 0.010684046 182 500 207 525
person 0.01068133 795 -271 811 -263
person 0.010666883 651 -271 667 -262
person 0.01066545 336 207 358 233
person 0.0106628025 1021 4 1051 72
person 0.010653983 601 179 623 207
person 0.010652918 720 135 742 162
person 0.010650345 725 318 831 457
person 0.010649028 935 710 947 750
person 0.010642199 915 249 947 291
person 0.010638595 284 421 297 448
person 0.010637581 898 -255 908 -213
person 0.010633727 651 829 668 861
person 0.010627534 299 -115 323 -59
person 0.010627282 288 514 321 539
person 0.010622642 339 357 453 531
person 0.010613103 792 439 812 472
person 0.010607302 1171 393 1196 421
person 0.010599393 1177 154 1214 208
person 0.010598238 1229 777 1251 852
person 0.0105888825 1049 819 1128 995
person 0.010588378 865 18 883 39
person 0.010585225 866 68 879 82
person 0.01057663 216 852 239 934
person 0.01057177 0 546 8 663
person 0.010562403 915 829 932 860
person 0.010559886 0 -143 6 -94
person 0.010542632 675 -271 691 -262
person 0.010540523 1124 489 1143 520
person 0.010534278 723 830 740 861
person 0.010533597 1125 459 1134 499
person 0.010530144 650 533 662 567
person 0.010526692 0 498 10 617
person 0.010520183 738 106 760 130
person 0.010516509 531 829 548 861
person 0.010514788 1235 447 1246 464
person 0.010510944 1191 620 1223 694
person 0.010505273 627 829 644 861
person 0.010500663 53 845 70 880
person 0.010496736 224 119 246 142
person 0.010490022 846 48 865 68
person 0.010484267 171 -271 187 -262
person 0.01048301 886 70 905 91
person 0.010481057 555 829 572 861
person 0.010478406 864 -104 885 -84
person 0.010469778 143 780 166 841
person 0.010468217 521 246 545 276
person 0.01046635 579 829 596 861
person 0.010464957 603 829 620 861
person 0.010464937 213 -37 295 146
person 0.010446876 351 33 377 74
person 0.0104332 968 732 978 751
person 0.010428997 504 852 527 934
person 0.01042825 702 450 712 475
person 0.010425424 947 724 958 766
person 0.010420315 962 523 985 553
person 0.010416136 0 291 9 328
person 0.010412544 997 460 1055 595
person 0.0104054855 726 352 757 414
person 0.010402436 699 -271 715 -262
person 0.010399202 507 829 524 861
person 0.0103930365 490 480 515 524
person 0.010391888 1033 850 1053 882
person 0.010390687 26 918 43 955
person 0.010385276 288 -175 310 -118
person 0.010381317 416 147 430 160
person 0.010370849 118 511 146 541
person 0.010370001 144 851 164 883
person 0.010368162 312 852 335 934
person 0.010364316 721 -107 739 -75
person 0.010363848 987 829 1004 860
person 0.010344494 1106 47 1125 68
person 0.0103431465 624 117 648 140
person 0.010343102 264 852 287 934
person 0.010338568 358 183 378 206
person 0.010329127 919 68 938 89
person 0.010324172 702 74 722 93
person 0.010321589 1234 20 1246 77
person 0.010321122 271 814 357 993
person 0.010314734 1063 47 1074 63
person 0.010307712 605 133 619 156
person 0.010302416 1152 160 1171 184
person 0.010299902 1007 -34 1040 98
person 0.010299795 -4 848 10 880
person 0.010299261 -4 60 20 135
person 0.010298142 267 830 284 861
person 0.010291623 821 446 839 479
person 0.010289699 243 830 260 861
person 0.010285044 499 229 521 256
person 0.01028155 60 729 70 761
person 0.010265226 530 180 543 195
person 0.0102615245 126 617 146 648
person 0.01025586 791 182 813 207
person 0.010251751 197 544 217 559
person 0.010241016 291 830 308 861
person 0.010238575 546 157 561 171
person 0.010236947 1068 10 1097 77
person 0.0102358125 1130 17 1149 37
person 0.01023019 891 830 908 860
person 0.0102265505 1225 536 1250 565
person 0.010204767 219 830 236 861
person 0.010197651 608 488 621 522
person 0.010197617 1155 18 1166 35
person 0.010197377 771 -271 787 -263
person 0.01019589 1011 16 1029 37
person 0.010190208 723 -271 739 -262
person 0.010188809 747 -271 763 -262
person 0.010174166 344 838 372 914
person 0.01017235 818 73 832 87
person 0.010159377 483 829 500 861
person 0.010156274 -4 134 13 162
person 0.0101517225 747 830 764 861
person 0.010151453 597 430 613 501
person 0.010145251 190 783 213 840
person 0.010145159 -4 -87 10 -54
person 0.010139013 252 72 284 112
person 0.010137994 696 -59 724 11
person 0.010136888 1234 497 1245 512
person 0.010135903 315 829 332 861
person 0.010131506 195 830 212 861
person 0.0101088835 867 830 884 860
person 0.01010533 952 359 983 427
person 0.010098039 987 16 1004 37
person 0.010086877 331 546 359 570
person 0.010079827 212 633 237 658
person 0.010067013 408 852 431 934
person 0.010066238 359 226 380 254
person 0.010058872 252 -115 274 -59
person 0.010057679 1236 349 1254 376
person 0.010056075 1010 1 1025 19
person 0.0100536635 634 -233 648 -176
person 0.010052961 455 632 467 662
person 0.010041683 1154 690 1163 711
person 0.010040968 295 122 317 142
person 0.010035262 744 328 765 360
person 0.010025131 106 189 126 213
person 0.010025116 1241 869 1249 914
person 0.010021776 1063 729 1073 765
person 0.010014672 457 852 480 934
person 0.010008212 147 -271 163 -262
