person 0.75857264 734 155 762 187
person 0.7379284 688 151 714 184
person 0.71081257 651 131 675 160
person 0.7089519 807 153 834 186
person 0.70692223 734 96 751 119
person 0.70562565 342 118 359 138
person 0.70014304 635 162 664 197
person 0.6952459 595 158 623 191
person 0.6913225 527 72 542 88
person 0.69019854 758 89 774 110
person 0.6843196 795 72 811 91
person 0.6774535 613 88 629 110
person 0.6770045 940 110 956 133
person 0.6706546 782 61 797 79
person 0.66954935 473 120 490 143
person 0.6694352 515 158 543 190
person 0.6689992 966 139 988 170
person 0.66759706 412 118 430 139
person 0.66489226 902 87 918 107
person 0.66047114 348 140 367 163
person 0.65940434 29 239 57 271
person 0.6516747 371 157 396 184
person 0.6509904 400 160 426 188
person 0.6505157 729 78 745 97
person 0.64736325 457 107 474 128
person 0.64705765 903 127 926 156
person 0.631422 792 127 817 156
person 0.6261957 936 89 951 109
person 0.6225239 807 109 825 133
person 0.61791277 702 107 720 131
person 0.6176868 630 75 645 94
person 0.6174025 868 112 886 136
person 0.6076279 552 113 576 141
person 0.6049251 536 96 553 118
person 0.6023633 885 172 911 206
person 0.6011325 643 106 660 132
person 0.6009377 436 108 452 127
person 0.59701383 772 107 789 130
person 0.5881643 596 64 610 82
person 0.5830243 481 81 496 97
person 0.57469743 425 98 441 115
person 0.5619113 599 118 624 147
person 0.5610185 646 61 660 79
person 0.5601741 402 102 417 120
person 0.5583739 690 96 707 117
person 0.557267 371 123 389 142
person 0.55626315 677 74 693 93
person 0.5513893 593 87 609 108
person 0.55077744 706 80 722 100
person 0.5499101 883 84 899 103
person 0.548589 887 107 905 131
person 0.5479418 805 88 821 108
person 0.53272384 492 126 511 150
person 0.52328825 717 73 736 95
person 0.5161088 495 98 512 119
person 0.46824217 649 78 665 97
person 0.43425813 681 64 696 80
person 0.43359387 497 108 515 129
person 0.43148816 760 125 778 150
person 0.40468037 740 110 768 143
person 0.4015966 326 135 345 156
person 0.39810103 615 67 629 86
person 0.37833494 576 87 593 106
person 0.36548445 820 73 836 91
person 0.32038084 819 92 836 112
person 0.26962543 283 152 303 175
person 0.25164664 809 64 824 82
person 0.2417533 47 242 79 279
person 0.21713662 267 149 286 169
person 0.19055353 367 140 386 162
person 0.13531204 667 107 693 135
person 0.12510751 390 143 409 163
person 0.107080504 776 82 791 102
person 0.08029302 395 148 415 173
person 0.07901085 772 92 791 116
person 0.07226685 789 70 814 96
person 0.06867615 918 87 941 117
person 0.06777026 659 99 677 119
person 0.065133005 716 65 731 82
person 0.06203454 895 107 914 130
person 0.057639465 677 98 697 120
person 0.056944154 477 95 494 115
person 0.056390718 624 73 649 99
person 0.04963541 955 123 972 147
person 0.044375315 647 74 672 101
person 0.044110432 271 145 288 164
person 0.040805113 538 108 557 127
person 0.036202103 934 90 943 108
person 0.031170392 578 77 603 104
person 0.030216241 280 145 298 164
person 0.02991929 578 84 589 102
person 0.029531064 529 73 540 84
person 0.029180879 750 78 767 99
person 0.02763726 648 62 657 76
person 0.026017187 397 113 415 133
person 0.02350033 334 123 352 141
person 0.022225035 836 110 856 130
person 0.02077089 470 126 497 154
person 0.020580735 727 76 750 102
person 0.019051533 617 66 627 78
person 0.01875882 716 87 735 110
person 0.017670427 840 103 858 123
person 0.017347835 313 156 333 178
person 0.017112678 598 66 608 78
person 0.016001036 508 98 527 118
person 0.015929375 931 85 946 103
person 0.011800624 349 149 368 171
person 0.011612513 683 66 693 77
person 0.011605766 981 149 1006 182
person 0.01146558 521 78 538 94
