person 0.7352694 643 124 665 152
person 0.73402977 678 113 699 139
person 0.67602056 504 119 528 149
person 0.6687877 603 112 623 138
person 0.66659683 730 164 759 203
person 0.66353875 588 84 602 103
person 0.64853716 589 154 615 184
person 0.6363453 553 87 572 112
person 0.63530576 665 88 684 112
person 0.62919664 799 203 827 244
person 0.5984886 496 77 515 100
person 0.58899605 631 86 650 110
person 0.5807554 600 89 619 113
person 0.4101971 34 172 58 204
person 0.017768634 28 163 62 213
person 0.011585054 565 110 588 136
