person 0.59688675 911 83 924 103
person 0.1936397 944 262 982 329
person 0.15750328 906 80 926 107
person 0.14936794 189 216 211 246
person 0.1464478 42 237 94 327
person 0.124421425 913 85 922 97
person 0.12159816 233 420 268 468
person 0.114692956 91 173 115 207
person 0.10647972 31 198 67 265
person 0.095370464 1023 607 1032 668
person 0.09522811 160 345 218 431
person 0.090041414 31 226 105 364
person 0.08658337 942 449 1005 607
person 0.0822901 283 414 315 461
person 0.08177332 288 374 319 421
person 0.077199034 168 290 227 364
person 0.07451602 912 90 920 103
person 0.07115109 45 488 91 607
person 0.06848751 304 424 337 472
person 0.0665774 668 75 683 94
person 0.066004 1022 222 1032 268
person 0.064389914 1022 649 1032 701
person 0.064180896 901 92 916 111
person 0.06383969 193 223 208 248
person 0.062942535 149 317 227 456
person 0.06268867 -1 114 28 187
person 0.062191837 949 305 1017 476
person 0.06090436 1022 239 1031 294
person 0.060873587 239 384 258 407
person 0.05993121 96 185 111 209
person 0.059860047 232 375 260 410
person 0.05969596 95 169 112 194
person 0.0593782 309 435 342 482
person 0.058545623 930 241 998 381
person 0.05755963 1021 279 1030 341
person 0.057236373 293 383 314 408
person 0.056943078 38 471 51 498
person 0.056240283 32 46 62 116
person 0.055359945 42 484 59 512
person 0.05499696 -4 -221 9 -198
person 0.05472996 945 384 1012 566
person 0.05437221 93 161 107 181
person 0.05408205 1021 -220 1031 -172
person 0.05306287 0 226 9 294
person 0.052183386 179 300 212 350
person 0.050670926 780 535 796 560
person 0.050070286 293 369 311 393
person 0.04972344 495 179 518 210
person 0.049717415 -3 -212 18 -121
person 0.04831813 0 -224 6 -197
person 0.048277736 949 215 975 251
person 0.047592722 185 212 215 257
person 0.047059942 -4 -220 8 -214
person 0.046809115 1026 132 1032 160
person 0.04660601 1026 113 1032 140
person 0.04647779 197 416 224 452
person 0.04433854 230 345 252 370
person 0.044218194 242 433 276 481
person 0.043109182 967 131 981 151
person 0.042899504 516 41 530 59
person 0.042799823 1022 567 1030 635
person 0.042719 142 329 162 353
person 0.042438373 0 135 10 190
person 0.042425994 35 185 59 220
person 0.04225824 801 695 823 756
person 0.0418565 944 197 981 260
person 0.041826114 1026 93 1032 119
person 0.041382305 721 602 734 650
person 0.041097324 240 409 263 433
person 0.040989 99 484 116 509
person 0.040067546 -3 -144 15 -40
person 0.04001038 36 281 108 425
person 0.039884675 85 158 124 218
person 0.03973401 997 329 1007 396
person 0.039450504 1026 152 1032 181
person 0.039450034 1023 684 1032 743
person 0.03933336 204 442 237 489
person 0.03918876 898 81 914 98
person 0.039008602 109 77 145 140
person 0.038579907 266 457 302 504
person 0.038498394 271 387 290 410
person 0.03847801 761 695 784 757
person 0.038472693 237 376 256 400
person 0.038463563 86 250 119 300
person 0.038273063 250 413 269 436
person 0.03816462 1020 -221 1032 -213
person 0.03809477 1010 -199 1037 -126
person 0.038087938 1021 177 1032 218
person 0.038082983 1010 -127 1035 -47
person 0.037919834 141 374 218 532
person 0.037838053 1026 73 1032 100
person 0.037707534 686 93 709 121
person 0.03760357 224 403 280 491
person 0.037499323 252 227 277 259
person 0.03738843 1016 226 1035 262
person 0.03735157 54 282 113 365
person 0.03717485 559 22 574 39
person 0.03705084 1020 -222 1034 -199
person 0.03674887 396 138 421 166
person 0.03660361 477 32 492 52
person 0.03654884 8 268 20 339
person 0.03652464 28 462 40 490
person 0.03589016 276 358 332 440
person 0.03586759 0 155 8 205
person 0.035732046 879 135 903 165
person 0.035712272 57 471 72 497
person 0.035597987 372 137 397 165
person 0.035575353 967 120 982 140
person 0.035412326 1026 54 1032 81
person 0.03528646 39 429 52 457
person 0.035273768 487 138 513 169
person 0.035260893 582 71 597 90
person 0.035112128 891 181 916 215
person 0.034961566 668 135 693 166
person 0.034864116 602 99 627 128
person 0.034857865 639 21 653 39
person 0.034771103 712 135 737 165
person 0.034764398 213 376 292 530
person 0.03461053 944 179 967 210
person 0.03452177 714 102 738 130
person 0.034463525 164 269 190 303
person 0.034133945 889 177 926 234
person 0.03408485 257 265 280 299
person 0.03401658 1022 -185 1031 -129
person 0.03397127 0 -225 8 -175
person 0.03396885 957 -207 970 -167
person 0.033886574 203 -87 231 -4
person 0.033849113 689 94 704 114
person 0.03371389 12 175 88 304
person 0.03366782 654 137 679 168
person 0.033372056 838 134 863 163
person 0.033281088 475 26 495 59
person 0.03306446 1020 143 1032 180
person 0.03297779 895 97 918 125
person 0.032932255 671 77 680 88
person 0.03270255 43 -221 58 -205
person 0.032668274 960 134 983 163
person 0.032557093 753 139 779 169
person 0.032539118 614 133 638 162
person 0.032290358 663 73 679 92
person 0.032260735 170 445 192 466
person 0.03198368 24 -221 37 -214
person 0.031952623 721 695 744 757
person 0.03173819 653 101 677 128
person 0.03173128 554 143 580 174
person 0.03141755 0 229 18 293
person 0.031415354 297 404 323 430
person 0.031334516 531 134 556 163
person 0.031250507 935 94 951 113
person 0.03106115 312 444 338 467
person 0.03100513 1022 115 1035 139
person 0.030892737 24 -221 40 -205
person 0.030654509 569 98 594 126
person 0.030630417 255 174 279 203
person 0.030572023 97 205 114 228
person 0.030550513 808 101 833 128
person 0.030548178 34 64 58 102
person 0.03049254 187 83 223 145
person 0.030377267 1026 35 1032 61
person 0.030309007 0 533 6 631
person 0.030212259 840 695 862 756
person 0.03019138 1022 213 1035 239
person 0.030040506 533 97 557 125
person 0.0297955 449 134 474 163
person 0.02969492 -5 545 27 691
person 0.029501693 377 142 393 161
person 0.029501604 844 100 868 128
person 0.029458113 42 39 58 63
person 0.029385747 8 275 31 336
person 0.029346237 760 596 774 651
person 0.02928235 1022 135 1035 158
person 0.029201565 194 96 211 115
person 0.029180998 39 182 56 203
person 0.029157931 717 597 737 659
person 0.029125502 830 177 856 210
person 0.029125102 598 -170 624 -86
person 0.02905841 827 176 866 234
person 0.029003328 803 135 829 165
person 0.028941164 523 594 535 653
person 0.028672988 1022 95 1035 117
person 0.028523209 46 501 62 529
person 0.028514812 562 24 570 37
person 0.02838818 892 203 915 237
person 0.028330253 1011 242 1033 299
person 0.028323967 150 268 246 387
person 0.028305497 55 495 71 521
person 0.028293066 48 405 60 433
person 0.028223492 57 -105 76 -42
person 0.028174972 911 140 934 169
person 0.027972706 765 99 790 126
person 0.027964467 873 93 890 111
person 0.027955327 604 58 619 75
person 0.027826557 672 71 697 99
person 0.027809996 255 395 276 417
person 0.027803628 1020 106 1031 142
person 0.027728152 753 651 771 699
person 0.027677488 1026 169 1032 198
person 0.027659072 948 246 977 289
person 0.027557615 840 -133 863 -83
person 0.027545365 1026 190 1032 220
person 0.027528292 988 403 1012 460
person 0.027447253 1022 155 1035 179
person 0.027436884 210 454 230 479
person 0.027322434 484 597 495 649
person 0.027317889 835 -220 847 -213
person 0.027317574 855 -220 867 -213
person 0.027265782 603 58 627 85
person 0.027237436 1025 13 1032 40
person 0.027236147 462 81 479 99
person 0.02714678 938 607 948 632
person 0.027092136 615 286 671 366
person 0.0270766 374 548 392 575
person 0.026958928 1022 193 1035 219
person 0.026955107 43 -221 56 -215
person 0.026927207 990 -221 1003 -214
person 0.026863236 49 250 81 304
person 0.02683691 769 171 794 203
person 0.026821384 216 389 238 411
person 0.026788756 234 425 261 450
person 0.02676978 561 34 575 53
person 0.02671058 0 309 7 388
person 0.026600717 482 100 507 128
person 0.026563702 938 82 953 99
person 0.026507486 654 67 678 94
person 0.026448738 55 504 73 530
person 0.0264242 218 404 239 426
person 0.026369745 312 427 333 449
person 0.026364814 953 677 979 766
person 0.026353603 815 -220 827 -213
person 0.02631726 323 137 349 166
person 0.026307557 287 424 312 448
person 0.0262179 22 444 35 473
person 0.026034465 84 152 108 184
person 0.025991546 888 711 918 799
person 0.025760243 921 -211 936 -163
person 0.02563647 1022 75 1035 98
person 0.025592787 115 173 138 202
person 0.025576115 611 58 627 75
person 0.025572106 874 -220 887 -213
person 0.02553074 403 138 418 158
person 0.025496976 597 20 612 38
person 0.025480108 906 177 932 210
person 0.025370263 96 164 105 175
person 0.025257686 312 415 332 437
person 0.025220172 538 75 555 92
person 0.025210965 192 -128 218 -42
person 0.025170691 96 -97 114 -48
person 0.025068335 18 432 30 461
person 0.02502494 111 -65 139 19
person 0.024956437 816 -221 829 -200
person 0.02485925 1015 180 1034 213
person 0.024856612 519 43 526 56
person 0.024831628 836 -221 849 -199
person 0.024747197 1026 210 1032 241
person 0.024740607 1008 281 1031 340
person 0.0246348 614 60 625 71
person 0.024576955 642 695 664 758
person 0.024568636 197 4 230 77
person 0.024567634 985 336 1010 394
person 0.024536723 957 662 971 700
person 0.02446236 725 180 752 213
person 0.02445835 81 27 113 102
person 0.024430374 523 56 548 85
person 0.024411222 855 -221 869 -199
person 0.024344908 449 98 475 126
person 0.024335323 796 -221 810 -201
person 0.024315173 1025 230 1032 259
person 0.024309365 576 65 599 92
person 0.024304576 607 61 615 72
person 0.024158685 1007 -70 1033 9
person 0.024146102 151 405 209 502
person 0.024086678 510 173 537 208
person 0.024005702 675 -170 702 -88
person 0.023954693 959 696 977 745
person 0.023947943 296 325 319 361
person 0.023928028 798 172 824 204
person 0.023909137 563 598 574 652
person 0.023840005 375 -70 402 23
person 0.023784291 681 695 704 758
person 0.023783283 584 74 594 85
person 0.02375409 888 -216 904 -163
person 0.023611302 990 -221 1005 -205
person 0.023521157 795 -221 808 -213
person 0.023488281 978 149 994 172
person 0.0234701 913 243 953 309
person 0.02337713 553 155 570 179
person 0.023362048 875 79 891 96
person 0.023334289 637 57 648 68
person 0.02327737 642 23 649 37
person 0.023269657 855 339 905 444
person 0.023210406 86 137 102 157
person 0.023199681 400 148 415 171
person 0.023178974 903 95 913 106
person 0.023113154 875 -221 888 -200
person 0.02309874 667 172 695 205
person 0.023082856 757 73 774 91
person 0.023080388 816 74 832 91
person 0.023068873 674 91 690 110
person 0.023009941 851 75 867 91
person 0.023000075 66 359 143 528
person 0.022945924 634 55 650 72
person 0.022911334 203 315 239 363
person 0.0228413 0 573 7 667
person 0.022818303 284 138 310 165
person 0.022813052 602 695 624 758
person 0.02280804 377 148 393 171
person 0.022679528 774 74 790 91
person 0.022600258 512 33 533 65
person 0.022564903 1022 56 1035 79
person 0.022543367 209 177 233 205
person 0.022516096 330 470 350 491
person 0.02250457 434 112 450 130
person 0.02249951 834 76 850 92
person 0.022477737 481 101 498 118
person 0.02247701 195 246 220 278
person 0.022442738 440 55 465 84
person 0.022432415 1022 172 1035 197
person 0.022390852 0 -211 8 -136
person 0.022326982 894 -221 906 -213
person 0.022317236 913 109 929 130
person 0.022295373 775 -221 789 -202
person 0.022263017 936 597 944 614
person 0.022228174 511 84 548 144
person 0.022226587 391 289 448 368
person 0.022164153 354 -169 380 -83
person 0.02208457 83 57 106 90
person 0.02208214 1020 249 1035 274
person 0.022057358 718 -204 746 -124
person 0.021993665 668 150 685 172
person 0.021875279 39 387 53 414
person 0.021820627 67 301 100 351
person 0.021765374 563 695 584 758
person 0.021712575 481 55 506 84
person 0.021692084 54 690 73 756
person 0.021679167 1027 546 1032 578
person 0.021676105 1026 565 1031 599
person 0.021635909 300 99 323 126
person 0.021627428 365 54 389 83
person 0.021600267 0 106 9 155
person 0.021575667 0 128 6 156
person 0.021570826 366 172 392 202
person 0.021547616 973 -221 988 -205
person 0.021437606 819 100 857 160
person 0.0214302 920 698 940 747
person 0.021415016 170 176 194 204
person 0.021414207 955 94 971 113
person 0.021393027 1022 -145 1031 -88
person 0.0213126 151 142 175 170
person 0.021285763 837 739 858 807
person 0.021283386 899 83 911 94
person 0.021280497 41 262 126 383
person 0.021258343 204 138 228 166
person 0.02125186 441 55 456 74
person 0.021160027 456 91 472 109
person 0.021155933 894 -221 908 -201
person 0.0211268 41 218 69 262
person 0.021125872 973 -221 986 -214
person 0.021100707 168 367 199 385
person 0.021045059 1020 62 1031 99
person 0.021003451 877 739 898 807
person 0.02098906 413 -205 440 -127
person 0.020987423 369 106 395 132
person 0.020927453 -2 142 15 183
person 0.020905806 404 100 430 127
person 0.020880384 713 651 731 699
person 0.020803906 571 156 588 179
person 0.020797022 903 71 930 114
person 0.02077438 305 99 320 117
person 0.020768873 284 605 298 650
person 0.020764142 0 -88 8 -24
person 0.020744974 957 -175 969 -128
person 0.020708399 591 100 629 160
person 0.020704271 670 371 686 397
person 0.020699756 523 695 545 758
person 0.020694574 297 345 318 371
person 0.020667808 805 720 835 809
person 0.020649698 763 539 790 628
person 0.020636981 797 739 818 807
person 0.020615602 734 163 773 219
person 0.020614985 126 605 135 633
person 0.020570746 696 80 712 98
person 0.020550868 342 -203 369 -126
person 0.020550191 247 116 261 134
person 0.020519074 93 207 117 244
person 0.020491425 166 607 175 633
person 0.020485288 245 -146 256 -103
person 0.020431617 918 605 928 633
person 0.020420544 92 -126 118 -39
person 0.020420296 483 695 505 758
person 0.020413773 755 -221 770 -203
person 0.020409718 791 650 810 698
person 0.020362679 98 -151 117 -86
person 0.02034743 275 82 311 145
person 0.020344658 420 -87 462 39
person 0.020338485 263 -152 289 -65
person 0.020293506 913 354 976 533
person 0.020290338 154 143 169 162
person 0.0202896 222 351 245 371
person 0.020284904 815 96 832 114
person 0.02028001 896 86 933 145
person 0.020261344 0 8 5 40
person 0.020254586 230 254 291 337
person 0.020240674 28 -95 52 -7
person 0.020232825 775 -221 787 -214
person 0.020229276 654 98 693 157
person 0.020200051 964 107 987 136
person 0.02016442 213 326 234 351
person 0.020082353 1022 782 1028 825
person 0.020024564 420 85 457 147
person 0.019980839 204 -146 216 -103
person 0.019972427 403 695 426 757
person 0.019935956 286 177 311 206
person 0.01992918 205 -93 225 -45
person 0.019912183 0 380 5 417
person 0.01988445 430 -77 457 16
person 0.019876678 977 595 984 610
person 0.019867348 958 -136 969 -85
person 0.01985046 0 401 6 438
person 0.01983094 880 696 902 756
person 0.019829236 986 151 999 174
person 0.019809606 404 368 426 410
person 0.019800456 758 739 779 808
person 0.019792054 652 169 678 202
person 0.019762002 -4 169 9 195
person 0.019756123 590 -200 619 -123
person 0.019688094 1022 36 1035 60
person 0.019686203 257 329 344 465
person 0.019625193 274 409 295 431
person 0.019620882 541 77 551 88
person 0.019584307 892 113 909 133
person 0.019584022 999 398 1010 463
person 0.019567948 325 171 351 202
person 0.019555992 744 101 782 159
person 0.019527305 179 327 209 353
person 0.019492514 53 233 72 256
person 0.019414281 854 94 871 112
person 0.019397318 649 366 664 393
person 0.01938013 799 -135 821 -80
person 0.019362347 793 342 818 402
person 0.01933356 522 61 538 79
person 0.019299787 443 695 465 758
person 0.019293452 257 -206 285 -129
person 0.01929252 360 91 398 155
person 0.019285735 795 74 812 91
person 0.019278696 966 19 979 38
person 0.019176137 314 123 330 140
person 0.019146178 -9 -154 21 -28
person 0.019087078 423 115 439 134
person 0.01906227 718 739 739 808
person 0.019040601 621 426 630 455
person 0.019018156 306 120 322 138
person 0.018937575 541 93 556 112
person 0.018934904 446 28 467 62
person 0.018924637 914 -221 928 -202
person 0.018911099 130 -94 149 -45
person 0.018897476 670 135 687 157
person 0.01888789 554 649 572 697
person 0.018884787 675 62 691 80
person 0.01887203 733 194 750 218
person 0.018855175 398 -159 424 -67
person 0.018824177 100 -204 128 -126
person 0.018782092 -14 408 44 539
person 0.018777238 367 -82 407 46
person 0.018720897 414 187 438 219
person 0.01870808 182 -206 210 -130
person 0.018704934 505 -204 533 -127
person 0.018671406 88 168 105 190
person 0.01863706 648 -202 677 -124
person 0.01862464 658 112 675 134
person 0.01859686 252 139 277 166
person 0.018568099 238 47 260 78
person 0.018553557 174 512 195 533
person 0.018517522 250 426 273 449
person 0.018508412 154 506 178 527
person 0.018505927 976 609 986 631
person 0.018499099 598 169 626 203
person 0.018469537 -9 639 19 779
person 0.018463247 407 60 431 89
person 0.01844248 818 76 829 87
person 0.018436704 932 113 947 133
person 0.01838891 913 -221 926 -214
person 0.018387374 653 164 693 220
person 0.01837498 959 148 974 168
person 0.01831727 678 739 699 808
person 0.018237825 171 -93 191 -45
person 0.01820813 80 514 97 539
person 0.01820343 682 604 694 648
person 0.01817209 -5 32 8 57
person 0.018131379 321 468 344 489
person 0.01809952 835 96 851 114
person 0.0180846 0 111 6 141
person 0.018056992 1020 26 1030 63
person 0.018051311 661 151 678 175
person 0.018041037 374 214 397 248
person 0.018029695 852 707 872 773
person 0.017995132 424 134 440 154
person 0.017955352 520 326 536 354
person 0.017949358 258 173 274 195
person 0.01793804 147 606 156 633
person 0.017928557 515 81 532 98
person 0.017921163 795 312 883 470
person 0.01791154 332 52 355 81
person 0.017893387 315 391 337 413
person 0.017876755 0 700 12 781
person 0.017872652 170 715 201 809
person 0.01786329 85 667 123 780
person 0.017830642 665 75 676 87
person 0.017812205 363 202 405 261
person 0.017806692 480 452 492 482
person 0.017800147 234 336 253 357
person 0.017778024 639 739 660 808
person 0.017767355 735 -221 750 -203
person 0.017754808 416 101 432 118
person 0.017745439 776 94 792 112
person 0.01774282 0 -194 5 -154
person 0.017741192 796 95 812 113
person 0.017707502 324 695 347 757
person 0.017707363 574 345 592 373
person 0.01768486 971 709 1001 800
person 0.017656881 0 -213 5 -176
person 0.017639223 871 116 888 135
person 0.017621683 769 547 787 575
person 0.017609717 766 61 790 89
person 0.017598666 1027 530 1032 558
person 0.017598245 834 192 852 217
person 0.017595444 121 485 141 509
person 0.017582368 516 92 532 110
person 0.017582145 364 695 387 757
person 0.017581858 97 704 125 806
person 0.017577212 361 512 382 535
person 0.017574752 594 649 612 698
person 0.017567663 599 595 616 659
person 0.017553605 321 605 339 650
person 0.017549837 993 91 1026 157
person 0.017533707 814 112 830 132
person 0.017507793 164 -146 176 -103
person 0.017505726 663 405 671 434
person 0.01750193 771 517 787 541
person 0.017475031 737 76 753 93
person 0.017469294 543 270 600 357
person 0.017457847 553 170 580 203
person 0.017454289 799 595 813 648
person 0.017446745 807 60 831 87
person 0.017432632 983 357 1009 416
person 0.01740645 813 706 832 773
person 0.017396037 892 707 912 774
person 0.017370911 213 376 234 394
person 0.017364556 957 609 967 631
person 0.017362863 0 490 7 593
person 0.017358065 599 739 620 808
person 0.01734986 285 -146 296 -104
person 0.017346412 959 119 975 138
person 0.01734364 278 366 297 390
person 0.017300867 465 83 476 95
person 0.017290564 916 739 937 808
person 0.017280772 -3 131 10 154
person 0.017228836 296 422 351 512
person 0.017215496 673 113 689 134
person 0.017174551 398 118 415 137
person 0.017173072 553 78 570 95
person 0.017157633 797 -218 826 -142
person 0.017124912 593 74 609 92
person 0.01712082 818 59 834 77
person 0.017097646 536 325 551 353
person 0.01709755 1022 14 1035 38
person 0.017090725 603 602 615 650
person 0.017070167 776 76 787 87
person 0.017061679 93 359 113 375
person 0.017056426 1027 510 1032 538
person 0.017043807 559 739 580 808
person 0.016997129 0 -132 8 -56
person 0.016989347 501 82 517 99
person 0.016988294 948 189 963 212
person 0.01698531 986 116 1000 137
person 0.016968025 325 102 351 129
person 0.016936708 433 133 449 153
person 0.016923195 599 22 608 36
person 0.016916253 836 78 848 89
person 0.016876524 755 -221 768 -214
person 0.016871162 242 102 266 130
person 0.01686923 1025 756 1031 799
person 0.01686379 383 118 400 137
person 0.016856147 186 102 202 120
person 0.01684561 520 738 541 808
person 0.016842134 -3 150 11 176
person 0.016834516 163 739 184 808
person 0.016816895 407 309 432 367
person 0.01681646 0 777 8 822
person 0.016787048 672 175 689 198
person 0.016759047 287 477 322 526
person 0.01675027 358 115 375 133
person 0.016740032 480 738 501 808
person 0.016715461 721 60 745 88
person 0.016684594 1025 555 1032 567
person 0.01667406 841 -220 858 -164
person 0.016662758 854 77 865 87
person 0.016659915 316 134 333 154
person 0.016659407 440 738 461 808
person 0.016658587 285 396 362 542
person 0.016651293 842 60 866 88
person 0.01663463 401 738 422 808
person 0.016599631 205 600 219 650
person 0.01657575 245 601 258 649
person 0.016573107 678 596 697 659
person 0.01657296 272 458 293 476
person 0.016538125 694 114 711 135
person 0.01652924 467 451 479 479
person 0.016503556 361 739 382 808
person 0.016491067 124 -145 136 -101
person 0.016481448 123 739 144 808
person 0.016481426 582 65 597 81
person 0.016419545 494 98 511 117
person 0.016414015 658 173 675 197
person 0.016412191 -4 11 8 36
person 0.01640704 816 407 840 464
person 0.01639461 357 137 373 156
person 0.016388953 754 135 771 158
person 0.016388899 44 738 65 808
person 0.016378772 204 454 224 477
person 0.016368916 479 -221 493 -202
person 0.0163622 211 384 244 431
person 0.016362062 399 -221 414 -202
person 0.016358793 419 -221 434 -202
person 0.016358148 498 -221 513 -202
person 0.016357949 241 -221 255 -202
person 0.01635715 260 -221 275 -202
person 0.01635682 459 -221 474 -202
person 0.016356245 320 -221 335 -202
person 0.0163557 379 -221 394 -202
person 0.01635541 221 -221 236 -202
person 0.016355125 201 -221 216 -202
person 0.01635482 340 -221 355 -202
person 0.016354213 300 -221 315 -202
person 0.016354129 280 -221 295 -202
person 0.016352111 321 739 342 808
person 0.016350899 360 -221 374 -202
person 0.016350478 793 114 810 134
person 0.016347371 439 -221 454 -202
person 0.016338006 181 -221 196 -202
person 0.016322471 518 -221 533 -202
person 0.016311795 538 -221 553 -202
person 0.016301025 775 113 791 133
person 0.01629689 472 81 489 99
person 0.016289368 635 313 653 342
person 0.016273819 202 739 223 808
person 0.016260887 75 531 93 556
person 0.016239718 714 114 730 136
person 0.016237509 970 134 978 146
person 0.016235216 104 233 123 257
person 0.016232543 492 309 507 336
person 0.01623112 558 -221 573 -202
person 0.016180905 173 466 196 487
person 0.01616963 956 739 977 808
person 0.016169477 759 62 774 79
person 0.0161647 463 469 476 498
person 0.016163561 498 324 512 353
person 0.016162151 161 -221 176 -202
person 0.016146805 0 460 5 497
person 0.016127044 162 413 196 453
person 0.01612076 0 480 5 518
person 0.016110204 282 738 303 808
person 0.016101869 246 720 278 809
person 0.016097503 249 180 290 238
person 0.016097443 774 157 790 180
person 0.016096167 444 600 456 648
person 0.016094135 169 192 228 273
person 0.016078422 717 75 733 93
person 0.016066864 799 59 815 76
person 0.016038498 458 94 469 106
person 0.016024154 180 98 203 127
person 0.016021598 242 738 263 808
person 0.016017977 578 -221 593 -202
person 0.016011056 377 707 393 732
person 0.015995098 431 182 457 215
person 0.015993958 43 452 58 480
person 0.015993012 774 706 793 773
person 0.01594519 813 153 830 176
person 0.0159368 311 490 333 512
person 0.015933605 933 -221 948 -203
person 0.015932305 158 468 182 489
person 0.01592413 357 707 374 732
person 0.015898759 0 29 5 61
person 0.015898662 318 380 343 416
person 0.015893888 615 150 633 173
person 0.015887862 1022 -107 1031 -49
person 0.01588306 956 595 965 612
person 0.015869584 848 369 863 397
person 0.01586618 397 707 413 732
person 0.015865384 716 -221 731 -203
person 0.015852017 825 346 894 519
person 0.015836136 844 208 871 245
person 0.015834792 53 245 75 269
person 0.015833044 716 95 732 114
person 0.01579475 337 707 354 732
person 0.015790978 561 61 576 78
person 0.015782123 798 76 809 87
person 0.015751563 719 -170 745 -86
person 0.015744727 981 442 1006 501
person 0.015735036 156 489 177 512
person 0.015724713 484 103 495 114
person 0.015722854 774 190 791 214
person 0.015669532 955 -104 965 -51
person 0.015662722 1024 389 1030 418
person 0.015659312 494 352 502 382
person 0.015658893 141 -221 156 -202
person 0.01565427 1025 428 1031 455
person 0.015629089 403 100 419 117
person 0.015613193 579 21 595 39
person 0.015610965 947 313 970 328
person 0.015596821 756 152 773 176
person 0.015595195 0 659 8 738
person 0.015591989 879 604 887 635
person 0.015587203 760 76 771 87
person 0.015582454 1025 138 1032 151
person 0.015578865 898 604 908 635
person 0.015575325 433 99 450 117
person 0.015571033 317 707 334 732
person 0.01555056 494 115 510 135
person 0.015532204 142 506 163 527
person 0.015527676 598 -221 612 -202
person 0.015514498 416 707 433 732
person 0.015507629 777 60 793 77
person 0.015490159 713 175 731 198
person 0.015482223 732 115 749 136
person 0.015473844 657 133 674 156
person 0.015467031 517 649 531 695
person 0.015463008 760 -216 774 -164
person 0.015451811 878 82 889 92
person 0.015451775 537 153 554 177
person 0.015431658 559 28 580 58
person 0.015428306 597 410 607 442
person 0.015411877 972 708 991 776
person 0.0154049685 137 357 160 377
person 0.0153968 833 366 853 396
person 0.015396025 937 96 948 107
person 0.015393943 404 722 435 812
person 0.015371019 790 268 831 333
person 0.015366337 833 116 850 137
person 0.015363704 298 707 314 732
person 0.01535898 834 132 851 155
person 0.015357062 712 155 729 178
person 0.015355742 281 -80 310 8
person 0.015331622 899 -206 907 -173
person 0.015331249 357 522 381 549
person 0.015313248 973 344 1008 430
person 0.015273696 160 439 198 486
person 0.015268261 436 707 453 732
person 0.015227355 -1 -169 12 -91
person 0.015206721 278 707 294 732
person 0.015182624 410 24 431 58
person 0.015163101 643 -148 652 -102
person 0.015161064 215 233 306 379
person 0.015136571 1024 705 1032 779
person 0.015132349 1025 118 1032 132
person 0.015126934 833 175 850 199
person 0.015122303 1025 574 1031 588
person 0.015111909 108 263 142 312
person 0.015104587 284 695 307 758
person 0.015092009 60 -148 77 -81
person 0.0150809195 617 -221 632 -202
person 0.015074567 1024 605 1031 638
person 0.015062629 476 707 493 732
person 0.015061151 456 707 473 732
person 0.015053059 496 707 513 732
person 0.015050989 757 93 774 111
person 0.015042954 940 85 951 96
person 0.015034315 258 707 274 732
person 0.015031032 293 475 314 493
person 0.0150053995 553 171 571 195
person 0.014969189 539 62 555 79
person 0.014966504 712 134 729 157
person 0.0149641475 811 338 868 433
person 0.014942635 418 207 436 233
person 0.014940375 0 -175 5 -134
person 0.014940326 1025 246 1031 276
person 0.014931409 516 707 532 732
person 0.014911314 65 -211 75 -165
person 0.014894739 484 722 514 813
person 0.014891751 734 706 753 774
person 0.014886841 633 651 652 699
person 0.014884562 678 65 688 76
person 0.0148837445 799 -219 813 -164
person 0.014875986 122 -221 137 -202
person 0.014875343 970 123 979 134
person 0.014873532 643 604 654 650
person 0.014870766 980 473 1005 533
person 0.0148578 243 -93 263 -48
person 0.014853048 698 18 713 38
person 0.014844308 238 707 255 732
person 0.014821682 84 738 105 809
person 0.0148155 1016 683 1033 751
person 0.014813469 881 62 905 90
person 0.014811743 673 651 691 699
person 0.014809189 658 61 674 78
person 0.014776971 597 31 613 50
person 0.01477529 1015 -221 1034 -163
person 0.01475464 536 707 552 732
person 0.014753379 794 132 810 155
person 0.014749408 655 707 671 731
person 0.014728282 403 598 417 645
person 0.014725763 674 707 691 731
person 0.014717345 991 425 1011 448
person 0.014691191 793 192 810 217
person 0.014686967 -3 151 16 210
person 0.014677573 380 274 456 429
person 0.014658448 86 372 100 384
person 0.014653607 28 485 42 513
person 0.014649704 1022 -72 1031 -17
person 0.0146488985 218 707 235 732
person 0.014645628 53 305 87 388
person 0.014642863 953 613 969 664
person 0.014638495 933 -221 946 -214
person 0.014624416 0 441 5 476
person 0.014610066 914 154 931 177
person 0.01460638 614 174 631 197
person 0.01460341 244 494 282 542
person 0.014600815 98 172 108 186
person 0.0145951025 635 707 651 731
person 0.014593332 62 -221 77 -204
person 0.014592455 134 -216 148 -167
person 0.014582516 735 94 752 112
person 0.014559259 188 229 204 253
person 0.014557466 812 134 829 156
person 0.014554313 555 707 572 732
person 0.014550258 -3 385 8 412
person 0.014544536 694 707 711 731
person 0.014528389 1025 585 1031 619
person 0.014523685 334 504 361 527
person 0.014519714 821 62 831 74
person 0.014515654 192 375 216 393
person 0.0145137375 617 20 633 38
person 0.014509973 616 75 633 93
person 0.01450908 956 78 971 96
person 0.014501003 434 208 451 233
person 0.014499035 413 371 424 386
person 0.014494967 852 114 869 134
person 0.014493053 579 134 596 157
person 0.014465291 198 707 215 732
person 0.014457566 593 133 610 155
person 0.014441533 767 -58 779 -19
person 0.014438736 107 606 116 632
person 0.014438301 1025 537 1033 548
person 0.014434592 659 98 675 117
person 0.014420332 1025 59 1031 74
person 0.014413164 809 363 827 392
person 0.014401891 615 707 632 732
person 0.0143934535 696 -221 711 -203
person 0.014388529 316 649 335 694
person 0.014376307 837 60 853 77
person 0.0143355 595 707 612 732
person 0.014333661 328 500 364 550
person 0.014324604 511 -169 537 -79
person 0.014321129 756 116 772 137
person 0.014315719 970 98 985 117
person 0.014306827 575 707 592 732
person 0.014289078 953 -221 965 -214
person 0.014288689 714 707 731 731
person 0.01428323 674 192 692 216
person 0.01427988 556 94 572 114
person 0.0142769 102 -211 114 -166
person 0.014273853 -3 -223 13 -156
person 0.014267978 637 73 653 90
person 0.014246921 417 196 434 221
person 0.014243868 102 -221 117 -203
person 0.0142328255 93 370 113 388
person 0.0142259225 439 593 458 657
person 0.01421828 60 -80 82 -20
person 0.014212674 611 348 627 375
person 0.014211158 637 -221 652 -202
person 0.014209542 872 133 890 156
person 0.014209322 396 649 415 696
person 0.014201516 245 695 267 758
person 0.014201255 0 620 8 699
person 0.014197872 735 -221 748 -214
person 0.014187443 563 722 593 814
person 0.0141865695 171 436 192 456
person 0.014173478 849 133 867 156
person 0.014170148 890 134 907 156
person 0.01416763 29 364 42 392
person 0.014166936 557 134 573 157
person 0.0141543085 525 64 535 76
person 0.014137971 829 -60 855 -26
person 0.014136457 891 154 908 177
person 0.014136038 1024 624 1031 658
person 0.014124684 518 83 529 94
person 0.014120992 446 476 459 502
person 0.014110878 777 508 839 669
person 0.014110037 1024 -188 1031 -152
person 0.014107921 729 -214 743 -164
person 0.014103671 179 707 195 732
person 0.014096579 952 -221 968 -204
person 0.014093086 576 405 587 438
person 0.014066035 572 172 589 195
person 0.0140655385 183 489 202 508
person 0.014064539 1025 98 1032 111
person 0.014043741 530 243 615 393
person 0.014019621 160 446 186 471
person 0.014008091 105 492 166 669
person 0.0139919445 733 174 751 197
person 0.013991281 618 116 634 138
person 0.013985652 251 378 268 400
person 0.013983605 456 115 472 133
person 0.013973346 717 343 736 371
person 0.013971711 690 61 705 79
person 0.013956971 478 650 491 695
person 0.013955172 806 -14 820 18
person 0.013954623 360 567 380 593
person 0.013945576 985 499 1042 683
person 0.013944842 674 17 689 37
person 0.013943722 480 17 496 36
person 0.0139399115 596 348 612 376
person 0.01392093 833 153 850 177
person 0.013905686 895 174 912 197
person 0.013887078 246 103 261 120
person 0.01388587 642 724 672 814
person 0.013885752 381 409 402 443
person 0.013882807 420 153 436 176
person 0.0138816 910 175 927 198
person 0.01386681 723 724 753 816
person 0.013866334 427 -3 458 73
person 0.013857912 381 532 400 555
person 0.013842613 556 344 572 374
person 0.013837336 876 95 887 106
person 0.013821611 479 114 495 133
person 0.0138065545 -4 486 8 511
person 0.013805957 121 161 136 181
person 0.013800096 -4 465 8 491
person 0.013799887 497 154 514 178
person 0.013798518 660 63 671 75
person 0.0137900645 325 722 357 812
person 0.013789651 631 134 648 156
person 0.013762091 564 36 571 50
person 0.013756378 801 -207 809 -173
person 0.01375315 734 707 751 731
person 0.013752994 733 133 750 156
person 0.013728821 34 150 51 172
person 0.013727722 657 -221 672 -203
person 0.013727213 1025 40 1031 54
person 0.013706549 324 -145 336 -104
person 0.013703237 694 706 713 774
person 0.013694783 -2 219 15 266
person 0.013694295 -4 246 11 271
person 0.013674021 677 -221 692 -203
person 0.013663131 199 117 217 135
person 0.013659463 792 174 809 197
person 0.013647506 1026 489 1032 518
person 0.013634879 801 62 811 73
person 0.013610839 595 114 611 136
person 0.013606634 400 174 416 199
person 0.013593207 0 165 5 199
person 0.013578342 40 474 49 487
person 0.013560159 688 -214 702 -165
person 0.013550225 437 114 448 126
person 0.013543853 755 171 773 194
person 0.013542572 795 153 812 176
person 0.013528845 433 154 449 177
person 0.013527007 128 149 152 179
person 0.013516741 -3 -209 8 -181
person 0.013502868 1024 -110 1031 -72
person 0.013484682 592 174 609 197
person 0.013484499 959 60 982 88
person 0.01347853 539 133 555 156
person 0.013471278 34 369 49 394
person 0.013468643 -3 406 9 432
person 0.013467731 340 120 356 137
person 0.0134638855 402 605 411 636
person 0.013448933 197 97 208 111
person 0.013429984 159 707 175 732
person 0.013424211 812 174 829 197
person 0.013423486 594 424 605 456
person 0.013381015 594 152 611 175
person 0.013373508 136 492 158 514
person 0.013354305 774 133 790 156
person 0.013349217 916 207 943 242
person 0.013327963 600 265 688 385
person 0.013324903 634 115 651 136
person 0.013323981 795 213 822 249
person 0.013302391 1024 -149 1031 -112
person 0.013287509 852 153 869 176
person 0.01328654 754 706 771 731
person 0.013277267 290 417 306 458
person 0.0132756 813 191 830 215
person 0.013267244 1025 518 1033 529
person 0.013250432 66 310 103 380
person 0.013227041 694 276 753 358
person 0.013189906 770 347 788 375
person 0.013181554 1025 79 1032 92
person 0.013178076 93 166 101 178
person 0.013168419 634 430 644 459
person 0.013167625 1024 -90 1031 -52
person 0.01312972 562 405 572 437
person 0.013127145 141 317 161 339
person 0.013095782 692 96 701 107
person 0.013094445 603 16 625 47
person 0.013090361 165 386 213 410
person 0.013087902 655 706 673 774
person 0.013085889 0 -155 5 -114
person 0.013079221 952 -214 973 -157
person 0.013076808 638 40 654 58
person 0.013065501 1024 -169 1031 -132
person 0.013041501 0 346 6 428
person 0.013038689 0 -54 5 -16
person 0.013017414 513 646 534 708
person 0.012983731 950 268 973 290
person 0.012968689 552 193 571 216
person 0.012961056 1017 714 1032 790
person 0.012954024 602 -146 613 -103
person 0.012953554 564 64 573 76
person 0.012949324 441 80 458 98
person 0.012948776 882 430 961 609
person 0.012939705 132 474 212 615
person 0.012920686 1024 -129 1031 -92
person 0.012918637 542 65 552 76
person 0.0129168 199 -153 218 -91
person 0.0129144415 250 353 268 377
person 0.012905152 241 416 259 466
person 0.012885939 135 290 170 339
person 0.012885855 411 194 452 252
person 0.012882248 353 499 372 519
person 0.012875105 360 152 376 173
person 0.012865541 693 136 710 158
person 0.012864299 464 275 521 361
person 0.012864093 340 136 356 156
person 0.01286284 296 138 313 158
person 0.012858002 50 605 58 632
person 0.012852132 561 372 571 405
person 0.012846055 774 706 791 731
person 0.012842747 163 368 186 389
person 0.0128368735 454 134 470 155
person 0.012829961 1015 646 1034 707
person 0.012816591 98 513 116 538
person 0.012805201 986 133 1001 155
person 0.012802971 475 84 487 96
person 0.0128019815 871 153 889 176
person 0.012796722 55 505 108 612
person 0.012779482 194 -96 236 18
person 0.012771808 693 153 710 176
person 0.012748224 663 409 670 427
person 0.012740719 -4 445 8 471
person 0.012737049 852 192 869 216
person 0.012730066 39 206 61 233
person 0.012702468 995 16 1026 89
person 0.012698044 907 189 924 212
person 0.012667359 732 654 768 779
person 0.012665427 279 601 302 659
person 0.0126589695 184 607 196 635
person 0.012658202 774 419 796 463
person 0.012654454 720 555 735 619
person 0.012645187 338 174 354 197
person 0.012636003 716 -221 729 -214
person 0.012628242 205 695 228 758
person 0.012621763 984 446 1007 468
person 0.012619766 553 -94 572 -57
person 0.012619316 851 174 868 197
person 0.012599517 1011 175 1036 227
person 0.012591191 556 80 567 91
person 0.012588618 638 597 656 661
person 0.01256635 758 337 785 395
person 0.012520407 148 502 228 671
person 0.012516811 845 -13 860 18
person 0.012508658 920 662 935 703
person 0.012498464 782 240 813 289
person 0.012495729 -3 -188 8 -161
person 0.012491975 576 93 592 113
person 0.012490023 713 192 731 215
person 0.012489441 379 383 399 418
person 0.01248459 915 137 931 158
person 0.012472097 950 175 966 197
person 0.012465451 0 638 5 678
person 0.012458116 457 155 474 179
person 0.012455528 -5 54 9 79
person 0.012444402 503 85 514 96
person 0.012430233 98 362 110 371
person 0.012420358 698 82 709 94
person 0.012415106 799 362 815 390
person 0.012396144 0 421 6 457
person 0.012394426 356 648 375 695
person 0.012392734 637 367 653 395
person 0.012377261 350 3 381 81
person 0.0123761175 360 191 376 216
person 0.012370413 793 706 810 731
person 0.012369156 358 174 375 198
person 0.012354572 834 -90 860 -47
person 0.012324829 0 -7 5 26
person 0.012322814 919 -206 950 -132
person 0.012314379 189 386 217 408
person 0.0122991875 160 -152 179 -91
person 0.012298875 656 191 674 214
person 0.012293675 417 175 433 200
person 0.012292163 842 -184 861 -121
person 0.012289414 933 708 951 775
person 0.012288736 585 68 594 78
person 0.012284645 119 215 144 247
person 0.012280052 435 196 452 220
person 0.012272518 810 660 846 775
person 0.012266295 82 -221 97 -204
person 0.012260097 271 228 294 261
person 0.012245918 151 335 172 355
person 0.012242152 173 355 199 374
person 0.012224364 97 72 150 158
person 0.012222229 615 706 634 774
person 0.012217273 831 651 850 699
person 0.012211549 917 615 929 664
person 0.012198676 -4 115 10 137
person 0.012189505 780 63 790 75
person 0.01218614 120 -151 139 -89
person 0.012185733 0 148 7 178
person 0.01217863 969 486 1001 506
person 0.012174109 0 -30 4 5
person 0.012167029 1025 157 1031 172
person 0.012117321 1020 406 1027 436
person 0.012112818 485 425 496 454
person 0.012093746 1024 644 1031 678
person 0.012088808 1016 -149 1032 -82
person 0.012086048 116 190 133 212
person 0.01203759 139 706 155 732
person 0.012034352 0 579 5 618
person 0.012022232 614 193 632 216
person 0.012021445 333 455 354 475
person 0.012018579 592 94 608 114
person 0.01201649 880 -208 887 -173
person 0.012003788 89 693 110 757
person 0.012002657 0 618 5 658
person 0.011992403 96 340 118 355
person 0.011980212 490 169 530 226
person 0.011978393 840 62 850 74
person 0.011971573 738 58 754 75
person 0.011955121 418 104 429 115
person 0.01194026 424 81 440 99
person 0.011938871 385 121 396 132
person 0.011931162 935 628 948 658
person 0.011929092 380 144 389 155
person 0.011927912 1022 396 1030 409
person 0.011926334 867 679 933 825
person 0.01192439 482 60 498 78
person 0.011912615 781 -208 790 -173
person 0.011906189 733 343 753 372
person 0.011899488 -14 86 51 220
person 0.011888576 223 336 258 383
person 0.011879292 77 675 139 836
person 0.011868641 653 391 662 422
person 0.011868405 962 138 973 157
person 0.011866437 957 96 968 108
person 0.011865778 794 -61 818 -28
person 0.01186519 1025 18 1031 33
person 0.011862379 787 531 803 555
person 0.011856768 654 651 690 752
person 0.01183887 248 646 293 744
person 0.01183882 691 330 712 358
person 0.011834995 290 57 314 88
person 0.011833137 0 -135 5 -95
person 0.0118313925 0 658 5 697
person 0.0118301045 0 599 5 638
person 0.0118245315 93 257 115 280
person 0.011822665 659 322 677 351
person 0.011814117 239 -153 258 -91
person 0.011811117 581 383 590 413
person 0.011810221 215 429 238 450
person 0.011802894 804 347 828 406
person 0.011802593 44 488 58 502
person 0.011794415 0 361 5 401
person 0.011794371 375 171 391 195
person 0.011792882 361 599 380 648
person 0.011779763 578 115 594 136
person 0.01176845 79 352 97 363
person 0.011756967 58 706 76 775
person 0.011730906 813 706 830 731
person 0.01172687 659 428 670 456
person 0.011717099 575 706 594 774
person 0.011699733 692 173 710 195
person 0.011698812 226 469 315 615
person 0.011689753 436 174 452 199
person 0.011677184 484 -145 495 -103
person 0.011671395 425 118 436 129
person 0.011668811 485 554 500 638
person 0.011665061 86 188 103 210
person 0.011663389 80 94 105 128
person 0.011653604 478 135 495 156
person 0.011631136 0 755 5 800
person 0.011623015 257 158 274 179
person 0.01161888 471 20 499 68
person 0.011616886 220 -84 235 -59
person 0.011608086 200 -84 215 -59
person 0.011598138 102 -188 114 -134
person 0.011583502 757 18 773 38
person 0.011577199 168 664 207 775
person 0.011571858 165 597 179 653
person 0.011570479 821 -208 829 -173
person 0.011569502 0 188 5 222
person 0.011562972 678 325 698 355
person 0.011561942 478 152 495 177
person 0.011554734 732 153 749 176
person 0.011544004 565 169 607 227
person 0.011540763 298 176 314 199
person 0.011536445 737 18 752 38
person 0.011534085 13 17 81 147
person 0.011526601 641 42 651 55
person 0.011526307 56 180 73 200
person 0.011524444 298 454 321 472
person 0.011523515 371 517 390 539
person 0.011522255 638 -95 649 -53
person 0.011521126 436 101 447 112
person 0.011502434 494 134 510 157
person 0.011501403 953 247 974 271
person 0.011482915 939 178 972 224
person 0.011480951 525 485 565 616
person 0.011469521 638 15 659 45
person 0.011463916 507 4 539 77
person 0.011445806 44 719 59 748
person 0.011441308 536 706 554 775
person 0.011432984 882 667 922 771
person 0.01142911 195 349 218 367
person 0.011426534 332 649 374 744
person 0.011400553 141 -84 155 -58
person 0.011399321 279 139 295 158
person 0.0113862455 969 22 976 35
person 0.011377698 504 363 513 394
person 0.01137685 881 -138 900 -86
person 0.011373878 712 324 731 351
person 0.01136186 696 -221 709 -214
person 0.011359883 121 -84 135 -58
person 0.011359712 277 649 295 695
person 0.011358079 401 121 412 132
person 0.011357505 556 114 572 135
person 0.011356761 755 526 796 646
person 0.011350344 364 -145 375 -104
person 0.011345523 1025 497 1033 508
person 0.011332866 820 603 828 634
person 0.011332326 595 76 606 88
person 0.011329201 62 -221 75 -214
person 0.011321452 319 175 335 198
person 0.01131505 -4 191 9 217
person 0.011301402 823 8 859 72
person 0.011291753 490 16 505 35
person 0.011283126 632 153 650 175
person 0.011281929 1000 -139 1040 -31
person 0.01128002 971 465 999 489
person 0.011274108 925 30 946 61
person 0.01127357 180 -84 195 -59
person 0.011269813 833 705 850 731
person 0.011263706 516 154 532 177
person 0.011250443 692 64 702 75
person 0.011242981 72 14 120 118
person 0.011238932 730 533 746 559
person 0.011220978 -1 45 8 100
person 0.011215567 651 21 667 40
person 0.011191964 757 208 784 243
person 0.011186356 405 139 415 151
person 0.011181763 592 302 610 331
person 0.011180145 616 306 634 337
person 0.01117627 235 30 256 64
person 0.0111746695 161 -84 175 -59
person 0.011169675 496 706 515 775
person 0.011169549 646 -215 660 -166
person 0.011167069 794 -97 817 -49
person 0.011164268 739 78 750 89
person 0.01116 582 23 591 37
person 0.01115891 537 113 553 134
person 0.011157942 198 474 220 493
person 0.011157505 935 174 952 196
person 0.011146636 239 -84 254 -58
person 0.011119925 962 489 996 591
person 0.011110618 518 14 535 33
person 0.0111082345 66 403 80 428
person 0.011099422 676 382 696 413
person 0.011094075 714 425 734 467
person 0.011090935 52 264 81 289
person 0.011088745 206 136 222 156
person 0.0110828215 245 5 277 82
person 0.011069676 271 -89 315 31
person 0.011067651 933 136 949 156
person 0.011057254 277 -93 296 -50
person 0.011053318 818 97 829 108
person 0.011045532 636 96 652 115
person 0.011032195 687 15 709 45
person 0.011024447 1026 739 1032 779
person 0.011021224 168 -217 182 -169
person 0.011013441 795 688 810 713
person 0.010999686 149 676 217 829
person 0.01099338 587 -181 628 -66
person 0.010976771 97 373 109 383
person 0.010975171 632 321 649 350
person 0.0109670535 523 -145 535 -103
person 0.010960346 953 230 972 255
person 0.010951182 61 144 144 282
person 0.010948882 633 175 650 197
person 0.010946756 776 688 790 713
person 0.010946188 31 544 38 581
person 0.010934862 756 688 770 713
person 0.010919906 584 5 618 74
person 0.010916853 355 552 376 575
person 0.010905207 751 345 773 374
person 0.0109041575 716 19 732 39
person 0.010896929 919 -206 927 -172
person 0.010896324 6 261 15 296
person 0.010889173 715 57 730 75
person 0.010888283 0 343 5 378
person 0.010883724 456 706 475 775
person 0.010874237 405 103 416 114
person 0.010873123 478 -221 491 -214
person 0.010872754 0 677 5 717
person 0.01086873 498 -221 511 -214
person 0.010864563 458 -221 472 -214
person 0.0108637735 399 -221 412 -214
person 0.010862042 419 -221 432 -214
person 0.010859947 379 -221 392 -214
person 0.010859717 240 -221 253 -214
person 0.010859537 260 -221 273 -214
person 0.010859158 319 -221 333 -214
person 0.010858702 201 -221 214 -214
person 0.010858297 339 -221 353 -214
person 0.0108582415 220 -221 234 -214
person 0.010858001 300 -221 313 -214
person 0.010857914 518 94 529 105
person 0.010857836 280 -221 293 -214
person 0.010857222 438 -221 452 -214
person 0.010856684 359 -221 372 -214
person 0.010856536 518 -221 531 -214
person 0.010855711 181 -221 194 -214
person 0.010855624 538 -221 551 -214
person 0.010851412 596 190 614 213
person 0.01084767 788 518 804 539
person 0.010831642 338 154 354 176
person 0.010815169 557 -221 571 -214
person 0.010798744 0 697 5 736
person 0.010796788 99 -73 121 -13
person 0.010780355 839 604 847 634
person 0.010779594 655 313 673 341
person 0.010777925 874 251 890 274
person 0.010773727 761 64 771 76
person 0.010770698 740 392 756 418
person 0.010766655 54 285 84 309
person 0.01076173 161 -221 174 -214
person 0.010755153 872 174 889 197
person 0.010752257 511 192 530 216
person 0.010750369 563 383 572 412
person 0.010744549 600 33 610 47
person 0.010734833 52 280 85 333
person 0.010726623 497 100 508 112
person 0.010706215 894 667 908 694
person 0.010697557 951 214 969 238
person 0.010683592 577 -221 591 -214
person 0.010673946 250 443 277 467
person 0.010672456 542 369 550 401
person 0.010672027 59 521 81 547
person 0.0106650265 619 96 635 116
person 0.010661877 438 -83 453 -58
person 0.010651264 55 94 79 131
person 0.0106499735 945 285 977 310
person 0.010625764 -1 325 5 356
person 0.010625408 237 650 256 696
person 0.010566833 792 549 811 577
person 0.010565926 187 -4 235 99
person 0.010562218 760 -205 771 -173
person 0.010553297 417 706 435 775
person 0.01055043 291 453 371 614
person 0.010547697 484 495 538 683
person 0.010545995 473 647 494 708
person 0.010543463 336 497 357 517
person 0.010542508 855 425 872 453
person 0.01053495 1026 466 1032 496
person 0.010534945 0 -75 5 -36
person 0.010534528 1017 414 1027 426
person 0.010533071 31 561 39 594
person 0.010531371 736 688 750 714
person 0.010522168 224 676 295 825
person 0.010521706 239 151 256 170
person 0.010517726 631 420 649 468
person 0.010515464 966 38 980 59
person 0.010512893 578 371 589 407
person 0.010509968 236 227 253 254
person 0.010505599 740 -205 751 -173
person 0.010504995 841 -208 848 -173
person 0.010503602 44 701 58 730
person 0.010501853 203 607 216 635
person 0.010496334 141 -221 154 -214
person 0.010493358 192 490 211 509
person 0.0104922 0 558 5 599
person 0.01048917 826 422 848 451
person 0.010482348 319 155 336 176
person 0.010481442 676 -221 690 -214
person 0.010473621 259 -83 274 -58
person 0.010467639 860 -208 868 -173
person 0.0104648685 897 39 932 103
person 0.010448227 933 157 949 179
person 0.0104424255 959 702 1006 818
person 0.010441238 798 97 809 108
person 0.010439104 959 353 976 376
person 0.010438204 815 688 829 713
person 0.010435156 597 -221 610 -214
person 0.010431689 143 293 164 316
person 0.0104305325 949 278 974 321
person 0.010423547 458 -83 473 -58
person 0.010414342 1010 516 1020 596
person 0.010413944 88 138 98 153
person 0.010410126 620 38 630 52
person 0.010409931 1018 615 1033 659
person 0.010409301 166 695 188 758
person 0.010400567 21 762 35 792
person 0.010399933 689 424 709 468
person 0.010387707 279 175 295 197
person 0.010377403 -4 367 8 395
person 0.01037285 -2 424 21 527
person 0.010372737 0 -115 5 -75
person 0.010371792 620 21 629 35
person 0.010369448 435 650 453 697
person 0.0103573445 853 705 870 731
person 0.010354794 283 607 295 635
person 0.0103531815 764 173 799 219
person 0.010347179 856 60 872 78
person 0.010345016 857 96 868 107
person 0.010343102 716 688 730 714
person 0.0103424 883 -11 896 22
person 0.010338378 902 179 936 226
person 0.0103362715 617 -221 630 -214
person 0.010318609 1019 431 1036 451
person 0.010317591 442 491 459 520
person 0.01030884 143 505 202 600
person 0.010306929 598 -93 609 -54
person 0.010292376 918 596 925 613
person 0.010288826 316 -93 335 -51
person 0.010280089 -3 703 9 730
person 0.0102696195 552 445 564 474
person 0.010267721 181 689 195 715
person 0.010251611 161 688 175 715
person 0.010249231 69 327 101 348
person 0.010236762 449 247 537 392
person 0.010234913 410 367 427 391
person 0.010206266 418 -83 433 -58
person 0.010204305 175 77 229 164
person 0.010203837 841 213 875 261
person 0.010203385 429 380 447 424
person 0.010190949 720 78 730 89
person 0.010186615 379 721 397 747
person 0.010177154 263 607 275 635
person 0.010171194 656 -221 670 -214
person 0.010163986 577 688 591 714
person 0.010150797 454 422 467 467
person 0.010140429 511 176 529 200
person 0.0101401955 2 266 20 292
person 0.010134687 751 194 768 216
person 0.010132301 201 689 215 715
person 0.01012849 958 81 968 92
person 0.010124599 359 -83 374 -58
person 0.010122306 399 721 417 747
person 0.010118403 153 168 247 305
person 0.010107314 557 688 572 714
person 0.010105591 637 -221 650 -214
person 0.010104295 339 721 357 747
person 0.010097986 123 508 143 532
person 0.010090349 494 357 501 373
person 0.010088733 935 192 952 215
person 0.010087887 621 382 631 416
person 0.010084786 597 688 611 714
person 0.010078282 419 721 436 747
person 0.010077111 339 -83 354 -58
person 0.010075699 377 706 396 775
person 0.010071866 38 329 56 353
person 0.010071605 515 113 531 133
person 0.010071395 255 490 278 507
person 0.010069684 835 688 849 713
person 0.0100614065 359 721 377 747
person 0.010060615 405 591 414 620
person 0.010053551 1025 721 1032 758
person 0.010051785 611 212 629 234
person 0.010045999 870 -58 892 -20
person 0.010039138 101 -76 144 40
person 0.010034822 1023 434 1031 446
person 0.010033198 560 378 569 396
person 0.010031388 778 96 789 107
person 0.010029561 361 118 372 128
person 0.010023257 963 507 1002 524
person 0.010022339 121 -221 134 -214
person 0.010019434 320 721 337 747
person 0.010016081 179 707 198 774
person 0.010008841 837 98 848 109
person 0.010005439 696 688 710 714
