person 0.5135846 938 75 951 92
person 0.45078444 550 170 576 203
person 0.42639333 609 190 635 225
person 0.39836878 954 83 966 102
person 0.29434174 477 165 512 210
person 0.2562248 940 76 949 88
person 0.19616139 578 72 588 88
person 0.18612991 949 260 989 326
person 0.15136272 956 86 964 98
person 0.15047106 917 87 932 104
person 0.14441076 573 199 600 233
person 0.12658696 44 482 93 593
person 0.123025544 306 -82 349 39
person 0.12224625 694 95 708 113
person 0.12096134 -4 115 24 187
person 0.116130374 1031 217 1041 263
person 0.1123878 594 180 638 233
person 0.107502274 948 453 1013 607
person 0.1059945 430 -81 474 42
person 0.10369716 596 -83 641 43
person 0.09929612 633 -81 680 42
person 0.09814128 1032 604 1041 669
person 0.09203816 63 197 123 277
person 0.088980414 934 71 955 99
person 0.08633267 807 -83 852 43
person 0.080288835 946 83 967 111
person 0.07884359 726 -84 774 42
person 0.07803076 920 89 930 100
person 0.073722385 466 -86 511 42
person 0.0719331 923 80 940 96
person 0.070347555 571 67 593 95
person 0.06972124 68 155 106 203
person 0.06845365 956 81 966 96
person 0.06804777 87 53 110 87
person 0.067706354 286 -82 330 41
person 0.067552984 463 156 519 224
person 0.06735625 290 372 326 418
person 0.06682041 616 170 634 193
person 0.066043966 40 421 55 450
person 0.06549961 610 139 637 169
person 0.06531619 560 150 586 181
person 0.064619035 934 240 1005 377
person 0.06423731 1035 108 1041 136
person 0.06411977 1035 128 1041 156
person 0.06304911 1031 232 1040 284
person 0.061848726 947 276 1022 455
person 0.061476782 308 91 323 110
person 0.05987437 885 -84 930 41
person 0.059735667 688 91 712 117
person 0.058669046 716 87 731 105
person 0.058603268 1035 88 1041 115
person 0.05839831 626 293 669 350
person 0.058336735 304 414 341 461
person 0.057276744 957 370 1028 556
person 0.055049066 0 307 9 372
person 0.055008993 78 31 112 105
person 0.054986786 -4 -229 9 -205
person 0.05390385 1032 562 1039 634
person 0.053637896 210 369 300 518
person 0.05363395 30 401 42 429
person 0.053487457 1030 -227 1040 -180
person 0.053131264 312 434 349 480
person 0.05312006 285 410 326 456
person 0.052594572 36 407 50 434
person 0.05256256 1031 647 1041 703
person 0.05197785 -3 -219 19 -129
person 0.051697813 974 129 987 151
person 0.051236372 474 138 504 170
person 0.050611902 188 346 255 431
person 0.050443154 171 318 265 457
person 0.050264943 421 199 448 233
person 0.049958207 47 440 60 467
person 0.048891716 0 116 11 181
person 0.04885394 234 419 273 466
person 0.048775367 1035 68 1041 95
person 0.048374474 494 170 518 196
person 0.048329502 135 366 219 522
person 0.04831403 0 -232 6 -204
person 0.048256744 45 480 60 508
person 0.04755338 481 167 504 193
person 0.04706178 -4 -228 8 -222
person 0.046828505 1031 129 1044 154
person 0.046520237 1035 48 1041 75
person 0.0461733 296 381 319 405
person 0.045619212 55 200 140 354
person 0.04539084 461 161 488 193
person 0.04500241 112 -64 142 18
person 0.044749547 556 76 571 94
person 0.044545583 614 48 629 66
person 0.043546356 304 88 327 115
person 0.043503296 1030 174 1041 216
person 0.043475363 199 92 216 111
person 0.043339584 56 491 73 518
person 0.043304477 99 285 183 439
person 0.04316089 458 145 486 174
person 0.043136116 1031 110 1044 134
person 0.04301228 992 190 1029 256
person 0.042941175 560 -30 611 86
person 0.042808145 1035 145 1041 174
person 0.042197347 1035 30 1041 57
person 0.042095236 863 342 917 438
person 0.041718744 0 491 7 591
person 0.041632675 558 78 569 90
person 0.04143875 52 60 82 110
person 0.04139048 -3 -152 15 -51
person 0.04117587 952 211 977 245
person 0.041121263 1029 135 1041 172
person 0.04106986 609 52 632 81
person 0.040782046 625 14 635 28
person 0.040468924 959 300 1016 410
person 0.040426325 1020 -209 1047 -134
person 0.039987475 697 96 706 108
person 0.039951596 172 287 239 363
person 0.039797153 1022 215 1045 270
person 0.039771963 445 108 462 126
person 0.03977149 208 -10 242 66
person 0.039738286 661 131 687 161
person 0.039581936 74 150 100 182
person 0.039419852 419 136 445 164
person 0.038855318 909 87 925 104
person 0.038764898 593 92 619 120
person 0.038688127 617 49 626 62
person 0.03858086 938 174 964 208
person 0.03847781 920 131 944 160
person 0.03846175 1031 90 1044 113
person 0.03841802 951 175 974 207
person 0.038413752 430 200 456 235
person 0.038374063 0 419 5 456
person 0.038303297 207 130 231 158
person 0.038085114 376 140 402 168
person 0.03800006 1029 -229 1041 -221
person 0.037889898 518 94 535 113
person 0.037756678 652 55 676 85
person 0.0376692 465 85 481 102
person 0.03752348 662 103 686 130
person 0.03751303 274 358 342 436
person 0.037395924 965 131 987 160
person 0.037145637 0 336 10 429
person 0.03709251 527 203 556 238
person 0.03700773 78 404 94 428
person 0.03699026 713 92 737 118
person 0.036867797 1029 -230 1043 -207
person 0.03684349 690 57 714 86
person 0.036842708 614 33 630 51
person 0.03675541 686 129 714 159
person 0.036725078 223 398 287 483
person 0.036708944 968 114 983 134
person 0.03660082 614 195 630 229
person 0.036593582 465 79 481 96
person 0.03654645 162 138 177 156
person 0.036469102 1027 271 1036 333
person 0.03633607 38 463 52 491
person 0.036263835 1031 209 1044 236
person 0.03581687 1032 683 1041 744
person 0.035816766 488 98 503 114
person 0.03561032 0 -233 8 -182
person 0.035515428 965 -214 978 -175
person 0.035465978 68 216 130 304
person 0.035413306 467 87 478 99
person 0.03538411 296 367 315 390
person 0.03535647 712 141 739 169
person 0.03533852 0 532 6 632
person 0.03532438 642 13 650 26
person 0.035309676 961 677 988 765
person 0.03528929 39 314 67 366
person 0.035158854 1031 -192 1040 -137
person 0.03485516 496 181 520 205
person 0.034680564 0 399 5 434
person 0.03457439 773 57 796 85
person 0.034560088 809 55 832 83
person 0.034383886 0 264 48 362
person 0.034267467 85 233 123 283
person 0.034234293 17 368 31 395
person 0.034039505 1030 227 1044 254
person 0.033986583 2 399 75 540
person 0.033907153 55 350 73 375
person 0.03385077 670 -27 721 91
person 0.033843815 846 132 872 161
person 0.033749077 660 90 701 152
person 0.033679277 1031 147 1044 172
person 0.033616625 -7 552 28 684
person 0.033478778 37 142 71 217
person 0.033269554 56 -110 77 -50
person 0.033212304 746 -30 797 88
person 0.03319741 1031 188 1044 215
person 0.033186316 76 391 92 414
person 0.033180818 235 250 309 329
person 0.033128824 779 92 796 109
person 0.0330416 415 176 443 209
person 0.032831635 604 194 627 219
person 0.03277893 379 544 397 570
person 0.03270905 584 83 600 104
person 0.032693397 43 -229 59 -213
person 0.032686703 1035 186 1041 217
person 0.032604903 774 94 799 120
person 0.032575574 83 429 102 456
person 0.03257509 617 34 627 47
person 0.03251899 892 133 917 162
person 0.032490104 724 57 747 85
person 0.032420818 807 132 834 160
person 0.032325283 1035 206 1041 238
person 0.03213988 758 134 785 162
person 0.032113496 253 329 355 462
person 0.03204092 187 300 222 350
person 0.031988006 25 -229 38 -222
person 0.03191513 0 461 7 546
person 0.03187432 808 695 830 757
person 0.031848524 402 186 469 259
person 0.03177221 929 -217 943 -172
person 0.031766344 896 -221 911 -173
person 0.03166637 233 219 259 250
person 0.03146745 1035 165 1041 194
person 0.0314428 849 56 871 85
person 0.031408995 77 201 120 250
person 0.031311166 320 -117 351 -32
person 0.031220948 768 695 790 757
person 0.031210093 533 136 560 165
person 0.031129036 23 384 36 412
person 0.031085711 1031 70 1044 93
person 0.031079948 481 29 496 47
person 0.031078966 71 83 110 151
person 0.031027945 210 134 225 153
person 0.030911742 1029 100 1040 136
person 0.030891988 24 -229 40 -213
person 0.03084712 693 95 702 111
person 0.03076578 159 145 174 165
person 0.030752944 902 94 925 121
person 0.030726342 837 171 863 203
person 0.03065542 727 696 750 757
person 0.030615218 428 98 444 114
person 0.03048844 825 169 866 226
person 0.030348131 638 204 668 238
person 0.030258793 415 -30 467 87
person 0.030126117 727 603 740 646
person 0.030093107 269 454 311 500
person 0.030064365 593 115 634 177
person 0.029951595 794 337 853 425
person 0.029935336 673 75 689 93
person 0.029895628 406 -118 437 -31
person 0.02979909 245 -15 280 66
person 0.029754484 25 429 43 499
person 0.029741464 16 253 44 306
person 0.029722985 16 282 92 429
person 0.029665349 -7 249 66 378
person 0.029460533 97 -46 123 8
person 0.029440586 165 -117 195 -35
person 0.02925716 381 144 397 166
person 0.029088514 -1 124 17 171
person 0.029057521 491 76 530 138
person 0.029027509 783 72 795 83
person 0.028980762 -4 383 9 409
person 0.028977785 580 107 604 134
person 0.028927285 216 233 326 372
person 0.028904958 18 426 30 455
person 0.0288779 781 105 797 123
person 0.028744802 112 307 173 399
person 0.028744237 0 379 5 412
person 0.028635846 505 95 522 113
person 0.02848873 0 380 8 475
person 0.02844622 719 90 728 100
person 0.028425781 609 53 624 70
person 0.02833332 900 172 924 204
person 0.028301176 314 118 330 135
person 0.02824998 801 352 881 509
person 0.028213292 1019 234 1042 291
person 0.028159158 14 270 30 343
person 0.028112117 804 73 816 84
person 0.028105414 524 592 542 658
person 0.028081061 611 55 621 67
person 0.028080173 822 71 834 82
person 0.028010184 805 -52 872 113
person 0.027948394 813 95 838 121
person 0.027944619 -4 404 9 429
person 0.02788983 1031 50 1044 73
person 0.027760498 254 170 280 199
person 0.027760055 714 -126 760 -18
person 0.027699018 715 168 744 200
person 0.027606223 0 -93 8 -30
person 0.027591346 11 417 60 524
person 0.027585015 525 94 552 121
person 0.027491016 842 -228 854 -221
person 0.027411731 430 100 441 112
person 0.02738219 1035 6 1041 33
person 0.027379474 781 70 798 86
person 0.02734111 90 -104 110 -56
person 0.027333463 0 102 9 151
person 0.027269242 862 -228 874 -221
person 0.027202291 544 271 610 349
person 0.027194439 156 -77 187 14
person 0.027181448 541 96 557 115
person 0.027180724 210 312 248 359
person 0.027159415 483 592 502 657
person 0.02714087 564 592 581 660
person 0.027099434 971 396 1025 518
person 0.027074903 661 125 679 147
person 0.027053528 186 82 226 144
person 0.027033005 822 -228 834 -221
person 0.027023513 1031 167 1044 193
person 0.026952486 1024 177 1043 211
person 0.026950043 43 -229 57 -222
person 0.026913391 427 108 443 126
person 0.026897024 999 -229 1012 -222
person 0.026749158 765 68 781 85
person 0.026746208 894 56 916 85
person 0.026720706 216 321 242 346
person 0.02670924 647 157 692 213
person 0.026667288 500 304 519 328
person 0.0266193 341 -30 392 86
person 0.026593614 528 53 551 82
person 0.02656905 642 177 672 210
person 0.026492681 1011 99 1042 169
person 0.026481442 36 407 58 469
person 0.0264777 820 69 837 84
person 0.026458256 668 72 684 92
person 0.026399488 668 145 685 168
person 0.026389414 1034 224 1040 256
person 0.026262537 896 711 926 799
person 0.026260775 953 260 979 302
person 0.026250795 644 -116 677 -30
person 0.026220517 102 -151 120 -101
person 0.026196135 312 412 334 433
person 0.026108509 478 23 500 57
person 0.026073031 468 81 478 93
person 0.025985535 480 179 504 205
person 0.02588551 854 95 879 122
person 0.025771493 557 153 575 177
person 0.025639907 488 -41 558 119
person 0.025628436 825 89 864 153
person 0.025623418 284 77 323 142
person 0.025607422 1031 32 1044 55
person 0.025564726 882 -228 894 -221
person 0.02556251 100 166 120 185
person 0.025542643 311 92 319 106
person 0.02552864 753 92 793 156
person 0.0254768 386 239 451 320
person 0.02547652 462 153 480 177
person 0.02544271 677 106 696 126
person 0.025381649 802 71 818 87
person 0.025372002 436 97 452 113
person 0.025277158 -4 424 8 450
person 0.025268966 104 482 121 509
person 0.02525979 713 256 758 315
person 0.025258098 19 251 32 305
person 0.02524827 490 100 500 112
person 0.025166463 88 -120 118 -37
person 0.025124634 823 -229 836 -207
person 0.025076803 0 573 7 665
person 0.025074903 56 500 78 527
person 0.025068836 639 33 647 45
person 0.025060548 83 440 99 466
person 0.025037205 540 79 551 90
person 0.025016187 623 130 641 153
person 0.024990434 905 168 945 226
person 0.024940532 609 27 623 45
person 0.02490677 687 695 710 758
person 0.024889661 427 149 444 172
person 0.024805604 843 -229 856 -207
person 0.024800593 175 509 196 530
person 0.024781296 802 -228 815 -221
person 0.024736676 803 -229 817 -208
person 0.024728037 55 690 74 756
person 0.024682878 768 167 796 198
person 0.024664247 197 88 221 117
person 0.024633387 299 403 328 427
person 0.024567451 211 365 233 384
person 0.024533052 954 185 969 208
person 0.024529694 0 162 6 191
person 0.02452722 811 168 838 199
person 0.02451677 361 88 401 151
person 0.024453603 806 -224 821 -175
person 0.024434308 983 149 999 172
person 0.024424955 44 322 62 347
person 0.02434264 117 255 154 302
person 0.024325728 487 57 512 86
person 0.024320314 863 -229 876 -207
person 0.024308387 327 132 354 161
person 0.024223026 647 695 670 758
person 0.024218222 866 94 883 111
person 0.024167594 0 -219 8 -144
person 0.024146972 847 696 870 757
person 0.0241415 767 70 778 81
person 0.024016378 -1 309 17 373
person 0.023959046 439 99 450 110
person 0.02393567 256 -117 288 -34
person 0.023915669 694 108 711 128
person 0.023914227 491 94 518 121
person 0.023890931 447 110 459 122
person 0.023855811 315 442 343 465
person 0.023854269 1030 523 1038 603
person 0.023805263 233 343 256 365
person 0.023796462 954 71 975 99
person 0.023795808 452 144 534 270
person 0.02378351 849 -224 865 -174
person 0.02368443 1035 543 1040 578
person 0.023676261 1029 59 1040 96
person 0.023653645 585 115 601 136
person 0.023578817 999 -229 1014 -213
person 0.023570657 720 78 736 95
person 0.023565475 604 14 613 28
person 0.023491673 636 31 650 48
person 0.023472711 725 160 769 217
person 0.023468077 -1 439 5 475
person 0.023382228 62 361 81 389
person 0.023277512 604 593 621 659
person 0.023275105 149 268 261 382
person 0.023209061 477 -122 508 -33
person 0.023151275 782 -229 796 -209
person 0.02314511 164 140 174 153
person 0.023100426 -5 653 13 776
person 0.023085328 883 -229 896 -207
person 0.023070432 617 65 634 84
person 0.023042236 884 547 898 576
person 0.023016099 286 133 312 161
person 0.023014914 576 194 597 215
person 0.023008412 241 133 267 160
person 0.022969425 435 127 451 146
person 0.022954462 202 93 212 107
person 0.02291425 843 69 859 84
person 0.022899453 1035 562 1040 598
person 0.022894891 360 520 383 548
person 0.022891333 734 112 750 132
person 0.02285273 214 171 240 198
person 0.022825208 917 248 977 329
person 0.022818383 318 389 340 411
person 0.022805877 947 -84 992 40
person 0.022754267 63 403 159 541
person 0.02271014 976 115 991 135
person 0.022581048 351 -17 386 67
person 0.02252991 809 269 853 330
person 0.02250812 779 313 867 462
person 0.02249172 243 386 265 404
person 0.022468785 811 720 842 808
person 0.022455053 608 694 630 758
person 0.022397604 822 90 839 107
person 0.022397274 639 51 649 64
person 0.022358542 767 -224 782 -174
person 0.022319105 902 -229 914 -221
person 0.022304839 194 302 216 327
person 0.02229023 844 740 866 808
person 0.022233423 917 106 933 126
person 0.02221674 905 73 921 88
person 0.022176605 845 71 856 81
person 0.022147626 703 75 720 93
person 0.022139516 331 499 366 547
person 0.022034144 230 -45 298 108
person 0.022021849 -4 165 10 187
person 0.021987205 231 373 270 417
person 0.02193937 258 254 292 302
person 0.021914762 558 206 579 227
person 0.02190935 571 -117 604 -30
person 0.021887248 911 90 922 100
person 0.021873279 647 250 683 298
person 0.02186012 967 695 986 745
person 0.02183842 604 69 621 89
person 0.02183626 568 694 589 758
person 0.021827858 884 740 906 808
person 0.021790907 545 170 566 196
person 0.02176081 309 113 325 132
person 0.021735175 781 -229 794 -221
person 0.021711912 841 89 857 106
person 0.02170798 546 183 567 206
person 0.021652278 538 76 554 93
person 0.02161785 636 50 651 68
person 0.021529878 981 -229 997 -213
person 0.021477625 623 12 638 29
person 0.02146079 911 346 984 519
person 0.021441052 804 739 826 808
person 0.021407867 575 -218 606 -144
person 0.021405965 806 55 817 67
person 0.021352414 434 150 451 173
person 0.021348888 735 -223 750 -172
person 0.02134882 406 96 422 112
person 0.02132594 12 290 42 349
person 0.02132213 762 -229 777 -210
person 0.021321263 102 -213 132 -137
person 0.02128377 974 484 1006 503
person 0.021234864 558 649 577 698
person 0.0212253 956 -122 984 -32
person 0.021206334 40 311 59 336
person 0.021173399 116 292 158 340
person 0.021147111 902 -229 916 -208
person 0.021122437 0 -138 8 -65
person 0.021097679 981 -229 994 -222
person 0.021039695 722 110 740 131
person 0.021018373 516 104 531 123
person 0.020996848 595 85 610 105
person 0.020986175 794 341 822 396
person 0.020962773 42 500 60 529
person 0.020957753 416 -219 446 -143
person 0.020954197 1002 325 1013 393
person 0.020929653 568 156 659 286
person 0.020918887 29 460 42 489
person 0.020918218 877 91 894 107
person 0.020903002 611 29 620 42
person 0.020877518 860 707 880 773
person 0.020859316 937 199 962 234
person 0.020815829 429 126 444 145
person 0.020798074 966 145 982 167
person 0.020774147 431 96 472 160
person 0.020770056 765 88 781 105
person 0.020666156 96 706 125 805
person 0.020584667 296 323 323 357
person 0.020574694 278 169 305 199
person 0.020565059 688 166 718 199
person 0.020520868 155 137 181 164
person 0.020441292 314 424 339 446
person 0.02038137 510 -12 545 71
person 0.02033121 364 170 392 201
person 0.020323789 241 371 261 390
person 0.020292982 -4 444 8 470
person 0.020276664 521 94 532 107
person 0.020262966 324 605 343 651
person 0.020261202 496 -218 525 -144
person 0.020230284 121 -153 141 -102
person 0.020207353 599 649 617 697
person 0.020181442 59 -152 78 -88
person 0.020158699 764 739 786 809
person 0.020157823 409 93 437 121
person 0.020150017 -1 -96 14 -26
person 0.020139918 1031 783 1037 826
person 0.020128826 966 491 1003 587
person 0.020108512 371 217 469 362
person 0.0201001 154 424 179 442
person 0.020095982 802 90 819 107
person 0.020057216 673 147 692 169
person 0.020054448 453 92 480 119
person 0.020031929 488 76 504 94
person 0.020025274 490 79 501 91
person 0.020019699 336 -219 365 -144
person 0.020012997 507 104 523 123
person 0.019989345 -17 90 46 217
person 0.019945 928 698 948 748
person 0.019919332 528 694 550 758
person 0.019916363 654 -216 684 -143
person 0.019898335 648 602 660 649
person 0.019856501 333 168 360 198
person 0.019854208 1031 -153 1040 -95
person 0.019798147 406 145 423 167
person 0.019779127 820 707 840 774
person 0.019772466 915 82 952 147
person 0.0197706 688 603 701 648
person 0.019770017 676 77 686 89
person 0.019756176 729 -218 759 -145
person 0.0197543 362 509 386 533
person 0.019692222 399 109 416 127
person 0.01969209 317 128 334 149
person 0.019673282 190 320 217 347
person 0.019606093 1035 383 1041 412
person 0.019544002 173 -218 203 -143
person 0.019529544 346 180 412 254
person 0.019519381 456 62 480 92
person 0.019515585 789 -126 836 -17
person 0.01944578 219 347 243 367
person 0.01942194 40 34 89 126
person 0.019388372 204 440 243 484
person 0.019384094 900 707 920 774
person 0.019352388 716 152 734 173
person 0.019347107 405 236 438 289
person 0.019334856 598 226 620 245
person 0.019328605 26 444 39 472
person 0.01929573 521 80 532 91
person 0.019294553 529 553 542 632
person 0.01926616 798 549 814 577
person 0.019248221 693 -221 708 -172
person 0.019192351 409 98 419 110
person 0.019180648 18 125 93 266
person 0.01917511 484 200 520 247
person 0.019166688 907 76 918 86
person 0.019146608 666 14 674 27
person 0.019115813 170 716 202 808
person 0.019098539 1012 275 1036 334
person 0.019095303 862 70 879 86
person 0.019088365 653 -222 667 -173
person 0.019077022 724 739 745 809
person 0.019043447 144 397 208 495
person 0.019016208 460 110 477 128
person 0.019002164 984 95 998 114
person 0.01899422 259 -217 289 -143
person 0.018935075 741 -229 756 -211
person 0.018930722 1034 36 1040 50
person 0.01892036 888 696 910 757
person 0.018916894 922 -229 936 -210
person 0.0188936 407 695 430 757
person 0.018838707 605 137 641 181
person 0.018824307 411 179 447 224
person 0.018817894 326 235 397 314
person 0.01878771 417 367 427 383
person 0.018781468 600 265 695 374
person 0.018773602 20 264 40 289
person 0.01877344 426 357 438 371
person 0.01875463 81 509 100 534
person 0.018667081 240 433 279 479
person 0.0186423 62 329 80 353
person 0.018635849 540 321 557 348
person 0.01860951 56 469 72 496
person 0.018579736 958 170 975 192
person 0.018568233 244 93 269 122
person 0.018564906 484 30 493 44
person 0.018551469 766 599 781 646
person 0.018537674 499 77 516 95
person 0.018493295 207 601 220 650
person 0.018442381 207 115 224 134
person 0.018439263 243 117 261 135
person 0.01843876 963 660 981 702
person 0.01843658 487 695 510 758
person 0.018419063 284 604 302 650
person 0.018399345 971 307 1010 386
person 0.018376252 921 -229 934 -222
person 0.018365134 781 91 794 103
person 0.0183502 1034 113 1041 127
person 0.018333869 415 165 432 190
person 0.01832927 719 651 737 697
person 0.01832148 1034 53 1040 68
person 0.018318169 787 56 798 69
person 0.018293543 684 739 705 809
person 0.018278785 762 -229 775 -222
person 0.018257342 563 91 580 111
person 0.018206757 612 -223 627 -174
person 0.018202066 288 477 325 525
person 0.018171372 0 700 12 782
person 0.018162632 1036 526 1041 557
person 0.018149853 92 674 119 779
person 0.018118806 620 67 631 80
person 0.01807735 962 -182 980 -135
person 0.018064283 -1 -176 12 -99
person 0.018060239 667 405 677 433
person 0.018043824 670 73 681 87
person 0.018039374 247 600 260 648
person 0.01802436 518 78 534 94
person 0.017988494 104 463 125 489
person 0.017984072 825 -18 859 71
person 0.01795309 804 13 814 27
person 0.0179159 0 360 5 395
person 0.017904704 411 56 437 87
person 0.017902113 644 739 665 809
person 0.017870143 1035 489 1041 516
person 0.017866451 382 138 398 156
person 0.017863883 514 321 534 349
person 0.017791543 924 740 946 809
person 0.017767029 980 709 1010 801
person 0.017766397 604 739 625 809
person 0.017766263 578 342 600 370
person 0.017764365 946 186 964 211
person 0.017747818 0 -201 5 -161
person 0.017715054 564 739 585 809
person 0.01770378 25 -102 50 -13
person 0.017686209 846 205 874 240
person 0.017672405 524 739 545 809
person 0.017670866 484 739 505 809
person 0.017670203 245 146 262 164
person 0.01766729 1034 93 1041 107
person 0.017658338 0 -221 5 -183
person 0.017642621 119 -46 149 8
person 0.01762567 444 739 465 809
person 0.01761018 824 13 833 27
person 0.017605305 338 49 356 67
person 0.0175596 977 464 1006 485
person 0.01754041 639 649 657 698
person 0.017518196 618 228 639 245
person 0.017500823 404 739 425 809
person 0.017379483 336 502 362 526
person 0.017376317 821 108 838 127
person 0.017323077 327 695 350 758
person 0.0173194 382 531 403 555
person 0.017317817 841 188 858 213
person 0.017282918 314 489 336 511
person 0.01727755 135 -224 150 -175
person 0.01727627 77 95 103 129
person 0.0172429 676 130 695 151
person 0.017234562 507 95 519 107
person 0.017223815 781 706 800 774
person 0.01719766 991 334 1017 393
person 0.017184913 722 -229 737 -211
person 0.017168676 566 58 598 103
person 0.017165225 364 739 385 809
person 0.0171618 558 341 576 370
person 0.017158026 882 75 898 90
person 0.017141517 200 348 224 367
person 0.017132362 497 500 514 528
person 0.017130114 637 212 658 233
person 0.017127337 429 109 440 121
person 0.01712399 359 135 376 153
person 0.017115645 1036 508 1041 537
person 0.017092021 447 695 470 758
person 0.017069302 785 14 794 27
person 0.017067902 -3 187 12 210
person 0.017062671 442 595 462 658
person 0.017050017 214 145 230 164
person 0.017043345 63 -4 130 136
person 0.017038735 127 51 152 83
person 0.017034391 588 59 603 76
person 0.017022884 570 -225 584 -176
person 0.017013263 57 500 112 601
person 0.017002363 367 96 395 123
person 0.01699955 841 112 858 131
person 0.016990239 484 108 501 127
person 0.01696871 162 157 230 234
person 0.016968336 1034 133 1041 147
person 0.016958857 253 411 276 433
person 0.016958794 0 458 5 495
person 0.016950505 164 739 185 809
person 0.01689282 639 11 653 28
person 0.0168721 240 48 263 79
person 0.016869325 1034 757 1040 800
person 0.016852347 324 739 345 809
person 0.016819261 0 777 8 823
person 0.01681625 290 421 320 446
person 0.01675533 213 385 242 406
person 0.01671964 256 395 278 415
person 0.016707946 843 127 860 150
person 0.01667406 741 319 801 401
person 0.016652105 1030 19 1039 66
person 0.016650887 333 468 356 488
person 0.01664703 1034 73 1041 87
person 0.016641067 666 92 682 111
person 0.01663598 814 379 870 476
person 0.016631331 481 151 499 175
person 0.016629897 236 126 253 145
person 0.016621595 367 695 390 757
person 0.016612673 131 -103 151 -54
person 0.016586263 486 561 501 635
person 0.0165717 841 171 858 195
person 0.016570108 900 -45 961 125
person 0.01656352 779 170 797 193
person 0.016548436 759 650 778 698
person 0.01654311 72 511 144 672
person 0.016523093 124 739 145 809
person 0.016511118 322 95 349 123
person 0.016507287 368 53 393 83
person 0.016501868 199 507 220 529
person 0.016496422 172 450 195 467
person 0.016488863 204 739 225 809
person 0.016455939 284 739 305 809
person 0.016453948 274 386 296 407
person 0.016435783 801 110 818 129
person 0.016426368 930 62 958 107
person 0.016421884 725 15 734 28
person 0.016416563 280 391 373 532
person 0.016405465 964 740 985 809
person 0.01639132 44 739 66 809
person 0.016380185 0 184 8 213
person 0.016363252 403 -229 418 -210
person 0.016359821 243 -229 258 -210
person 0.016357398 263 -229 278 -210
person 0.01635716 423 -229 438 -210
person 0.01635478 223 -229 238 -210
person 0.016354365 483 -229 498 -210
person 0.016350921 283 -229 298 -210
person 0.016350701 383 -229 398 -210
person 0.016349819 203 -229 218 -210
person 0.016348822 323 -229 338 -210
person 0.016347526 303 -229 318 -210
person 0.016346153 343 -229 358 -210
person 0.016345248 463 -229 478 -210
person 0.016339477 363 -229 378 -210
person 0.016337974 443 -229 458 -210
person 0.01633474 241 168 307 243
person 0.016333269 183 -229 198 -210
person 0.016332144 503 -229 518 -210
person 0.016327878 804 53 820 70
person 0.016313516 502 79 514 91
person 0.016285717 244 739 265 809
person 0.016282983 821 149 837 172
person 0.016255228 1012 0 1039 86
person 0.01625271 946 588 956 617
person 0.016225714 523 -229 538 -210
person 0.016218089 623 95 639 114
person 0.016209487 943 110 960 130
person 0.016209085 844 14 853 27
person 0.016201982 0 658 8 738
person 0.016196381 903 185 920 209
person 0.016192598 774 11 795 47
person 0.016178764 199 424 222 444
person 0.016174598 112 304 144 323
person 0.016155988 163 -229 178 -210
person 0.01614176 981 708 999 777
person 0.016129814 543 -229 558 -210
person 0.016120085 685 14 694 28
person 0.016105708 103 -219 115 -174
person 0.016090572 743 14 752 27
person 0.016063033 860 150 877 173
person 0.016061971 543 151 562 175
person 0.016033284 821 549 837 578
person 0.016021276 728 723 759 813
person 0.016014736 881 206 910 243
person 0.015996419 384 163 491 292
person 0.015984746 65 -218 76 -173
person 0.015968222 122 321 163 372
person 0.015957093 865 73 876 83
person 0.015940163 941 -229 956 -211
person 0.015932627 548 283 636 440
person 0.015925989 563 -229 578 -210
person 0.015911685 307 78 323 96
person 0.01589714 370 204 399 238
person 0.015860569 481 132 499 153
person 0.015860068 361 570 382 595
person 0.01584267 472 252 539 331
person 0.0158326 590 62 600 73
person 0.015799873 742 90 759 107
person 0.015796544 705 14 714 28
person 0.01576372 524 38 540 55
person 0.01572326 860 -73 882 -55
person 0.015720382 865 14 874 27
person 0.015719954 403 599 422 648
person 0.015714377 334 52 358 82
person 0.01566018 454 143 491 186
person 0.01565151 143 -229 158 -210
person 0.015638746 705 77 717 89
person 0.015635237 636 195 656 216
person 0.015631912 296 61 320 91
person 0.015631493 700 131 718 152
person 0.0156306 840 -73 862 -54
person 0.015625443 461 132 478 153
person 0.015621328 764 14 773 28
person 0.015619224 530 -225 544 -176
person 0.015609549 0 153 9 216
person 0.01560733 786 589 794 622
person 0.015606626 814 15 835 52
person 0.015594735 583 -229 598 -210
person 0.015585885 782 532 799 558
person 0.015584218 126 358 165 407
person 0.0155813135 1035 403 1041 432
person 0.0155651895 219 506 239 528
person 0.015564801 744 75 761 91
person 0.015563975 0 198 10 259
person 0.015553714 1034 365 1040 395
person 0.015533305 0 477 5 517
person 0.015517484 806 206 833 241
person 0.015495973 741 -229 754 -222
person 0.01548231 662 55 679 73
person 0.015473683 679 650 698 698
person 0.0154734785 861 110 878 130
person 0.0154587915 1032 705 1041 779
person 0.015456985 -3 143 10 170
person 0.015446662 802 128 819 150
person 0.015424761 916 546 932 578
person 0.015422452 373 515 393 537
person 0.015405903 723 597 743 657
person 0.015384002 587 86 597 99
person 0.015380086 907 -214 915 -180
person 0.015363978 820 403 848 456
person 0.015353905 839 364 860 393
person 0.015343433 640 69 657 88
person 0.015313377 499 152 518 175
person 0.015287104 722 292 817 447
person 0.015278092 408 722 439 812
person 0.015267809 518 649 537 698
person 0.0152646825 489 306 505 328
person 0.015261485 598 340 614 367
person 0.015250684 528 240 629 378
person 0.015239365 702 -229 717 -211
person 0.0152362315 996 406 1016 429
person 0.015214512 608 13 631 49
person 0.015195041 375 536 398 580
person 0.015188958 1025 682 1042 751
person 0.015179958 973 133 981 146
person 0.015145921 405 133 421 151
person 0.015080792 945 608 955 634
person 0.015057168 407 543 425 570
person 0.0150455395 249 -225 264 -177
person 0.0150441425 786 602 795 632
person 0.01504147 824 92 836 103
person 0.015027687 289 -225 304 -177
person 0.015023185 543 96 554 109
person 0.015010926 0 620 8 697
person 0.015009031 664 57 675 69
person 0.014994889 740 706 759 774
person 0.014986748 247 721 280 810
person 0.01498304 825 55 836 68
person 0.014959889 294 470 316 487
person 0.014950779 170 -225 184 -176
person 0.014945954 488 721 519 813
person 0.014938403 762 130 779 152
person 0.014930428 644 595 662 659
person 0.014928156 61 -84 80 -42
person 0.014925737 603 -229 618 -210
person 0.014912793 891 -198 904 -150
person 0.01491205 1031 7 1044 31
person 0.014910783 0 -182 5 -141
person 0.014906686 859 129 876 152
person 0.014901778 648 723 679 814
person 0.014895381 421 192 440 217
person 0.014885464 925 615 938 667
person 0.014874245 574 154 591 177
person 0.014868391 123 -229 138 -210
person 0.014862219 664 168 683 190
person 0.0148612205 -4 365 9 391
person 0.014857757 820 -74 842 -54
person 0.014851121 416 545 436 574
person 0.0148400385 85 739 105 810
person 0.014837161 601 12 616 29
person 0.014817288 340 707 357 732
person 0.014817233 320 707 337 732
person 0.014800858 -3 -231 13 -163
person 0.014800599 820 128 837 151
person 0.014783768 0 1 5 35
person 0.014769134 719 129 738 151
person 0.014765833 599 242 637 289
person 0.01476423 404 606 414 636
person 0.014763718 585 14 594 28
person 0.014749276 820 169 837 193
person 0.0147492485 841 149 858 173
person 0.014743546 957 309 978 323
person 0.014740505 361 109 379 127
person 0.014738152 401 111 413 122
person 0.014733666 300 707 317 732
person 0.014725485 1035 469 1041 496
person 0.01472191 605 404 616 435
person 0.014710053 538 104 554 123
person 0.014703641 360 707 377 732
person 0.014659227 1023 -229 1043 -170
person 0.01465643 958 223 974 247
person 0.014642849 941 -229 954 -222
person 0.014635399 209 -225 224 -177
person 0.014633597 280 707 297 732
person 0.014622918 766 604 775 633
person 0.014612133 58 353 84 407
person 0.0145955 869 96 880 107
person 0.0145858945 63 -229 78 -212
person 0.014570108 278 136 295 155
person 0.014560941 1002 347 1012 412
person 0.014538392 307 215 416 355
person 0.0145235015 363 147 380 168
person 0.014506722 317 120 327 132
person 0.014499088 985 607 995 631
person 0.014498197 441 -91 457 -66
person 0.014488394 380 707 397 732
person 0.0144769335 623 -229 638 -210
person 0.0144745195 880 -74 901 -54
person 0.014467774 799 652 818 700
person 0.014462104 76 494 92 518
person 0.014461337 260 707 277 732
person 0.01445361 762 111 779 131
person 0.014444932 235 331 257 352
person 0.014431321 490 -225 504 -176
person 0.0144251175 123 486 144 509
person 0.014415488 873 -127 918 -16
person 0.014398588 680 707 697 732
person 0.014397091 623 365 638 394
person 0.014396883 329 -225 344 -176
person 0.014387218 162 445 187 465
person 0.014370822 926 606 935 634
person 0.014334895 -2 97 17 154
person 0.014322792 249 98 263 115
person 0.014314703 322 469 346 488
person 0.014302598 700 707 717 732
person 0.014301113 461 -91 477 -66
person 0.014291772 961 -229 974 -222
person 0.014271084 722 80 734 91
person 0.014269032 977 488 1003 497
person 0.014266952 784 54 801 71
person 0.014263318 240 707 257 732
person 0.014259181 904 171 921 194
person 0.014246619 762 147 780 170
person 0.014235146 103 -229 118 -211
person 0.01420619 732 9 753 45
person 0.014198292 660 707 677 732
person 0.014191105 298 132 315 152
person 0.014164734 977 132 984 144
person 0.014137679 334 452 357 472
person 0.01411374 1024 645 1042 708
person 0.014100496 804 92 816 103
person 0.014099673 961 -229 976 -212
person 0.014075415 220 707 237 732
person 0.014057566 400 707 417 732
person 0.014050614 248 487 280 526
person 0.014043998 930 -190 945 -139
person 0.014043661 624 233 634 244
person 0.014042901 720 707 737 732
person 0.014018679 421 -91 437 -66
person 0.014007031 683 -229 698 -211
person 0.013993872 130 304 157 325
person 0.013993753 568 722 598 814
person 0.0139873605 839 544 856 575
person 0.013984329 384 114 402 132
person 0.013981383 1033 604 1040 638
person 0.013976473 656 364 673 390
person 0.01397039 640 9 663 46
person 0.013968853 200 707 217 732
person 0.013961138 878 107 895 126
person 0.013956275 240 407 266 426
person 0.013948054 54 451 69 477
person 0.013940665 850 15 870 52
person 0.013940161 668 106 680 124
person 0.013938791 0 319 6 352
person 0.01393746 860 169 877 193
person 0.013924558 1033 -196 1040 -160
person 0.013911723 1029 243 1043 270
person 0.013911042 676 55 693 72
person 0.013910716 348 66 363 85
person 0.013904275 898 17 911 57
person 0.013898111 340 171 357 194
person 0.013893981 843 91 855 102
person 0.01388683 640 707 657 732
person 0.013881352 38 392 53 418
person 0.013873247 -4 464 8 489
person 0.013861433 214 451 235 473
person 0.013853247 643 -229 658 -210
person 0.013852524 187 -34 255 121
person 0.01383429 806 346 834 402
person 0.013809807 823 34 839 50
person 0.0137862265 995 504 1054 686
person 0.013775158 807 586 816 622
person 0.013774827 61 -106 74 -60
person 0.013762485 213 136 221 149
person 0.013762091 821 185 839 210
person 0.013753462 178 524 200 545
person 0.013753292 180 707 197 732
person 0.013751792 599 130 617 153
person 0.013734877 126 599 139 655
person 0.013734205 722 -229 735 -222
person 0.013722933 343 133 359 152
person 0.013721558 685 202 715 237
person 0.013714849 623 108 641 130
person 0.0137042105 369 -225 384 -176
person 0.013679829 90 693 111 758
person 0.013668665 663 -229 678 -211
person 0.01366024 777 129 795 150
person 0.013625469 450 -225 464 -176
person 0.013607126 95 -93 159 63
person 0.013590183 700 706 719 775
person 0.013575156 858 367 874 395
person 0.013548824 95 190 118 208
person 0.013543013 728 203 757 237
person 0.013538942 452 222 555 373
person 0.013527298 446 77 463 94
person 0.013518591 247 695 270 759
person 0.013510187 -3 -216 8 -188
person 0.013508866 436 192 455 215
person 0.013500912 956 211 973 235
person 0.013492784 420 707 437 732
person 0.0134836985 215 132 227 149
person 0.013477859 620 707 637 732
person 0.013476249 -5 323 10 348
person 0.013471869 677 170 697 191
person 0.013471095 659 189 679 211
person 0.013454034 514 175 534 196
person 0.013441154 644 366 660 393
person 0.013439535 808 -215 816 -181
person 0.01342559 526 46 542 65
person 0.013418314 740 707 757 732
person 0.013417286 370 324 393 358
person 0.013415467 173 170 199 198
person 0.013412862 409 -225 423 -176
person 0.0133991195 192 409 231 448
person 0.013397456 319 649 338 695
person 0.013395066 116 462 141 487
person 0.013369946 294 420 358 501
person 0.013361672 921 -4 952 86
person 0.01335418 778 187 795 211
person 0.013347522 552 258 589 306
person 0.013346178 926 661 945 706
person 0.013340447 93 426 111 449
person 0.013327893 142 -97 204 55
person 0.013327868 497 37 514 54
person 0.013316373 788 -215 797 -181
person 0.013303342 691 8 712 43
person 0.013299982 962 611 978 667
person 0.013289754 1026 714 1041 791
person 0.013278385 160 707 177 732
person 0.013265783 935 550 949 578
person 0.013261797 826 36 835 49
person 0.01320069 160 -151 178 -104
person 0.013188664 0 501 13 586
person 0.0131827025 941 708 960 776
person 0.013182305 197 294 215 318
person 0.013175595 195 487 215 506
person 0.013169694 168 -100 189 -52
person 0.013164911 600 707 617 732
person 0.013159776 801 148 818 171
person 0.013152619 287 695 310 758
person 0.013150888 679 57 690 69
person 0.013150107 767 89 778 100
person 0.013147544 280 363 301 385
person 0.013140433 440 706 457 732
person 0.013133521 568 557 580 634
person 0.013133156 941 76 971 122
person 0.013132075 327 722 360 813
person 0.013123204 1034 571 1039 587
person 0.013108195 898 676 927 772
person 0.013092331 380 164 397 187
person 0.013080353 437 168 455 192
person 0.013064389 701 152 720 174
person 0.013052842 354 503 386 552
person 0.013037033 710 171 749 216
person 0.013019737 401 589 411 617
person 0.013016159 41 26 63 63
person 0.0130037535 1034 552 1040 566
person 0.012994882 176 450 192 461
person 0.01299372 0 -162 5 -121
person 0.012980072 201 364 228 386
person 0.01297601 520 706 537 732
person 0.01297082 500 706 517 732
person 0.012966694 599 -92 617 -68
person 0.012961512 580 706 597 732
person 0.012961409 912 503 931 530
person 0.012952896 803 602 821 652
person 0.012944907 540 706 557 732
person 0.012942018 168 92 194 121
person 0.012938694 560 706 577 732
person 0.012935831 568 380 577 408
person 0.012933396 861 187 878 211
person 0.012932939 480 706 497 732
person 0.012919615 460 706 477 732
person 0.012906846 619 -92 637 -68
person 0.012896839 934 176 968 223
person 0.012890829 520 7 537 25
person 0.012887365 904 605 914 635
person 0.012881149 1034 583 1040 619
person 0.012871197 966 609 976 632
person 0.012868756 124 159 140 175
person 0.012867182 1033 -157 1040 -119
person 0.01285966 138 398 175 445
person 0.012851975 884 604 894 635
person 0.012845939 816 -229 847 -158
person 0.012843976 481 -91 497 -66
person 0.012825639 523 503 538 531
person 0.012820266 779 149 797 172
person 0.0128140645 660 706 679 775
person 0.012800011 970 116 980 129
person 0.012794095 954 305 980 328
person 0.012783651 259 154 276 173
person 0.012782893 823 53 839 70
person 0.012772445 114 324 151 345
person 0.01277102 267 136 284 155
person 0.012765148 317 172 333 194
person 0.012757092 1033 -177 1040 -140
person 0.012754089 401 -91 417 -66
person 0.012753027 922 149 940 171
person 0.012740342 946 54 962 73
person 0.012739977 883 13 892 27
person 0.012712873 0 140 6 172
person 0.012701494 968 504 1009 522
person 0.012687263 478 650 497 698
person 0.012683358 940 564 948 596
person 0.0126800975 557 325 573 352
person 0.012658667 626 407 636 437
person 0.012645323 802 359 821 388
person 0.012618299 960 -221 981 -165
person 0.01260745 760 706 777 732
person 0.012603379 677 367 697 393
person 0.012600186 637 171 656 192
person 0.012579344 1004 469 1015 551
person 0.012577935 691 245 724 296
person 0.012576053 882 -144 894 -105
person 0.01256915 984 74 998 92
person 0.012565984 579 -92 597 -67
person 0.012553655 738 132 756 153
person 0.01253954 462 112 474 123
person 0.012538743 684 -195 701 -144
person 0.012534694 177 48 201 79
person 0.012527118 449 475 464 500
person 0.012489688 334 651 379 744
person 0.012488741 881 129 898 151
person 0.012485019 901 110 919 129
person 0.012479753 59 61 75 101
person 0.012467764 210 47 235 79
person 0.012466085 468 468 482 496
person 0.012464834 -3 -195 8 -168
person 0.012443926 106 594 117 663
person 0.01244201 884 77 895 88
person 0.012436112 763 166 782 189
person 0.012433436 1033 390 1041 403
person 0.012429279 717 169 737 191
person 0.012424633 52 59 131 202
person 0.012423814 184 489 200 502
person 0.012420462 -4 308 12 334
person 0.012391672 0 637 5 678
person 0.012381084 104 -194 116 -142
person 0.0123534715 408 302 438 352
person 0.012344341 647 403 657 432
person 0.012341638 75 187 102 206
person 0.012341615 363 192 380 216
person 0.01233211 843 -145 856 -108
person 0.012331378 799 170 816 193
person 0.012330326 814 81 870 171
person 0.0123170065 605 168 626 191
person 0.012313427 947 174 978 221
person 0.012304859 878 149 895 172
person 0.012301725 278 169 295 191
person 0.012295782 620 706 639 775
person 0.01228461 1033 623 1040 658
person 0.012283748 293 483 323 505
person 0.0122830365 805 602 814 633
person 0.012281232 583 403 594 432
person 0.012270339 800 -76 822 -53
person 0.012259745 746 77 758 88
person 0.012257135 996 385 1017 406
person 0.012257054 83 -229 98 -211
person 0.012253873 804 36 814 49
person 0.012251565 522 267 548 302
person 0.012250516 816 663 855 772
person 0.012248755 207 695 230 758
person 0.0122462 573 9 596 44
person 0.012244765 702 -229 715 -222
person 0.0122401565 802 34 818 51
person 0.0122268805 1034 496 1041 507
person 0.012220082 597 111 615 131
person 0.012218084 341 149 357 170
person 0.012213971 684 596 703 659
person 0.012210502 600 143 620 167
person 0.012188683 0 598 5 637
person 0.012182479 642 70 654 83
person 0.012149425 169 667 210 773
person 0.012127229 490 495 549 676
person 0.012109515 800 188 817 212
person 0.012105044 924 13 933 27
person 0.012099446 538 207 558 227
person 0.012078858 642 -111 657 -86
person 0.012077698 605 291 696 437
person 0.012067836 58 706 76 776
person 0.012064284 0 -12 5 22
person 0.012057334 601 370 610 401
person 0.01205537 580 706 599 775
person 0.012054949 199 525 221 547
person 0.012046014 917 521 934 549
person 0.012043341 768 57 778 69
person 0.012041742 140 706 157 732
person 0.012027098 0 617 5 657
person 0.012020232 864 547 879 576
person 0.012014883 887 -215 895 -180
person 0.012007457 121 151 147 179
person 0.012002945 278 149 295 169
person 0.0120015135 355 496 375 517
person 0.011998879 563 14 572 27
person 0.011989957 250 648 297 744
person 0.011986704 900 131 917 152
person 0.011981667 842 34 858 51
person 0.011976837 161 147 170 161
person 0.011967062 359 550 380 574
person 0.011960822 540 706 559 775
person 0.011952396 156 416 172 425
person 0.011946625 363 599 383 648
person 0.01192766 65 649 77 705
person 0.01192589 -4 484 8 510
person 0.011912619 993 422 1017 447
person 0.011910841 183 325 206 348
person 0.011896898 919 170 937 192
person 0.011891999 294 505 324 528
person 0.011888582 0 657 5 697
person 0.011870643 901 151 918 174
person 0.011868383 359 649 379 695
person 0.011857366 904 14 913 28
person 0.011851579 816 361 836 390
person 0.011850373 1033 -137 1040 -100
person 0.011845433 256 113 273 132
person 0.011841359 471 450 484 478
person 0.011836277 1032 -118 1040 -53
person 0.011830328 0 -37 4 1
person 0.011828528 27 14 101 143
person 0.01181836 506 56 523 74
person 0.011809158 122 165 150 197
person 0.0117983 682 12 697 29
person 0.011789293 781 706 797 732
person 0.011786288 662 -111 677 -86
person 0.011760052 128 324 160 342
person 0.011750142 1034 12 1040 26
person 0.011747081 341 184 359 207
person 0.011744645 202 454 224 471
person 0.011732586 898 228 992 371
person 0.011732359 990 401 1016 458
person 0.011732027 260 170 277 191
person 0.011725671 0 -142 5 -102
person 0.0117228255 372 282 465 428
person 0.011704471 561 106 578 126
person 0.011700671 298 342 318 367
person 0.011699238 620 380 630 411
person 0.011690166 313 502 340 524
person 0.011688713 566 406 576 436
person 0.011687174 929 17 943 56
person 0.011684147 874 681 941 825
person 0.011672198 167 695 190 758
person 0.011659285 425 506 445 533
person 0.011651556 577 227 597 245
person 0.011638582 0 756 5 801
person 0.011629387 158 283 196 331
person 0.0116186105 664 426 674 455
person 0.011610527 337 521 365 550
person 0.011607807 445 485 464 513
person 0.011595717 879 92 891 103
person 0.011593296 215 314 234 337
person 0.011584998 327 156 431 291
person 0.011584962 117 213 154 260
person 0.011584736 399 650 418 697
person 0.011579431 59 428 75 453
person 0.011578552 500 707 519 775
person 0.011558923 560 -92 577 -67
person 0.011558101 425 606 434 634
person 0.011549072 768 591 777 621
person 0.011547951 49 262 76 297
person 0.0115156155 769 205 797 239
person 0.011507101 209 117 220 131
person 0.011501853 948 57 959 70
person 0.011496379 0 25 4 58
person 0.011494937 158 428 176 437
person 0.011489743 311 324 337 357
person 0.011488708 940 572 947 590
person 0.011473875 311 375 348 422
person 0.011473533 831 408 858 463
person 0.011471717 1035 423 1041 452
person 0.011466807 702 12 717 28
person 0.011460756 384 601 395 633
person 0.011454733 639 89 655 107
person 0.011453415 218 402 245 424
person 0.011451009 86 694 130 824
person 0.011448342 1027 613 1042 659
person 0.011448132 44 720 60 748
person 0.011444942 381 -91 397 -66
person 0.011442471 299 81 331 126
person 0.011438994 67 384 85 410
person 0.011435731 0 578 5 617
person 0.011409946 663 11 678 28
person 0.011382156 501 -91 517 -66
person 0.011380304 581 231 594 242
person 0.011370701 882 562 892 600
person 0.011353277 902 549 916 578
person 0.0113444105 1030 387 1045 408
person 0.011342694 276 455 299 473
person 0.011329579 657 651 696 751
person 0.011325676 63 -229 76 -222
person 0.011322553 217 118 234 136
person 0.011318535 622 -111 637 -86
person 0.011316224 482 449 497 479
person 0.011299576 600 377 609 394
person 0.011296832 143 141 247 282
person 0.011293946 917 185 935 207
person 0.0112880105 17 281 40 308
person 0.011285589 639 -93 657 -68
person 0.011280945 523 8 533 22
person 0.011274922 722 12 737 29
person 0.011272142 826 588 834 622
person 0.011261332 434 204 452 227
person 0.011258219 1034 534 1041 545
person 0.011247138 1033 643 1040 678
person 0.011242876 573 165 593 189
person 0.011236335 737 192 755 214
person 0.011234662 1030 513 1046 532
person 0.011231892 902 329 918 354
person 0.011227985 833 421 859 447
person 0.0112201525 160 507 183 527
person 0.011217656 131 469 223 603
person 0.011215984 940 547 947 582
person 0.0112120295 251 424 279 446
person 0.01120154 341 50 352 64
person 0.011188471 239 650 258 697
person 0.011183862 431 129 441 140
person 0.011175291 274 486 303 506
person 0.011167721 971 18 984 55
person 0.0111640515 724 -196 742 -143
person 0.011163436 828 -216 836 -181
person 0.011156343 71 376 97 429
person 0.011153434 0 340 7 376
person 0.011152619 -4 5 8 31
person 0.011146648 65 -190 76 -136
person 0.011145942 882 667 896 694
person 0.011138245 940 131 957 151
person 0.011137374 160 259 197 309
person 0.011131337 635 63 720 206
person 0.011129032 682 86 717 129
person 0.01112366 900 -76 920 -53
person 0.011117855 413 134 450 177
person 0.011114081 943 172 960 193
person 0.011110083 80 112 92 125
person 0.011108842 179 510 193 523
person 0.011097748 1034 476 1041 488
person 0.011093615 842 209 878 256
person 0.011088881 912 -223 943 -152
person 0.011087052 126 93 152 124
person 0.011074792 413 364 430 387
person 0.011067274 460 707 479 775
person 0.011064749 447 15 468 51
person 0.011061295 90 205 114 223
person 0.011060727 767 597 776 613
person 0.011054814 688 234 783 373
person 0.011051732 785 595 793 612
person 0.011050285 516 312 533 336
person 0.011038888 985 595 992 610
person 0.011036176 1035 739 1041 780
person 0.011030074 81 432 143 529
person 0.011028747 697 50 714 68
person 0.011027603 43 426 53 440
person 0.0110194 499 323 521 352
person 0.011018335 149 677 219 829
person 0.01101754 762 688 776 714
person 0.0110167395 682 -111 697 -86
person 0.011014595 986 98 995 110
person 0.011010652 682 -229 696 -222
person 0.010992234 766 55 782 71
person 0.010982689 598 88 608 100
person 0.010970814 528 48 538 62
person 0.01096119 56 -40 77 0
person 0.010959272 801 705 817 732
person 0.010954714 961 -141 978 -95
person 0.010954503 403 168 420 192
person 0.01095129 562 131 580 155
person 0.010949937 221 492 242 510
person 0.010946978 1003 94 1018 115
person 0.0109455325 0 303 7 337
person 0.010943798 253 346 271 368
person 0.010941146 0 677 5 717
person 0.010932748 768 -215 777 -181
person 0.010930615 992 465 1015 486
person 0.010926944 880 188 898 211
person 0.010922935 439 51 457 71
person 0.0109220855 967 34 981 52
person 0.010917156 218 527 239 550
person 0.010916688 213 209 241 238
person 0.010915479 362 170 379 193
person 0.010901613 864 604 874 635
person 0.01089022 1033 241 1040 272
person 0.010887831 380 408 404 441
person 0.010886665 125 604 137 634
person 0.010882908 406 370 430 407
person 0.0108736055 927 -214 935 -180
person 0.010873298 482 -229 496 -222
person 0.010869248 402 -229 416 -222
person 0.010866485 50 446 57 460
person 0.010866398 422 -229 436 -222
person 0.01086405 462 -229 476 -222
person 0.010862611 502 -229 516 -222
person 0.010862482 52 129 78 161
person 0.010862405 242 -229 256 -222
person 0.010861935 262 -229 276 -222
person 0.010861458 382 -229 396 -222
person 0.010859629 1034 150 1041 164
person 0.0108594345 222 -229 236 -222
person 0.010857964 97 445 118 470
person 0.010857929 282 -229 296 -222
person 0.010857602 442 -229 456 -222
person 0.010856802 322 -229 336 -222
person 0.010856203 202 -229 216 -222
person 0.010856055 302 -229 316 -222
person 0.010855261 342 -229 356 -222
person 0.01085327 362 -229 376 -222
person 0.01085265 182 -229 196 -222
person 0.010836359 387 116 398 127
person 0.010833982 0 697 5 737
person 0.010810888 522 -229 536 -222
person 0.010810782 100 458 127 517
person 0.0108099505 1033 -97 1040 -60
person 0.01080813 279 649 298 696
person 0.01080443 845 36 854 49
person 0.010800858 399 573 416 598
person 0.0108002415 528 137 565 180
person 0.010787386 645 -197 662 -146
person 0.010782406 45 317 60 363
person 0.010775023 888 587 897 619
person 0.0107680885 1034 516 1041 527
person 0.010757329 162 -229 176 -222
person 0.010754321 542 -229 556 -222
person 0.010747165 540 -92 557 -67
person 0.010739676 619 136 717 272
person 0.010739407 617 294 647 345
person 0.010738145 322 150 339 172
person 0.010737396 907 587 916 618
person 0.01073687 583 12 597 29
person 0.010729628 303 171 319 192
person 0.010723947 1035 446 1041 474
person 0.0107213715 999 109 1014 130
person 0.010719011 184 98 202 116
person 0.0107150925 145 604 157 633
person 0.010705827 703 -145 776 -4
person 0.010705448 77 111 96 128
person 0.010701478 311 115 322 128
person 0.010701403 447 243 473 280
person 0.010698935 0 -81 5 -42
person 0.010694337 496 295 515 317
person 0.010693788 746 -213 758 -181
person 0.010688371 1033 -117 1040 -80
person 0.010683663 260 490 277 503
person 0.01067463 567 379 575 395
person 0.010674217 520 -92 537 -66
person 0.010665081 128 694 149 758
person 0.010652661 902 35 918 52
person 0.010651315 224 149 326 287
person 0.01064714 964 13 973 28
person 0.010639694 562 -229 576 -222
person 0.010637862 320 94 337 113
person 0.010636963 879 169 897 192
person 0.010625343 420 707 439 775
person 0.0106184725 802 210 837 257
person 0.010613103 621 386 628 406
person 0.010609569 507 370 516 392
person 0.010606866 151 413 176 429
person 0.01060421 665 397 673 416
person 0.010601784 98 511 117 536
person 0.010596643 862 668 876 694
person 0.010587939 97 -85 117 -43
person 0.010582774 -1 -45 7 8
person 0.010582724 282 290 387 431
person 0.010580443 0 -60 5 -21
person 0.010578721 442 688 456 714
person 0.010570688 259 51 339 199
person 0.010570454 562 688 576 714
person 0.010568574 782 688 797 713
person 0.01056646 254 506 275 526
person 0.01056489 582 688 596 714
person 0.010564605 542 688 556 714
person 0.010561431 423 352 441 375
person 0.01055486 520 128 538 150
person 0.010553301 44 701 58 730
person 0.010544418 482 688 496 714
person 0.010542338 422 688 436 714
person 0.010540677 502 688 516 714
person 0.010540284 522 688 536 714
person 0.010539867 346 568 366 612
person 0.01053751 165 449 183 460
person 0.010537018 18 248 36 269
person 0.010536521 462 688 476 714
person 0.010534915 498 206 519 224
person 0.010528246 637 307 657 335
person 0.010524169 602 688 616 714
person 0.010524164 662 -229 676 -222
person 0.010523871 382 569 401 595
person 0.010512025 726 -213 738 -181
person 0.01050849 935 252 967 304
person 0.010504865 -5 29 8 54
person 0.010502407 1030 493 1046 511
person 0.010502051 343 116 359 134
person 0.010500337 922 35 938 52
person 0.010492012 801 11 817 28
person 0.010491209 477 206 499 224
person 0.010490818 142 -229 156 -222
person 0.010488967 361 -91 377 -66
person 0.010487785 1030 407 1045 428
person 0.0104855085 449 79 459 92
person 0.010477492 745 604 755 632
person 0.010451254 582 -229 596 -222
person 0.010449966 202 688 217 715
person 0.010449089 48 487 58 499
person 0.010443135 1034 -77 1040 -40
person 0.010442986 742 688 757 714
person 0.010440612 565 91 577 105
person 0.0104340715 402 688 417 714
person 0.01043322 843 55 859 72
person 0.010433161 79 412 104 467
person 0.010432122 38 410 48 423
person 0.010431763 0 -122 5 -82
person 0.010420649 183 688 197 715
person 0.010412539 300 149 316 170
person 0.010409758 824 603 834 633
person 0.010407268 441 -52 467 7
person 0.010401818 21 762 36 793
person 0.010397122 868 -216 875 -181
person 0.0103959255 784 108 794 118
person 0.010395822 201 247 231 280
person 0.0103856865 842 668 856 694
person 0.010385285 180 707 199 775
person 0.010378035 226 465 322 608
person 0.010375625 622 688 637 714
person 0.010369713 222 688 237 715
person 0.010369669 862 35 878 52
person 0.010369487 220 543 238 570
person 0.010363613 1025 -156 1042 -90
person 0.010363061 526 40 536 53
person 0.0103590265 681 187 701 209
person 0.010357799 683 170 722 215
person 0.010346294 927 587 936 617
person 0.010340999 1009 -219 1052 -118
person 0.010335651 782 11 797 28
person 0.010331414 740 12 755 28
person 0.010327632 509 107 519 119
person 0.010322744 778 -90 798 -73
person 0.010318288 545 521 561 548
person 0.010316272 -3 703 9 730
person 0.010313083 0 557 5 598
person 0.0103051 128 -196 140 -148
person 0.010303971 242 688 257 715
person 0.010301799 848 -216 856 -181
person 0.0102837 274 214 302 246
person 0.010277013 163 688 177 715
person 0.010274361 622 -229 636 -222
person 0.010272669 969 37 977 51
person 0.01026104 382 688 397 714
person 0.010259713 967 703 1014 819
person 0.010253561 642 -229 656 -222
person 0.0102402475 332 63 419 206
person 0.0102384295 377 575 400 625
person 0.010237136 602 -229 616 -222
person 0.010236773 639 111 656 129
person 0.010232508 262 688 277 715
person 0.010225084 566 76 654 219
person 0.0102239875 200 -150 218 -103
person 0.010221184 45 341 63 369
person 0.010219945 234 505 318 664
person 0.010215244 728 61 813 207
person 0.010208664 0 -102 5 -62
person 0.010198579 191 381 222 405
person 0.010195519 560 12 576 29
person 0.010185034 498 131 515 153
person 0.010173508 145 505 228 667
person 0.010172274 539 132 557 154
person 0.010171137 180 486 204 505
person 0.0101678725 605 44 637 89
person 0.010166366 -4 211 13 233
person 0.0101660015 426 78 443 95
person 0.010165589 956 264 978 287
person 0.01014993 642 688 657 714
person 0.010148526 282 688 297 715
person 0.010148114 707 139 744 182
person 0.010145858 486 109 498 121
person 0.010144748 722 688 737 714
person 0.010138696 878 442 896 467
person 0.0101283565 941 153 958 174
person 0.010124006 122 647 141 698
person 0.01011985 602 -110 617 -85
person 0.010115943 466 53 550 199
person 0.010114425 821 705 837 732
person 0.010112836 501 38 510 52
person 0.010112343 81 4 106 43
person 0.010095389 143 507 164 526
person 0.010095132 579 376 594 396
person 0.010087514 515 520 532 550
person 0.0100714 783 34 799 51
person 0.010061711 15 324 32 353
person 0.01006013 198 650 218 697
person 0.01005581 846 57 856 70
person 0.010053888 303 688 317 715
person 0.010052222 474 290 491 311
person 0.01003198 380 707 399 775
person 0.010028353 276 464 300 483
person 0.010020991 220 707 239 775
person 0.010020182 235 423 267 446
person 0.010016521 122 -229 136 -222
person 0.01001611 1034 721 1041 758
person 0.010014616 259 543 279 570
person 0.010006529 362 688 377 715
