person 0.7447882 766 83 780 102
person 0.7292934 421 127 440 154
person 0.71893954 798 83 812 104
person 0.7104668 632 51 645 67
person 0.70072705 479 127 500 155
person 0.6997458 667 135 688 163
person 0.690164 793 124 812 151
person 0.68995583 333 129 353 154
person 0.6798828 256 119 270 137
person 0.6797357 574 150 598 179
person 0.677032 560 74 575 93
person 0.6759298 695 74 710 93
person 0.6672948 609 62 623 80
person 0.665233 572 114 593 140
person 0.664725 777 57 788 73
person 0.65432894 239 127 252 147
person 0.64838743 470 65 483 83
person 0.64457506 449 90 464 111
person 0.643162 522 89 537 108
person 0.6369885 491 72 505 91
person 0.6257133 757 57 768 73
person 0.6237219 216 131 230 150
person 0.6237095 512 145 540 182
person 0.6235206 585 65 599 83
person 0.6226265 673 54 685 68
person 0.62048 648 97 668 121
person 0.6133229 292 122 307 142
person 0.61076397 560 43 573 58
person 0.6028052 800 70 812 85
person 0.6005402 727 81 742 101
person 0.5968524 754 101 769 122
person 0.59475327 638 76 653 95
person 0.59111464 705 102 724 127
person 0.5908901 690 56 704 71
person 0.5896665 654 43 665 57
person 0.588536 719 60 732 76
person 0.58351743 316 95 330 113
person 0.5814639 382 97 396 116
person 0.5810167 443 69 455 85
person 0.5777045 701 54 712 68
person 0.5751707 586 44 598 59
person 0.569599 431 76 443 93
person 0.56304944 607 97 623 117
person 0.55753994 654 69 668 85
person 0.55553967 346 78 358 93
person 0.5524607 530 43 542 58
person 0.5467536 746 69 759 86
person 0.5445043 538 61 552 78
person 0.5394983 332 96 346 114
person 0.5340929 518 113 540 138
person 0.53278786 606 136 629 163
person 0.53259706 361 97 375 115
person 0.5006387 47 188 78 227
person 0.50050014 484 48 496 63
person 0.499593 482 107 498 127
person 0.49502048 400 69 412 84
person 0.4615894 412 101 427 121
person 0.45464846 503 53 515 67
person 0.452253 772 72 784 90
person 0.44813517 602 77 617 97
person 0.43618923 77 153 99 177
person 0.43170393 420 89 434 107
person 0.42029235 389 77 402 94
person 0.41826132 522 60 535 76
person 0.41284043 646 56 660 73
person 0.39883575 651 47 664 61
person 0.3965286 819 115 838 140
person 0.385325 492 66 506 84
person 0.33791846 569 96 585 115
person 0.3157712 406 81 420 99
person 0.3134124 631 75 647 94
person 0.30646145 300 107 315 124
person 0.29794103 501 63 514 80
person 0.29736972 456 58 469 73
person 0.28686917 395 69 408 84
person 0.279906 439 74 454 92
person 0.27485746 418 58 430 72
person 0.27408963 262 104 275 119
person 0.26273432 682 57 695 74
person 0.253766 712 83 727 101
person 0.24542372 309 102 325 120
person 0.23477076 554 61 570 78
person 0.22849548 38 181 86 236
person 0.21678762 532 44 540 55
person 0.2156184 272 131 289 151
person 0.20597519 656 45 663 54
person 0.20443612 535 48 550 62
person 0.19887087 629 68 645 85
person 0.19850208 296 121 317 145
person 0.19496411 351 78 360 92
person 0.19355755 779 59 786 69
person 0.19274966 415 106 431 125
person 0.19258854 469 72 482 90
person 0.1914679 487 49 495 59
person 0.1872682 186 184 209 208
person 0.18646623 675 55 683 65
person 0.1819371 703 55 710 65
person 0.17671397 717 59 735 82
person 0.17413674 379 85 393 101
person 0.16864425 484 50 492 61
person 0.16448736 455 54 468 68
person 0.16362509 396 70 406 80
person 0.16223507 334 137 357 163
person 0.1608579 824 122 843 143
person 0.15968561 365 114 381 133
person 0.1595636 326 116 342 134
person 0.15930383 532 37 544 50
person 0.15731527 687 53 705 75
person 0.15686572 751 63 769 85
person 0.15663762 441 66 459 88
person 0.15254523 332 116 348 135
person 0.15039715 727 88 742 108
person 0.14668624 574 80 591 98
person 0.1462034 562 44 571 54
person 0.14577869 420 138 442 163
person 0.14435479 802 72 810 82
person 0.14133672 486 94 502 113
person 0.1390074 421 60 428 69
person 0.13688032 212 134 224 151
person 0.1363133 653 48 662 57
person 0.13581772 586 44 594 54
person 0.13277724 372 111 395 136
person 0.13260141 813 102 827 120
person 0.13184257 455 111 476 135
person 0.13151863 818 123 833 142
person 0.13074742 276 112 292 129
person 0.1304624 759 59 766 70
person 0.1209866 517 37 526 49
person 0.12092567 534 39 542 48
person 0.119208544 347 80 356 89
person 0.118700475 591 96 609 116
person 0.11864613 541 79 557 97
person 0.11663482 414 50 426 65
person 0.11123552 544 143 569 170
person 0.11073205 269 140 292 165
person 0.110098645 569 141 606 185
person 0.109490536 358 115 375 134
person 0.108930215 521 57 541 80
person 0.10623571 512 116 530 135
person 0.105820194 872 183 880 225
person 0.10528454 693 59 701 68
person 0.10453538 391 78 400 89
person 0.10255927 458 60 466 69
person 0.102414794 556 107 580 134
person 0.10204602 456 79 472 97
person 0.10143653 872 516 880 568
person 0.10012017 773 63 791 87
person 0.09962567 80 152 95 170
person 0.09847647 611 52 625 67
person 0.095454484 166 -54 194 6
person 0.09500116 652 105 669 125
person 0.09291102 721 61 729 72
person 0.09261494 561 95 578 115
person 0.092613496 66 239 126 297
person 0.092583686 524 60 533 72
person 0.09245821 286 116 313 151
person 0.092063695 704 54 717 67
person 0.091852374 399 64 418 86
person 0.0916521 56 189 82 217
person 0.09019022 416 52 423 62
person 0.08601285 624 96 640 115
person 0.08570637 525 90 534 106
person 0.082663186 823 102 835 120
person 0.08246329 794 111 811 131
person 0.08219087 601 90 628 124
person 0.08197329 800 382 853 519
person 0.081141934 541 61 550 72
person 0.081112854 240 141 262 165
person 0.080772124 479 98 494 118
person 0.08012998 264 106 272 116
person 0.08008764 0 201 8 252
person 0.080038436 306 143 329 167
person 0.07916027 439 113 455 133
person 0.07810163 675 78 690 95
person 0.07696924 435 140 459 166
person 0.07633311 503 57 513 75
person 0.076068446 406 76 419 94
person 0.07583677 433 77 441 88
person 0.07486771 -1 204 17 253
person 0.07462119 779 98 794 118
person 0.074546196 390 65 409 88
person 0.07426224 475 132 504 168
person 0.07392534 875 77 880 99
person 0.07360401 543 176 568 204
person 0.07355519 450 92 458 109
person 0.07325225 346 182 372 210
person 0.07262677 815 139 837 166
person 0.07250475 31 291 82 365
person 0.07241172 519 123 540 142
person 0.07217812 324 127 341 147
person 0.07212787 258 123 267 139
person 0.0720761 790 141 812 167
person 0.07202663 378 69 392 83
person 0.07196905 748 93 772 128
person 0.07184457 0 121 8 155
person 0.07059391 328 86 342 100
person 0.07016897 261 408 288 448
person 0.06935037 777 131 794 151
person 0.069326244 517 148 538 168
person 0.069079295 812 81 825 98
person 0.06897511 611 130 625 157
person 0.06851503 875 61 880 82
person 0.06795281 295 124 304 140
person 0.067482404 233 119 259 154
person 0.066095285 815 112 841 148
person 0.06472253 444 47 458 62
person 0.06446797 871 484 878 541
person 0.0644614 693 91 710 111
person 0.06421091 405 129 422 150
person 0.06411414 419 53 430 67
person 0.06382782 874 93 880 115
person 0.06351098 239 306 264 334
person 0.0632878 415 106 424 121
person 0.06257587 871 94 883 114
person 0.062450893 26 178 95 287
person 0.061888214 384 113 400 131
person 0.061816283 21 276 95 380
person 0.06176941 361 70 374 84
person 0.06158912 49 200 74 233
person 0.061529383 589 127 607 146
person 0.06098413 470 115 506 160
person 0.060967874 256 99 275 122
person 0.06091303 210 88 218 99
person 0.06090148 515 82 542 116
person 0.06079554 575 175 602 205
person 0.060776655 606 112 625 131
person 0.06061534 238 119 252 135
person 0.060560446 506 76 521 94
person 0.060380667 748 68 757 81
person 0.06022549 648 59 658 69
person 0.060072433 40 152 66 177
person 0.059906155 800 89 809 105
person 0.059845652 494 63 504 77
person 0.059749022 752 52 764 66
person 0.059027355 234 143 250 163
person 0.05875845 72 213 107 251
person 0.05826491 871 154 880 192
person 0.058009077 747 148 771 176
person 0.057965253 538 95 554 113
person 0.05750081 273 378 292 398
person 0.057378843 587 115 604 133
person 0.057123624 216 142 231 162
person 0.05706446 872 78 883 98
person 0.057009395 625 149 643 167
person 0.056812294 861 -173 885 -112
person 0.056800287 730 52 743 66
person 0.056791186 486 108 495 125
person 0.05651412 553 69 580 103
person 0.056436896 536 132 554 150
person 0.05583376 802 216 833 270
person 0.055778608 443 85 469 120
person 0.0555969 101 265 192 375
person 0.055388987 866 186 882 219
person 0.05533177 653 174 678 203
person 0.055129502 874 44 880 65
person 0.05499514 -4 -190 8 -170
person 0.05476526 662 132 698 180
person 0.05460752 472 60 481 77
person 0.054484874 379 147 404 173
person 0.05407125 665 132 682 154
person 0.05405417 289 102 304 118
person 0.05404872 452 92 461 109
person 0.05404404 411 114 448 159
person 0.053834863 516 156 536 175
person 0.05379492 195 196 219 221
person 0.053572536 335 95 344 108
person 0.05341952 512 143 530 163
person 0.053413495 318 96 328 107
person 0.05328157 98 -53 124 10
person 0.05312635 413 27 424 42
person 0.05278705 604 114 641 160
person 0.052743446 305 149 322 168
person 0.0526643 538 115 555 134
person 0.052620154 271 175 296 202
person 0.052426085 283 99 303 121
person 0.05152816 625 130 663 176
person 0.050844394 483 139 502 159
person 0.05075971 871 -189 879 -149
person 0.050297797 354 129 370 147
person 0.050278224 -3 -182 16 -107
person 0.050104123 871 111 883 130
person 0.04992633 870 86 880 117
person 0.04990602 1 227 10 283
person 0.049818978 508 95 524 114
person 0.049800824 868 110 879 145
person 0.0496925 644 105 674 140
person 0.049522657 777 109 792 129
person 0.0493625 721 78 747 114
person 0.049233228 456 127 473 147
person 0.049213264 674 95 689 114
person 0.049146976 562 38 575 51
person 0.04908884 774 76 782 86
person 0.04904288 353 149 370 166
person 0.04893594 872 550 880 596
person 0.048804075 282 401 299 421
person 0.0487857 656 64 666 81
person 0.04859869 673 115 690 134
person 0.04846633 137 237 206 295
person 0.04831675 0 -193 5 -170
person 0.04824135 181 228 213 264
person 0.048229888 114 284 181 344
person 0.048050214 438 131 455 150
person 0.048041612 500 135 549 190
person 0.047975216 716 148 741 177
person 0.047766846 327 247 383 307
person 0.047496386 758 57 766 66
person 0.047487326 211 93 223 107
person 0.047363754 184 218 245 277
person 0.047217075 656 73 665 87
person 0.047054037 -3 -190 7 -184
person 0.047020055 375 45 388 61
person 0.046695076 191 314 217 338
person 0.046645585 52 183 71 202
person 0.046514552 -3 -123 13 -40
person 0.046512347 363 94 373 109
person 0.04649021 521 241 573 303
person 0.046303805 396 29 408 44
person 0.046117872 257 386 275 406
person 0.046003006 497 33 510 48
person 0.045947134 564 90 591 125
person 0.045828186 175 174 216 219
person 0.04580394 511 135 528 153
person 0.045581028 174 115 187 128
person 0.04539136 220 89 227 99
person 0.045314174 226 119 240 134
person 0.045065906 516 175 541 204
person 0.04492259 537 37 549 50
person 0.044829044 97 153 121 175
person 0.04467967 278 397 302 427
person 0.044676177 803 313 860 486
person 0.044633564 634 52 643 62
person 0.04455748 407 94 434 127
person 0.044482075 375 89 401 124
person 0.044292673 415 29 421 40
person 0.044280313 872 62 882 81
person 0.044134676 126 120 138 133
person 0.04395374 128 122 135 132
person 0.04391898 807 68 820 83
person 0.04382648 611 98 620 115
person 0.04373615 46 219 141 318
person 0.043672513 203 347 231 372
person 0.043558378 401 150 417 167
person 0.043314803 478 138 495 160
person 0.0430289 622 131 639 150
person 0.042929295 523 86 533 102
person 0.042656 874 109 880 131
person 0.04263924 440 76 452 87
person 0.042615704 725 111 742 130
person 0.04252764 411 13 423 27
person 0.042251382 698 108 715 127
person 0.04210805 622 113 639 131
person 0.042039484 792 78 817 114
person 0.04199517 590 161 609 180
person 0.041981403 300 435 322 455
person 0.041864734 330 111 366 158
person 0.041785337 824 116 833 132
person 0.04104153 747 75 756 85
person 0.040792592 566 104 603 149
person 0.040770996 584 63 595 78
person 0.04066664 386 126 403 145
person 0.040663738 213 95 220 105
person 0.040619638 354 91 382 126
person 0.04061638 865 157 882 186
person 0.040548764 0 276 7 333
person 0.040352114 368 127 385 145
person 0.040138904 148 258 182 294
person 0.040138885 267 393 289 415
person 0.039961603 573 97 582 112
person 0.039943516 707 56 715 65
person 0.039464694 759 -184 771 -143
person 0.03927415 754 101 762 118
person 0.039271083 391 25 410 50
person 0.039264075 -2 184 18 230
person 0.039208468 221 40 241 66
person 0.039157048 758 128 774 146
person 0.03909481 45 160 101 222
person 0.038817517 708 128 724 146
person 0.038815312 286 410 304 429
person 0.038791247 167 8 199 66
person 0.038769998 413 14 420 24
person 0.03873891 583 36 595 50
person 0.03871303 613 177 640 207
person 0.038584266 414 133 452 179
person 0.038472082 651 37 663 51
person 0.038338516 86 250 122 288
person 0.038159017 870 -190 879 -184
person 0.037997425 874 27 879 49
person 0.037950303 556 62 568 72
person 0.03727331 -7 471 22 582
person 0.0372612 554 132 571 150
person 0.037228923 34 409 48 433
person 0.037099447 339 131 348 149
person 0.037043095 869 -191 881 -172
person 0.03702431 241 301 258 317
person 0.036984663 209 123 236 158
person 0.036984127 46 114 68 138
person 0.03698247 374 177 399 203
person 0.03693221 303 110 312 119
person 0.036825925 335 169 374 217
person 0.03674722 682 591 702 643
person 0.036505774 683 -187 696 -145
person 0.03649525 593 36 606 50
person 0.036466505 374 -36 394 -3
person 0.036055263 785 107 818 157
person 0.03604801 0 -194 7 -151
person 0.036040764 615 591 634 643
person 0.03590243 266 106 275 114
person 0.035856582 251 381 280 419
person 0.03573117 720 -187 733 -145
person 0.03572179 539 39 548 49
person 0.035616785 254 392 273 413
person 0.035447836 652 101 661 117
person 0.035438363 874 10 879 32
person 0.03541847 235 295 262 324
person 0.0353951 499 36 508 46
person 0.035345796 289 429 309 448
person 0.035289813 269 367 285 385
person 0.03521694 179 153 202 176
person 0.035216857 214 136 222 146
person 0.035200853 422 93 432 102
person 0.03506918 172 117 193 138
person 0.03498103 823 141 840 159
person 0.03488718 34 -63 57 4
person 0.0348485 93 3 124 62
person 0.03482558 177 105 186 115
person 0.03477452 754 175 779 202
person 0.034346066 143 149 165 170
person 0.034328666 206 141 220 160
person 0.03426921 692 131 709 150
person 0.03426286 235 -53 265 7
person 0.034169506 46 244 79 283
person 0.03414712 649 591 668 643
person 0.034132928 813 574 836 649
person 0.034132488 512 30 533 54
person 0.034086056 815 -178 826 -145
person 0.03380421 -4 195 9 215
person 0.03373736 724 131 741 149
person 0.033446513 589 149 606 166
person 0.033432703 481 177 505 205
person 0.033213712 398 30 405 41
person 0.03310774 754 55 762 64
person 0.03307524 346 310 359 329
person 0.03288419 218 132 227 143
person 0.032860138 655 100 664 117
person 0.032839578 217 87 229 100
person 0.032805532 611 62 620 74
person 0.03267483 36 -190 50 -177
person 0.03264211 266 415 285 437
person 0.032528773 872 579 880 631
person 0.032457102 101 265 161 330
person 0.032297943 872 202 879 252
person 0.032280505 661 450 675 472
person 0.03222382 871 -159 879 -112
person 0.032082424 0 183 9 228
person 0.031995106 525 114 534 130
person 0.031970263 21 -190 32 -185
person 0.031953894 872 45 882 64
person 0.03188955 381 93 392 111
person 0.03187145 757 105 765 122
person 0.031713508 395 52 408 67
person 0.031710763 711 106 720 123
person 0.031650413 275 -56 305 4
person 0.03158842 319 145 335 163
person 0.03155223 117 119 139 141
person 0.031477727 251 141 269 161
person 0.031439517 390 394 404 416
person 0.03135733 406 -35 426 -3
person 0.031166328 1 231 21 281
person 0.030991336 267 350 282 367
person 0.030892858 463 58 489 94
person 0.030877022 20 -190 34 -177
person 0.030864444 247 297 263 313
person 0.030795762 283 144 300 161
person 0.030723872 344 69 357 84
person 0.03072227 232 281 249 296
person 0.030717514 310 104 323 113
person 0.030691033 176 116 184 125
person 0.030642012 309 88 336 123
person 0.03050834 822 411 848 429
person 0.03047765 443 35 456 50
person 0.030242473 217 288 281 347
person 0.030202815 174 37 196 64
person 0.030180713 208 87 221 100
person 0.030154606 640 78 651 89
person 0.029941326 870 53 879 84
person 0.029829962 784 -180 796 -143
person 0.029829215 858 -113 883 -46
person 0.029783977 556 146 574 163
person 0.02969651 197 266 295 379
person 0.029628584 89 222 126 259
person 0.029476052 698 76 707 87
person 0.029446838 799 47 812 63
person 0.029409735 605 80 615 90
person 0.029398663 345 63 365 85
person 0.02925331 -16 325 38 441
person 0.029253235 870 21 878 56
person 0.029127007 630 62 643 80
person 0.028825298 298 429 324 469
person 0.028815102 137 -96 164 -31
person 0.028798953 716 591 735 643
person 0.028786987 780 522 791 563
person 0.028684791 633 76 645 88
person 0.028680975 447 176 472 204
person 0.028468156 0 292 8 354
person 0.0284465 649 -187 661 -144
person 0.02839187 689 68 716 103
person 0.028313687 626 158 644 176
person 0.02829878 215 277 233 292
person 0.028105842 0 137 8 171
person 0.028065352 870 194 882 216
person 0.028032025 219 15 252 72
person 0.027982906 557 32 576 54
person 0.027932983 479 509 489 556
person 0.02793143 219 98 233 112
person 0.027887585 681 26 701 50
person 0.027795456 613 54 623 63
person 0.027791474 258 119 267 131
person 0.0277698 843 140 874 194
person 0.027755447 680 111 717 159
person 0.027687505 46 586 62 642
person 0.027639894 230 43 251 68
person 0.027607996 577 118 587 134
person 0.027517898 459 229 513 295
person 0.027476337 797 127 807 144
person 0.027475685 32 400 44 424
person 0.027461674 695 -190 705 -184
person 0.02744557 712 -190 722 -184
person 0.027403109 261 85 273 99
person 0.027319912 360 312 374 332
person 0.027204785 169 28 189 56
person 0.027169382 445 37 453 48
person 0.02714318 729 -190 739 -184
person 0.02711591 775 316 830 460
person 0.02705674 581 591 600 643
person 0.02704255 716 178 742 207
person 0.026961017 165 327 189 345
person 0.026954731 578 56 604 91
person 0.026937228 36 -190 48 -185
person 0.026921598 844 -190 855 -185
person 0.026884628 811 143 828 161
person 0.02688328 806 176 830 205
person 0.02678044 873 192 879 217
person 0.026774574 678 293 740 435
person 0.02676139 268 148 306 196
person 0.02674354 118 214 224 319
person 0.026740447 408 23 428 48
person 0.026715524 314 48 335 72
person 0.02663283 800 73 810 98
person 0.026623646 743 130 759 147
person 0.026536172 844 84 857 102
person 0.02648574 99 182 125 206
person 0.026396448 243 175 268 199
person 0.026365068 241 128 250 140
person 0.026362155 363 72 372 82
person 0.026350426 870 446 877 511
person 0.026206523 678 -190 688 -184
person 0.026196599 871 180 883 202
person 0.026178692 797 257 862 405
person 0.02608512 547 591 566 644
person 0.026074179 310 181 336 208
person 0.02601773 239 310 258 328
person 0.026005168 821 114 831 133
person 0.02600152 329 88 340 97
person 0.025893476 658 37 671 51
person 0.025886945 777 142 793 159
person 0.025866073 255 281 271 296
person 0.025856951 809 71 818 79
person 0.02583513 340 -36 359 -2
person 0.025814772 222 140 263 188
person 0.02574622 88 65 122 117
person 0.025736736 445 504 456 557
person 0.025677858 318 462 334 485
person 0.025536492 745 -190 756 -184
person 0.025499515 668 139 681 165
person 0.025423497 484 67 511 102
person 0.02541468 564 40 572 49
person 0.025388125 640 553 656 593
person 0.025377024 63 183 81 201
person 0.025362264 32 8 60 67
person 0.025338141 577 30 597 53
person 0.02532596 639 129 656 147
person 0.02529948 54 189 69 222
person 0.025217148 647 31 667 54
person 0.025205955 344 -58 374 0
person 0.025194243 442 -34 462 -4
person 0.025170837 874 48 879 60
person 0.025137667 0 91 5 115
person 0.025100388 675 162 691 180
person 0.025092548 695 -191 707 -172
person 0.025081672 874 178 880 204
person 0.025063751 678 -191 690 -172
person 0.025053203 27 391 86 504
person 0.024949664 673 555 689 594
person 0.02492261 767 143 802 191
person 0.024916641 874 65 879 76
person 0.024851132 72 120 94 144
person 0.024792241 303 442 322 463
person 0.024715785 377 46 385 58
person 0.024578245 712 -191 724 -172
person 0.024558518 0 -182 6 -119
person 0.024547247 396 53 406 64
person 0.024537625 411 507 422 553
person 0.024477424 602 56 629 90
person 0.024438048 732 55 742 64
person 0.024436034 137 182 163 205
person 0.024401803 783 174 809 203
person 0.024377974 -3 139 14 166
person 0.024345197 263 348 286 374
person 0.024340829 153 67 188 119
person 0.024317537 188 306 205 320
person 0.02426485 186 105 196 115
person 0.024260435 281 198 339 259
person 0.024230547 661 -191 673 -173
person 0.024222989 191 85 201 98
person 0.024187969 231 401 250 420
person 0.024169253 170 200 260 307
person 0.024141192 729 -191 740 -172
person 0.024131538 875 478 879 506
person 0.024128845 0 193 5 216
person 0.024107229 494 75 503 86
person 0.02404198 387 232 442 297
person 0.02398107 661 -190 671 -184
person 0.023979815 244 347 270 374
person 0.023953732 32 28 49 56
person 0.023938555 160 278 181 294
person 0.023937007 0 92 9 125
person 0.02389885 139 122 161 144
person 0.023879046 413 173 439 201
person 0.023819502 293 121 305 131
person 0.023782808 0 107 5 130
person 0.023773277 830 84 843 101
person 0.023664758 230 103 267 154
person 0.023607092 672 178 703 216
person 0.02358706 844 -190 857 -177
person 0.023441216 195 377 231 416
person 0.023430096 -4 142 7 162
person 0.023429642 34 143 114 246
person 0.023346307 848 92 860 110
person 0.023343213 826 394 847 414
person 0.023337778 -3 127 8 148
person 0.023290819 154 274 189 309
person 0.023288984 205 86 226 109
person 0.023281714 870 127 883 147
person 0.023269136 302 128 312 144
person 0.023264123 756 605 782 679
person 0.023231437 631 31 643 47
person 0.023188617 614 515 625 553
person 0.023181662 41 425 53 449
person 0.023154356 444 27 465 51
person 0.023018181 818 591 834 633
person 0.023002444 644 -190 656 -174
person 0.022968221 746 -191 757 -172
person 0.022954913 298 4 331 59
person 0.022824125 44 191 77 209
person 0.022792958 278 113 289 124
person 0.022693763 390 147 407 165
person 0.022662424 750 591 769 643
person 0.022659456 617 24 637 47
person 0.022658007 42 47 62 74
person 0.022566235 271 -97 299 -34
person 0.02256165 -3 116 15 160
person 0.022547107 532 55 559 91
person 0.022475982 196 206 223 234
person 0.022441387 -3 182 12 201
person 0.022398414 158 320 197 356
person 0.022346143 237 -97 264 -33
person 0.022343485 724 275 791 397
person 0.022340069 80 -102 105 -33
person 0.022318263 762 -190 772 -184
person 0.022309305 480 33 493 47
person 0.022285283 317 239 393 360
person 0.02227746 823 57 843 82
person 0.022268526 178 332 199 349
person 0.022268461 871 28 882 48
person 0.022208229 419 107 428 123
person 0.022139411 801 49 810 60
person 0.022133864 323 348 342 376
person 0.022070743 563 77 572 87
person 0.022024756 729 74 740 94
person 0.02195784 238 429 258 446
person 0.02192484 202 248 236 285
person 0.021915002 175 510 186 554
person 0.02188676 619 -185 633 -143
person 0.021860326 376 10 409 64
person 0.021796823 713 628 732 686
person 0.021761892 647 508 660 551
person 0.021748936 413 90 425 113
person 0.021745574 680 628 698 686
person 0.021680137 814 82 823 92
person 0.021677038 591 233 646 296
person 0.02166429 679 510 694 549
person 0.021650212 0 280 15 334
person 0.021499919 829 -191 842 -177
person 0.021471187 874 81 880 92
person 0.021450998 871 163 883 184
person 0.021377798 -3 109 8 128
person 0.021375408 127 296 219 435
person 0.02129215 627 -190 639 -175
person 0.021215 -4 554 11 658
person 0.021198321 646 628 664 686
person 0.021190964 875 431 880 455
person 0.021147331 -4 210 10 230
person 0.021123033 762 -191 774 -173
person 0.021098664 829 -190 840 -185
person 0.021095788 747 628 765 686
person 0.02101434 644 -190 655 -184
person 0.020999925 875 415 880 439
person 0.020982629 513 590 532 644
person 0.020980641 735 292 781 373
person 0.020953167 784 593 801 635
person 0.020913634 489 344 498 367
person 0.02086824 821 124 830 139
person 0.020853076 875 447 880 472
person 0.020827847 875 160 880 186
person 0.020763598 84 177 101 195
person 0.02059472 539 149 557 166
person 0.020414846 312 454 336 495
person 0.020309657 451 110 480 145
person 0.020308688 243 99 256 113
person 0.02026177 407 -3 417 9
person 0.020244328 612 628 630 686
person 0.020228472 21 78 51 133
person 0.020191843 302 140 333 175
person 0.020142082 488 133 497 151
person 0.020097 514 509 524 553
person 0.02007014 871 664 877 702
person 0.020066602 82 599 106 684
person 0.020053344 166 320 186 334
person 0.020018652 274 99 327 165
person 0.019990183 301 422 319 440
person 0.019839006 432 10 467 62
person 0.019815097 -8 -131 19 -29
person 0.019786032 541 164 559 181
person 0.019702112 874 14 879 27
person 0.019684749 816 560 831 596
person 0.01968006 610 -190 623 -175
person 0.01966639 875 464 879 490
person 0.019583603 -2 167 12 186
person 0.01945671 817 17 824 29
person 0.019433659 587 -184 600 -142
person 0.019361312 767 72 778 99
person 0.019332126 692 148 708 167
person 0.019321458 311 86 323 100
person 0.019313343 872 -96 880 -45
person 0.019279156 142 79 163 102
person 0.019256454 875 399 880 423
person 0.019238757 103 497 110 521
person 0.019237291 313 -36 333 -2
person 0.019230004 607 552 623 592
person 0.019198703 721 21 741 47
person 0.019159226 48 -90 64 -48
person 0.019123478 578 628 596 687
person 0.019074667 144 607 171 686
person 0.019059282 -3 93 8 113
person 0.018996466 49 277 71 297
person 0.01899532 23 392 34 416
person 0.018905796 45 296 64 315
person 0.018905004 369 146 387 162
person 0.018903935 185 115 199 128
person 0.018900312 578 206 608 247
person 0.018896604 779 -191 791 -174
person 0.018792711 874 125 879 148
person 0.018788531 356 160 373 178
person 0.01877698 148 311 171 329
person 0.018734138 217 34 244 74
person 0.018731486 659 160 675 178
person 0.018690284 230 411 250 429
person 0.018646033 204 279 222 293
person 0.018641878 872 235 879 290
person 0.018620616 526 18 539 33
person 0.018613722 871 12 882 30
person 0.018569384 534 216 563 258
person 0.018499032 0 140 4 164
person 0.018457465 208 347 225 364
person 0.018420493 693 600 710 657
person 0.018412206 487 23 507 46
person 0.018403757 808 278 854 371
person 0.01838862 0 595 10 664
person 0.018376445 0 43 7 82
person 0.018355878 626 -190 637 -184
person 0.018338718 779 -190 789 -184
person 0.018330265 481 35 490 45
person 0.018329317 872 -126 880 -79
person 0.018324405 286 46 306 69
person 0.018312622 356 298 372 318
person 0.01828691 691 164 708 182
person 0.01827634 116 345 137 364
person 0.01821707 264 427 282 445
person 0.018205892 479 590 498 644
person 0.01819581 0 563 10 629
person 0.018151665 171 -37 191 -1
person 0.01814924 453 148 470 164
person 0.018128973 362 315 371 327
person 0.018123008 871 146 883 167
person 0.018102746 486 121 560 230
person 0.018067861 165 298 185 314
person 0.018064234 727 600 744 657
person 0.0180361 638 150 655 166
person 0.018021643 240 122 250 130
person 0.017993456 789 24 808 50
person 0.017991045 246 434 265 450
person 0.017960448 713 53 739 89
person 0.017959658 871 418 884 435
person 0.017954629 426 130 435 148
person 0.017943105 551 -184 564 -143
person 0.017897595 544 627 562 687
person 0.017879942 270 489 282 500
person 0.01785777 266 -62 310 20
person 0.017799895 675 290 698 339
person 0.017789137 660 600 676 657
person 0.017747575 0 -167 4 -133
person 0.017738443 546 120 624 231
person 0.01771571 0 125 5 150
person 0.017687095 317 27 336 52
person 0.017671824 783 515 790 540
person 0.01766536 0 -184 4 -152
person 0.017663449 475 552 486 590
person 0.017622855 799 516 808 538
person 0.017605552 518 257 588 380
person 0.01760151 828 603 853 680
person 0.017600242 819 428 851 445
person 0.017561138 865 54 882 80
person 0.017555593 141 -180 169 -118
person 0.017546065 817 -59 845 4
person 0.017510919 402 159 419 176
person 0.017510574 105 83 128 106
person 0.017478643 186 238 203 254
person 0.017456694 168 333 258 457
person 0.017447438 648 203 677 245
person 0.017414428 310 483 320 494
person 0.017393887 81 332 161 452
person 0.017390326 420 33 430 44
person 0.017351486 509 222 587 321
person 0.017320292 683 -184 711 -125
person 0.01729832 170 351 187 361
person 0.017273454 871 434 884 451
person 0.0172727 480 -176 509 -116
person 0.017232575 685 613 711 688
person 0.017222572 511 346 520 369
person 0.017220376 202 118 216 132
person 0.017215963 0 326 6 396
person 0.017209647 675 226 713 276
person 0.017191108 414 -177 442 -117
person 0.017182723 85 -178 112 -114
person 0.017181443 274 628 292 687
person 0.017146483 761 601 777 658
person 0.017145094 246 311 264 328
person 0.017141694 519 -185 532 -144
person 0.01713568 593 -191 606 -175
person 0.017131938 781 628 799 687
person 0.017082203 546 -175 575 -115
person 0.017071575 308 628 326 687
person 0.017067567 348 313 356 324
person 0.016976045 458 116 468 133
person 0.016949646 626 600 642 657
person 0.016941626 367 112 399 147
person 0.016909895 342 515 351 539
person 0.016907081 240 628 258 687
person 0.016897455 707 -59 738 0
person 0.016892923 347 21 367 46
person 0.016858928 77 -89 94 -48
person 0.01685644 108 39 129 65
person 0.016854543 555 164 572 181
person 0.016846122 813 -151 828 -111
person 0.01683751 0 179 7 203
person 0.01682515 410 -57 441 0
person 0.016824182 0 660 7 699
person 0.016798345 484 110 493 121
person 0.016783586 511 627 528 687
person 0.016747741 115 -186 127 -145
person 0.016740456 209 8 257 86
person 0.016737403 234 419 262 453
person 0.016734054 341 628 359 687
person 0.01673155 874 643 879 679
person 0.016724728 482 -186 494 -145
person 0.01671927 707 555 724 594
person 0.016718142 40 -42 62 4
person 0.016686996 139 628 157 687
person 0.016655743 85 -3 130 78
person 0.016633648 653 39 660 49
person 0.01655476 206 628 224 687
person 0.016533332 151 147 236 255
person 0.01649885 37 627 56 687
person 0.016479788 874 97 880 108
person 0.01641885 172 628 190 687
person 0.01637844 171 87 182 99
person 0.01637711 235 281 246 291
person 0.016363682 280 -180 308 -119
person 0.016344504 171 -190 184 -174
person 0.016342802 222 -190 235 -174
person 0.016342672 205 -190 218 -174
person 0.016342068 239 -190 252 -174
person 0.016341507 188 -190 201 -174
person 0.016336925 408 -190 421 -174
person 0.016335761 256 -190 268 -174
person 0.01632996 273 -190 285 -174
person 0.016329026 154 -190 167 -174
person 0.016325627 290 -190 302 -174
person 0.01632463 340 -190 353 -174
person 0.016324308 323 -190 336 -174
person 0.016323252 105 628 123 687
person 0.016322227 307 -190 319 -174
person 0.016315253 391 -190 404 -174
person 0.016312154 357 -190 370 -174
person 0.016310891 76 573 99 661
person 0.01629757 375 628 393 687
person 0.016286198 341 -100 370 -38
person 0.016285121 374 -190 387 -174
person 0.016270202 425 -190 438 -174
person 0.016261375 359 301 369 313
person 0.01625669 750 23 770 49
person 0.016254617 228 122 237 130
person 0.016230585 446 206 528 324
person 0.016205944 448 -187 461 -146
person 0.016199164 168 331 186 339
person 0.016185695 423 -2 434 9
person 0.016183782 541 601 555 622
person 0.016175728 781 562 798 599
person 0.016173437 874 310 879 338
person 0.016166186 0 296 17 352
person 0.016152116 137 -190 150 -174
person 0.016150866 714 80 725 95
person 0.016121978 477 627 495 687
person 0.01610113 56 420 70 441
person 0.016097715 442 -190 454 -174
person 0.016092664 446 18 454 29
person 0.016086467 815 16 828 30
person 0.016083825 815 628 832 687
person 0.016082354 108 -41 131 3
person 0.016082337 306 159 322 175
person 0.016074605 459 -190 471 -174
person 0.016070224 875 143 880 168
person 0.016046364 250 299 261 308
person 0.016028741 143 62 194 135
person 0.015998995 558 601 572 622
person 0.015989494 543 551 555 590
person 0.01598479 585 39 592 48
person 0.015983516 55 -181 64 -143
person 0.015978469 409 627 427 687
person 0.015963405 660 40 669 49
person 0.015963301 766 -178 773 -149
person 0.015957294 524 601 538 622
person 0.015947228 335 -63 380 16
person 0.015939051 281 388 298 406
person 0.015937256 306 468 324 487
person 0.015914842 873 599 879 662
person 0.015914634 87 -182 97 -144
person 0.015906647 329 335 342 354
person 0.015900884 266 454 293 498
person 0.015900765 375 149 409 184
person 0.015899437 528 20 536 31
person 0.015892768 443 627 461 687
person 0.015891576 795 -191 808 -175
person 0.015887504 753 96 763 113
person 0.01587865 765 -178 793 -119
person 0.015868288 458 35 472 50
person 0.015835445 614 -176 643 -116
person 0.015823359 349 -179 378 -118
person 0.015813263 610 -190 621 -184
person 0.015811237 476 -190 488 -174
person 0.015799126 650 96 663 113
person 0.015791735 308 373 323 390
person 0.0157888 828 602 844 660
person 0.01577632 263 88 270 98
person 0.015770286 747 56 772 92
person 0.015737968 208 511 220 554
person 0.015718441 478 -33 498 -4
person 0.015693998 507 601 521 622
person 0.015691854 155 334 174 350
person 0.015689159 788 201 849 321
person 0.015681326 83 153 92 163
person 0.015672768 337 159 354 176
person 0.015662717 389 17 403 31
person 0.015647285 414 -187 426 -146
person 0.015646279 121 -190 133 -174
person 0.015644545 871 402 883 419
person 0.015603674 509 552 520 590
person 0.015596674 76 588 93 644
person 0.0155773135 421 160 438 177
person 0.015572402 92 497 100 521
person 0.015524608 848 -120 887 -30
person 0.01550613 575 601 589 621
person 0.015505402 245 -187 257 -146
person 0.015498373 213 27 233 54
person 0.015497383 146 302 168 317
person 0.01549667 96 245 117 262
person 0.015492953 814 523 827 566
person 0.015469841 445 590 464 644
person 0.015469297 91 -61 130 25
person 0.015452318 490 601 504 622
person 0.015451298 413 478 425 540
person 0.015442269 124 503 132 526
person 0.0154354405 380 -187 393 -146
person 0.0154193025 612 205 641 246
person 0.015414693 278 -187 291 -146
person 0.015401013 437 59 463 94
person 0.015398286 346 -187 358 -146
person 0.0153822685 312 -187 325 -146
person 0.015360875 492 -190 505 -174
person 0.015348455 141 218 168 242
person 0.015344051 122 515 132 538
person 0.015331147 198 366 216 382
person 0.0153302895 142 56 164 82
person 0.015327708 211 -187 223 -146
person 0.015326778 107 29 126 56
person 0.015325835 592 600 608 658
person 0.015319483 53 261 72 279
person 0.015279527 473 601 487 622
person 0.015276284 185 130 199 145
person 0.015250353 212 260 232 276
person 0.015221201 675 133 684 153
person 0.015182774 874 326 879 354
person 0.015169142 152 601 166 622
person 0.015151932 562 18 598 71
person 0.015149272 169 601 183 622
person 0.015143445 577 -191 590 -175
person 0.015142508 204 -36 222 -2
person 0.015134972 236 139 266 174
person 0.0151284905 605 161 623 177
person 0.0151171265 683 49 709 85
person 0.015096687 471 548 489 601
person 0.015090073 456 601 471 622
person 0.015080438 697 -65 744 17
person 0.015057805 852 -181 889 -100
person 0.015052473 335 117 347 129
person 0.015042678 186 601 200 622
person 0.015019093 150 -74 206 49
person 0.01499805 321 601 335 622
person 0.014994726 257 282 268 292
person 0.014992585 304 601 318 622
person 0.014963902 203 601 217 622
person 0.014960769 -3 -192 11 -135
person 0.014947485 287 601 301 622
person 0.014945506 84 -41 105 4
person 0.014945407 443 16 457 30
person 0.014944635 461 37 470 48
person 0.014943463 731 388 793 524
person 0.014938214 345 613 371 690
person 0.0149377715 196 123 282 238
person 0.014937084 570 180 588 196
person 0.01491102 339 263 375 315
person 0.014902471 1 165 7 188
person 0.014893563 338 601 352 622
person 0.014883039 440 601 454 622
person 0.014881122 751 213 789 265
person 0.014879688 863 207 882 257
person 0.014876824 0 -151 4 -116
person 0.014865792 220 601 234 622
person 0.014858525 104 -191 116 -175
person 0.014848555 71 40 92 67
person 0.0148342615 614 33 626 47
person 0.01483321 271 601 285 622
person 0.014820985 237 601 251 622
person 0.014815632 135 601 149 622
person 0.014804703 703 9 738 64
person 0.014800231 0 208 6 231
person 0.014784783 254 601 268 622
person 0.014761533 167 348 190 364
person 0.014760174 209 611 236 687
person 0.014755598 592 600 606 621
person 0.014750628 71 627 89 688
person 0.014724352 355 600 369 622
person 0.0147127975 423 601 437 622
person 0.014709811 144 -187 156 -146
person 0.014687974 271 -41 294 2
person 0.0146751655 177 -187 189 -146
person 0.014672642 0 -146 10 -80
person 0.014641404 274 130 287 143
person 0.014640675 291 105 302 114
person 0.014637897 220 -180 248 -119
person 0.0146373175 548 511 558 550
person 0.014635324 746 516 757 554
person 0.014604775 46 428 60 451
person 0.014596488 482 132 491 150
person 0.014586937 795 -190 806 -184
person 0.014583407 576 -160 593 -115
person 0.0145800635 53 -191 66 -176
person 0.014573079 372 600 386 622
person 0.0145712495 515 17 522 29
person 0.014569346 406 600 420 622
person 0.014567443 509 -190 522 -175
person 0.014511003 389 600 403 622
person 0.014492176 205 71 214 82
person 0.014491568 412 613 438 690
person 0.014478949 52 400 65 422
person 0.014477908 50 250 68 265
person 0.014456959 0 -76 7 -20
person 0.014434015 718 204 747 245
person 0.0144321965 698 31 710 47
person 0.01442802 101 484 111 540
person 0.014416343 644 455 658 475
person 0.01439438 542 -160 558 -117
person 0.014353575 816 47 827 62
person 0.014347236 288 -1 336 75
person 0.014335036 781 15 789 27
person 0.014316553 524 180 540 194
person 0.01428184 151 398 166 416
person 0.014271184 654 469 672 493
person 0.01426317 328 318 341 336
person 0.014253687 488 162 505 179
person 0.014251195 245 85 252 96
person 0.014250546 220 68 233 82
person 0.014247751 812 -190 823 -184
person 0.014231428 475 162 491 181
person 0.014229294 87 -191 99 -175
person 0.014217741 158 336 170 346
person 0.014215902 78 60 127 133
person 0.014204933 666 -179 673 -150
person 0.014194088 865 -190 882 -141
person 0.014178109 526 -190 539 -175
person 0.014173359 412 590 430 644
person 0.0141579695 749 -67 796 15
person 0.01414402 422 13 437 27
person 0.014134867 871 450 884 467
person 0.014090006 560 -191 573 -175
person 0.014085435 61 428 125 573
person 0.014076552 660 265 733 398
person 0.014063561 543 -191 556 -175
person 0.014054949 812 -191 825 -176
person 0.014054143 471 75 480 86
person 0.01404683 366 3 415 79
person 0.014026498 595 39 604 48
person 0.014025363 157 101 167 112
person 0.01402067 164 341 203 378
person 0.014004153 235 390 253 404
person 0.013984876 577 553 588 589
person 0.013980779 800 507 807 520
person 0.013973366 234 27 254 54
person 0.013971303 496 14 532 66
person 0.013968709 148 -12 213 110
person 0.013957272 217 299 234 314
person 0.013954104 219 159 235 178
person 0.013944207 140 -41 163 3
person 0.013931715 0 -114 7 -51
person 0.013919 351 452 373 502
person 0.0139150405 868 522 881 560
person 0.0139085185 118 101 130 114
person 0.013904549 85 -123 100 -79
person 0.013894726 529 285 580 360
person 0.013890865 865 -162 880 -107
person 0.01387112 776 99 823 168
person 0.013867234 50 -125 65 -70
person 0.013861217 873 -163 879 -132
person 0.013842197 609 95 621 109
person 0.013839828 681 33 694 48
person 0.013772696 547 615 573 691
person 0.013767788 390 -2 400 10
person 0.013766364 593 -190 604 -184
person 0.013760616 119 -125 135 -83
person 0.013759288 0 355 6 430
person 0.0137454495 512 15 525 30
person 0.013732055 33 154 48 170
person 0.013731739 238 159 254 178
person 0.013707639 808 -64 851 21
person 0.013695473 100 446 121 465
person 0.013670061 421 4 472 78
person 0.01365593 864 22 880 52
person 0.013651987 577 115 588 128
person 0.013628276 872 -6 878 18
person 0.013621496 118 600 132 622
person 0.0136213675 843 115 857 134
person 0.013585543 480 614 506 692
person 0.013561442 831 65 844 80
person 0.013546324 527 363 537 386
person 0.013546299 714 515 726 551
person 0.013536867 825 415 846 424
person 0.0135297235 219 410 243 441
person 0.013511566 -3 -180 7 -156
person 0.013501851 609 600 623 621
person 0.01349594 528 348 536 371
person 0.013469112 160 349 170 358
person 0.013464336 609 164 619 174
person 0.013434586 164 428 181 449
person 0.013374318 674 288 723 365
person 0.013360918 582 512 592 552
person 0.01333859 746 11 778 67
person 0.013325969 867 579 881 638
person 0.013290286 119 426 188 562
person 0.013261471 867 607 880 671
person 0.0132595 374 211 456 324
person 0.013245432 646 59 674 93
person 0.013230757 320 346 345 388
person 0.0132294735 284 25 304 51
person 0.013220141 358 344 376 373
person 0.0131859025 122 290 165 328
person 0.013181071 70 482 87 538
person 0.01317593 828 126 840 137
person 0.013168467 338 130 349 142
person 0.013166373 874 277 879 305
person 0.013162657 874 294 879 322
person 0.0131558385 225 255 260 293
person 0.013144057 670 204 699 246
person 0.013143111 815 105 824 115
person 0.013132773 247 -36 265 -2
person 0.01313071 496 17 504 28
person 0.013123519 841 131 857 150
person 0.013121209 875 381 880 405
person 0.013118999 0 507 4 542
person 0.013099936 -3 293 8 316
person 0.013090218 170 32 199 72
person 0.013071234 553 -90 571 -54
person 0.0130589185 247 125 329 241
person 0.013053862 310 472 320 482
person 0.013051361 374 506 391 560
person 0.013050962 142 569 176 656
person 0.0130411945 558 600 574 658
person 0.013040193 528 185 536 193
person 0.01302944 85 200 104 217
person 0.0130077815 111 263 129 280
person 0.012987887 875 362 879 388
person 0.012985021 649 -178 656 -149
person 0.012970551 576 -107 605 -46
person 0.012957256 411 242 489 375
person 0.012939588 708 -98 737 -36
person 0.0129371155 -4 134 17 178
person 0.012932599 673 139 682 158
person 0.012910394 264 181 352 297
person 0.012897899 873 497 879 526
person 0.012884216 394 387 406 409
person 0.012878632 683 -179 689 -150
person 0.012861749 513 -33 533 -4
person 0.012854499 327 490 336 501
person 0.012852798 874 485 879 497
person 0.012837018 509 -161 524 -118
person 0.01283312 152 427 172 447
person 0.012827293 615 615 641 692
person 0.012814252 873 -146 879 -115
person 0.01281184 360 115 373 127
person 0.012790206 794 14 803 26
person 0.012777328 575 184 585 193
person 0.012765809 387 17 414 55
person 0.012754407 74 146 90 163
person 0.012749623 817 413 845 501
person 0.012748542 0 -134 4 -99
person 0.012716966 112 -88 129 -48
person 0.012696942 712 14 725 28
person 0.012693513 830 -2 839 10
person 0.01265788 750 -179 756 -149
person 0.012629597 277 613 304 690
person 0.012619742 551 12 603 86
person 0.012598424 873 -129 879 -98
person 0.012580288 318 161 335 177
person 0.012575703 0 541 4 576
person 0.012573268 726 145 742 163
person 0.012561139 609 -162 625 -117
person 0.012557182 218 280 230 289
person 0.01255197 859 111 882 154
person 0.012551142 758 -61 790 -1
person 0.012549193 0 524 4 559
person 0.01254681 359 50 374 65
person 0.01251687 201 403 288 521
person 0.012516328 254 489 266 501
person 0.012506803 378 590 397 644
person 0.012502328 505 549 523 601
person 0.012498388 801 503 808 526
person 0.012495059 261 78 344 190
person 0.012486901 243 300 256 310
person 0.012484438 583 85 664 189
person 0.012483555 0 491 4 525
person 0.012468545 375 12 389 27
person 0.012466444 852 12 879 74
person 0.012450368 -3 -162 7 -139
person 0.012444413 83 246 97 255
person 0.012443675 591 183 607 198
person 0.012438531 208 591 228 644
person 0.012416889 665 505 671 518
person 0.012410225 -2 226 13 246
person 0.012388235 154 263 176 282
person 0.012379523 283 552 320 632
person 0.012376165 873 208 879 234
person 0.012369825 729 14 742 28
person 0.0123682115 866 548 881 601
person 0.012362825 811 -184 829 -137
person 0.0123620685 494 14 507 29
person 0.012347195 293 45 305 61
person 0.01234354 693 3 744 80
person 0.012338309 586 -119 603 -79
person 0.0123361405 831 380 848 401
person 0.012323829 345 503 353 526
person 0.012318045 68 392 142 516
person 0.012294363 764 15 772 27
person 0.012278513 389 82 472 191
person 0.012277831 552 -118 569 -78
person 0.012275189 439 161 455 179
person 0.012255172 70 -191 83 -176
person 0.012253851 96 349 112 368
person 0.012248611 389 390 405 427
person 0.0122428145 242 591 262 644
person 0.012231259 387 409 406 432
person 0.012231033 140 506 152 554
person 0.012216284 702 357 721 381
person 0.012206931 137 490 146 503
person 0.012201814 400 -62 447 17
person 0.01220132 794 601 810 659
person 0.012178147 -4 45 7 66
person 0.012176364 311 82 389 188
person 0.012159977 577 -190 588 -184
person 0.012158533 154 419 171 437
person 0.0121523095 395 56 422 93
person 0.012146518 746 14 759 28
person 0.012114387 76 87 98 111
person 0.012105174 633 17 669 70
person 0.012090351 601 110 680 222
person 0.012089139 759 147 776 163
person 0.012080958 199 306 217 320
person 0.01207995 695 340 717 388
person 0.012056176 0 277 4 301
person 0.012055591 237 447 259 464
person 0.012046496 626 599 640 621
person 0.01202077 129 286 148 303
person 0.012016591 420 -103 449 -41
person 0.012013381 587 -90 604 -54
person 0.012000983 291 82 304 97
person 0.011995325 506 -106 535 -44
person 0.011976983 139 516 150 539
person 0.011974049 0 407 4 439
person 0.01195832 49 599 65 659
person 0.011929565 83 25 101 53
person 0.011928193 521 -91 538 -55
person 0.011906392 26 -70 62 16
person 0.011899152 143 501 150 525
person 0.011896343 90 135 103 150
person 0.01189558 85 -160 99 -116
person 0.011895322 175 126 188 140
person 0.011894785 22 3 65 81
person 0.011893137 779 13 792 28
person 0.011889607 688 -77 754 47
person 0.011879102 312 140 397 249
person 0.011866488 769 56 795 93
person 0.0118549755 515 116 525 132
person 0.011851736 0 558 4 592
person 0.011834013 520 -118 537 -78
person 0.011829162 654 97 665 110
person 0.0117824115 32 271 47 287
person 0.01175613 107 -162 118 -121
person 0.01175161 748 16 755 27
person 0.011740909 65 575 119 710
person 0.011739017 0 487 6 564
person 0.011736949 673 468 687 491
person 0.01173452 825 104 833 114
person 0.011709409 839 361 854 382
person 0.011707775 828 16 835 29
person 0.011693483 818 -92 834 -55
person 0.011692431 782 130 791 148
person 0.011677293 308 480 324 498
person 0.01165802 850 65 862 82
person 0.011654313 0 260 6 283
person 0.011652121 449 85 530 189
person 0.0116416365 475 -162 491 -120
person 0.011634946 0 642 4 680
person 0.01162925 778 -155 793 -112
person 0.0116273975 485 9 537 81
person 0.011619312 214 386 234 403
person 0.0116053615 276 591 295 644
person 0.011600555 841 430 889 586
person 0.011600259 737 2 784 81
person 0.011593552 610 511 628 563
person 0.011587068 516 52 545 88
person 0.011572076 441 427 454 450
person 0.011567333 207 74 287 189
person 0.011564908 875 344 879 371
person 0.0115620075 612 131 622 150
person 0.011530035 404 551 420 592
person 0.011518704 35 -51 52 -9
person 0.011517695 186 145 201 162
person 0.011508762 255 363 273 380
person 0.011504477 270 349 278 366
person 0.011490452 613 -177 623 -150
person 0.011488448 414 421 466 576
person 0.011484809 174 -87 192 -47
person 0.011468391 371 207 402 248
person 0.011464581 175 591 194 644
person 0.011450268 368 114 380 126
person 0.0114461295 632 -178 639 -149
person 0.011439419 424 430 438 454
person 0.011435064 563 355 570 369
person 0.011434088 743 208 774 249
person 0.011417619 358 516 369 539
person 0.011413744 -4 279 7 299
person 0.011401897 486 -118 503 -77
person 0.011385949 709 145 727 163
person 0.011385113 449 -95 467 -58
person 0.011375541 870 210 882 232
person 0.011370309 0 474 4 508
person 0.011369242 228 -107 268 -20
person 0.0113687655 126 574 185 704
person 0.011362261 143 -88 161 -47
person 0.011351387 407 259 423 280
person 0.011343181 740 -78 808 43
person 0.011342785 232 265 249 280
person 0.011336312 816 516 824 536
person 0.011336022 0 290 5 318
person 0.011334852 622 10 674 85
person 0.011330466 152 85 169 100
person 0.0113276355 76 -16 139 107
person 0.011318389 53 -191 64 -185
person 0.01131041 484 -93 502 -57
person 0.011309056 17 377 29 401
person 0.011305681 828 506 834 518
person 0.011297236 187 428 259 562
person 0.011293882 136 337 147 346
person 0.011292577 358 148 367 165
person 0.011286924 507 178 524 193
person 0.011267434 850 402 858 470
person 0.011244232 774 -97 804 -36
person 0.011213097 344 590 363 644
person 0.01120723 611 14 624 29
person 0.011207113 624 554 658 635
person 0.011187263 0 -117 4 -83
person 0.011185966 578 -33 598 -4
person 0.011184167 37 611 50 635
person 0.011182802 874 113 880 124
person 0.011179918 254 417 275 438
person 0.011172614 80 244 100 259
person 0.011166621 874 244 879 270
person 0.011164521 138 302 174 339
person 0.011155459 416 -95 434 -58
person 0.011152793 643 599 657 621
person 0.011151256 782 489 792 538
person 0.011150683 700 -179 706 -150
person 0.01114405 560 -190 571 -184
person 0.011130392 479 19 486 30
person 0.011129336 696 13 709 28
person 0.011127778 121 361 139 379
person 0.011126509 101 600 115 622
person 0.011126231 683 36 692 46
person 0.011116607 524 600 540 659
person 0.011106637 595 13 607 29
person 0.011097092 794 485 801 499
person 0.011087887 481 130 493 143
person 0.011076584 477 17 489 31
person 0.011065871 539 549 557 601
person 0.01105645 805 220 828 253
person 0.011053042 752 566 787 655
person 0.011045523 4 240 13 264
person 0.011034251 738 578 795 700
person 0.011032851 -1 198 5 208
person 0.011032071 731 15 738 27
person 0.011031167 462 332 470 357
person 0.0110227885 691 482 706 534
person 0.011018991 813 -2 822 10
person 0.011017764 259 -77 320 47
person 0.011012823 466 213 495 255
person 0.011011078 264 250 362 369
person 0.011010657 874 453 880 463
person 0.011010554 547 -33 567 -5
person 0.01099479 714 15 722 27
person 0.010994635 655 437 669 459
person 0.010981203 487 131 498 144
person 0.010975539 451 -118 469 -78
person 0.010965166 0 384 6 468
person 0.010959199 851 -36 861 2
person 0.010955448 762 13 775 28
person 0.0109508345 691 563 724 658
person 0.010950639 324 69 337 84
person 0.010948098 874 470 879 481
person 0.01093884 310 518 318 540
person 0.01092272 760 473 769 505
person 0.010915422 212 394 235 413
person 0.01091452 1 223 9 248
person 0.010901041 442 -162 457 -120
person 0.010898569 169 322 182 330
person 0.010892947 556 -54 588 2
person 0.010881317 310 591 329 643
person 0.010878998 814 -117 830 -78
person 0.010869775 861 273 870 338
person 0.010864102 81 216 99 231
person 0.010855528 408 -190 419 -184
person 0.010854928 556 555 588 636
person 0.010850705 838 400 854 418
person 0.010850464 202 368 213 377
person 0.010848684 171 -190 182 -184
person 0.010847768 92 151 125 187
person 0.010847046 154 -190 165 -184
person 0.0108462125 205 -190 216 -184
person 0.010845977 222 -190 233 -184
person 0.010845747 188 -190 199 -184
person 0.010844653 238 -190 250 -184
person 0.010840336 55 -157 64 -112
person 0.010840111 255 -190 267 -184
person 0.010838025 391 -190 402 -184
person 0.010836885 875 628 879 662
person 0.01083617 272 -190 284 -184
person 0.010832924 289 -190 301 -184
person 0.010832323 323 -190 334 -184
person 0.0108320005 340 -190 351 -184
person 0.010831111 306 -190 317 -184
person 0.010828593 874 -179 879 -149
person 0.01082491 357 -190 368 -184
person 0.010821164 112 275 148 314
person 0.010820326 455 164 470 181
person 0.010815948 255 66 269 81
person 0.010815065 374 -190 385 -184
person 0.01081227 424 -190 436 -184
person 0.0108072795 0 575 4 609
person 0.010804084 117 328 136 344
person 0.010794522 0 -29 4 3
person 0.010794013 141 590 160 644
person 0.010781033 133 50 208 172
person 0.010774093 602 251 681 388
person 0.010768316 733 -179 740 -150
person 0.010753844 237 60 247 76
person 0.010753454 82 248 109 277
person 0.01075217 137 -190 148 -184
person 0.010751165 290 444 311 465
person 0.010742994 270 163 287 180
person 0.0107374005 783 -177 790 -149
person 0.010731812 491 -54 524 2
person 0.010730859 441 -190 453 -184
person 0.010722443 458 -190 470 -184
person 0.01071667 350 550 386 633
person 0.0107132625 0 417 6 503
person 0.010701348 134 -125 151 -84
person 0.010684262 0 592 4 626
person 0.010678952 543 15 556 31
person 0.010675628 543 -190 554 -184
person 0.010666018 172 88 194 111
person 0.0106644025 610 584 622 605
person 0.01065617 0 356 5 387
person 0.010650134 702 474 709 502
person 0.010647215 200 -8 270 111
person 0.010638966 162 266 184 283
person 0.010633668 134 103 144 114
person 0.010625834 71 164 87 182
person 0.010620653 475 -190 487 -184
person 0.010620121 340 329 355 349
person 0.010619174 241 518 250 538
person 0.010615982 593 584 606 606
person 0.010615778 627 97 636 112
person 0.010615388 417 -119 435 -78
person 0.010606746 223 516 234 540
person 0.010603065 0 323 5 352
person 0.010600368 268 462 290 484
person 0.010590586 369 417 386 439
person 0.010587473 573 549 591 600
person 0.010570957 408 -163 423 -120
person 0.010565138 112 411 135 432
person 0.010559049 609 -126 621 -104
person 0.010557749 629 -103 659 -42
person 0.01055626 749 -162 761 -122
person 0.010543697 53 251 65 260
person 0.010540449 683 -11 756 110
person 0.0105375545 734 480 741 510
person 0.010532872 220 600 236 658
person 0.010518475 0 42 4 69
person 0.010493829 716 -179 723 -150
person 0.010484693 120 -190 131 -184
person 0.010483021 274 517 285 540
person 0.010479821 492 -190 503 -184
person 0.010477922 458 80 470 91
person 0.010474027 44 419 72 498
person 0.010462386 742 363 757 384
person 0.010457834 660 599 674 621
person 0.010457282 258 519 267 538
person 0.010447699 597 -177 607 -150
person 0.010445791 339 491 349 503
person 0.01044108 495 338 502 354
person 0.010431541 724 311 739 335
person 0.0104253115 593 95 607 107
person 0.010419828 803 99 850 170
person 0.010416106 68 50 139 171
person 0.010410736 254 600 270 658
person 0.010401003 830 487 841 497
person 0.010393893 200 377 222 395
person 0.010391584 49 166 66 185
person 0.010391251 18 647 30 673
person 0.010390609 291 490 301 501
person 0.0103882365 287 600 304 658
person 0.010386613 526 -190 537 -184
person 0.010386089 108 590 126 644
person 0.010379108 210 551 249 630
person 0.010354989 204 552 216 589
person 0.01033553 381 -93 399 -56
person 0.010320348 385 58 413 94
person 0.010315449 441 552 452 590
person 0.010312353 191 574 251 700
person 0.010308163 542 73 625 190
person 0.010303082 450 252 524 383
person 0.010302499 577 210 661 321
person 0.010297346 381 -119 399 -79
person 0.010293882 0 525 6 593
person 0.010290244 404 -5 420 11
person 0.010286156 422 276 438 300
person 0.010278785 873 513 879 542
person 0.010274827 726 361 744 383
person 0.010271486 374 585 386 607
person 0.010252042 509 -190 520 -184
person 0.010246232 803 233 829 279
person 0.010246078 419 553 451 636
person 0.010244641 391 585 403 607
person 0.010244182 700 34 708 44
person 0.010212616 37 595 49 620
person 0.010212294 871 246 882 268
person 0.010193888 874 437 880 447
person 0.010180276 328 -77 391 46
person 0.010173677 357 585 369 607
person 0.01016816 32 159 48 178
person 0.010159515 306 -120 324 -79
person 0.010159079 871 468 883 487
person 0.010157679 408 585 420 607
person 0.010157472 1 243 17 263
person 0.010153705 120 126 136 141
person 0.010153499 346 72 354 81
person 0.01014798 526 612 541 635
person 0.01014617 560 612 575 635
person 0.010143829 289 613 304 635
person 0.01014178 865 -128 881 -75
person 0.010140602 186 600 202 658
person 0.01013962 -3 597 7 620
person 0.010137415 306 613 321 635
person 0.010133768 682 -165 694 -125
person 0.0101322625 714 31 727 47
person 0.0101233525 272 613 287 635
person 0.010120657 543 612 558 635
person 0.010118551 698 15 706 27
person 0.010117347 323 613 338 635
person 0.010115575 137 310 159 328
person 0.010107257 101 97 119 115
person 0.010087514 873 197 878 209
person 0.01008651 411 414 426 438
person 0.010084026 0 390 4 421
person 0.010083916 239 612 254 635
person 0.010083406 49 82 69 106
person 0.010083069 255 612 270 635
person 0.010082341 226 38 255 77
person 0.010079209 756 95 767 114
person 0.010074192 409 -8 484 110
person 0.010070597 375 -163 389 -121
person 0.01006165 492 612 507 635
person 0.010061492 676 599 691 621
person 0.01005778 509 612 524 635
person 0.010048283 862 81 884 123
person 0.010046396 340 612 355 635
person 0.010045206 376 34 390 48
person 0.010043712 709 164 725 182
person 0.010040831 222 612 237 635
person 0.010039613 874 612 880 644
person 0.010034671 114 321 132 336
person 0.010029612 62 420 76 438
person 0.010023686 425 585 437 607
person 0.010021558 629 148 638 165
person 0.010008755 205 612 220 635
person 0.010007376 103 -190 115 -184
person 0.010000268 188 612 203 635
