person 0.7191781 953 102 970 122
person 0.7160565 365 108 384 132
person 0.7090243 209 136 228 163
person 0.70655596 352 78 369 100
person 0.69560796 140 308 179 362
person 0.6929054 416 105 434 131
person 0.6915148 506 79 522 100
person 0.6841596 581 103 598 129
person 0.6738998 255 217 286 257
person 0.645893 151 99 167 124
person 0.643757 861 107 878 129
person 0.63700277 681 150 706 185
person 0.6327753 1000 118 1018 139
person 0.62697697 701 100 719 124
person 0.6247733 649 245 679 287
person 0.62349826 607 84 623 109
person 0.6195949 1048 140 1066 165
person 0.6186618 1071 149 1089 175
person 0.6183397 187 70 203 94
person 0.6160312 832 171 856 205
person 0.61112976 44 122 61 147
person 0.6096008 290 148 310 176
person 0.6089343 203 85 218 110
person 0.5949417 676 77 692 99
person 0.57639664 563 136 584 164
person 0.56312096 745 121 763 146
person 0.5574853 47 107 64 130
person 0.5523141 464 84 481 106
person 0.550829 271 169 296 203
person 0.5494322 257 56 269 76
person 0.5441357 77 257 107 301
person 0.5387606 302 60 318 80
person 0.5358094 439 36 455 56
person 0.532826 530 36 542 54
person 0.53207153 625 48 636 67
person 0.521402 758 42 774 67
person 0.5037194 665 34 676 52
person 0.4794437 872 139 890 164
person 0.45655152 962 192 983 221
person 0.45003667 58 208 84 243
person 0.440282 1140 176 1160 202
person 0.43912095 489 37 505 57
person 0.43528402 591 55 602 75
person 0.42735302 569 77 584 97
person 0.41640112 725 66 740 87
person 0.3929094 561 58 576 78
person 0.3805101 802 68 819 91
person 0.3293097 715 42 726 61
person 0.27194205 225 99 241 122
person 0.26745936 590 30 601 48
person 0.16946843 873 86 891 108
person 0.15520547 274 114 291 137
person 0.14053957 1138 192 1158 219
person 0.108495355 1135 178 1161 212
person 0.10648487 301 62 312 82
person 0.10490946 344 90 362 112
person 0.07349815 678 153 698 182
person 0.06570918 733 57 745 77
person 0.06443031 867 91 884 112
person 0.06439778 704 46 716 65
person 0.059586354 622 52 638 72
person 0.056702495 492 39 502 54
person 0.04943645 889 73 906 91
person 0.04315088 442 38 452 53
person 0.04311257 255 59 265 80
person 0.04297215 588 28 597 42
person 0.039552562 651 36 664 55
person 0.038456324 567 59 576 75
person 0.038341623 206 90 223 115
person 0.033274524 558 143 579 170
person 0.028630724 791 77 809 98
person 0.027041469 203 138 221 163
person 0.023647917 749 48 762 67
person 0.022426607 748 117 761 139
person 0.021688776 585 25 601 45
person 0.019961007 56 221 96 282
person 0.01626808 753 112 771 137
person 0.015634995 305 62 315 76
person 0.015201464 26 156 46 182
person 0.014658399 876 85 888 103
person 0.014117328 761 45 771 60
person 0.013486389 592 29 600 43
person 0.01226462 403 93 422 115
person 0.011325831 676 69 690 92
person 0.010960833 702 94 715 117
person 0.010656758 806 70 816 86
person 0.010608558 625 54 635 70
