person 0.6964566 230 141 254 174
person 0.66834104 627 116 650 146
person 0.667002 323 94 345 123
person 0.6096864 503 68 517 87
person 0.5693719 645 53 659 72
person 0.5666715 482 112 504 140
person 0.48971325 567 60 581 76
person 0.44386747 432 97 455 124
person 0.18943217 435 87 452 106
person 0.16673513 907 323 958 430
person 0.16625834 570 62 578 73
person 0.15774073 564 55 585 81
person 0.13183711 642 49 662 76
person 0.13017195 314 128 339 158
person 0.12734206 400 156 424 186
person 0.127097 647 59 657 76
person 0.12249531 475 75 489 91
person 0.12091902 612 28 625 44
person 0.11495555 227 126 262 184
person 0.11249367 648 55 657 66
person 0.107863195 894 326 956 499
person 0.10560012 487 102 511 130
person 0.10471274 915 254 965 347
person 0.1041316 648 102 670 129
person 0.10365768 63 250 76 277
person 0.10071525 269 237 306 281
person 0.100499704 985 577 994 636
person 0.098405145 257 162 285 194
person 0.09383352 564 56 578 72
person 0.09152253 122 229 154 277
person 0.090773754 0 249 9 331
person 0.08917525 351 127 377 158
person 0.08660758 239 325 298 406
person 0.08659804 623 103 647 131
person 0.08518514 134 219 156 249
person 0.083464466 428 93 459 132
person 0.0828979 644 119 668 147
person 0.082719505 225 301 307 438
person 0.08168598 984 172 994 215
person 0.07954975 985 192 994 247
person 0.07867986 517 68 533 85
person 0.0753673 307 157 347 211
person 0.074982874 505 69 515 81
person 0.07469884 607 54 622 70
person 0.0742452 537 70 553 87
person 0.07365436 567 63 575 74
person 0.072537504 432 118 456 145
person 0.07120287 239 142 279 197
person 0.07059663 614 30 622 42
person 0.07054809 640 54 654 72
person 0.07030395 571 104 595 130
person 0.06931302 476 80 494 100
person 0.06904796 0 287 7 362
person 0.06876266 600 279 638 340
person 0.068538524 904 444 974 590
person 0.06765326 457 105 474 126
person 0.06639441 779 349 848 499
person 0.06637817 617 122 636 147
person 0.06601646 429 101 445 122
person 0.065429166 621 107 655 166
person 0.065271884 685 90 699 110
person 0.06457687 396 133 422 162
person 0.06281002 789 371 838 473
person 0.06236238 547 90 572 116
person 0.061859533 51 267 64 294
person 0.06130654 816 358 881 507
person 0.061159886 634 48 655 75
person 0.0609762 634 62 650 80
person 0.06026659 932 188 953 226
person 0.060266133 617 69 633 86
person 0.0596745 495 88 511 107
person 0.05874632 476 104 512 161
person 0.058454063 573 122 599 152
person 0.058009442 314 99 330 121
person 0.05748864 683 88 707 116
person 0.057342038 650 117 669 140
person 0.057108678 313 164 341 197
person 0.05703969 622 151 648 183
person 0.056859177 313 78 348 138
person 0.056747273 272 122 299 151
person 0.05650663 606 322 654 414
person 0.056214865 493 157 518 186
person 0.055585023 610 56 620 67
person 0.055575714 171 109 185 125
person 0.055353783 146 289 181 333
person 0.055013567 -4 -219 9 -197
person 0.054744985 320 123 338 147
person 0.054681715 905 232 976 372
person 0.054651994 934 161 955 196
person 0.054500613 640 152 664 182
person 0.054393962 984 -218 993 -173
person 0.05437772 984 538 992 601
person 0.05424547 357 479 370 506
person 0.05410737 124 270 155 317
person 0.05394041 985 618 993 669
person 0.053298075 46 257 67 316
person 0.05321537 645 144 663 164
person 0.053196624 254 223 312 295
person 0.05180671 931 220 958 272
person 0.051111035 924 -73 949 17
person 0.0508587 -3 162 21 240
person 0.05067488 534 83 551 102
person 0.05065766 929 192 956 242
person 0.05054073 988 83 994 111
person 0.04958286 566 58 576 69
person 0.049554255 698 307 734 375
person 0.049445458 345 106 362 128
person 0.04937737 539 123 565 152
person 0.049206365 132 274 191 346
person 0.048795015 266 192 296 225
person 0.048327476 0 -222 6 -196
person 0.04728673 -3 -211 17 -122
person 0.047084358 394 168 434 221
person 0.047083456 174 109 182 122
person 0.04705796 -3 -219 8 -212
person 0.04696562 594 66 611 83
person 0.046726476 776 333 830 426
person 0.046674922 344 96 370 123
person 0.046389755 554 86 571 105
person 0.046053987 395 95 420 121
person 0.045787405 321 46 343 74
person 0.04561268 161 218 188 248
person 0.04542391 340 120 357 143
person 0.045288995 577 262 629 342
person 0.04517879 573 85 590 104
person 0.044852387 982 266 992 339
person 0.044778638 11 211 26 291
person 0.044182453 205 161 230 190
person 0.04383271 985 303 993 377
person 0.043478172 234 148 249 179
person 0.04340417 -1 245 5 282
person 0.04326832 177 97 186 108
person 0.042992827 599 54 614 70
person 0.04282587 484 292 535 373
person 0.04216473 985 219 994 282
person 0.041553285 519 88 536 106
person 0.04132948 426 90 444 109
person 0.04101658 50 261 61 287
person 0.041013464 496 144 514 165
person 0.04097542 468 68 490 94
person 0.04060526 159 225 195 267
person 0.039832037 984 122 994 161
person 0.039704923 311 122 329 145
person 0.03949914 168 102 189 128
person 0.03941694 625 144 662 200
person 0.03941099 402 33 415 50
person 0.039365225 649 83 665 104
person 0.039220847 713 69 728 87
person 0.039088994 726 357 771 459
person 0.038537845 701 127 725 156
person 0.03846743 983 -219 994 -212
person 0.038408104 977 197 997 255
person 0.038360443 463 73 479 90
person 0.038331367 758 72 773 89
person 0.03817731 642 56 652 68
person 0.038176112 617 104 634 126
person 0.038141243 31 394 72 510
person 0.038090125 988 177 994 209
person 0.037751514 577 29 591 45
person 0.037510023 455 124 474 145
person 0.03745982 519 70 531 81
person 0.037390433 982 -220 996 -198
person 0.037277736 984 48 993 87
person 0.037207182 326 94 337 111
person 0.037179932 275 87 299 115
person 0.037097245 984 -184 993 -131
person 0.03689812 973 -198 998 -125
person 0.036771078 985 652 994 710
person 0.03671637 -1 265 4 302
person 0.03661434 988 99 994 127
person 0.03648396 672 63 687 82
person 0.036383335 625 146 644 167
person 0.036103927 819 331 869 432
person 0.03585643 457 84 475 103
person 0.035839662 468 154 495 186
person 0.035733707 205 197 232 227
person 0.035456967 397 26 417 55
person 0.03544614 237 90 261 115
person 0.03543328 438 101 449 119
person 0.035293933 807 168 842 226
person 0.035267245 595 297 662 435
person 0.03525592 645 154 661 175
person 0.03519053 617 91 632 110
person 0.03515012 396 91 413 110
person 0.03503827 353 45 376 72
person 0.03470317 15 248 26 276
person 0.034634724 0 -224 8 -175
person 0.034426965 39 419 54 446
person 0.03438656 410 179 435 209
person 0.034187805 983 86 994 123
person 0.034136955 53 284 68 312
person 0.034075417 312 256 374 327
person 0.033987753 129 271 152 295
person 0.03397372 609 142 628 163
person 0.033816263 619 69 630 81
person 0.033784367 976 221 996 281
person 0.03357985 -2 -146 14 -35
person 0.033412218 261 269 302 312
person 0.033369415 251 162 271 184
person 0.033348005 -3 140 10 163
person 0.03332856 921 -205 934 -168
person 0.033061292 985 85 997 109
person 0.033060413 18 267 29 296
person 0.03297889 692 68 707 86
person 0.032873835 477 77 487 87
person 0.032707233 41 -219 56 -204
person 0.032603398 37 414 90 563
person 0.032531 916 648 943 728
person 0.032526948 472 155 512 211
person 0.032354716 403 109 421 129
person 0.032242883 270 62 292 89
person 0.031976152 23 -219 36 -213
person 0.031958003 988 120 993 149
person 0.031863652 0 143 9 199
person 0.03170986 56 -76 79 19
person 0.03166026 36 407 49 434
person 0.031621337 123 274 200 412
person 0.031328466 922 274 952 328
person 0.03131656 148 294 174 315
person 0.031215519 328 97 339 117
person 0.03118731 116 247 166 330
person 0.031096919 520 54 535 70
person 0.031078462 52 658 71 721
person 0.031052291 697 156 734 212
person 0.030925661 475 226 515 287
person 0.030891111 23 -219 38 -204
person 0.030841058 727 88 750 115
person 0.030625844 -1 228 5 263
person 0.03050508 59 237 73 263
person 0.030447494 690 104 706 126
person 0.03033332 -4 119 9 142
person 0.030249866 733 123 758 152
person 0.030149667 126 249 146 272
person 0.030085757 547 157 586 212
person 0.0300128 676 53 690 70
person 0.029818598 53 210 65 237
person 0.029656634 535 105 552 125
person 0.029637722 78 -82 117 40
person 0.029590469 542 663 563 723
person 0.029541014 972 -128 996 -37
person 0.029524414 425 121 443 142
person 0.029446378 169 124 191 149
person 0.029368695 441 73 458 90
person 0.029226856 144 297 183 359
person 0.029112002 711 81 726 100
person 0.029034762 542 159 570 189
person 0.029001972 123 286 152 310
person 0.02891982 701 157 726 188
person 0.02888979 591 83 607 102
person 0.028789422 256 309 287 327
person 0.02877643 292 266 326 310
person 0.028736703 197 54 220 83
person 0.028731545 686 241 722 303
person 0.028669221 675 85 690 104
person 0.028664304 428 57 453 85
person 0.028573588 548 27 563 45
person 0.028562974 844 122 867 153
person 0.028507791 54 63 74 94
person 0.028481167 776 121 799 150
person 0.028476354 344 156 372 187
person 0.028446114 707 52 727 79
person 0.028429296 562 86 597 145
person 0.028403975 720 72 734 89
person 0.028402815 714 339 777 492
person 0.028364325 251 309 293 353
person 0.028308453 575 117 593 140
person 0.028290667 0 116 5 145
person 0.028287683 809 122 832 151
person 0.028257258 469 278 547 415
person 0.028250216 988 157 993 189
person 0.02801409 579 31 588 43
person 0.027917529 474 139 493 160
person 0.027789677 329 35 343 52
person 0.0277794 395 188 421 221
person 0.027761586 887 -209 901 -164
person 0.027689006 977 168 997 221
person 0.027664714 816 163 839 197
person 0.027645584 504 663 525 723
person 0.027559258 733 664 755 722
person 0.027530385 761 311 843 448
person 0.02752151 396 46 419 72
person 0.027402192 840 157 864 191
person 0.027371105 804 -219 816 -212
person 0.02736458 151 -85 190 47
person 0.027345514 823 -219 835 -212
person 0.027194286 760 162 784 196
person 0.027188653 724 82 740 101
person 0.02713952 560 48 589 90
person 0.027124222 656 663 678 723
person 0.02709633 32 242 77 337
person 0.027057493 177 70 211 131
person 0.026998088 504 572 515 622
person 0.026991123 954 -219 966 -213
person 0.026958395 41 -219 54 -213
person 0.026921347 -2 157 11 181
person 0.026918469 855 679 885 760
person 0.026867824 596 67 608 78
person 0.02683814 791 567 798 583
person 0.02683044 203 132 228 157
person 0.026796915 66 375 79 401
person 0.026725482 618 663 639 723
person 0.026713297 818 189 839 222
person 0.026675358 351 568 363 615
person 0.026653552 771 664 793 722
person 0.026613483 131 307 162 356
person 0.026544357 240 343 321 498
person 0.026533535 895 18 909 57
person 0.026530253 810 565 816 581
person 0.026496615 238 209 323 349
person 0.02647499 20 220 87 357
person 0.026464447 785 -219 797 -212
person 0.026462197 780 87 802 115
person 0.026434947 580 663 601 723
person 0.026345666 694 664 716 722
person 0.02633899 242 145 261 167
person 0.026289206 809 664 831 722
person 0.02625685 -1 284 5 321
person 0.026060795 692 -206 717 -129
person 0.025967391 0 137 6 166
person 0.025961015 579 566 592 624
person 0.025694488 678 279 749 434
person 0.025675455 519 103 536 123
person 0.025652928 987 194 994 227
person 0.025620822 240 60 263 87
person 0.02561022 541 564 555 623
person 0.02560236 842 -219 854 -212
person 0.025587508 579 18 587 29
person 0.025520707 160 166 186 192
person 0.025469273 0 126 8 175
person 0.025464823 578 159 605 188
person 0.025450407 457 142 476 163
person 0.025418725 967 82 995 151
person 0.025407735 985 102 997 126
person 0.025140703 438 89 449 99
person 0.025100889 728 160 752 191
person 0.025070246 896 125 918 155
person 0.025058322 588 122 606 144
person 0.02503866 785 -220 799 -199
person 0.025020914 639 120 671 163
person 0.024948593 933 127 955 157
person 0.024910232 805 -220 818 -198
person 0.024836797 856 -214 871 -164
person 0.024784971 553 101 571 120
person 0.024653671 970 273 992 333
person 0.024516232 0 0 5 31
person 0.0244897 465 663 487 723
person 0.024480755 766 -220 780 -200
person 0.024461385 824 -220 837 -198
person 0.024404503 121 196 160 256
person 0.024339234 609 22 628 52
person 0.02431691 630 84 647 103
person 0.024291774 752 70 767 88
person 0.024198785 763 82 779 101
person 0.024168957 539 53 555 69
person 0.024134459 488 110 498 129
person 0.024134021 236 570 248 620
person 0.024115145 275 79 289 96
person 0.024101907 984 13 992 65
person 0.024086703 504 54 518 71
person 0.024051784 307 184 341 228
person 0.02404267 1 175 10 239
person 0.02391273 938 172 951 198
person 0.023831887 766 -219 778 -212
person 0.023804177 947 416 973 469
person 0.023788642 184 240 223 283
person 0.02371691 0 323 7 401
person 0.023677625 953 -219 968 -204
person 0.023655005 638 42 665 86
person 0.023653105 988 63 994 90
person 0.023626728 775 687 805 770
person 0.02357599 413 191 439 223
person 0.023571994 358 137 375 159
person 0.023516951 988 136 993 166
person 0.023503138 944 452 969 507
person 0.023480127 192 90 217 115
person 0.023389177 636 64 647 76
person 0.023367254 427 663 448 723
person 0.023287814 894 157 917 191
person 0.02320963 -9 313 25 430
person 0.023181405 0 -210 7 -138
person 0.023169214 668 105 684 126
person 0.02316785 922 664 939 710
person 0.023125123 816 85 839 113
person 0.02312175 843 -220 856 -199
person 0.02300782 102 241 118 264
person 0.02299901 930 165 958 213
person 0.02295 887 -65 912 19
person 0.02283607 804 81 819 100
person 0.022830324 628 155 648 175
person 0.022821339 748 87 764 105
person 0.022807669 415 184 433 203
person 0.022806723 746 -220 760 -201
person 0.022790296 512 125 530 146
person 0.022750057 120 288 139 312
person 0.022739088 275 450 289 461
person 0.022735037 537 542 549 603
person 0.022733292 824 82 839 100
person 0.022671971 0 207 8 244
person 0.022646239 693 49 708 66
person 0.02258597 806 705 826 771
person 0.022581285 215 295 234 313
person 0.022566725 961 343 972 408
person 0.022520598 354 474 372 517
person 0.022513231 -3 175 12 199
person 0.022486197 351 663 372 723
person 0.022478502 231 193 260 224
person 0.022473747 253 310 275 330
person 0.022452416 482 99 515 140
person 0.02243431 37 155 53 178
person 0.02243424 651 297 675 355
person 0.022428285 769 -217 795 -145
person 0.022411464 275 570 287 619
person 0.022399217 984 197 996 224
person 0.022386275 768 221 804 282
person 0.022364523 861 -219 873 -212
person 0.022299837 968 -7 993 77
person 0.022271177 984 122 997 147
person 0.022241946 274 663 295 723
person 0.02220199 613 566 632 628
person 0.0221163 165 301 187 318
person 0.022090102 389 567 401 619
person 0.022041027 768 705 788 771
person 0.022024997 312 138 330 162
person 0.022023277 311 92 326 111
person 0.021970164 844 705 865 771
person 0.021963011 625 -204 651 -127
person 0.021956354 1 188 9 221
person 0.021869326 341 -200 367 -126
person 0.021864757 79 298 94 322
person 0.0218371 389 663 410 723
person 0.02182031 -4 2 8 27
person 0.021737596 592 346 612 372
person 0.021671755 473 191 499 223
person 0.021618648 922 -173 934 -132
person 0.021584503 937 -220 952 -204
person 0.021455968 427 571 439 619
person 0.021445725 694 70 704 81
person 0.02143735 855 87 877 115
person 0.021389818 64 423 79 450
person 0.0213485 665 125 682 147
person 0.02131365 730 705 750 771
person 0.02130954 965 382 975 453
person 0.021308402 949 349 974 402
person 0.021305583 264 -203 291 -130
person 0.021299247 400 182 421 204
person 0.02125003 158 158 198 215
person 0.021205561 314 569 326 617
person 0.02119111 937 -219 949 -213
person 0.02116921 861 -220 875 -200
person 0.021165034 771 570 778 585
person 0.02116349 283 103 299 123
person 0.021159168 54 438 69 464
person 0.021141207 -4 250 8 276
person 0.0211142 787 84 803 103
person 0.021105185 108 242 126 265
person 0.021039722 975 310 995 369
person 0.021024808 727 -220 741 -202
person 0.020976929 496 58 526 99
person 0.020957753 486 116 497 135
person 0.020944275 427 73 443 90
person 0.020940097 643 96 674 138
person 0.02093995 860 20 873 54
person 0.020851305 989 521 994 552
person 0.0208409 746 -219 758 -212
person 0.020840691 691 705 712 771
person 0.020815428 211 427 227 440
person 0.020750718 174 95 190 110
person 0.020739162 130 229 152 255
person 0.020730887 0 171 8 202
person 0.020721104 312 663 334 723
person 0.020719819 714 70 726 82
person 0.020593747 861 86 876 104
person 0.020589123 728 102 744 122
person 0.02054532 848 666 867 714
person 0.020512521 808 -140 828 -91
person 0.020409236 653 705 674 771
person 0.020395344 -14 143 40 276
person 0.020351345 884 45 905 76
person 0.020298563 620 339 645 400
person 0.020171626 803 -102 824 -64
person 0.020133918 434 139 453 160
person 0.020127336 615 705 635 771
person 0.02010744 887 665 905 713
person 0.020101719 783 674 802 738
person 0.020077875 761 75 770 85
person 0.020013638 213 282 232 299
person 0.020001791 331 274 361 321
person 0.019997405 821 674 840 738
person 0.01991993 708 91 742 151
person 0.019916248 673 480 718 581
person 0.019848889 93 674 119 771
person 0.019821888 988 536 993 570
person 0.019811712 123 168 147 194
person 0.019806579 577 705 597 771
person 0.019745553 866 157 902 215
person 0.019738624 884 578 893 605
person 0.01972619 984 746 990 788
person 0.019706711 533 123 550 145
person 0.019674975 37 203 50 229
person 0.019628048 169 -207 195 -133
person 0.019599369 26 332 38 359
person 0.019572847 745 674 764 738
person 0.019568667 350 371 364 390
person 0.019566078 150 283 171 300
person 0.019529646 118 129 142 153
person 0.01951443 41 209 52 235
person 0.019506108 466 95 518 175
person 0.019503258 657 367 680 423
person 0.01949351 841 84 857 102
person 0.019473363 -4 102 21 182
person 0.019426977 927 48 947 79
person 0.019377394 262 167 281 188
person 0.019353382 539 705 559 771
person 0.019329343 197 94 208 107
person 0.01929314 654 100 664 119
person 0.019214291 810 -217 826 -166
person 0.01914711 383 103 401 124
person 0.01912808 605 370 627 429
person 0.019114293 666 364 687 386
person 0.019081092 236 663 257 724
person 0.019038482 710 49 725 67
person 0.018946707 707 674 725 738
person 0.018946476 887 89 909 118
person 0.018936286 880 -220 894 -201
person 0.018853046 86 661 106 722
person 0.018801885 500 705 521 771
person 0.018758398 0 632 12 707
person 0.018747417 589 106 606 126
person 0.01874585 918 630 936 669
person 0.018732876 -5 520 23 670
person 0.018710287 985 -147 993 -91
person 0.018668571 787 104 803 123
person 0.018666737 795 84 828 144
person 0.018662043 -4 617 12 744
person 0.01863459 770 576 779 603
person 0.01863218 708 141 724 163
person 0.018610962 0 668 11 746
person 0.018607037 903 561 912 588
person 0.018594267 44 289 53 321
person 0.018589657 466 572 477 620
person 0.01857748 934 193 948 219
person 0.018525397 -3 289 7 316
person 0.018489953 522 56 533 67
person 0.01846806 0 -55 8 7
person 0.018435009 708 -220 722 -202
person 0.018425504 571 143 589 165
person 0.018416852 880 -219 892 -212
person 0.01841219 678 394 701 449
person 0.01840733 0 99 5 128
person 0.018382438 359 126 377 147
person 0.018374348 462 705 483 771
person 0.018372493 554 -204 579 -128
person 0.018372051 806 73 820 90
person 0.018334903 748 104 764 123
person 0.018311596 674 65 685 76
person 0.018301178 543 23 563 51
person 0.018275002 247 453 259 466
person 0.018273506 785 121 801 143
person 0.018271983 -2 193 13 218
person 0.018252753 786 73 800 90
person 0.018242894 263 297 287 312
person 0.018211924 72 465 89 491
person 0.018189438 514 144 532 164
person 0.018157464 47 -3 73 80
person 0.018132305 860 675 878 739
person 0.018129418 706 411 731 466
person 0.018113973 425 375 435 420
person 0.01808822 625 304 642 332
person 0.01808308 -4 102 9 125
person 0.018071143 369 401 382 424
person 0.018061101 669 674 687 738
person 0.01805607 417 143 436 162
person 0.018034713 97 -203 124 -127
person 0.01801694 -4 270 7 296
person 0.01800012 988 42 994 69
person 0.017999895 424 705 444 771
person 0.017990422 416 161 434 181
person 0.017939981 917 186 967 272
person 0.01789022 989 502 994 531
person 0.017781839 400 124 418 145
person 0.017781138 548 325 564 348
person 0.017765123 386 91 403 110
person 0.017764699 734 55 756 83
person 0.01775086 0 -193 5 -155
person 0.017749827 386 705 406 772
person 0.017737785 984 160 996 186
person 0.017732918 760 193 785 231
person 0.0177265 231 620 244 662
person 0.017718978 101 221 178 367
person 0.017714936 198 663 219 724
person 0.017705588 289 233 391 356
person 0.017669631 419 621 436 667
person 0.017662557 0 -212 5 -176
person 0.017627716 631 674 649 738
person 0.017613042 601 422 610 450
person 0.01759508 99 566 111 629
person 0.01758857 935 678 964 762
person 0.017566668 727 -219 740 -213
person 0.017563319 704 105 720 126
person 0.017531244 745 431 772 484
person 0.017523639 348 705 368 772
person 0.01750886 0 303 5 339
person 0.01747861 304 72 355 155
person 0.01747441 902 579 911 604
person 0.01742587 751 574 760 603
person 0.017382814 407 -200 433 -126
person 0.017368706 59 -45 77 0
person 0.017352242 325 675 341 698
person 0.017336102 612 98 661 181
person 0.017325154 66 254 73 269
person 0.017321518 920 88 942 116
person 0.017299633 48 207 66 245
person 0.01727487 703 120 720 142
person 0.017254481 306 675 322 698
person 0.017247012 765 104 781 123
person 0.017202124 309 705 330 772
person 0.017170101 90 638 112 748
person 0.017152013 205 159 223 181
person 0.017136963 533 618 551 665
person 0.017106552 -3 232 7 258
person 0.017103938 121 570 133 620
person 0.017091902 286 675 303 698
person 0.017053148 163 683 191 773
person 0.017045135 695 690 726 775
person 0.017033417 342 92 358 111
person 0.01703301 882 705 903 772
person 0.017023856 130 311 156 333
person 0.01698683 550 29 561 41
person 0.01698321 648 618 666 665
person 0.016942466 879 86 895 104
person 0.01692754 47 306 68 366
person 0.016925383 0 154 7 184
person 0.016924495 267 675 283 698
person 0.016897755 734 380 759 437
person 0.016896186 869 85 902 148
person 0.016885085 959 408 970 474
person 0.016879648 619 100 653 142
person 0.016861126 217 238 256 281
person 0.016843421 198 569 210 619
person 0.016833426 686 619 704 663
person 0.0168196 0 741 7 785
person 0.016796645 477 -201 504 -127
person 0.016783122 583 198 611 232
person 0.016776064 60 459 78 484
person 0.016770655 344 675 360 698
person 0.016740607 265 270 288 288
person 0.016721763 987 722 993 763
person 0.016705284 553 121 570 142
person 0.01669124 271 705 291 772
person 0.016688287 691 120 707 143
person 0.016681349 678 56 687 67
person 0.016636115 592 674 611 738
person 0.016629055 746 122 762 144
person 0.016626326 689 -220 704 -202
person 0.016609238 536 85 549 96
person 0.01660159 947 483 1008 653
person 0.016600456 873 -3 901 70
person 0.016587624 230 128 248 148
person 0.016570115 285 136 369 266
person 0.016550787 865 576 874 605
person 0.016530417 985 65 997 89
person 0.016510615 426 115 461 155
person 0.01650152 50 245 73 301
person 0.016468963 489 307 519 327
person 0.016462035 0 552 4 588
person 0.016446095 363 86 380 106
person 0.01643974 246 128 263 147
person 0.01643271 560 239 642 367
person 0.01642905 42 704 63 772
person 0.01642764 913 -93 964 57
person 0.016393771 461 -220 475 -201
person 0.016386654 480 -220 494 -201
person 0.016368449 194 -220 208 -201
person 0.016368318 442 -220 456 -201
person 0.016368126 518 -220 532 -201
person 0.016365716 385 -220 399 -201
person 0.016363636 213 -220 227 -201
person 0.016362716 308 -220 322 -201
person 0.016361557 404 -220 418 -201
person 0.01636154 289 -220 303 -201
person 0.01636137 232 -220 246 -201
person 0.01636088 365 -220 380 -201
person 0.016360765 327 -220 342 -201
person 0.016359944 251 -220 265 -201
person 0.016359592 270 -220 284 -201
person 0.01635897 537 -220 552 -201
person 0.016358456 499 -220 513 -201
person 0.016357167 346 -220 361 -201
person 0.016350938 883 591 895 633
person 0.016348943 157 705 177 772
person 0.016348483 174 -220 189 -201
person 0.016347442 423 -220 437 -201
person 0.016342612 248 675 264 698
person 0.016322097 159 663 181 723
person 0.016295291 405 34 412 47
person 0.016261848 233 705 253 772
person 0.016227229 422 516 436 544
person 0.016211372 556 -220 571 -201
person 0.016200783 851 190 874 225
person 0.016183099 596 32 611 49
person 0.016182149 155 -220 170 -201
person 0.016175427 767 121 783 143
person 0.016142912 211 143 228 165
person 0.016137505 987 -74 993 -39
person 0.016131986 76 420 90 444
person 0.016129822 828 564 834 581
person 0.016126417 195 705 215 772
person 0.016124208 810 560 818 588
person 0.016123135 268 124 303 165
person 0.016122144 732 -215 746 -165
person 0.016119897 822 72 837 90
person 0.01611214 363 674 379 698
person 0.016080234 451 204 535 357
person 0.016047705 842 104 858 123
person 0.01604372 540 354 550 367
person 0.016015932 119 705 139 772
person 0.016010003 228 278 269 320
person 0.016007103 16 235 27 264
person 0.015998237 520 373 528 391
person 0.0159693 688 91 697 104
person 0.015968574 546 27 555 44
person 0.015942132 745 141 761 164
person 0.015935723 962 -139 1000 -18
person 0.01593478 384 500 400 527
person 0.015922006 899 -220 913 -202
person 0.015899064 619 689 648 775
person 0.015893813 432 102 442 119
person 0.015877845 229 674 245 698
person 0.015871363 987 88 993 102
person 0.015842559 230 450 242 462
person 0.015840655 554 674 572 738
person 0.015839994 695 51 705 62
person 0.01583228 577 14 591 29
person 0.015831597 804 103 819 122
person 0.015831182 565 -82 606 50
person 0.015767222 347 138 364 161
person 0.015764106 211 449 224 462
person 0.01576012 106 73 140 138
person 0.015745621 920 705 940 771
person 0.01573943 115 255 209 360
person 0.015736954 270 618 283 660
person 0.015728235 612 321 677 494
person 0.015709871 575 -220 590 -201
person 0.015697042 555 476 569 502
person 0.015690831 136 -220 151 -201
person 0.01568879 984 139 996 165
person 0.015630115 415 192 435 213
person 0.015571787 617 304 635 332
person 0.015571663 210 674 226 698
person 0.015566087 541 56 552 67
person 0.01551277 287 91 303 109
person 0.01551194 918 585 934 632
person 0.015500448 757 395 783 449
person 0.015486327 666 144 683 164
person 0.015469194 28 400 39 428
person 0.015452712 191 674 207 698
person 0.01543844 773 -60 784 -25
person 0.015427622 579 16 600 48
person 0.015400103 866 -205 874 -173
person 0.015371632 62 -209 73 -166
person 0.0153693445 951 392 975 447
person 0.015364671 172 674 188 698
person 0.0153559875 860 102 876 121
person 0.015344608 339 195 367 228
person 0.015342388 987 230 993 264
person 0.015330196 19 368 31 396
person 0.015319619 166 60 188 89
person 0.015318835 702 -213 716 -165
person 0.015288878 382 674 398 698
person 0.015275796 663 -213 676 -166
person 0.015266423 362 103 379 124
person 0.01526565 723 75 732 85
person 0.015264813 594 -220 609 -201
person 0.01524837 410 339 422 361
person 0.015243179 237 688 267 777
person 0.015217207 724 619 743 663
person 0.01519278 327 28 346 58
person 0.015180563 854 48 875 78
person 0.015176629 54 22 72 57
person 0.015161363 17 348 29 376
person 0.01515678 609 155 627 175
person 0.015150886 847 562 853 581
person 0.015148896 818 15 832 48
person 0.0151472865 152 306 180 327
person 0.015122133 589 409 599 436
person 0.015099474 122 662 143 723
person 0.015088656 753 570 759 586
person 0.015045972 483 387 492 413
person 0.015040891 50 55 77 102
person 0.015012993 770 -217 784 -165
person 0.015006823 633 119 645 140
person 0.014995875 73 278 88 303
person 0.014985482 571 617 589 664
person 0.014963551 615 193 642 227
person 0.014960185 0 -175 5 -136
person 0.014959756 987 613 993 647
person 0.014946868 33 118 49 138
person 0.014943758 936 676 954 742
person 0.014942235 493 107 505 125
person 0.01493919 153 674 169 698
person 0.014924292 889 236 917 287
person 0.0149242 49 314 61 340
person 0.014918082 823 103 839 122
person 0.014914061 802 123 818 145
person 0.014906903 129 -215 143 -167
person 0.014905243 117 -220 131 -202
person 0.014905082 244 453 262 470
person 0.014873309 75 306 98 359
person 0.014870214 210 96 284 210
person 0.014850341 977 -220 996 -163
person 0.014849112 708 -219 720 -213
person 0.0148392385 843 157 858 181
person 0.014826173 23 313 31 343
person 0.01480807 516 674 534 739
person 0.014800308 112 -16 140 67
person 0.014798367 875 218 912 282
person 0.014796782 98 -210 110 -167
person 0.014782164 353 547 364 598
person 0.014781637 495 619 513 666
person 0.014771535 670 -220 685 -202
person 0.014766748 559 578 570 605
person 0.014757482 0 531 4 569
person 0.014736967 979 651 994 716
person 0.014731521 496 391 506 416
person 0.014697059 884 562 893 590
person 0.014682338 580 386 588 414
person 0.014678274 72 331 87 353
person 0.014669802 673 323 691 351
person 0.014644659 770 57 793 86
person 0.0146339135 898 -219 911 -213
person 0.014620422 0 78 5 109
person 0.014610445 347 562 365 624
person 0.014608289 846 558 855 587
person 0.014604178 765 179 781 204
person 0.014601331 60 -220 75 -203
person 0.014592544 306 -77 347 53
person 0.014582414 609 618 627 665
person 0.014580399 986 672 993 744
person 0.014571462 542 689 571 777
person 0.014560934 314 689 343 778
person 0.014557952 81 704 101 773
person 0.014553499 986 24 993 52
person 0.014545527 390 689 419 776
person 0.014541891 82 172 104 199
person 0.014463782 401 674 417 698
person 0.014439856 -3 -222 12 -157
person 0.014425904 172 355 189 366
person 0.014423681 217 121 299 255
person 0.014369647 271 446 293 467
person 0.014350129 228 468 246 488
person 0.014340844 176 371 189 382
person 0.0143398475 988 -57 994 -19
person 0.014336821 554 142 572 164
person 0.0143354265 379 162 397 183
person 0.014334895 494 295 514 317
person 0.0143255 754 73 764 84
person 0.014319152 987 -188 993 -153
person 0.01431029 456 74 532 208
person 0.0143100545 986 594 993 628
person 0.014302127 917 -219 930 -213
person 0.014299653 614 -220 628 -202
person 0.014298559 331 37 339 50
person 0.0142609915 98 -220 112 -202
person 0.014253512 882 104 897 123
person 0.014226979 731 574 740 603
person 0.014217579 586 278 611 335
person 0.014215775 824 158 840 182
person 0.014210636 650 308 669 337
person 0.014199741 874 192 898 230
person 0.014161577 477 674 494 698
person 0.014155581 654 30 667 48
person 0.014127892 656 569 669 623
person 0.014126572 729 141 745 163
person 0.014124611 989 484 994 512
person 0.014121597 497 674 513 698
person 0.014115126 420 674 436 698
person 0.014106256 556 88 569 99
person 0.0141009595 917 -220 932 -203
person 0.014085629 725 198 750 234
person 0.014085588 791 561 800 589
person 0.014077387 55 -108 73 -46
person 0.01405271 782 141 798 164
person 0.014045821 458 674 475 698
person 0.014031695 841 120 857 141
person 0.01402324 821 141 837 164
person 0.014007247 765 142 780 165
person 0.013992597 840 142 856 165
person 0.013988366 160 569 172 618
person 0.013968197 42 437 59 467
person 0.013947806 75 345 97 401
person 0.013944297 516 674 532 698
person 0.013935573 768 -142 788 -88
person 0.013923902 861 121 876 142
person 0.013923778 519 386 530 412
person 0.013919818 764 161 779 185
person 0.013916396 381 620 399 666
person 0.0139057385 772 -206 779 -173
person 0.01390445 439 674 455 698
person 0.013870456 727 120 743 141
person 0.013839581 821 123 837 144
person 0.013831805 205 372 225 390
person 0.013830057 -4 81 8 105
person 0.0138289565 0 -13 6 20
person 0.013770385 533 141 551 162
person 0.013767121 890 -187 904 -131
person 0.013750239 745 161 761 184
person 0.013725889 633 -220 647 -202
person 0.013725198 590 142 608 163
person 0.013721815 273 466 287 481
person 0.0137176085 688 674 704 698
person 0.013715816 264 125 282 146
person 0.013713828 652 -220 666 -202
person 0.0136997 134 674 150 698
person 0.01368839 514 23 535 52
person 0.013684391 707 674 723 698
person 0.013682217 867 419 941 571
person 0.013652114 810 -186 828 -128
person 0.013640967 901 141 916 165
person 0.01363894 317 100 327 117
person 0.013616603 988 212 994 246
person 0.013616064 478 674 496 739
person 0.013615706 171 278 193 297
person 0.013610103 23 383 36 412
person 0.013604791 81 46 102 77
person 0.013599724 578 577 587 602
person 0.013597472 466 689 495 777
person 0.013594678 37 158 57 190
person 0.013581058 157 352 171 363
person 0.013577883 535 674 551 698
person 0.013562839 846 70 860 87
person 0.013561582 883 631 902 672
person 0.013551327 934 228 956 255
person 0.01354799 726 674 742 698
person 0.0135273235 650 -69 665 -46
person 0.013521649 -3 -207 7 -181
person 0.013503465 98 618 115 666
person 0.013498353 621 289 644 346
person 0.013491668 669 674 685 698
person 0.0134788165 987 529 994 541
person 0.013471641 -1 145 16 209
person 0.013450439 193 620 206 663
person 0.013446586 346 619 359 662
person 0.013442463 41 -98 88 50
person 0.013416693 900 160 914 185
person 0.013401187 880 122 896 143
person 0.013392262 47 237 59 264
person 0.013380707 51 76 72 107
person 0.013363928 987 -93 993 -58
person 0.013342631 987 -150 993 -115
person 0.013307298 669 -69 683 -48
person 0.01329719 502 369 511 395
person 0.013294487 403 41 418 59
person 0.013292424 548 316 565 341
person 0.01328429 649 674 666 698
person 0.0132808285 694 574 707 622
person 0.013276536 987 576 993 609
person 0.013269423 382 516 401 545
person 0.013255938 570 291 586 319
person 0.0132486345 246 471 262 488
person 0.013229581 987 -170 993 -134
person 0.013210402 514 162 532 181
person 0.013207209 604 346 625 369
person 0.013189024 689 -219 702 -213
person 0.013184123 0 -156 5 -117
person 0.013176098 813 -58 826 -23
person 0.013168052 554 674 570 698
person 0.013162612 921 581 931 603
person 0.013155733 0 607 5 646
person 0.013143896 987 556 993 590
person 0.013141917 803 407 835 458
person 0.013138634 932 17 945 61
person 0.013132365 485 367 494 393
person 0.013121185 659 197 685 231
person 0.0131067075 863 69 878 87
person 0.013105923 745 673 761 698
person 0.013088771 630 674 646 698
person 0.013077954 -1 255 5 270
person 0.013066007 649 143 660 162
person 0.013060577 880 -78 918 38
person 0.013054182 0 -93 12 -18
person 0.01303323 959 519 1004 631
person 0.013024749 153 325 237 493
person 0.013017702 861 140 876 163
person 0.013009997 541 194 574 239
person 0.012998449 621 -213 635 -167
person 0.0129913 455 442 467 470
person 0.0129755335 389 487 402 514
person 0.012970233 573 673 589 698
person 0.012968311 736 441 811 573
person 0.012966845 920 101 935 121
person 0.012966664 0 -135 8 -60
person 0.012959658 0 40 5 71
person 0.012955677 611 674 627 698
person 0.012942701 713 577 722 604
person 0.0129378345 340 37 354 53
person 0.012924706 834 649 900 785
person 0.012913166 987 309 992 341
person 0.012887747 592 673 608 698
person 0.012887656 439 674 458 739
person 0.012865467 -4 43 8 67
person 0.012865183 499 -173 524 -89
person 0.012852998 122 286 174 382
person 0.012852998 -12 96 29 197
person 0.012846871 579 111 588 128
person 0.01284322 753 565 761 592
person 0.012841062 296 55 368 198
person 0.012826345 776 619 821 713
person 0.012774111 860 160 876 184
person 0.012762017 988 -39 993 0
person 0.01273314 941 315 956 328
person 0.012723726 979 681 994 755
person 0.012712116 250 341 291 387
person 0.012703639 934 250 957 274
person 0.012702706 847 -145 865 -98
person 0.012691218 978 615 995 674
person 0.012688279 467 25 489 52
person 0.0126794 0 -7 7 46
person 0.012672017 987 383 993 409
person 0.012660055 154 -87 169 -63
person 0.012646312 803 140 819 164
person 0.012624598 580 407 590 437
person 0.012617651 689 140 706 162
person 0.012610721 987 -131 993 -96
person 0.012605188 127 51 149 82
person 0.012596883 457 620 475 666
person 0.012596758 983 234 997 260
person 0.012580476 0 511 5 553
person 0.012578669 693 578 704 606
person 0.012561848 0 588 5 627
person 0.01255995 569 158 587 180
person 0.012555575 0 570 5 608
person 0.012545139 122 89 145 116
person 0.012538584 335 -177 360 -90
person 0.012535036 826 84 836 95
person 0.012521215 576 444 590 472
person 0.012511697 0 -170 12 -93
person 0.012504423 391 222 452 296
person 0.012491011 669 162 686 182
person 0.012489953 0 44 7 93
person 0.012484484 -3 -187 8 -161
person 0.012483208 23 285 31 318
person 0.012480623 900 125 915 145
person 0.012476103 879 160 894 185
person 0.012456567 227 616 247 675
person 0.01244858 191 273 234 315
person 0.012443728 594 331 611 354
person 0.012441975 752 -206 761 -173
person 0.012430632 980 585 995 628
person 0.012428402 401 674 420 739
person 0.012426208 897 101 912 121
person 0.012422967 135 -88 150 -63
person 0.012420077 688 161 706 183
person 0.012414024 0 590 8 665
person 0.012412406 940 579 950 602
person 0.012405785 162 309 189 327
person 0.012401631 863 88 873 99
person 0.012387431 764 673 780 697
person 0.012373683 573 -69 589 -47
person 0.012367355 260 421 282 440
person 0.01236311 -3 213 11 240
person 0.01235989 33 120 55 152
person 0.012358395 987 -112 993 -77
person 0.012346393 116 618 129 663
person 0.01232593 543 -22 608 136
person 0.012310325 810 52 832 82
person 0.0122976415 0 505 6 605
person 0.012296251 917 -212 937 -158
person 0.012292186 987 510 994 521
person 0.0122817 56 673 73 740
person 0.012279995 79 -220 93 -203
person 0.012278998 538 162 575 203
person 0.0122771785 0 417 5 455
person 0.012268599 412 77 464 158
person 0.012260023 984 216 997 242
person 0.012256558 295 240 332 285
person 0.0122546535 557 462 572 490
person 0.012251168 99 -187 110 -136
person 0.012251017 0 398 5 434
person 0.012232953 242 25 262 58
person 0.012220335 0 553 11 632
person 0.012187684 558 18 567 30
person 0.012176748 464 52 479 70
person 0.012158064 727 84 737 96
person 0.012157274 82 310 98 334
person 0.012133486 296 543 306 605
person 0.012108203 363 674 381 739
person 0.012103013 918 -179 936 -122
person 0.012101937 205 317 225 334
person 0.012100215 135 326 157 347
person 0.012093383 667 -70 683 -59
person 0.012087681 896 524 912 551
person 0.0120778065 847 -206 855 -173
person 0.012050464 0 -136 5 -98
person 0.0120476475 988 705 994 744
person 0.012037482 607 287 623 314
person 0.012031262 174 -87 188 -63
person 0.012021948 221 -83 261 54
person 0.012020198 985 43 996 68
person 0.0120113 206 482 224 505
person 0.011994816 184 273 205 292
person 0.011985315 129 230 146 269
person 0.011970326 757 199 788 246
person 0.011968488 27 161 42 184
person 0.011965472 673 577 685 605
person 0.01196218 477 82 491 93
person 0.011952294 726 177 743 201
person 0.011952129 921 -135 931 -91
person 0.01194793 190 351 206 361
person 0.011922272 524 30 538 48
person 0.011915959 382 123 400 143
person 0.011915285 51 261 58 278
person 0.011911149 880 141 895 164
person 0.011908383 657 556 665 583
person 0.011904602 664 352 687 410
person 0.011901473 204 347 228 367
person 0.011880647 89 -50 112 8
person 0.011879299 0 627 5 665
person 0.011875488 772 565 780 591
person 0.011864815 -3 28 9 52
person 0.011863447 705 628 740 740
person 0.011859752 806 84 817 95
person 0.011857344 506 57 516 68
person 0.011852082 503 -146 514 -107
person 0.0118376 259 313 286 320
person 0.0118315155 637 33 651 50
person 0.011822124 51 271 59 286
person 0.011813817 724 161 741 184
person 0.011811618 987 688 994 724
person 0.011790931 735 569 741 584
person 0.011783694 17 213 24 242
person 0.011767109 -4 308 7 334
person 0.011737895 791 -207 798 -173
person 0.011735252 789 576 798 601
person 0.011728605 78 362 97 388
person 0.011714652 465 76 476 86
person 0.011685781 285 123 302 144
person 0.011685457 81 128 104 155
person 0.011673931 670 -219 683 -213
person 0.011673337 250 300 269 317
person 0.01165076 155 620 168 662
person 0.011647822 210 465 229 486
person 0.011629782 986 3 992 35
person 0.0116249975 0 721 5 763
person 0.01162325 937 311 960 333
person 0.011608212 882 -208 911 -138
person 0.011606384 603 74 675 210
person 0.011601479 844 86 854 97
person 0.011601151 0 25 6 55
person 0.011598226 209 408 227 420
person 0.011594953 899 675 917 740
person 0.011589002 44 181 59 205
person 0.011580855 554 -69 570 -47
person 0.011562667 706 11 720 44
person 0.011561631 590 287 609 316
person 0.011553444 796 0 824 70
person 0.011543249 52 205 64 228
person 0.011542923 40 204 47 220
person 0.011538081 82 205 106 238
person 0.011520724 0 197 9 210
person 0.011516136 803 160 819 184
person 0.011514752 643 282 669 340
person 0.011514155 57 617 75 680
person 0.011514106 50 434 75 547
person 0.011513096 492 118 504 137
person 0.0115116425 325 674 343 740
person 0.011501918 272 355 350 502
person 0.011501203 151 -132 175 -35
person 0.01150052 267 273 359 414
person 0.011474832 235 144 247 164
person 0.011459038 -4 62 8 87
person 0.011458594 897 542 907 562
person 0.011454452 937 215 955 242
person 0.011450894 164 115 172 127
person 0.011442758 438 124 449 143
person 0.011442603 552 161 570 182
person 0.0114303585 649 155 658 173
person 0.011428226 -11 -161 29 -21
person 0.011402784 783 673 800 697
person 0.011401515 760 412 789 463
person 0.011377247 192 322 235 366
person 0.011363985 0 340 5 377
person 0.011356118 0 427 7 527
person 0.011349225 698 193 723 229
person 0.0113325175 60 -220 72 -213
person 0.011328111 784 159 800 183
person 0.011324245 81 276 106 328
person 0.011320728 89 -129 115 -37
person 0.011315467 593 -69 609 -47
person 0.0113137 576 87 588 99
person 0.011308122 941 165 950 188
person 0.01129614 42 686 57 714
person 0.011295457 896 90 911 108
person 0.011294814 596 575 607 603
person 0.0112871425 308 453 319 463
person 0.0112853665 713 83 723 95
person 0.011270813 191 -14 219 71
person 0.011267943 828 557 836 586
person 0.011261857 941 10 949 24
person 0.011261433 0 321 5 360
person 0.011220914 987 183 993 197
person 0.011220887 593 18 601 30
person 0.011216941 406 70 423 88
person 0.011211855 988 464 994 491
person 0.0112042185 0 378 5 415
person 0.011199783 115 674 130 699
person 0.011190545 0 -117 5 -79
person 0.011172957 728 656 741 681
person 0.011161004 370 498 385 525
person 0.011154044 326 -68 341 -45
person 0.0111444555 632 656 646 681
person 0.011143737 988 105 994 119
person 0.01113551 228 482 247 503
person 0.011126514 0 360 5 396
person 0.011113793 573 162 610 202
person 0.011105763 613 656 627 681
person 0.0111034475 651 656 665 681
person 0.01108873 922 564 930 582
person 0.011077545 172 -45 229 124
person 0.011076912 927 287 950 310
person 0.011070271 465 -146 475 -105
person 0.011066884 479 -87 493 -62
person 0.011066455 556 656 569 681
person 0.011057275 -1 237 4 251
person 0.01105654 0 59 5 90
person 0.011042663 594 656 608 681
person 0.011041543 575 656 589 681
person 0.011032524 537 656 550 681
person 0.011029269 0 217 8 232
person 0.011027104 537 368 547 388
person 0.011023153 288 276 311 294
person 0.0110193165 422 656 436 681
person 0.011017389 116 -88 130 -63
person 0.010993488 287 674 305 740
person 0.010988274 712 -204 723 -173
person 0.010974814 460 -87 474 -62
person 0.010971622 627 619 664 714
person 0.010966712 747 656 761 680
person 0.010953542 162 -216 176 -169
person 0.010952415 670 656 684 681
person 0.01094942 76 347 94 372
person 0.010944056 754 646 820 787
person 0.010942379 710 422 726 447
person 0.010935693 309 617 321 660
person 0.010925377 885 -205 893 -173
person 0.010917939 193 429 207 443
person 0.010910337 747 177 763 201
person 0.0109084025 533 163 551 183
person 0.01090658 419 -175 444 -90
person 0.010900405 190 373 206 383
person 0.010893991 403 656 417 681
person 0.01089396 975 120 997 172
person 0.010892886 249 486 267 509
person 0.01088908 954 446 964 513
person 0.010884823 460 -219 473 -213
person 0.010883986 537 -219 550 -213
person 0.010881143 480 -219 492 -213
person 0.0108785145 671 559 681 587
person 0.010878038 490 189 524 234
person 0.010877853 987 545 993 558
person 0.010875797 518 -219 531 -213
person 0.010870816 928 477 964 559
person 0.010870508 645 -175 668 -82
person 0.010869724 441 -219 454 -213
person 0.010869181 27 122 42 144
person 0.010868453 499 -219 511 -213
person 0.01086364 0 646 5 684
person 0.010863307 193 -219 206 -213
person 0.010862499 864 562 873 592
person 0.010862329 384 -219 397 -213
person 0.010860162 403 -219 416 -213
person 0.010859348 174 -219 187 -213
person 0.010859271 365 -219 378 -213
person 0.010859178 308 -219 320 -213
person 0.010859152 212 -219 225 -213
person 0.010858534 289 -219 301 -213
person 0.010858293 327 -219 340 -213
person 0.010857606 231 -219 244 -213
person 0.010856956 269 -219 282 -213
person 0.010856761 250 -219 263 -213
person 0.01085669 346 -219 359 -213
person 0.010855061 422 -219 435 -213
person 0.010851412 159 95 168 108
person 0.010850547 441 656 455 681
person 0.010843977 346 25 367 57
person 0.010838009 664 307 680 334
person 0.010837627 219 96 227 109
person 0.010833318 518 656 531 681
person 0.010833083 97 -152 114 -88
person 0.010832101 972 487 981 572
person 0.01082866 511 281 587 431
person 0.010826156 690 656 703 681
person 0.010822042 521 89 533 100
person 0.010820076 732 -204 742 -173
person 0.010818009 156 370 168 380
person 0.010817127 861 195 877 221
person 0.010811751 279 312 302 327
person 0.010809333 987 -20 993 16
person 0.010799712 556 -219 569 -213
person 0.0107983155 92 -51 149 115
person 0.010796707 503 401 512 429
person 0.01078413 485 247 514 297
person 0.01078353 -1 296 12 352
person 0.010781652 918 161 932 187
person 0.010781038 0 665 5 702
person 0.010775328 709 656 722 681
person 0.010774794 307 -68 322 -45
person 0.010772883 155 -219 168 -213
person 0.01076664 552 618 587 715
person 0.01075218 459 161 476 181
person 0.010744524 264 145 283 167
person 0.010741079 460 106 471 123
person 0.010738683 370 143 458 275
person 0.0107318405 289 688 306 713
person 0.010706125 882 88 892 100
person 0.010705211 0 89 7 135
person 0.010701499 308 688 325 713
person 0.010698581 783 11 795 42
person 0.010692235 634 575 646 604
person 0.01067454 388 560 397 590
person 0.010674524 735 563 743 591
person 0.010671307 662 14 682 47
person 0.010670944 327 688 344 713
person 0.010665726 36 146 53 166
person 0.010662149 985 -113 993 -50
person 0.010656628 810 -207 817 -173
person 0.010648762 325 41 343 63
person 0.010640185 217 94 231 109
person 0.010636597 713 51 722 63
person 0.010626922 460 656 474 681
person 0.010626712 421 -69 436 -45
person 0.010607532 941 565 948 580
person 0.010602679 766 85 777 96
person 0.010599898 788 76 798 87
person 0.0105893025 802 672 819 698
person 0.010586365 382 143 400 164
person 0.010585731 688 -68 703 -50
person 0.010579803 270 688 287 713
person 0.010571427 685 -168 707 -73
person 0.010564661 472 241 502 290
person 0.0105593335 828 -207 836 -173
person 0.01055478 575 -219 588 -213
person 0.010552968 41 425 53 438
person 0.010541339 535 -69 551 -47
person 0.010539733 584 -215 597 -168
person 0.010536336 499 656 512 681
person 0.010530805 62 -183 73 -130
person 0.0105294185 651 -219 664 -213
person 0.010528888 984 -70 995 -43
person 0.01051522 136 -219 149 -213
person 0.010498711 850 -190 867 -137
person 0.010496779 223 299 242 316
person 0.0104945665 785 234 801 257
person 0.01049127 193 -87 207 -63
person 0.0104897795 284 447 297 458
person 0.010487533 384 656 398 681
person 0.010476152 479 656 493 681
person 0.010465254 884 565 892 582
person 0.010454657 53 273 63 285
person 0.010449227 248 469 259 485
person 0.010447458 594 -219 607 -213
person 0.010442032 574 457 589 484
person 0.010437529 789 86 800 97
person 0.010428893 250 688 267 713
person 0.010427171 498 -87 512 -62
person 0.010419375 750 89 761 100
person 0.010413162 733 576 746 621
person 0.010412888 910 357 946 446
person 0.010408948 365 687 382 713
person 0.010407111 25 517 33 552
person 0.0104065165 248 674 266 740
person 0.0104044005 57 -148 74 -83
person 0.010399762 42 668 56 696
person 0.010399644 346 688 363 713
person 0.010394954 20 727 34 756
person 0.010379396 808 76 818 86
person 0.010372204 271 535 282 569
person 0.010366336 693 -204 704 -174
person 0.01036081 631 -70 646 -46
person 0.010359407 476 618 511 716
person 0.010349093 987 290 993 321
person 0.010326949 74 479 91 506
person 0.010311171 616 20 623 32
person 0.010305742 0 493 5 532
person 0.010304565 571 427 581 456
person 0.010301964 613 -88 626 -63
person 0.0102979485 0 -98 5 -60
person 0.010292153 689 486 754 647
person 0.010282117 490 273 508 296
person 0.010278396 844 -104 853 -58
person 0.01027536 486 53 500 71
person 0.010262153 618 486 676 655
person 0.010260789 463 36 477 53
person 0.01025997 172 674 190 740
person 0.010249647 447 130 533 269
person 0.010248651 -3 671 8 696
person 0.010236445 766 656 780 679
person 0.010231218 388 531 401 600
person 0.010220384 231 688 248 713
person 0.010216381 163 629 197 745
person 0.010212269 288 -69 303 -45
person 0.010200572 339 94 375 135
person 0.0101977615 337 40 352 60
person 0.0101955915 210 674 228 740
person 0.010189718 237 -148 247 -106
person 0.010185851 632 -219 645 -213
person 0.010170978 407 482 421 510
person 0.010166754 613 -219 626 -213
person 0.010159386 384 687 401 713
person 0.010157406 988 248 993 280
person 0.0101561975 799 397 826 451
person 0.010148765 984 692 996 720
person 0.010147894 412 342 419 357
person 0.010146864 516 -69 532 -46
person 0.01014616 -3 -8 9 15
person 0.01013838 723 161 756 205
person 0.010128098 212 688 229 713
person 0.010110825 36 392 50 419
person 0.010110421 615 575 626 603
person 0.010108763 79 304 91 354
person 0.010095008 331 12 345 31
person 0.010069151 762 621 781 665
person 0.010066852 503 441 515 470
person 0.010062001 959 178 972 204
person 0.010041106 591 160 609 181
person 0.0100405505 117 -219 129 -213
person 0.010028571 539 15 554 31
person 0.010021714 193 688 210 713
person 0.0100142425 940 145 954 170
person 0.01001177 -4 -35 8 -7
person 0.0100114485 535 125 570 166
person 0.010009076 74 646 133 800
person 0.010000835 174 688 191 713
