person 0.76881146 906 78 921 100
person 0.73542804 571 161 601 195
person 0.72853655 886 71 901 92
person 0.72070056 822 157 848 191
person 0.71743333 511 156 537 188
person 0.7168072 801 78 817 99
person 0.71483326 518 120 537 144
person 0.7107855 708 177 737 214
person 0.7008994 694 134 719 165
person 0.6978883 763 93 781 116
person 0.6975583 795 120 815 146
person 0.6962647 742 45 757 66
person 0.69473296 548 112 567 137
person 0.6941167 780 60 795 79
person 0.68660796 845 90 862 111
person 0.6804379 449 141 474 171
person 0.6760827 529 80 545 101
person 0.674731 735 105 754 130
person 0.6719128 636 176 665 210
person 0.6692538 829 61 843 80
person 0.6658488 719 74 736 96
person 0.66435665 972 87 986 108
person 0.660418 635 133 660 163
person 0.659609 282 143 299 166
person 0.65717655 478 119 497 142
person 0.6562058 656 116 676 140
person 0.65077645 944 87 959 108
person 0.6488802 746 158 772 191
person 0.64867944 394 113 411 134
person 0.6460175 571 69 587 89
person 0.6450527 849 128 869 153
person 0.64196056 746 67 762 89
person 0.63889295 604 92 622 114
person 0.63816726 796 52 810 71
person 0.6361597 843 67 858 86
person 0.6326656 699 105 719 129
person 0.62694263 365 116 382 134
person 0.6222412 860 64 873 82
person 0.62121695 949 63 963 82
person 0.6207682 710 53 725 73
person 0.6203826 918 121 936 145
person 0.61153215 416 110 433 131
person 0.60995716 897 99 913 122
person 0.58409405 862 89 879 111
person 0.580375 922 65 936 85
person 0.5756326 674 59 689 77
person 0.57540727 986 83 1000 101
person 0.5697014 982 106 997 126
person 0.5592808 44 206 79 253
person 0.5504784 768 75 785 97
person 0.54920185 339 121 355 140
person 0.54751754 453 87 469 106
person 0.53839594 318 140 335 164
person 0.53634244 453 112 471 133
person 0.51626456 548 79 563 99
person 0.5135596 476 78 491 95
person 0.5080284 693 89 711 110
person 0.5057525 596 55 607 71
person 0.50573826 591 129 611 152
person 0.50311434 496 79 511 97
person 0.50094336 656 71 671 90
person 0.49228603 659 33 673 52
person 0.4808882 483 90 499 109
person 0.46940336 356 148 375 172
person 0.4691635 440 87 455 105
person 0.45848507 935 100 951 122
person 0.44817147 614 78 629 96
person 0.4372903 512 102 530 122
person 0.4285848 581 86 598 105
person 0.42772397 816 65 830 85
person 0.4240505 571 140 605 181
person 0.4123021 627 52 638 68
person 0.41142854 651 59 666 77
person 0.408327 409 105 425 121
person 0.39766002 486 108 505 130
person 0.36015773 99 183 124 214
person 0.3591413 512 69 528 88
person 0.35690415 352 130 371 152
person 0.31268254 614 35 624 52
person 0.29771152 853 129 876 158
person 0.2931637 455 85 467 100
person 0.28135943 789 68 807 89
person 0.279747 257 156 273 178
person 0.269101 606 108 630 136
person 0.26902175 231 220 258 251
person 0.26672867 640 32 654 50
person 0.26614964 599 70 617 90
person 0.2611114 80 255 116 302
person 0.25835034 646 75 661 93
person 0.25691217 697 69 716 90
person 0.24696422 744 66 769 98
person 0.24218807 597 112 618 135
person 0.23857611 840 64 855 81
person 0.22776328 662 35 671 48
person 0.21937928 713 94 731 116
person 0.21844198 512 64 527 80
person 0.20511483 651 57 661 73
person 0.19602478 702 168 745 223
person 0.19288357 498 76 508 93
person 0.19209707 952 69 960 81
person 0.19179857 799 54 808 66
person 0.18814132 989 85 997 97
person 0.18555506 654 58 664 72
person 0.18442935 980 268 1018 333
person 0.18382002 798 98 817 119
person 0.18018769 514 71 525 83
person 0.17229041 676 131 705 163
person 0.1696918 459 169 489 199
person 0.16849257 443 90 452 102
person 0.16839862 542 110 561 134
person 0.16383895 938 106 955 127
person 0.1620601 828 104 855 138
person 0.16075648 321 146 340 169
person 0.1591351 974 85 986 101
person 0.15865657 659 92 679 114
person 0.15842292 831 62 841 75
person 0.15589184 685 69 702 89
person 0.15549536 421 132 448 160
person 0.15137197 515 66 524 77
person 0.15106097 224 126 235 140
person 0.14972602 938 86 962 117
person 0.14961834 577 63 594 81
person 0.14837532 569 71 590 98
person 0.1467117 789 113 820 154
person 0.14539748 652 65 674 93
person 0.1402343 188 313 227 359
person 0.13773559 547 91 566 112
person 0.13702004 862 66 871 78
person 0.13596524 1004 115 1020 136
person 0.13538392 677 56 687 73
person 0.13484374 407 133 427 155
person 0.13407232 925 66 934 78
person 0.1337084 532 87 544 103
person 0.13320424 688 42 703 60
person 0.13158342 639 117 661 140
person 0.13066465 979 102 1000 131
person 0.13001245 345 121 356 137
person 0.12820147 846 121 865 144
person 0.1231422 971 109 989 131
person 0.12303972 644 92 662 112
person 0.1229751 433 115 453 135
person 0.12143968 30 292 72 357
person 0.121371366 687 90 706 111
person 0.118175015 846 69 855 83
person 0.117346756 277 141 294 162
person 0.11713496 609 40 620 57
person 0.11694337 1064 91 1070 116
person 0.11623081 837 62 859 88
person 0.11496069 102 180 119 203
person 0.114363395 31 194 86 270
person 0.11385489 574 71 584 83
person 0.1120496 987 89 996 102
person 0.108188026 411 107 422 117
person 0.10804275 441 87 452 98
person 0.10742838 365 138 384 158
person 0.10739928 74 268 118 326
person 0.10736397 787 94 806 116
person 0.105388544 322 104 337 121
person 0.10506619 506 158 542 200
person 0.10445243 753 162 775 186
person 0.10419942 648 170 680 203
person 0.10326591 629 161 674 217
person 0.1025414 1011 147 1034 178
person 0.10118132 712 54 722 68
person 0.10056567 489 137 510 159
person 0.100465454 269 117 284 135
person 0.1003225 616 74 627 92
person 0.09965383 843 67 852 77
person 0.099142976 1061 626 1070 686
person 0.09891836 975 89 983 104
person 0.09667416 609 76 633 104
person 0.09616721 219 130 235 148
person 0.095919676 475 125 497 150
person 0.09535849 885 108 905 132
person 0.09334268 229 217 267 262
person 0.092943415 217 134 231 151
person 0.09269565 815 154 855 213
person 0.092043065 389 130 408 151
person 0.091970146 505 64 516 77
person 0.09127153 782 60 792 74
person 0.09093301 561 61 577 78
person 0.0901619 485 92 496 105
person 0.089259125 888 72 898 86
person 0.08865846 821 97 840 118
person 0.088460535 825 134 846 158
person 0.08829297 730 98 761 140
person 0.08780834 473 77 496 104
person 0.08779658 368 116 379 128
person 0.08626334 651 137 671 160
person 0.08583635 946 61 967 89
person 0.085336275 333 439 353 463
person 0.08460225 577 137 598 161
person 0.08382029 769 55 785 75
person 0.08372801 434 78 457 104
person 0.082273625 511 111 543 152
person 0.08223777 423 176 455 208
person 0.08185442 1064 110 1070 137
person 0.08064736 341 121 352 134
person 0.08046695 500 73 523 101
person 0.08041692 550 75 561 93
person 0.079707846 742 139 783 197
person 0.079409525 1064 72 1070 98
person 0.07939362 321 462 345 488
person 0.07906914 947 90 956 103
person 0.07900142 818 69 828 81
person 0.07889474 616 131 638 154
person 0.07872598 488 91 499 102
person 0.07870698 648 71 659 89
person 0.07865961 820 139 860 198
person 0.07799014 1060 92 1073 115
person 0.076738514 535 168 567 200
person 0.0766313 636 156 658 180
person 0.07557733 349 139 382 181
person 0.075441316 532 78 543 93
person 0.07434168 945 131 970 162
person 0.07371482 974 467 1040 627
person 0.072680146 862 108 881 131
person 0.07247528 317 122 333 141
person 0.07189719 470 155 492 177
person 0.07184731 722 109 743 133
person 0.07172563 983 213 1009 248
person 0.07171384 1022 148 1036 172
person 0.07147068 576 127 600 174
person 0.071297124 743 158 786 215
person 0.070793115 490 152 512 175
person 0.06985767 1060 221 1070 269
person 0.0698315 655 156 677 179
person 0.06898216 741 135 762 158
person 0.06889178 788 170 819 204
person 0.06888941 550 137 577 166
person 0.06861396 650 107 682 149
person 0.06838551 744 49 754 61
person 0.0680667 1009 137 1025 159
person 0.06802296 821 116 842 138
person 0.068020575 531 131 552 155
person 0.067940906 658 72 668 85
person 0.067902565 1060 331 1068 403
person 0.067659706 658 215 688 248
person 0.0673753 512 32 528 51
person 0.06718113 270 103 285 119
person 0.067132145 395 104 412 120
person 0.066905946 691 45 700 57
person 0.06669535 681 118 703 141
person 0.0662603 421 210 454 244
person 0.065949515 612 93 624 111
person 0.06502009 982 77 1002 107
person 0.06471009 912 126 931 150
person 0.06442389 710 210 741 246
person 0.0642818 577 116 597 139
person 0.0641792 986 169 1010 198
person 0.06347613 985 109 994 123
person 0.06337662 703 107 715 126
person 0.06291497 337 169 367 198
person 0.06277566 922 127 933 145
person 0.06271161 552 113 563 133
person 0.062339067 374 173 404 202
person 0.062328808 1060 112 1074 136
person 0.062137485 397 114 408 127
person 0.061408747 234 286 253 307
person 0.061364904 324 492 356 543
person 0.061290655 1011 95 1027 114
person 0.06086447 540 104 573 146
person 0.060521547 757 115 777 138
person 0.06010182 790 212 821 246
person 0.0600869 77 219 110 255
person 0.060043216 47 182 78 216
person 0.059943423 692 97 724 139
person 0.059870765 592 158 614 181
person 0.0598278 757 140 780 163
person 0.059566118 979 196 1017 259
person 0.0592592 331 418 348 441
person 0.059147134 151 337 193 383
person 0.05855499 660 117 672 137
person 0.05846165 696 147 717 172
person 0.058364876 377 101 393 117
person 0.058341306 273 105 282 118
person 0.05785899 959 400 1020 565
person 0.057207458 913 61 929 79
person 0.056626383 911 111 940 154
person 0.056451384 359 150 371 169
person 0.055997882 1060 245 1069 301
person 0.05598059 881 136 900 158
person 0.055522684 789 126 810 150
person 0.05546162 418 111 430 125
person 0.055377964 0 212 9 261
person 0.055005748 -4 -234 9 -210
person 0.054908752 715 56 725 68
person 0.054835137 739 211 771 246
person 0.054413106 515 33 525 47
person 0.054322865 1024 143 1038 164
person 0.054198544 220 266 291 337
person 0.054063268 704 176 727 201
person 0.05339916 804 70 815 95
person 0.053267036 1059 -232 1069 -184
person 0.05321606 350 488 372 514
person 0.053188026 552 156 574 179
person 0.05305938 -5 216 10 241
person 0.052978195 1060 74 1073 97
person 0.052863788 276 135 308 178
person 0.0528535 1060 668 1070 722
person 0.05267334 172 297 244 365
person 0.052659307 313 461 347 510
person 0.05250152 187 310 219 342
person 0.051825207 -1 323 7 403
person 0.0517017 654 30 676 59
person 0.051667165 1059 586 1068 654
person 0.051614214 260 158 270 172
person 0.051259104 541 61 557 78
person 0.05108576 595 130 607 150
person 0.050946336 515 98 527 117
person 0.050819572 213 132 237 158
person 0.050728153 596 176 619 198
person 0.05071604 0 135 10 179
person 0.050663978 53 211 75 236
person 0.05063341 47 213 68 239
person 0.050530124 5 261 15 317
person 0.050046306 347 172 367 193
person 0.049872655 1064 50 1070 77
person 0.049864165 1064 133 1070 160
person 0.04983842 39 346 96 439
person 0.049744356 702 40 717 59
person 0.049098566 254 134 270 151
person 0.049031053 85 298 123 347
person 0.04897171 471 110 504 151
person 0.04832243 -1 -237 6 -209
person 0.04819267 739 107 750 127
person 0.048188042 848 123 881 167
person 0.04811463 159 143 174 159
person 0.04805931 -3 -224 19 -130
person 0.04800927 718 135 740 159
person 0.04795352 319 474 342 499
person 0.047443032 586 35 600 53
person 0.047249466 220 136 228 149
person 0.047057815 -4 -233 8 -226
person 0.04686097 874 174 903 206
person 0.04681903 1058 101 1069 139
person 0.046750378 295 171 323 200
person 0.046709012 837 155 860 179
person 0.04666317 718 157 739 181
person 0.04653876 627 207 661 242
person 0.046450596 799 150 820 174
person 0.04622204 9 262 101 387
person 0.045823716 1058 185 1070 227
person 0.045596328 -3 215 16 253
person 0.045594305 456 113 469 127
person 0.045575812 1036 99 1052 119
person 0.04538454 355 496 376 519
person 0.045260746 261 171 287 199
person 0.045134626 363 145 380 176
person 0.04506841 222 132 233 144
person 0.044689715 584 89 594 101
person 0.04464253 912 171 940 205
person 0.0439609 89 158 132 218
person 0.0438093 861 159 881 181
person 0.04339458 48 498 98 613
person 0.043316275 473 291 545 364
person 0.043263305 891 63 906 80
person 0.043249454 738 98 752 118
person 0.043130472 466 174 486 196
person 0.043101754 641 136 653 156
person 0.042994853 97 166 112 183
person 0.042960286 229 281 258 312
person 0.042882092 356 103 372 120
person 0.04287142 325 107 334 118
person 0.042678118 450 172 471 192
person 0.042638637 43 269 79 317
person 0.04261188 791 70 804 84
person 0.042258695 242 379 262 403
person 0.04217458 148 327 168 348
person 0.042050466 95 -48 120 10
person 0.041994605 937 89 948 119
person 0.04158255 749 70 759 84
person 0.041490868 944 132 963 153
person 0.041107923 853 130 864 150
person 0.04100978 396 418 419 451
person 0.040933616 644 294 715 366
person 0.040650997 1060 135 1073 159
person 0.04064861 1059 297 1068 359
person 0.040591016 841 176 864 198
person 0.040467374 917 120 928 140
person 0.04009423 122 177 150 205
person 0.04005933 341 447 359 469
person 0.04003002 908 72 918 94
person 0.040019467 365 519 390 543
person 0.0397918 480 61 498 80
person 0.039621998 1054 225 1073 263
person 0.039490115 177 353 248 432
person 0.03920125 43 495 60 524
person 0.03906181 144 424 163 450
person 0.038988415 198 380 221 400
person 0.038900528 917 172 958 232
person 0.03842019 613 116 624 135
person 0.038411472 602 102 635 145
person 0.03838426 965 359 1019 465
person 0.038284454 1063 95 1070 109
person 0.038121637 865 91 876 105
person 0.038110796 696 92 709 103
person 0.037967317 163 144 171 157
person 0.037958853 675 156 695 178
person 0.03787899 1058 -234 1070 -226
person 0.037876412 689 127 733 187
person 0.037709225 721 68 733 90
person 0.03764974 253 -85 298 52
person 0.037249286 597 89 630 131
person 0.037195936 387 156 406 176
person 0.037042126 160 324 263 467
person 0.036995124 265 334 286 352
person 0.036966775 27 322 110 458
person 0.036889486 414 203 462 261
person 0.036814958 1047 -212 1075 -137
person 0.036800966 671 134 710 178
person 0.036772784 1052 188 1072 221
person 0.03674256 148 138 165 156
person 0.03673261 1057 -235 1072 -211
person 0.03672314 402 292 477 366
person 0.03670187 1064 149 1070 178
person 0.036693435 326 420 352 452
person 0.036652256 178 362 200 383
person 0.036392365 799 122 811 142
person 0.036321465 322 100 332 117
person 0.036312234 355 133 368 145
person 0.03607706 271 118 282 131
person 0.03605846 -3 -152 16 -41
person 0.03590349 827 213 858 247
person 0.035869554 205 357 230 378
person 0.03585496 531 175 553 198
person 0.035791498 5 260 29 317
person 0.03576924 325 501 352 527
person 0.03575162 0 283 11 360
person 0.035520207 51 241 139 374
person 0.03533908 1059 235 1073 262
person 0.035300292 542 214 574 247
person 0.035264548 966 133 984 154
person 0.035243887 1047 -138 1074 -56
person 0.03521979 531 159 552 183
person 0.035047475 606 93 619 107
person 0.034991737 588 37 597 50
person 0.03486153 410 149 430 171
person 0.034829732 432 179 454 200
person 0.03462026 1059 -196 1069 -139
person 0.034575026 0 -239 8 -186
person 0.034414817 652 177 674 200
person 0.034401067 992 -219 1006 -178
person 0.034317154 964 244 1036 382
person 0.034288596 486 34 503 55
person 0.034261107 142 135 167 164
person 0.03422875 583 213 617 247
person 0.03418915 1064 194 1070 225
person 0.034165964 1061 704 1070 765
person 0.034108102 613 158 634 179
person 0.034099117 196 332 224 356
person 0.034003813 315 470 336 496
person 0.034002062 385 104 419 147
person 0.033921693 770 76 782 89
person 0.033905886 235 287 273 333
person 0.03388431 501 209 535 242
person 0.033801813 1060 196 1074 223
person 0.033770323 185 180 210 206
person 0.03359499 463 61 473 74
person 0.033321153 789 39 804 59
person 0.033154983 987 131 1005 153
person 0.03314 790 -14 815 16
person 0.033124425 882 157 902 178
person 0.033068962 0 213 5 244
person 0.033054415 893 350 947 447
person 0.032887112 726 40 741 58
person 0.032876704 455 141 467 161
person 0.03277645 368 179 387 199
person 0.03270436 44 -234 60 -218
person 0.03267132 748 717 771 780
person 0.032566812 1063 29 1069 57
person 0.03253081 858 410 884 472
person 0.03248887 848 91 859 106
person 0.032419022 490 111 502 124
person 0.032341633 419 81 436 99
person 0.03224685 -8 570 28 705
person 0.03221812 896 89 908 117
person 0.032050237 701 139 713 159
person 0.03197739 25 -234 39 -227
person 0.03196014 217 398 239 419
person 0.03186186 915 65 927 76
person 0.031820565 152 332 171 355
person 0.031765547 1060 52 1073 76
person 0.031585377 20 177 101 301
person 0.031582113 1007 117 1018 129
person 0.03146126 1032 111 1048 133
person 0.03145338 1059 216 1074 243
person 0.03137257 99 -68 127 24
person 0.031372037 1013 96 1026 108
person 0.031245269 263 315 287 336
person 0.031069417 279 144 292 156
person 0.03088991 25 -234 41 -218
person 0.03080063 201 395 232 419
person 0.03077035 619 32 642 61
person 0.030755877 923 150 942 171
person 0.030652707 1060 151 1073 177
person 0.030556902 789 716 812 779
person 0.030504523 427 154 447 176
person 0.030447783 597 415 608 444
person 0.030401897 887 88 917 132
person 0.030324828 830 717 853 779
person 0.030311342 56 507 74 534
person 0.03026781 903 155 924 177
person 0.030232826 161 351 185 377
person 0.03019962 304 114 330 141
person 0.029798457 949 176 975 208
person 0.029682763 419 179 460 223
person 0.029663496 217 183 244 210
person 0.029575348 297 372 325 402
person 0.02948814 207 198 270 275
person 0.029446792 121 85 160 150
person 0.029270837 771 58 782 70
person 0.029240262 392 560 410 587
person 0.02918758 338 213 368 245
person 0.029090447 263 159 274 172
person 0.028919224 923 260 966 324
person 0.028914182 613 177 634 197
person 0.028745688 218 120 228 133
person 0.028668944 799 177 820 198
person 0.028582348 56 135 82 165
person 0.028554255 368 521 395 562
person 0.028541174 173 274 204 305
person 0.028523266 130 92 156 122
person 0.028450971 461 58 476 76
person 0.028373105 205 245 307 372
person 0.028282108 431 372 445 386
person 0.028069166 713 64 743 108
person 0.02802997 95 158 119 186
person 0.028000493 46 27 66 64
person 0.027980812 491 155 558 229
person 0.027898168 285 168 303 192
person 0.027897678 1064 579 1069 614
person 0.027877318 379 60 404 90
person 0.027837176 344 466 364 489
person 0.027812991 653 194 675 215
person 0.027755061 1063 233 1070 264
person 0.027734824 56 202 76 224
person 0.027701268 407 102 441 145
person 0.027510338 1063 77 1070 90
person 0.027440669 241 369 261 388
person 0.027432175 829 625 843 665
person 0.027402911 989 695 1017 789
person 0.02740289 128 258 160 290
person 0.027323898 825 -233 837 -226
person 0.027301101 873 215 903 249
person 0.02721266 804 -233 816 -226
person 0.027205806 56 711 76 779
person 0.027203282 845 -233 858 -226
person 0.027065234 -1 201 17 225
person 0.027060827 866 -233 878 -226
person 0.027030123 886 -233 899 -226
person 0.027008006 179 365 217 411
person 0.026955906 44 -234 58 -227
person 0.02687685 1027 -234 1040 -227
person 0.02677393 489 35 500 50
person 0.026749784 225 189 293 266
person 0.0266028 63 400 151 552
person 0.026599972 515 163 532 194
person 0.02656821 294 123 310 141
person 0.026407547 147 332 175 365
person 0.026403667 705 187 728 213
person 0.026400791 955 -224 971 -173
person 0.026294217 1064 213 1070 245
person 0.026287472 156 336 179 359
person 0.026264908 831 355 907 521
person 0.026240278 560 39 577 58
person 0.026239524 666 716 688 781
person 0.026225122 378 104 390 114
person 0.026218833 994 716 1013 767
person 0.026153222 363 509 384 531
person 0.02612442 203 302 226 324
person 0.02603897 43 321 72 376
person 0.026022559 992 162 1010 184
person 0.025969103 677 145 765 277
person 0.025948318 255 120 271 137
person 0.025916437 365 150 376 169
person 0.025903136 389 287 492 434
person 0.025896417 190 403 212 425
person 0.02588284 167 141 193 169
person 0.025859881 818 673 838 720
person 0.025812428 323 135 336 155
person 0.02572865 907 -233 919 -226
person 0.025680512 783 -233 796 -226
person 0.025657423 945 159 964 179
person 0.025639014 441 127 483 190
person 0.025443673 347 241 421 313
person 0.025405023 -5 235 10 261
person 0.025382869 1063 8 1070 38
person 0.025371252 334 166 383 224
person 0.025344077 378 454 403 488
person 0.025288329 563 404 571 423
person 0.02526719 707 716 730 780
person 0.0252033 1014 79 1029 97
person 0.025193276 724 270 792 347
person 0.025167568 804 -234 818 -212
person 0.025165297 794 67 825 110
person 0.02512455 230 373 271 417
person 0.025092179 260 416 279 438
person 0.025088416 779 179 801 200
person 0.025053417 243 318 267 339
person 0.02494945 256 136 266 147
person 0.024904344 784 -234 798 -212
person 0.024854895 260 108 285 136
person 0.024840105 280 223 310 255
person 0.024838604 1057 65 1069 102
person 0.024822237 1063 115 1070 129
person 0.02482068 184 373 210 397
person 0.024774773 185 361 278 526
person 0.024773903 825 -234 839 -211
person 0.024735201 552 175 573 196
person 0.024719784 83 326 114 371
person 0.024607249 285 144 297 157
person 0.024600498 882 326 958 477
person 0.024533123 105 220 125 242
person 0.024480872 1064 171 1070 201
person 0.024338903 1048 247 1072 305
person 0.02428375 753 -13 777 17
person 0.02424579 846 -234 860 -211
person 0.024231793 213 615 227 671
person 0.02411831 449 211 482 243
person 0.024117315 871 717 894 779
person 0.024042545 -2 328 15 399
person 0.02398775 763 -234 777 -213
person 0.0239829 508 26 531 59
person 0.02395054 387 178 406 199
person 0.023936732 1044 -72 1072 8
person 0.023931164 481 477 496 506
person 0.023926169 259 -224 287 -144
person 0.023922756 487 20 503 37
person 0.023922337 866 -234 880 -211
person 0.023903795 994 683 1009 721
person 0.023887513 828 -14 853 17
person 0.023887256 139 314 175 360
person 0.023848513 887 -234 901 -211
person 0.023810029 949 638 962 683
person 0.023761196 -4 153 10 177
person 0.023743052 156 329 176 349
person 0.023703074 455 269 565 388
person 0.023702176 986 211 1004 236
person 0.023663277 493 125 552 208
person 0.02361942 125 219 154 249
person 0.02359542 869 630 883 668
person 0.02358261 667 621 679 671
person 0.023552429 1026 -234 1042 -217
person 0.023511637 382 526 402 551
person 0.023486678 581 277 657 354
person 0.023484835 125 163 141 181
person 0.023460954 973 58 985 75
person 0.023438338 651 253 689 301
person 0.023410395 763 -234 775 -226
person 0.023403982 1019 151 1029 171
person 0.023331057 704 247 743 295
person 0.023324028 0 110 10 151
person 0.02330012 1060 -154 1069 -98
person 0.02327577 215 118 231 135
person 0.023259718 517 295 613 446
person 0.023241825 522 70 553 112
person 0.023178155 0 -224 8 -147
person 0.023079885 583 420 595 450
person 0.023062143 455 147 467 166
person 0.02305776 559 128 618 208
person 0.02303794 406 -99 449 50
person 0.022975395 919 736 951 825
person 0.022915158 917 -227 940 -173
person 0.02291373 243 295 268 319
person 0.022913646 907 -234 921 -212
person 0.022903 -1 181 21 215
person 0.022895372 778 157 800 181
person 0.022796283 705 44 715 55
person 0.022753976 992 -186 1005 -138
person 0.022734532 0 396 7 483
person 0.022696689 922 208 950 242
person 0.02265554 742 -234 757 -214
person 0.02260604 94 334 120 354
person 0.022601763 927 -234 940 -226
person 0.022537928 767 39 782 59
person 0.022512916 991 -105 1001 -57
person 0.022418711 674 178 695 198
person 0.022407735 48 203 67 226
person 0.022385972 201 324 321 462
person 0.02237775 987 322 1003 338
person 0.022375658 954 719 974 770
person 0.022296699 416 129 453 171
person 0.02224737 295 356 327 391
person 0.022201985 429 379 448 405
person 0.022201326 193 317 214 340
person 0.02219666 374 -98 416 52
person 0.022137772 306 173 325 195
person 0.02212026 319 147 331 167
person 0.02211064 386 550 415 606
person 0.02210701 521 127 533 146
person 0.022094088 501 616 513 670
person 0.022048976 1038 101 1049 113
person 0.022040045 47 335 66 363
person 0.022015642 1060 174 1073 200
person 0.021931918 807 42 822 61
person 0.021817895 59 57 81 91
person 0.021803062 254 618 267 671
person 0.021797262 913 719 934 771
person 0.021762388 331 110 365 151
person 0.021740837 0 292 23 356
person 0.021737669 584 401 592 419
person 0.021635782 319 139 332 155
person 0.021529898 1009 -234 1024 -217
person 0.021504248 538 611 557 679
person 0.021482792 58 516 78 544
person 0.021453021 1065 564 1070 597
person 0.02135084 825 281 871 345
person 0.021344267 328 171 348 193
person 0.021314211 907 632 921 673
person 0.021308448 238 284 258 303
person 0.021305414 -5 671 13 800
person 0.021257132 827 761 849 832
person 0.021231461 868 761 890 832
person 0.021207022 927 -234 942 -213
person 0.021129917 992 -143 1004 -94
person 0.021092845 1009 -234 1022 -227
person 0.021089384 580 610 598 679
person 0.021056343 1059 -114 1069 -57
person 0.02100648 624 715 647 781
person 0.02098926 893 66 903 77
person 0.020980684 175 221 205 250
person 0.020960473 228 368 249 387
person 0.020950545 325 148 336 166
person 0.02090378 785 761 807 833
person 0.020850904 119 -47 145 10
person 0.020839483 37 310 61 338
person 0.020787925 427 367 448 391
person 0.020768777 721 -234 736 -215
person 0.020750994 424 -224 452 -143
person 0.020723742 144 433 163 459
person 0.020702647 909 761 931 832
person 0.020677086 860 177 880 198
person 0.0206425 38 478 54 507
person 0.020631777 1060 31 1073 56
person 0.020628275 349 -221 377 -141
person 0.020611096 428 136 440 154
person 0.02060038 1059 -73 1069 -21
person 0.020495815 990 636 1006 685
person 0.0204812 1015 139 1044 188
person 0.020477744 742 -234 755 -226
person 0.020447303 621 610 639 678
person 0.02043062 393 414 422 465
person 0.02037333 1060 806 1066 851
person 0.020328455 58 -113 78 -49
person 0.020297535 250 147 284 190
person 0.020265253 1058 253 1073 280
person 0.02023052 972 627 981 654
person 0.020214783 744 761 766 833
person 0.020212872 64 -49 88 10
person 0.020188408 540 39 557 57
person 0.020170353 148 269 272 390
person 0.020140288 491 177 511 196
person 0.020129588 777 671 798 719
person 0.02011174 99 728 129 830
person 0.020069977 43 187 83 232
person 0.020059524 621 422 632 451
person 0.020001877 343 58 368 87
person 0.0199818 572 196 592 215
person 0.01996544 350 521 374 541
person 0.019961275 89 257 106 297
person 0.019947361 1063 56 1069 70
person 0.019941377 95 695 123 801
person 0.019941352 182 -221 211 -143
person 0.019895704 301 359 321 379
person 0.01983769 194 86 235 153
person 0.01979984 100 169 110 180
person 0.01974409 0 507 7 608
person 0.01971037 662 -216 691 -133
person 0.019644974 318 125 331 136
person 0.019592678 204 409 314 557
person 0.019541236 19 443 32 472
person 0.019534482 -8 401 63 545
person 0.019503033 234 266 278 313
person 0.01950215 250 170 267 194
person 0.019482706 398 81 414 98
person 0.019481756 82 364 112 418
person 0.019389879 583 715 606 781
person 0.01936841 39 98 75 168
person 0.019251268 58 348 122 431
person 0.019242635 432 381 445 397
person 0.019238852 701 -234 716 -215
person 0.019237466 277 311 309 343
person 0.019218478 258 103 268 117
person 0.019198908 703 761 725 833
person 0.019185252 261 -44 330 127
person 0.019138461 1015 322 1024 335
person 0.019124538 788 -142 812 -88
person 0.019093854 0 151 6 179
person 0.019086104 554 386 568 408
person 0.019057838 1 178 14 221
person 0.01898594 310 342 331 360
person 0.018968921 899 66 928 110
person 0.018958276 947 -234 962 -214
person 0.018894784 516 404 527 430
person 0.01883375 224 344 248 364
person 0.01882247 340 -45 407 133
person 0.018818548 87 373 104 399
person 0.018794743 498 312 521 336
person 0.018761955 1049 336 1069 402
person 0.018754493 1034 77 1049 97
person 0.018739596 869 176 908 220
person 0.018716263 640 134 654 149
person 0.018709267 831 350 861 410
person 0.018657098 594 200 615 220
person 0.018590787 1032 365 1043 429
person 0.01858351 181 -128 209 -38
person 0.018536204 175 738 208 833
person 0.018532421 947 -234 960 -226
person 0.018477371 26 373 38 456
person 0.018469602 282 318 304 336
person 0.018445747 189 337 215 361
person 0.018427966 760 195 781 215
person 0.018419564 0 721 12 805
person 0.018410904 662 21 677 40
person 0.018386524 476 18 494 36
person 0.01837171 95 -103 114 -54
person 0.018344011 478 37 497 57
person 0.018309066 491 22 500 35
person 0.01830809 591 20 607 40
person 0.018308012 523 388 531 405
person 0.018267041 716 96 729 109
person 0.018255299 281 403 300 424
person 0.018248666 386 168 492 303
person 0.01824227 1047 298 1069 359
person 0.018237071 140 424 167 461
person 0.018236777 828 -139 854 -89
person 0.01822865 156 302 178 324
person 0.018212913 739 195 761 217
person 0.018189566 104 -217 134 -136
person 0.018167991 105 182 116 195
person 0.018130299 966 158 984 179
person 0.018093664 97 401 114 425
person 0.018059088 662 761 684 833
person 0.018025316 480 109 494 135
person 0.018015437 45 516 63 546
person 0.017985595 644 21 659 40
person 0.017960422 810 318 899 481
person 0.017947694 664 440 674 469
person 0.017924512 507 -223 536 -143
person 0.017923336 827 347 886 440
person 0.01790909 832 744 865 835
person 0.017884517 951 683 971 726
person 0.017869715 534 322 600 404
person 0.017856054 436 416 459 450
person 0.017846122 101 428 133 483
person 0.017838303 142 121 156 135
person 0.017836496 975 95 1004 142
person 0.017831236 830 37 844 58
person 0.017816719 558 252 678 391
person 0.017771965 721 -234 734 -227
person 0.017766954 1065 544 1070 574
person 0.017759342 657 667 676 718
person 0.017750269 0 -206 5 -164
person 0.017664336 819 192 840 212
person 0.017661141 0 -226 5 -187
person 0.017652294 240 439 264 460
person 0.017586652 378 220 410 252
person 0.017530372 934 82 966 129
person 0.01751869 0 231 6 264
person 0.017486809 879 61 908 107
person 0.017458763 603 140 694 276
person 0.01742609 860 674 880 721
person 0.017411435 454 137 469 152
person 0.017402763 1048 181 1074 233
person 0.017399112 875 -17 899 16
person 0.01733598 267 409 289 430
person 0.01732289 743 250 781 299
person 0.017176194 215 116 241 144
person 0.01714765 0 683 13 763
person 0.017133119 685 440 695 467
person 0.017118782 788 619 803 667
person 0.017110744 751 -64 776 -29
person 0.017107626 680 -234 696 -215
person 0.017096901 540 398 549 422
person 0.01709074 564 63 595 108
person 0.017030807 972 607 982 637
person 0.017016659 104 -160 124 -94
person 0.017013181 842 195 862 216
person 0.01700289 1063 779 1069 824
person 0.01694434 920 109 935 135
person 0.016942522 621 761 643 833
person 0.016935669 622 268 737 385
person 0.016933987 1006 732 1037 825
person 0.016926343 789 29 813 59
person 0.016901202 686 361 704 387
person 0.01688621 434 -44 497 136
person 0.01688195 633 314 735 460
person 0.016881714 824 472 846 512
person 0.016849447 108 378 126 401
person 0.016843721 626 23 635 36
person 0.0168408 407 602 422 631
person 0.016826026 0 800 8 848
person 0.016822502 1003 168 1020 191
person 0.016815562 358 106 369 117
person 0.016792914 950 762 972 833
person 0.016787048 843 728 863 797
person 0.01678464 859 134 871 154
person 0.01676755 981 166 1014 212
person 0.016714238 647 25 655 37
person 0.01671072 291 483 313 508
person 0.016704047 214 104 225 118
person 0.01670404 222 354 303 429
person 0.01670197 994 54 1005 72
person 0.016693491 3 198 12 227
person 0.01668041 282 471 303 492
person 0.016670762 761 728 781 797
person 0.016664352 93 -135 121 -42
person 0.01659418 985 191 1003 213
person 0.016582537 333 761 355 833
person 0.016580213 592 -218 621 -138
person 0.016521938 374 761 396 833
person 0.016508486 644 421 654 451
person 0.016502634 474 133 574 276
person 0.01647536 802 728 822 797
person 0.01644995 169 761 191 833
person 0.016439615 1019 454 1043 518
person 0.016426675 292 761 314 833
person 0.016417587 738 669 758 719
person 0.016413191 46 761 68 834
person 0.016381059 414 -234 429 -214
person 0.016375314 299 499 324 523
person 0.016370974 435 -234 450 -214
person 0.016362676 291 -234 306 -214
person 0.016361525 208 -234 224 -214
person 0.01636111 270 -234 285 -214
person 0.016360989 393 -234 409 -214
person 0.016359769 250 -234 265 -214
person 0.016358692 229 -234 244 -214
person 0.016358541 311 -234 327 -214
person 0.016354527 332 -234 347 -214
person 0.01635327 496 -234 512 -214
person 0.016351253 476 -234 491 -214
person 0.016348684 352 -234 368 -214
person 0.01634436 188 -234 203 -214
person 0.016339822 455 -234 470 -214
person 0.016339445 373 -234 388 -214
person 0.016310586 308 143 409 288
person 0.01629673 692 365 710 390
person 0.016296444 80 243 102 263
person 0.016285708 884 728 904 797
person 0.016282791 415 761 437 833
person 0.016272636 747 623 760 671
person 0.01625894 580 761 602 833
person 0.016220424 602 402 611 423
person 0.016216157 88 341 106 354
person 0.016209388 517 -234 532 -214
person 0.016208202 81 217 101 240
person 0.016194543 623 19 639 38
person 0.016193684 557 415 570 442
person 0.016191801 1026 408 1050 471
person 0.01618184 251 761 273 833
person 0.016171541 167 -234 183 -214
person 0.016164312 330 592 344 607
person 0.016162418 210 761 232 833
person 0.016160863 329 410 348 429
person 0.016158277 844 381 898 491
person 0.016143268 1060 10 1073 36
person 0.016140215 139 -229 154 -178
person 0.01613509 544 137 581 179
person 0.016123965 616 667 635 717
person 0.016114732 1061 726 1070 802
person 0.016104884 294 623 309 672
person 0.016097495 503 265 542 313
person 0.016084693 128 761 149 833
person 0.016063968 766 91 779 109
person 0.016042352 0 467 7 568
person 0.016035466 1023 101 1058 169
person 0.016020546 457 761 478 833
person 0.01601119 211 166 312 298
person 0.016004078 992 627 1002 651
person 0.015993658 972 611 980 628
person 0.015993012 967 -234 983 -216
person 0.015991384 -1 329 4 366
person 0.015931938 539 761 561 833
person 0.015910327 991 762 1012 833
person 0.015889347 498 761 519 833
person 0.015878767 883 175 903 195
person 0.015870016 210 5 243 89
person 0.015848871 665 417 674 446
person 0.015844543 599 114 616 126
person 0.015837518 870 -230 894 -175
person 0.01580692 925 728 945 798
person 0.015789347 48 6 78 88
person 0.015785975 623 -177 650 -89
person 0.01577241 944 213 973 249
person 0.01576546 537 -234 553 -214
person 0.015749456 438 59 456 78
person 0.015726382 829 22 852 54
person 0.01572185 172 614 185 669
person 0.015710328 1063 251 1069 282
person 0.015674558 419 743 452 836
person 0.015671775 26 426 41 521
person 0.015671084 147 -234 162 -214
person 0.015665466 370 728 387 754
person 0.015657468 660 -234 676 -215
person 0.015640413 350 728 367 754
person 0.015620544 647 59 678 104
person 0.015592941 952 625 961 655
person 0.015540327 923 178 944 198
person 0.01553009 787 250 824 300
person 0.015502345 391 728 408 754
person 0.015496727 574 668 594 719
person 0.015477469 1063 138 1070 152
person 0.015473837 511 192 532 211
person 0.0154429125 177 282 198 305
person 0.015439593 701 -234 714 -227
person 0.015435897 0 108 7 139
person 0.015426232 329 728 346 754
person 0.015417449 558 -234 573 -214
person 0.015405851 129 3 163 87
person 0.015402568 689 93 703 105
person 0.0153608825 80 432 143 526
person 0.015347567 0 391 5 432
person 0.015345379 1036 11 1068 85
person 0.015332573 -4 131 19 185
person 0.015331801 185 302 207 324
person 0.015291269 1063 588 1069 602
person 0.015264747 932 -219 941 -184
person 0.015262059 149 606 159 636
person 0.015259229 410 39 427 56
person 0.015250469 720 728 740 798
person 0.0152457785 131 614 144 671
person 0.015236031 67 -223 78 -176
person 0.015234766 502 743 534 837
person 0.01522551 106 -224 118 -177
person 0.015215807 127 558 143 587
person 0.015209547 132 -101 151 -53
person 0.015201973 411 728 428 754
person 0.015171556 309 728 326 754
person 0.015169412 1037 406 1049 472
person 0.015156487 223 153 240 173
person 0.015149008 93 713 114 780
person 0.015097451 914 -16 935 19
person 0.015095644 942 110 952 123
person 0.015077301 126 405 144 428
person 0.015076863 1008 730 1027 800
person 0.015076472 333 112 395 206
person 0.015063626 658 728 675 754
person 0.015042121 719 375 738 400
person 0.015028542 411 178 431 198
person 0.015028457 673 -227 688 -175
person 0.015020166 0 52 8 102
person 0.0150017 391 132 406 145
person 0.014997318 61 182 80 203
person 0.014997263 637 728 655 754
person 0.014985869 583 19 599 38
person 0.014982158 288 728 305 754
person 0.014981435 788 474 812 513
person 0.014976433 0 -98 9 -25
person 0.01496164 827 -226 851 -168
person 0.014952977 185 728 202 754
person 0.014951157 0 -186 5 -144
person 0.01494597 584 391 593 407
person 0.014943443 0 -53 8 8
person 0.01492953 206 728 223 754
person 0.014926038 617 728 634 754
person 0.0149226235 583 -157 594 -112
person 0.014916401 988 282 1012 327
person 0.014904507 418 561 436 588
person 0.014903506 0 370 5 408
person 0.0148864845 126 -234 142 -215
person 0.0148730995 325 220 439 361
person 0.014863237 432 728 449 754
person 0.014859964 596 728 614 754
person 0.014852873 944 178 964 198
person 0.014850068 171 97 197 126
person 0.014844571 267 728 285 754
person 0.014841854 587 32 611 62
person 0.01484022 576 728 593 754
person 0.014836562 226 728 243 754
person 0.014827233 1017 487 1042 551
person 0.014821856 679 728 696 754
person 0.014820916 814 545 832 572
person 0.014817665 247 728 264 754
person 0.014803922 583 249 624 297
person 0.014800891 542 715 565 781
person 0.014795197 744 -231 774 -152
person 0.014768816 98 339 116 349
person 0.014756499 555 728 572 754
person 0.014733104 967 -234 981 -227
person 0.014732379 621 438 631 469
person 0.014724276 543 388 552 407
person 0.014720955 262 305 285 323
person 0.014688622 286 320 301 332
person 0.014682199 255 742 287 835
person 0.014678978 416 60 432 78
person 0.014676378 409 135 425 148
person 0.014660768 466 265 497 300
person 0.014629982 535 728 552 754
person 0.014627706 165 728 182 754
person 0.014619317 494 193 514 212
person 0.014598786 709 -228 724 -175
person 0.014597997 64 -234 80 -217
person 0.014596139 87 761 108 834
person 0.014579154 1052 -234 1072 -174
person 0.0145733245 0 -142 8 -63
person 0.01456615 578 -234 594 -215
person 0.014561331 452 728 470 754
person 0.014551085 542 41 554 55
person 0.014528047 1016 82 1027 93
person 0.014525951 155 578 164 607
person 0.0145256035 -3 111 10 136
person 0.014524859 345 124 388 190
person 0.014496118 514 728 531 754
person 0.014451316 953 606 962 638
person 0.014436137 699 728 717 754
person 0.014419668 -3 -236 13 -167
person 0.014409195 473 728 490 754
person 0.014404659 494 728 511 754
person 0.0143880015 0 590 8 685
person 0.014385818 501 715 524 781
person 0.014383661 371 569 391 592
person 0.014380856 700 331 721 357
person 0.014379348 1063 35 1069 50
person 0.014376632 334 421 344 434
person 0.014349731 -1 -180 13 -99
person 0.01434957 57 372 75 398
person 0.014345388 988 -234 1001 -227
person 0.0143432375 640 -234 655 -215
person 0.014316654 643 437 654 466
person 0.014300277 286 150 296 163
person 0.014296912 632 -227 647 -176
person 0.014296321 229 101 241 116
person 0.014278893 467 191 487 210
person 0.014278687 757 -65 770 -26
person 0.014276753 454 612 476 677
person 0.014258042 728 44 739 55
person 0.014252334 105 -234 121 -215
person 0.014145264 988 -234 1003 -217
person 0.014134675 379 457 396 481
person 0.014103935 247 -155 273 -56
person 0.014089721 221 326 245 346
person 0.014068045 703 443 713 463
person 0.01406251 246 398 270 420
person 0.014052035 973 426 1008 524
person 0.014047206 706 478 726 518
person 0.014045575 624 -156 635 -111
person 0.014041944 699 667 718 717
person 0.014037488 51 227 80 254
person 0.014035304 584 743 615 838
person 0.014030956 1063 573 1070 585
person 0.0140287215 641 118 659 130
person 0.014011298 0 432 5 469
person 0.013999525 6 274 24 301
person 0.013998342 700 134 714 151
person 0.013996912 101 529 120 550
person 0.013990174 255 65 281 96
person 0.013990168 486 515 504 543
person 0.013989057 420 380 435 403
person 0.013988886 924 22 939 55
person 0.01396842 769 -220 777 -184
person 0.01396582 259 104 319 199
person 0.01395934 63 139 153 282
person 0.013952129 132 603 141 637
person 0.013940875 774 340 836 429
person 0.013919713 245 341 268 359
person 0.013917802 799 354 823 383
person 0.013910676 707 622 720 670
person 0.013903856 716 132 808 272
person 0.013892903 203 384 216 394
person 0.013878161 1062 -200 1069 -163
person 0.013866732 790 -236 805 -171
person 0.0138598615 599 -234 614 -215
person 0.013849998 602 577 613 654
person 0.013833048 253 82 265 97
person 0.013828073 933 458 1009 625
person 0.01382546 17 220 35 243
person 0.013813645 62 -157 80 -88
person 0.013756191 1022 366 1045 431
person 0.013736505 1012 627 1020 648
person 0.013732778 684 465 697 494
person 0.013730518 337 744 370 837
person 0.013723984 720 728 737 753
person 0.013718931 123 -156 142 -105
person 0.013709399 661 93 677 106
person 0.013705764 680 -234 694 -227
person 0.013696838 321 85 415 232
person 0.01367424 287 338 309 356
person 0.013669995 1055 633 1071 678
person 0.013666409 578 160 591 180
person 0.013655955 456 504 476 533
person 0.013655469 64 537 85 563
person 0.013641428 546 104 638 230
person 0.013604835 0 350 5 389
person 0.01360186 665 745 697 838
person 0.013568352 542 -157 553 -113
person 0.013555944 619 -234 635 -215
person 0.013548944 289 253 321 287
person 0.013541885 425 322 458 373
person 0.013528292 324 549 353 604
person 0.013518839 -3 -221 8 -192
person 0.013513276 594 23 604 37
person 0.013503032 747 -231 761 -173
person 0.0135014 703 616 723 681
person 0.013492278 30 473 43 503
person 0.013488044 144 728 161 754
person 0.013471792 952 612 960 628
person 0.013465006 191 381 240 427
person 0.0134599265 901 177 922 197
person 0.013446777 441 61 452 75
person 0.013434598 457 15 473 32
person 0.013422463 109 365 127 384
person 0.013421409 288 441 308 463
person 0.013420689 1063 602 1069 638
person 0.013416522 1008 336 1025 360
person 0.013358842 0 48 4 84
person 0.01333387 24 456 39 487
person 0.013333602 679 727 698 798
person 0.013305584 28 398 40 428
person 0.013305546 987 231 1007 257
person 0.013303674 -5 253 11 280
person 0.0132881785 992 609 1002 628
person 0.013275055 83 -94 143 67
person 0.0132628875 254 716 277 781
person 0.013257148 430 68 461 112
person 0.0132539235 175 -230 189 -180
person 0.013245456 368 524 387 534
person 0.013238111 224 388 246 408
person 0.013234935 163 381 184 403
person 0.013224334 518 159 529 182
person 0.013215594 326 517 350 542
person 0.013203791 295 716 318 781
person 0.013203617 859 419 878 444
person 0.013196312 680 430 691 450
person 0.013186027 400 407 415 431
person 0.013185942 1054 703 1071 773
person 0.01318357 907 174 945 220
person 0.013179316 135 99 160 119
person 0.013153715 110 78 166 171
person 0.0131516475 0 -165 5 -123
person 0.013144984 1062 -98 1069 -59
person 0.013138892 892 245 926 297
person 0.013104844 14 -104 37 -1
person 0.013101033 1055 736 1070 814
person 0.01308295 1063 552 1071 564
person 0.01307343 0 550 7 645
person 0.013030408 184 477 272 625
person 0.013022364 999 503 1033 606
person 0.013019264 987 -226 1009 -168
person 0.013016966 336 716 359 780
person 0.012978172 -2 128 11 153
person 0.012967956 38 294 60 320
person 0.012962673 748 747 780 841
person 0.012920236 -4 176 12 200
person 0.012914539 761 477 783 515
person 0.012910905 247 254 269 276
person 0.012910127 0 636 5 677
person 0.012889306 336 443 350 455
person 0.012866321 1062 -119 1069 -80
person 0.012857071 914 686 958 795
person 0.0128527675 968 176 987 197
person 0.01283761 309 594 321 610
person 0.012834723 1062 -160 1069 -121
person 0.012819205 1053 -159 1071 -91
person 0.012795614 434 -92 449 -66
person 0.012790103 459 716 483 781
person 0.012788906 429 560 450 590
person 0.012787352 512 15 529 33
person 0.012784066 988 340 999 356
person 0.012780673 108 610 121 683
person 0.01277814 789 -220 797 -184
person 0.012772096 42 230 68 259
person 0.012769175 577 202 588 212
person 0.012767708 1062 -180 1069 -142
person 0.012767462 741 727 758 753
person 0.0127523355 418 716 442 780
person 0.012743371 118 386 135 407
person 0.012730809 454 -92 469 -66
person 0.012730497 483 469 497 496
person 0.012726943 70 486 87 513
person 0.012712566 939 216 977 265
person 0.012659901 547 27 572 60
person 0.012649784 539 517 555 545
person 0.012644979 383 539 406 565
person 0.012640734 44 392 58 422
person 0.012635582 0 656 5 698
person 0.012633845 377 716 401 781
person 0.012620766 440 604 449 636
person 0.012603479 172 716 195 781
person 0.012593228 0 615 5 657
person 0.012584997 791 43 802 55
person 0.012579463 953 254 988 306
person 0.0125727 1011 339 1021 354
person 0.012561353 199 -7 248 112
person 0.012560608 858 432 885 461
person 0.012555923 417 368 435 391
person 0.012547851 545 112 557 126
person 0.012545157 415 89 507 233
person 0.012535001 182 78 241 174
person 0.012532003 746 -147 767 -88
person 0.012523349 148 567 165 596
person 0.012497683 -5 52 8 79
person 0.0124940295 394 589 412 614
person 0.012482651 -3 -199 8 -171
person 0.012473396 818 246 856 295
person 0.012463033 652 351 721 435
person 0.012458936 1062 622 1069 657
person 0.012458151 247 80 337 228
person 0.012457217 555 195 576 215
person 0.012437975 586 -228 600 -178
person 0.012434945 174 605 183 637
person 0.01241935 82 199 101 221
person 0.01241607 673 -181 701 -95
person 0.01241105 119 -9 169 109
person 0.012401574 213 716 236 781
person 0.012366831 245 419 282 455
person 0.012360076 455 176 467 187
person 0.01235477 397 594 408 608
person 0.012351814 1029 447 1039 518
person 0.012351139 660 -234 674 -227
person 0.012318213 748 -220 757 -184
person 0.01229133 1062 -139 1069 -101
person 0.01228575 38 380 53 408
person 0.012279485 413 -92 428 -65
person 0.012274009 85 -234 101 -216
person 0.012272859 264 448 284 469
person 0.012244585 88 178 107 198
person 0.012228787 378 450 396 471
person 0.012213959 55 362 73 386
person 0.012209782 106 -199 119 -144
person 0.012207971 201 392 268 482
person 0.012202733 996 170 1007 188
person 0.01217996 222 402 236 412
person 0.012162166 259 461 280 482
person 0.012145316 130 586 139 619
person 0.012107889 0 126 7 154
person 0.012088957 727 447 735 465
person 0.012084897 208 -100 238 -5
person 0.012078949 76 541 97 567
person 0.01206953 784 427 812 476
person 0.012043603 1063 294 1069 327
person 0.012038826 493 138 506 157
person 0.012030594 60 727 79 799
person 0.012024305 269 338 281 349
person 0.012023188 313 443 333 464
person 0.012010219 993 -66 1006 -21
person 0.012005502 165 125 176 138
person 0.012004228 194 405 208 419
person 0.011993883 563 21 579 38
person 0.0119666215 0 -145 5 -103
person 0.0119581185 969 582 980 618
person 0.011938495 87 49 112 83
person 0.011933365 180 -100 200 -52
person 0.011915179 759 670 801 771
person 0.011913871 1006 594 1021 607
person 0.011912731 0 677 5 718
person 0.01190154 1058 22 1069 61
person 0.011885221 605 67 638 112
person 0.011880339 705 27 730 58
person 0.011866779 577 456 588 486
person 0.011862441 598 457 611 487
person 0.011860903 204 419 233 441
person 0.011843391 604 515 618 542
person 0.011826605 248 669 263 715
person 0.011824866 0 410 5 450
person 0.011821039 437 624 446 653
person 0.011815325 266 316 284 330
person 0.01181444 468 68 501 112
person 0.011813521 431 191 453 211
person 0.011784827 839 682 879 798
person 0.011782195 969 590 978 612
person 0.011775917 1062 -78 1069 -39
person 0.011762335 256 101 272 119
person 0.011737081 467 24 489 59
person 0.011733559 959 26 982 59
person 0.011723449 940 129 975 175
person 0.011722196 168 -153 182 -107
person 0.011721588 393 -92 408 -65
person 0.011713146 85 395 106 424
person 0.011712814 1011 137 1022 151
person 0.01171054 1053 -119 1071 -51
person 0.011710507 1064 523 1070 553
person 0.011701272 248 426 272 447
person 0.011692491 84 257 109 280
person 0.011674668 720 -60 733 -23
person 0.011662737 1025 151 1033 166
person 0.011640145 0 778 5 824
person 0.0116305435 761 727 779 753
person 0.011626461 297 59 322 89
person 0.011618841 261 -52 286 9
person 0.0116062965 1022 526 1080 709
person 0.011605061 343 670 389 767
person 0.011600729 495 669 510 717
person 0.01159722 215 -230 230 -180
person 0.011582292 0 595 5 636
person 0.011569257 228 -92 243 -65
person 0.011567741 173 685 215 797
person 0.011562601 515 18 525 31
person 0.011560106 144 46 169 80
person 0.011555655 884 435 906 463
person 0.0115523385 288 497 313 523
person 0.01152828 1034 113 1046 126
person 0.011528063 705 -114 716 -67
person 0.011525433 249 -92 264 -65
person 0.011517982 1013 610 1020 626
person 0.011512782 333 626 353 674
person 0.011503653 1053 665 1072 728
person 0.011497543 192 120 203 133
person 0.011491611 580 435 590 462
person 0.011471234 372 -92 387 -65
person 0.01146223 967 729 986 799
person 0.011459059 0 173 8 202
person 0.011444231 284 417 303 438
person 0.0114320675 348 566 370 589
person 0.011425295 294 366 315 385
person 0.011421099 269 -92 284 -65
person 0.011419959 311 -92 326 -65
person 0.011417505 912 -220 920 -184
person 0.011416348 756 310 849 466
person 0.011416224 475 -92 490 -65
person 0.011411302 1061 333 1068 365
person 0.011398833 862 21 900 87
person 0.01139561 881 375 902 405
person 0.011370191 290 -92 305 -65
person 0.011368487 879 15 894 48
person 0.011365882 105 190 117 210
person 0.011353314 193 605 203 635
person 0.0113519 595 390 603 407
person 0.011348797 208 -92 223 -65
person 0.011347257 58 102 83 135
person 0.011346914 332 -92 346 -65
person 0.011342673 204 400 230 412
person 0.011340775 833 -191 853 -126
person 0.011330627 64 -234 78 -227
person 0.0113301985 582 137 594 158
person 0.011309328 792 610 799 627
person 0.011302334 367 137 382 151
person 0.011284467 941 56 971 103
person 0.011268529 352 -92 367 -65
person 0.011265532 54 371 82 431
person 0.011265367 131 715 153 781
person 0.011255822 799 105 886 230
person 0.011241047 -4 397 8 426
person 0.011237221 870 -140 896 -93
person 0.011225566 901 679 921 723
person 0.011223247 221 485 326 627
person 0.011216571 289 594 301 611
person 0.011214239 665 25 673 37
person 0.011212257 46 741 61 771
person 0.011204594 423 383 432 397
person 0.0112005845 687 586 698 646
person 0.011199175 420 372 431 386
person 0.011193648 268 595 279 612
person 0.011164893 1062 642 1069 677
person 0.01116072 801 192 822 213
person 0.011159721 705 244 810 380
person 0.011151547 606 601 615 632
person 0.011144518 1064 762 1070 803
person 0.011142395 953 -217 986 -141
person 0.011135683 351 176 364 187
person 0.011135226 638 727 657 798
person 0.011130418 897 700 967 849
person 0.011129127 909 24 946 91
person 0.011129053 810 -221 818 -184
person 0.011128114 810 613 818 631
person 0.011114811 165 406 185 425
person 0.011112718 55 51 84 103
person 0.01110637 0 575 5 616
person 0.011100323 639 -234 653 -227
person 0.011092123 79 697 144 861
person 0.01109058 489 475 504 504
person 0.01108624 407 543 428 570
person 0.011061823 123 728 140 754
person 0.011047862 76 530 152 700
person 0.011045585 953 -218 961 -184
person 0.011045209 418 252 459 299
person 0.011032004 719 217 739 236
person 0.011020762 492 458 507 489
person 0.011020689 -4 375 8 403
person 0.011014033 286 496 319 540
person 0.011008898 289 669 304 713
person 0.010999349 417 390 443 427
person 0.010993738 1063 154 1069 169
person 0.010991903 244 200 263 223
person 0.010991482 59 343 71 354
person 0.010983835 873 248 909 299
person 0.01096772 153 697 225 855
person 0.010967509 0 492 5 533
person 0.010959949 782 727 799 753
person 0.010914629 370 488 391 511
person 0.010909555 788 -68 816 -35
person 0.01090474 0 249 6 284
person 0.010886604 662 156 672 178
person 0.010885613 0 -124 5 -83
person 0.0108841555 500 403 514 429
person 0.010879162 496 -234 510 -227
person 0.010877156 413 -234 427 -227
person 0.010872986 434 -234 448 -227
person 0.010868985 475 -234 489 -227
person 0.010865034 393 -234 407 -227
person 0.010861581 208 -234 222 -227
person 0.010860352 290 -234 304 -227
person 0.010860003 270 -234 283 -227
person 0.010859327 249 -234 263 -227
person 0.010859137 455 -234 468 -227
person 0.010859091 187 -234 201 -227
person 0.010858733 228 -234 242 -227
person 0.010857519 311 -234 324 -227
person 0.010855057 331 -234 345 -227
person 0.010851698 352 -234 366 -227
person 0.010851463 296 126 308 137
person 0.010850229 916 127 927 148
person 0.0108496 372 -234 386 -227
person 0.010840765 0 697 5 739
person 0.010836761 676 672 716 772
person 0.010836088 -5 334 8 361
person 0.010831581 664 90 758 236
person 0.010794578 493 560 509 590
person 0.010794145 516 -234 530 -227
person 0.01078591 100 447 128 510
person 0.010767508 167 -234 181 -227
person 0.010756001 425 550 450 610
person 0.010741985 91 272 121 294
person 0.010741768 663 307 698 360
person 0.010730965 256 -230 271 -180
person 0.010716614 546 -229 560 -179
person 0.01071205 66 392 86 422
person 0.010699304 0 718 5 759
person 0.01068518 268 521 291 542
person 0.010675607 249 353 281 383
person 0.010658649 875 362 901 424
person 0.01065723 367 195 388 214
person 0.010654124 280 425 387 553
person 0.010623339 92 164 107 183
person 0.0106223 224 445 298 526
person 0.0106021585 293 375 315 397
person 0.0105750775 312 302 438 447
person 0.010574654 535 421 547 450
person 0.010573676 537 -234 551 -227
person 0.010553188 722 708 737 734
person 0.010549664 374 572 388 586
person 0.010547772 725 224 734 235
person 0.01054598 615 198 635 216
person 0.010513721 67 -195 78 -138
person 0.010513212 566 24 575 37
person 0.010513023 534 195 554 215
person 0.010511476 127 164 137 177
person 0.010510358 450 197 473 216
person 0.010506407 170 60 256 213
person 0.0105056595 1062 662 1069 698
person 0.010504048 146 -234 160 -227
person 0.010499921 888 532 904 557
person 0.010485513 778 198 799 218
person 0.010481432 727 -220 737 -184
person 0.010465446 557 -234 571 -227
person 0.010465224 147 518 233 687
person 0.010446654 850 613 857 627
person 0.0104441205 609 253 651 303
person 0.010442204 412 589 429 616
person 0.010394625 22 785 37 816
person 0.010384128 802 727 820 753
person 0.010380489 705 -218 717 -184
person 0.010380391 399 388 414 410
person 0.010376535 380 586 390 601
person 0.010373755 339 -230 353 -180
person 0.010369306 297 -230 312 -180
person 0.010366434 475 709 490 736
person 0.010362639 0 554 5 595
person 0.0103613585 1053 -79 1071 -14
person 0.01034819 210 362 225 374
person 0.0103399595 70 -41 84 1
person 0.01033552 521 413 532 439
person 0.010331741 685 -218 697 -185
person 0.010328309 380 -230 394 -180
person 0.010322617 455 709 469 736
person 0.01031692 161 100 182 118
person 0.010310115 240 456 283 504
person 0.010308125 971 647 982 676
person 0.0103068855 832 56 864 101
person 0.010305562 496 709 511 736
person 0.010301201 661 -110 674 -68
person 0.010300208 896 102 953 188
person 0.010299397 0 -40 5 1
person 0.010298799 47 355 65 382
person 0.010281302 508 296 530 321
person 0.010278459 352 743 370 770
person 0.010277649 97 63 177 214
person 0.010271971 1063 742 1070 781
person 0.010271908 372 743 391 770
person 0.010270943 210 -154 223 -109
person 0.010269926 415 623 426 654
person 0.010261743 739 -106 762 -55
person 0.010261718 5 434 37 529
person 0.010249434 -1 219 6 232
person 0.0102462275 463 434 484 469
person 0.010234623 596 727 616 799
person 0.010231953 45 722 60 752
person 0.010228433 830 -221 838 -184
person 0.010227419 331 743 350 770
person 0.010215471 415 615 434 666
person 0.010206521 245 443 260 454
person 0.010205972 578 -234 592 -227
person 0.010203934 619 -234 633 -227
person 0.010202267 428 331 455 360
person 0.010194398 304 396 325 417
person 0.010192185 0 472 5 511
person 0.010190718 393 743 411 770
person 0.010185063 517 709 531 736
person 0.01018326 592 -6 607 16
person 0.010179929 -4 355 8 384
person 0.010178166 421 -230 435 -180
person 0.010176683 185 728 205 798
person 0.010174897 434 709 449 736
person 0.010171554 620 131 633 151
person 0.010167244 451 559 470 588
person 0.010164657 308 420 328 440
person 0.010163559 925 193 945 215
person 0.010163065 82 108 107 139
person 0.01016235 542 567 557 655
person 0.010157598 793 121 805 141
person 0.01015557 -4 724 9 752
person 0.010152465 700 216 721 237
person 0.010145169 701 709 716 735
person 0.0101440195 460 605 469 635
person 0.010142233 311 743 329 770
person 0.010141454 148 306 171 327
person 0.01013122 865 375 886 405
person 0.010129274 268 727 287 798
person 0.010129255 249 709 264 736
person 0.010126573 586 22 596 35
person 0.010123007 511 275 532 302
person 0.010121628 142 407 160 428
person 0.010109476 229 709 243 736
person 0.01009174 309 727 328 798
person 0.01009143 38 540 56 568
person 0.010090435 0 637 8 719
person 0.010088292 270 709 284 736
person 0.0100881625 494 65 529 109
person 0.010085273 53 587 66 655
person 0.010084859 -4 436 9 464
person 0.01008444 290 743 308 770
person 0.01008028 197 -108 244 20
person 0.010077382 537 709 552 736
person 0.010073249 55 339 74 360
person 0.010072689 598 -234 612 -227
person 0.010072213 289 169 328 213
person 0.010069898 377 584 394 607
person 0.010064262 414 743 432 770
person 0.010058354 226 727 246 799
person 0.010051738 120 174 138 195
person 0.010051126 847 575 856 614
person 0.010041802 558 709 572 736
person 0.010036499 577 -92 592 -65
person 0.010030347 313 342 328 354
person 0.010029135 126 -234 139 -227
person 0.01002065 208 709 223 736
person 0.010019699 578 709 593 736
person 0.010019197 509 679 547 802
person 0.010014942 523 265 559 314
person 0.010012933 503 -230 517 -180
person 0.010011978 270 743 288 770
person 0.010009388 129 593 138 613
person 0.010001534 1027 145 1036 158
