person 0.6320739 506 86 522 108
person 0.62513053 370 83 384 103
person 0.61126566 461 74 476 92
person 0.5175816 401 67 414 83
person 0.39433724 431 82 445 99
person 0.27993172 429 78 443 94
person 0.27855384 475 82 491 101
person 0.26542112 475 77 490 93
person 0.22272278 446 70 461 87
person 0.19115712 497 81 518 107
person 0.17523938 423 84 443 109
person 0.16929594 505 77 519 94
person 0.16006264 410 82 425 100
person 0.1550617 403 69 412 79
person 0.14333859 430 80 450 105
person 0.13834383 460 60 474 76
person 0.13354217 46 244 64 283
person 0.13250196 420 104 435 123
person 0.12589777 0 219 8 270
person 0.11375393 48 247 59 272
person 0.11195295 907 301 951 406
person 0.111168645 882 450 929 551
person 0.10264029 888 243 922 310
person 0.098683596 459 82 475 101
person 0.09541514 389 85 404 103
person 0.09456347 943 555 951 616
person 0.09235442 397 66 417 90
person 0.09113002 393 72 406 88
person 0.08954067 891 343 950 510
person 0.07967178 431 80 440 90
person 0.07847285 127 188 149 217
person 0.0767309 354 83 368 101
person 0.07526658 448 71 459 81
person 0.074325725 40 254 74 317
person 0.073356666 472 74 492 98
person 0.07256224 524 90 538 110
person 0.07050417 47 250 68 304
person 0.07044451 942 160 951 205
person 0.0699964 51 260 64 285
person 0.06997608 786 151 805 181
person 0.06859677 35 263 47 289
person 0.06624263 463 71 473 86
person 0.0642062 138 263 177 318
person 0.0637478 434 85 443 95
person 0.060912263 553 28 565 45
person 0.05961908 593 23 600 34
person 0.059366573 505 76 514 90
person 0.059305552 505 86 514 103
person 0.0592565 478 79 487 89
person 0.058304735 373 85 381 97
person 0.057363883 510 103 527 123
person 0.05717323 462 63 471 72
person 0.05641716 324 39 336 54
person 0.055463266 164 311 217 389
person 0.055248484 218 409 239 429
person 0.05504176 941 -203 950 -159
person 0.055010557 -4 -204 8 -182
person 0.054173496 0 248 7 314
person 0.05408834 501 78 527 118
person 0.05314458 728 165 749 196
person 0.053089358 223 316 250 346
person 0.052075617 586 310 631 405
person 0.050950497 521 24 528 35
person 0.050875686 151 287 225 422
person 0.05029645 892 196 924 257
person 0.04992824 476 99 493 118
person 0.04948418 327 40 334 52
person 0.04932414 942 189 951 247
person 0.049323253 32 237 43 262
person 0.049210206 942 597 951 646
person 0.049100902 146 280 165 301
person 0.049066205 942 524 949 586
person 0.049022906 234 180 256 208
person 0.04879778 871 220 938 359
person 0.048327476 0 -206 5 -181
person 0.047596574 578 271 614 330
person 0.04720736 433 100 449 119
person 0.04705958 -3 -203 7 -197
person 0.0468972 -3 -195 17 -112
person 0.04683198 55 284 76 338
person 0.046827022 591 21 603 36
person 0.046363708 519 22 531 37
person 0.045809764 -1 217 13 278
person 0.045431715 129 342 196 488
person 0.04524203 128 258 151 289
person 0.045217004 205 420 225 440
person 0.04481664 493 102 509 122
person 0.044174887 915 371 943 420
person 0.044109248 789 344 858 497
person 0.044008143 746 333 812 490
person 0.043828636 34 448 76 564
person 0.043752316 364 101 380 122
person 0.043527845 896 153 916 185
person 0.04289542 228 321 247 341
person 0.042808633 380 70 402 96
person 0.04279953 576 287 637 430
person 0.042785693 124 -64 148 17
person 0.04266677 395 74 404 84
person 0.04248123 508 80 517 89
person 0.04210582 945 102 950 128
person 0.042092532 231 287 249 309
person 0.042005748 -2 227 8 252
person 0.041988123 56 288 71 312
person 0.041965637 342 457 356 480
person 0.04194978 412 85 422 96
person 0.04184635 442 123 465 150
person 0.041784514 555 30 562 42
person 0.041578293 0 223 5 256
person 0.041157827 177 308 199 325
person 0.04109693 877 625 903 704
person 0.04106872 506 71 527 96
person 0.04097838 118 174 153 228
person 0.040709365 784 136 805 166
person 0.040439192 941 96 951 131
person 0.040269386 369 78 383 94
person 0.04025779 179 268 206 299
person 0.040116057 -2 -130 14 -35
person 0.03940597 526 105 541 125
person 0.038915362 934 195 953 253
person 0.03883525 662 74 677 91
person 0.038345374 940 -204 950 -197
person 0.038243297 939 121 949 159
person 0.038014684 942 630 951 685
person 0.037997372 478 84 488 96
person 0.037969112 658 84 673 102
person 0.03730221 173 248 196 277
person 0.037250005 939 -204 953 -184
person 0.03690955 875 -87 910 42
person 0.036556434 111 245 136 280
person 0.036521666 346 88 367 113
person 0.036263667 758 355 806 455
person 0.036169913 -3 8 9 33
person 0.036138523 0 283 7 354
person 0.035899214 182 282 205 302
person 0.03589047 118 249 156 307
person 0.035817407 162 -70 187 9
person 0.03576923 162 299 184 319
person 0.035621896 554 24 561 35
person 0.035590656 39 383 79 493
person 0.03558876 0 213 4 245
person 0.035432287 142 274 162 295
person 0.035365414 881 -190 893 -154
person 0.03533258 424 37 438 54
person 0.03514534 937 164 954 201
person 0.035125457 225 360 299 501
person 0.03508054 0 -208 7 -161
person 0.035004694 211 426 230 448
person 0.03480508 531 68 544 85
person 0.034584634 580 49 594 65
person 0.03453522 555 58 569 75
person 0.034516063 606 332 664 496
person 0.034515698 942 -170 950 -119
person 0.03431495 932 -185 955 -113
person 0.03419071 408 59 422 75
person 0.03411065 240 386 292 471
person 0.033874266 629 153 651 183
person 0.033738215 405 103 422 122
person 0.033685148 678 76 693 93
person 0.03336744 915 332 943 381
person 0.033330187 363 76 391 115
person 0.033277437 656 85 678 112
person 0.033259373 520 121 543 148
person 0.032918178 481 123 504 152
person 0.03289921 0 241 5 275
person 0.032815013 587 31 602 48
person 0.032802265 418 118 439 145
person 0.032704957 39 -204 54 -189
person 0.032429464 554 91 577 117
person 0.032403342 0 211 7 251
person 0.03236002 849 -193 862 -152
person 0.032230224 0 5 5 37
person 0.032082576 550 128 574 157
person 0.03197934 22 -204 34 -198
person 0.031971533 420 32 439 58
person 0.0314786 514 54 528 71
person 0.03142872 268 174 290 203
person 0.031337216 55 297 74 322
person 0.031069066 943 212 951 273
person 0.03105917 -3 217 7 242
person 0.031010048 728 67 743 83
person 0.03099578 736 124 759 153
person 0.030891744 22 -204 37 -190
person 0.03069251 694 361 738 466
person 0.0306081 22 231 92 351
person 0.030478755 940 44 949 82
person 0.03041689 756 331 782 381
person 0.030162755 806 331 857 412
person 0.030111043 590 32 599 45
person 0.03009394 322 49 342 75
person 0.030077185 709 123 731 151
person 0.030047245 682 339 742 500
person 0.030005416 942 19 950 68
person 0.029997008 383 105 398 125
person 0.029955579 602 17 610 29
person 0.029841857 445 60 460 76
person 0.029692924 657 233 692 292
person 0.029590284 584 126 607 154
person 0.029533857 629 126 652 155
person 0.029528601 819 -197 833 -151
person 0.029506277 669 124 691 153
person 0.029460642 587 92 609 117
person 0.029443074 563 54 584 80
person 0.02930374 509 87 519 100
person 0.029199595 551 22 564 37
person 0.028966403 53 -96 70 -40
person 0.028806036 627 91 649 117
person 0.028636038 156 294 191 335
person 0.028634049 -2 245 8 270
person 0.028541055 583 51 591 62
person 0.028419241 677 82 692 99
person 0.028326161 161 292 183 311
person 0.028235637 -7 287 29 395
person 0.028157039 531 126 547 146
person 0.028051462 811 -90 848 46
person 0.027892932 926 362 939 425
person 0.027892742 455 63 482 102
person 0.027735753 233 125 255 151
person 0.027615076 222 447 243 470
person 0.02733968 733 -203 744 -197
person 0.027330318 570 58 585 74
person 0.027312474 554 66 568 84
person 0.027307395 750 70 765 86
person 0.02721765 456 106 473 124
person 0.027213039 751 -203 762 -197
person 0.027210286 714 -203 726 -197
person 0.027042126 769 -203 780 -197
person 0.027023792 788 -203 799 -197
person 0.026984425 58 422 121 561
person 0.026980111 894 132 915 161
person 0.02697784 912 -204 924 -198
person 0.02695806 39 -204 52 -198
person 0.026939942 645 68 660 86
person 0.026867887 864 560 873 582
person 0.026726814 699 90 721 117
person 0.026671618 126 288 147 308
person 0.026661705 818 653 846 733
person 0.026536793 899 158 912 182
person 0.026519043 89 448 105 471
person 0.026516728 765 155 800 212
person 0.026369598 304 131 326 159
person 0.026368864 551 88 566 107
person 0.026363743 234 298 255 320
person 0.026243912 334 125 356 153
person 0.026108855 740 325 791 408
person 0.025885696 0 277 5 311
person 0.025850287 107 120 128 146
person 0.025819508 -4 599 12 714
person 0.025819167 -6 509 24 642
person 0.025765466 806 -203 817 -197
person 0.025680248 356 86 365 96
person 0.02563856 846 560 854 584
person 0.02559777 907 403 935 452
person 0.025596943 379 124 400 152
person 0.02552092 940 263 949 331
person 0.025503593 425 56 439 73
person 0.025364885 696 -203 707 -197
person 0.02530619 934 215 952 273
person 0.025260651 673 153 695 184
person 0.025187561 715 -204 727 -184
person 0.025154628 116 237 197 355
person 0.02512451 172 314 211 355
person 0.024987144 657 464 705 559
person 0.024986103 774 384 802 435
person 0.024977311 163 75 196 133
person 0.024973108 854 21 866 60
person 0.024947926 808 127 830 156
person 0.024941739 822 20 834 59
person 0.024918275 131 187 146 206
person 0.02491464 50 636 67 695
person 0.024893831 259 126 282 154
person 0.024875024 691 69 705 85
person 0.02480327 599 15 612 31
person 0.024803018 733 -204 746 -184
person 0.024785299 697 -204 709 -185
person 0.024769198 161 100 182 125
person 0.024638353 805 155 828 188
person 0.02463718 231 181 260 223
person 0.024632556 924 295 948 349
person 0.024620857 708 155 731 187
person 0.024612967 613 452 656 558
person 0.024605237 945 85 950 110
person 0.024604766 769 71 784 87
person 0.024570595 696 311 720 365
person 0.024558455 324 47 337 66
person 0.024521999 0 109 9 148
person 0.024491124 353 459 394 564
person 0.024468917 238 189 255 210
person 0.02441938 178 -2 207 67
person 0.0243911 477 58 492 75
person 0.024302129 419 79 447 119
person 0.02428387 147 -114 170 -30
person 0.024262259 752 -204 764 -183
person 0.024195572 -1 77 20 147
person 0.024162924 776 -200 791 -154
person 0.024154933 626 92 640 110
person 0.024095839 272 251 324 327
person 0.024045954 766 84 781 101
person 0.024031091 759 -92 794 48
person 0.02401814 53 230 65 255
person 0.023945464 136 194 161 224
person 0.023943763 0 -195 7 -126
person 0.023910299 770 -204 782 -183
person 0.023883553 569 66 584 84
person 0.023825949 788 -204 800 -183
person 0.023706533 678 -204 691 -185
person 0.023693474 884 24 896 62
person 0.023691444 736 558 745 584
person 0.023678534 912 -204 926 -189
person 0.023641188 347 105 363 124
person 0.02364022 678 149 713 203
person 0.02360071 422 106 432 117
person 0.023453439 741 660 770 741
person 0.023445709 173 319 209 338
person 0.023445517 771 681 791 743
person 0.023440659 736 90 758 117
person 0.023377864 883 640 900 686
person 0.023363825 517 549 530 607
person 0.02334708 654 57 668 74
person 0.023266792 390 87 401 98
person 0.023242591 317 37 331 53
person 0.023230579 734 681 754 743
person 0.023214208 211 221 266 295
person 0.023028959 305 90 326 115
person 0.022932326 910 375 942 460
person 0.022903893 551 20 570 48
person 0.022903005 806 -204 819 -184
person 0.022877216 898 13 908 29
person 0.022867626 664 75 675 86
person 0.022816453 582 459 643 618
person 0.022803178 896 197 918 239
person 0.022800565 678 -204 689 -197
person 0.022759326 511 118 528 139
person 0.022720478 554 549 566 609
person 0.022694174 826 157 860 213
person 0.022678768 731 69 740 79
person 0.02267578 687 -90 724 45
person 0.02263308 824 -204 835 -197
person 0.022593454 587 53 609 79
person 0.022564238 591 89 605 108
person 0.022560231 627 67 641 84
person 0.022543468 808 681 827 743
person 0.022527521 728 382 757 433
person 0.022521513 782 15 796 55
person 0.022517474 590 70 605 87
person 0.022466727 745 327 773 377
person 0.022463592 786 651 804 711
person 0.022414215 845 124 867 153
person 0.022394154 945 158 950 187
person 0.022291746 698 681 718 743
person 0.02225537 828 559 836 585
person 0.02223796 904 440 929 491
person 0.022218464 774 90 796 116
person 0.022178965 749 651 767 711
person 0.022057133 660 -204 673 -186
person 0.022055296 667 14 686 47
person 0.022008011 645 458 706 611
person 0.021971535 84 -111 108 -31
person 0.021968624 945 227 950 259
person 0.02192882 935 283 947 353
person 0.021910476 0 296 5 331
person 0.021909056 319 38 328 50
person 0.021786729 664 -199 677 -153
person 0.021744926 198 471 218 492
person 0.021736076 718 558 726 584
person 0.02171576 589 15 609 45
person 0.02166852 747 53 768 80
person 0.021666337 711 402 777 550
person 0.021637293 896 -204 910 -189
person 0.021622349 0 315 7 391
person 0.021577923 0 -82 8 -20
person 0.021505227 0 24 6 55
person 0.021438856 637 55 658 81
person 0.021403512 143 303 164 321
person 0.021379335 88 651 115 741
person 0.021347329 87 -90 103 -45
person 0.02130886 0 259 4 296
person 0.021279657 693 86 708 103
person 0.021268742 0 -8 5 25
person 0.021234585 896 -204 908 -198
person 0.021222427 470 155 491 184
person 0.02121803 681 560 690 582
person 0.021192618 824 -204 837 -185
person 0.021188278 160 154 197 208
person 0.021183418 661 681 681 743
person 0.021149285 746 14 763 49
person 0.02113752 659 64 681 91
person 0.021062093 804 85 819 102
person 0.021032864 846 91 868 118
person 0.021025859 752 72 762 82
person 0.021020954 35 282 50 308
person 0.020990996 918 505 960 619
person 0.0209496 924 83 950 151
person 0.02093019 49 250 57 265
person 0.020924252 699 559 708 583
person 0.02091835 664 301 713 388
person 0.020915186 -2 27 9 51
person 0.020873073 333 107 348 126
person 0.02083799 864 548 871 563
person 0.020789905 708 14 726 48
person 0.020757532 24 248 37 275
person 0.02073465 440 430 453 457
person 0.02073355 519 459 576 621
person 0.020721558 701 640 722 697
person 0.020652123 944 9 950 37
person 0.020528585 123 249 140 268
person 0.020519065 633 -198 646 -152
person 0.020456139 628 157 643 181
person 0.020454096 663 560 671 582
person 0.02042624 409 81 444 137
person 0.020421771 626 100 641 121
person 0.020412352 596 -192 621 -120
person 0.02037393 836 164 858 197
person 0.020347886 740 224 775 282
person 0.020276329 732 87 747 104
person 0.020273808 83 621 108 717
person 0.020253012 57 -64 76 -6
person 0.02024069 645 559 653 581
person 0.020196214 815 89 837 116
person 0.02019578 370 560 381 584
person 0.02018356 882 546 890 563
person 0.02018331 627 14 646 47
person 0.020144133 942 720 948 760
person 0.020107528 85 237 106 270
person 0.020092122 572 60 582 71
person 0.020050285 713 651 731 712
person 0.02001244 625 681 644 744
person 0.01999538 475 462 491 487
person 0.019977842 656 60 665 70
person 0.019961832 716 68 731 85
person 0.019889593 -1 -10 20 67
person 0.019878447 156 -194 181 -124
person 0.019746583 738 641 759 696
person 0.019741584 791 313 870 430
person 0.019641593 460 84 472 97
person 0.019622536 476 -156 501 -80
person 0.019596668 253 -155 278 -76
person 0.01957996 161 125 182 151
person 0.019559147 945 174 951 204
person 0.019546386 354 77 367 94
person 0.01953956 822 652 840 712
person 0.01953121 773 52 794 81
person 0.019495366 881 14 891 30
person 0.019487174 234 160 272 214
person 0.019455733 56 325 106 410
person 0.019405987 727 470 744 492
person 0.01939911 550 105 566 125
person 0.01938238 659 -204 671 -197
person 0.019376129 245 78 279 134
person 0.01931442 774 641 795 696
person 0.019261772 848 643 866 688
person 0.01923945 172 440 206 483
person 0.01923014 754 558 763 585
person 0.019209942 931 380 945 389
person 0.019195411 882 561 891 581
person 0.019176506 664 640 685 697
person 0.019175518 280 404 350 552
person 0.0191445 266 93 288 118
person 0.019140994 588 681 608 744
person 0.019106656 107 263 127 283
person 0.019092087 900 560 909 580
person 0.019074429 585 282 604 311
person 0.019066108 437 419 448 444
person 0.019038843 641 -204 654 -187
person 0.01901676 217 439 249 482
person 0.01900443 156 658 184 743
person 0.018986002 945 120 950 147
person 0.018985186 1 118 7 144
person 0.018962316 0 -3 8 48
person 0.018929856 842 -204 855 -186
person 0.01891143 704 55 726 83
person 0.018897898 458 158 475 180
person 0.018866623 595 -197 609 -152
person 0.018847013 771 73 781 83
person 0.01884514 639 103 654 124
person 0.018843848 0 -31 4 4
person 0.018800428 93 -188 119 -116
person 0.018789934 400 -158 425 -83
person 0.018788809 518 640 539 697
person 0.018767225 385 122 401 143
person 0.018763363 543 250 593 335
person 0.018762173 601 67 616 84
person 0.018753098 929 271 950 328
person 0.018736362 365 480 384 502
person 0.018732501 188 128 210 153
person 0.018719066 0 81 6 108
person 0.018709652 162 425 233 560
person 0.018696005 628 640 649 697
person 0.018686904 667 661 695 744
person 0.018649803 934 397 948 407
person 0.018633027 224 560 235 585
person 0.018627858 -2 120 11 142
person 0.018584708 181 420 203 435
person 0.018564561 337 189 375 244
person 0.018550493 522 -193 547 -122
person 0.018546768 566 87 581 105
person 0.018546417 841 -204 853 -197
person 0.01853722 329 -154 354 -78
person 0.018518796 552 680 571 744
person 0.018504992 524 317 542 338
person 0.01849654 423 204 500 356
person 0.018489318 313 83 327 99
person 0.018459704 660 101 675 122
person 0.018452594 0 -122 8 -53
person 0.018437997 27 235 38 260
person 0.01843665 566 105 581 126
person 0.018429639 887 91 908 117
person 0.018399779 508 79 542 136
person 0.01837565 650 277 722 431
person 0.018350841 587 103 603 124
person 0.018337654 555 640 575 697
person 0.018323239 58 332 130 500
person 0.018322613 771 104 786 123
person 0.01831543 701 -200 714 -152
person 0.01828457 724 303 803 437
person 0.018249849 449 -190 475 -118
person 0.018233119 100 84 132 144
person 0.018208534 730 190 754 226
person 0.018192546 666 -200 690 -127
person 0.018186636 812 643 830 689
person 0.018152129 515 680 535 744
person 0.018146139 489 260 507 285
person 0.018134821 680 78 690 89
person 0.018107457 585 156 609 187
person 0.018092236 274 101 288 119
person 0.018041834 897 175 912 200
person 0.018040534 751 85 766 102
person 0.018040404 92 -138 110 -79
person 0.018027691 738 -201 752 -153
person 0.018020593 615 -84 653 38
person 0.017998982 0 645 11 719
person 0.0179813 945 540 950 572
person 0.017931715 36 170 57 197
person 0.017912455 843 88 858 106
person 0.017909182 425 436 437 463
person 0.01789514 844 681 864 744
person 0.017883085 333 89 348 107
person 0.017875206 479 680 498 744
person 0.017870007 882 -160 893 -120
person 0.017855989 809 558 817 585
person 0.017825257 405 208 456 289
person 0.017812237 642 87 657 104
person 0.017807426 -3 -3 8 20
person 0.017789043 626 559 635 582
person 0.017784331 -3 281 8 306
person 0.017782995 54 -135 71 -74
person 0.01778158 493 123 509 142
person 0.017771823 482 640 502 697
person 0.017765474 676 651 694 712
person 0.01775545 194 288 214 307
person 0.01774796 904 -122 927 -27
person 0.017746279 0 -179 5 -142
person 0.017722389 941 87 954 109
person 0.017679855 591 640 612 697
person 0.017662581 0 -197 5 -162
person 0.01765981 -3 84 10 105
person 0.01764807 557 60 566 71
person 0.01763468 899 547 906 561
person 0.0176334 441 548 459 608
person 0.017630443 944 557 950 587
person 0.017620156 825 86 839 103
person 0.017610675 530 139 546 160
person 0.017605428 789 87 804 104
person 0.017601684 442 680 462 744
person 0.017591273 895 653 922 736
person 0.017587105 697 103 713 123
person 0.01755891 941 161 953 185
person 0.017489815 786 107 801 126
person 0.017471528 553 559 564 584
person 0.017438194 814 222 850 281
person 0.017410921 617 92 650 150
person 0.017406229 584 123 600 145
person 0.017394066 322 78 357 134
person 0.017392648 438 124 455 143
person 0.01738433 585 141 601 163
person 0.017378686 321 -189 348 -118
person 0.0173735 198 205 282 342
person 0.01731049 0 100 6 127
person 0.017302917 593 662 622 746
person 0.017292485 69 458 131 624
person 0.017291285 879 609 896 647
person 0.017276384 406 680 425 744
person 0.017267868 516 559 527 584
person 0.01725737 716 86 731 103
person 0.01722656 498 560 509 584
person 0.017194781 477 79 512 135
person 0.017146235 371 459 429 622
person 0.01713071 21 267 33 294
person 0.017121984 773 557 781 585
person 0.017099265 723 314 748 367
person 0.017093953 113 111 127 128
person 0.01709078 817 11 838 64
person 0.017031845 0 535 4 569
person 0.017024621 546 140 562 162
person 0.017020432 945 191 950 223
person 0.016992167 876 159 890 183
person 0.016950069 369 680 389 744
person 0.016944777 944 697 950 736
person 0.016931541 647 70 657 81
person 0.016900195 44 305 56 330
person 0.016899869 864 544 873 569
person 0.016887864 153 -79 192 29
person 0.016880203 569 140 584 162
person 0.016868409 535 559 546 584
person 0.01686771 732 104 747 123
person 0.016863933 445 640 466 698
person 0.016850363 750 123 765 145
person 0.016839119 150 680 169 744
person 0.016836576 227 664 256 746
person 0.016829167 0 715 7 757
person 0.01678778 809 437 886 567
person 0.016778378 0 607 7 679
person 0.01676895 601 89 616 107
person 0.016704556 30 159 59 220
person 0.016673794 69 450 86 474
person 0.016654361 261 557 272 584
person 0.016648358 675 123 691 145
person 0.016646687 333 680 352 744
person 0.016626764 -1 -156 11 -84
person 0.01661526 607 559 618 584
person 0.016589023 480 551 493 606
person 0.016564079 688 413 714 464
person 0.016563738 187 560 198 585
person 0.016534109 205 561 217 585
person 0.016489167 792 465 864 614
person 0.016483553 309 52 330 78
person 0.016480476 -2 102 10 125
person 0.01647006 296 680 315 744
person 0.016462801 561 464 579 489
person 0.016460285 480 559 491 584
person 0.01645911 623 -204 637 -187
person 0.0164532 234 92 256 117
person 0.016438521 72 340 96 395
person 0.01643399 806 71 820 87
person 0.016431492 813 -175 825 -128
person 0.016430428 444 459 501 625
person 0.016417766 571 559 582 584
person 0.016405303 408 551 420 603
person 0.016397825 238 -190 264 -120
person 0.01639338 113 680 133 744
person 0.016390236 299 -134 309 -95
person 0.0163893 518 32 532 50
person 0.016387485 238 356 258 375
person 0.016385494 186 680 206 744
person 0.016382542 441 -204 455 -186
person 0.016374761 368 -204 382 -186
person 0.016373662 880 681 900 744
person 0.016372027 456 123 473 142
person 0.016370444 386 -204 400 -186
person 0.016367735 185 -204 199 -186
person 0.016366884 561 -198 574 -153
person 0.016366085 423 -204 436 -186
person 0.01636478 388 560 399 584
person 0.016363611 459 -204 473 -186
person 0.016362853 203 -204 217 -186
person 0.016362086 295 -204 308 -186
person 0.016361963 350 -204 363 -186
person 0.016360842 222 -204 235 -186
person 0.016360406 276 -204 290 -186
person 0.016359039 240 -204 254 -186
person 0.016358709 313 -204 327 -186
person 0.016358143 258 -204 272 -186
person 0.016355027 787 69 801 84
person 0.016352864 404 -204 418 -186
person 0.0163511 331 -204 345 -186
person 0.016348315 167 -204 181 -186
person 0.016345855 520 662 548 746
person 0.01631696 410 61 419 71
person 0.016313653 338 356 350 379
person 0.016312253 249 403 283 450
person 0.016274475 259 680 279 744
person 0.016247 589 559 600 584
person 0.016241735 40 680 60 745
person 0.016239144 262 -134 272 -95
person 0.016236296 496 -204 509 -186
person 0.016227754 477 -204 491 -186
person 0.016220829 924 324 939 386
person 0.016211335 223 680 242 744
person 0.016201518 849 50 869 79
person 0.016195988 731 160 746 184
person 0.016190099 638 123 653 145
person 0.016183889 149 -204 162 -186
person 0.0161573 278 558 289 585
person 0.016145797 602 103 617 124
person 0.016143866 408 640 429 698
person 0.016065748 498 56 512 72
person 0.016040057 -7 -140 20 -23
person 0.016034542 941 177 954 201
person 0.016034339 674 107 689 127
person 0.015997987 223 280 254 321
person 0.015991235 546 125 562 146
person 0.01598342 640 -204 652 -197
person 0.015978865 293 423 341 513
person 0.015973018 527 605 560 717
person 0.015970612 860 -204 873 -188
person 0.015956404 845 103 860 122
person 0.015928628 389 -186 415 -115
person 0.015923845 557 244 634 359
person 0.015911901 -3 264 7 290
person 0.015901504 769 123 784 145
person 0.015874833 514 -204 528 -187
person 0.015828075 383 143 399 165
person 0.015820872 861 15 874 32
person 0.01581359 531 -78 544 -55
person 0.01581005 371 82 380 91
person 0.015798146 708 324 734 373
person 0.015783427 945 209 950 241
person 0.015748112 52 408 66 433
person 0.015741343 225 640 246 698
person 0.015740396 786 123 801 145
person 0.015724959 849 14 870 66
person 0.015722523 688 96 720 157
person 0.015707005 640 651 657 712
person 0.015704991 733 122 748 144
person 0.015694559 130 -204 144 -187
person 0.015673378 768 95 797 160
person 0.015670253 292 651 308 674
person 0.01565649 274 651 289 674
person 0.015638525 242 559 253 585
person 0.015602999 713 106 729 125
person 0.015582213 60 -194 69 -152
person 0.015564859 400 122 416 142
person 0.015561133 236 470 257 488
person 0.015560798 218 473 240 491
person 0.01554332 832 89 862 153
person 0.015512335 124 -199 137 -154
person 0.015491018 256 651 271 674
person 0.015475042 791 557 799 585
person 0.015468331 549 -78 563 -55
person 0.015461694 333 558 345 585
person 0.0154565275 311 651 326 674
person 0.015452958 896 652 913 715
person 0.015438034 334 546 347 597
person 0.015425841 526 227 605 366
person 0.015412696 159 237 187 269
person 0.015400948 446 663 475 747
person 0.015387852 828 -190 836 -159
person 0.015383171 315 556 326 584
person 0.015372593 95 9 124 81
person 0.015371113 777 -172 788 -130
person 0.015346581 943 137 949 166
person 0.015341568 372 640 392 698
person 0.015338685 944 107 950 119
person 0.01533299 373 664 402 746
person 0.0153300315 224 311 243 330
person 0.015325009 654 423 684 475
person 0.015320619 532 -204 546 -187
person 0.01529631 310 143 325 166
person 0.015286322 637 141 653 164
person 0.015264504 324 32 344 60
person 0.015259659 300 664 329 747
person 0.015255854 94 -195 105 -154
person 0.015244833 140 196 156 215
person 0.015232712 367 121 382 142
person 0.015215319 601 282 617 308
person 0.015199588 238 651 253 674
person 0.015191161 566 123 581 144
person 0.015181134 371 547 384 600
person 0.015180264 943 649 951 717
person 0.015151293 814 52 835 80
person 0.01510461 154 410 186 428
person 0.015102126 569 22 578 34
person 0.015084568 335 640 356 698
person 0.015077366 298 552 310 594
person 0.015058011 533 58 547 74
person 0.015041479 449 24 469 51
person 0.015038871 644 56 658 72
person 0.015037516 693 71 703 81
person 0.015029008 661 86 670 97
person 0.0150283715 646 58 656 69
person 0.0150236515 329 651 344 674
person 0.015020172 935 -204 953 -150
person 0.015016301 436 222 488 312
person 0.01497577 896 1 907 16
person 0.0149615 590 548 602 608
person 0.014959707 858 87 872 104
person 0.014940355 743 612 780 710
person 0.014925688 0 -161 5 -124
person 0.0149217555 59 289 72 333
person 0.014907639 112 -204 126 -187
person 0.014904579 -3 300 8 326
person 0.014894689 219 651 235 674
person 0.014880066 352 559 363 585
person 0.014846894 0 -42 7 17
person 0.014846426 262 640 283 698
person 0.014844948 -4 -27 7 -2
person 0.014828179 732 141 748 164
person 0.014820512 912 10 925 31
person 0.014806246 330 14 344 31
person 0.014800536 944 31 950 56
person 0.014761719 603 122 618 144
person 0.014747372 851 -170 864 -120
person 0.014747372 261 229 339 345
person 0.014743756 192 395 265 541
person 0.014726814 859 -204 871 -197
person 0.0147180855 390 56 404 73
person 0.014713522 936 629 951 691
person 0.014707247 598 606 632 716
person 0.014696141 77 680 96 745
person 0.014683476 751 108 766 126
person 0.014677137 944 -8 949 23
person 0.014674414 0 515 4 552
person 0.014648684 580 322 597 344
person 0.014643627 777 10 800 61
person 0.014632917 201 651 216 674
person 0.0146314325 186 165 210 191
person 0.014630182 946 521 950 553
person 0.014616843 512 -78 526 -55
person 0.01461482 427 39 435 51
person 0.014605422 -3 -206 12 -144
person 0.014600521 57 -204 71 -189
person 0.014599342 79 134 101 161
person 0.014592696 68 305 85 327
person 0.0145870475 605 -204 619 -187
person 0.014569195 164 321 189 338
person 0.014567011 474 122 491 142
person 0.014559012 619 297 639 324
person 0.01454913 461 559 472 585
person 0.014533175 843 158 857 182
person 0.014531591 45 219 56 243
person 0.014499457 901 145 915 168
person 0.01449223 406 559 418 585
person 0.014485794 47 303 117 428
person 0.014478146 183 651 198 674
person 0.014475968 942 -136 950 -80
person 0.014465168 599 253 614 276
person 0.014460173 149 165 174 191
person 0.014459679 347 651 362 674
person 0.014458522 755 548 762 562
person 0.014436945 80 201 102 231
person 0.0144235045 550 -204 564 -187
person 0.014419166 178 468 199 486
person 0.014412934 603 55 613 66
person 0.014405317 622 153 659 207
person 0.0144032715 878 -204 889 -197
person 0.014397756 -1 -80 17 10
person 0.014397558 475 -77 489 -54
person 0.014394399 677 140 692 163
person 0.014337691 346 122 361 144
person 0.014335622 683 -191 691 -160
person 0.014329748 253 3 282 69
person 0.014325169 878 2 889 15
person 0.014324139 82 638 101 697
person 0.0143224215 79 164 101 189
person 0.014311569 767 141 782 164
person 0.014305362 805 104 820 123
person 0.014300117 623 142 639 165
person 0.014282081 783 -61 800 -51
person 0.014280792 804 142 819 165
person 0.014275 737 548 744 563
person 0.014265933 603 651 621 712
person 0.014264746 661 315 679 341
person 0.014261258 94 -204 107 -187
person 0.014245977 774 -129 784 -92
person 0.014232237 494 -78 508 -55
person 0.014226944 165 651 180 674
person 0.01421895 944 575 950 606
person 0.014207144 769 190 794 229
person 0.0142012425 225 -135 235 -96
person 0.014198312 904 448 932 465
person 0.014196256 444 -135 454 -94
person 0.014194768 944 -174 950 -141
person 0.014191205 488 19 509 46
person 0.0141910855 887 49 906 78
person 0.014175277 878 -204 892 -188
person 0.014158161 0 314 5 347
person 0.014158037 938 362 952 371
person 0.014151789 529 24 538 36
person 0.01414541 38 389 50 416
person 0.014125036 309 107 324 126
person 0.014115895 768 13 782 30
person 0.014115629 769 86 778 96
person 0.014102451 186 95 207 120
person 0.0140959555 587 -204 601 -187
person 0.014082921 168 96 176 109
person 0.014068006 -4 46 8 68
person 0.014044888 276 94 290 111
person 0.014044472 402 144 417 165
person 0.014039086 567 -79 581 -55
person 0.014035304 944 -83 950 -49
person 0.014031082 230 374 254 393
person 0.014027554 184 200 211 230
person 0.014025344 165 -77 180 -55
person 0.014007782 314 75 329 93
person 0.014006444 569 -204 582 -187
person 0.013990141 0 -51 4 -15
person 0.013974516 470 348 531 508
person 0.013974069 510 598 527 642
person 0.013972393 115 111 124 124
person 0.013963737 603 141 618 164
person 0.013963469 457 -77 471 -54
person 0.013945137 262 556 275 595
person 0.013940272 504 453 546 567
person 0.0139315585 526 303 543 326
person 0.0139250085 787 14 801 31
person 0.01392489 147 -78 161 -55
person 0.013923392 533 70 542 80
person 0.013922999 640 343 657 365
person 0.013919104 824 74 838 90
person 0.013918484 561 281 578 308
person 0.013904006 640 305 659 332
person 0.013885106 679 85 689 95
person 0.013884577 946 503 950 533
person 0.013861947 213 272 230 291
person 0.013856479 638 290 661 344
person 0.013830889 365 651 381 674
person 0.013827455 559 156 581 186
person 0.013820208 765 -61 782 -51
person 0.01380356 945 46 951 71
person 0.013799712 463 257 528 408
person 0.013792244 298 640 319 698
person 0.013790526 751 13 765 30
person 0.013781197 595 -38 612 2
person 0.013762882 595 330 622 386
person 0.013747175 601 53 615 69
person 0.013744079 716 139 731 162
person 0.013734444 297 556 308 584
person 0.013723623 0 552 5 587
person 0.013707187 737 543 745 570
person 0.013702702 671 609 705 714
person 0.013677984 447 63 457 73
person 0.013665078 146 651 161 674
person 0.013653086 723 417 751 464
person 0.0136442715 789 71 799 82
person 0.01359966 513 138 529 157
person 0.013589651 70 462 89 486
person 0.013576779 443 558 454 584
person 0.013568914 910 138 924 162
person 0.013568568 402 159 418 181
person 0.013561806 736 56 750 72
person 0.013561269 521 -200 533 -155
person 0.013536573 516 21 536 48
person 0.013519716 555 463 571 488
person 0.013519634 -3 -192 7 -167
person 0.013511202 228 348 264 391
person 0.013502766 695 122 711 144
person 0.013502303 893 -132 928 -4
person 0.013481778 841 14 855 31
person 0.013430452 91 466 110 491
person 0.013420031 823 158 838 181
person 0.013405998 941 195 953 219
person 0.013399069 802 -61 818 -51
person 0.013378661 715 14 728 31
person 0.01337403 804 158 819 181
person 0.013355406 623 -204 635 -197
person 0.013322309 703 364 731 415
person 0.013294093 481 -135 491 -95
person 0.01328329 751 140 766 162
person 0.013272682 0 529 6 615
person 0.013272376 459 424 518 574
person 0.013258164 479 61 490 71
person 0.013255027 944 -138 950 -104
person 0.013244871 391 187 467 332
person 0.013236939 384 650 399 674
person 0.013235857 189 640 210 698
person 0.01321642 165 95 180 112
person 0.01320448 425 558 436 585
person 0.013192967 862 579 874 606
person 0.01318589 566 651 584 712
person 0.013184655 460 462 477 489
person 0.01318421 317 11 348 73
person 0.0131729795 297 106 312 125
person 0.013172873 624 124 639 147
person 0.01317058 554 -126 578 -44
person 0.013158785 944 -30 950 5
person 0.013154551 336 -134 346 -96
person 0.013150867 701 -191 709 -160
person 0.013139203 332 16 341 28
person 0.013130938 575 36 585 48
person 0.013129542 822 14 836 31
person 0.013121457 94 -173 106 -124
person 0.013100059 944 -156 950 -122
person 0.013091408 820 142 834 165
person 0.013086886 753 53 768 69
person 0.013085845 624 16 632 29
person 0.013081437 823 104 838 122
person 0.0130802 718 71 728 81
person 0.013060399 0 -143 5 -106
person 0.013049169 403 3 434 63
person 0.013045484 738 -205 762 -133
person 0.013043078 847 541 855 568
person 0.013037395 843 177 857 201
person 0.013033555 628 69 638 79
person 0.0130304145 538 30 552 48
person 0.013019883 941 122 953 145
person 0.013019731 453 603 486 718
person 0.013017286 606 297 624 323
person 0.013016912 592 72 602 83
person 0.013015337 184 -77 198 -55
person 0.013014639 944 511 951 522
person 0.013007206 935 68 942 94
person 0.013003313 844 579 854 605
person 0.012994284 660 15 674 32
person 0.012959598 861 140 876 163
person 0.012955843 235 342 256 360
person 0.012946107 297 142 312 165
person 0.012927444 496 466 511 491
person 0.0129052065 439 -77 453 -54
person 0.012895278 585 157 601 180
person 0.012883096 770 14 779 28
person 0.012882537 402 650 417 674
person 0.012878342 0 43 5 72
person 0.012873821 387 158 402 181
person 0.012867382 937 657 951 727
person 0.012849217 38 209 58 239
person 0.012810645 821 354 840 381
person 0.012808523 941 418 950 428
person 0.012786076 861 158 875 181
person 0.0127837 941 231 954 255
person 0.012775452 8 136 16 163
person 0.01277034 63 302 88 351
person 0.012765515 452 173 467 194
person 0.012765508 188 278 275 421
person 0.012765021 878 142 893 164
person 0.012761777 380 597 418 689
person 0.012750673 859 652 877 714
person 0.012715247 747 -61 764 -51
person 0.0127145825 113 -134 125 -91
person 0.012712291 879 15 900 67
person 0.012702875 937 390 947 414
person 0.012694159 168 256 188 276
person 0.012693459 110 105 131 131
person 0.0126891155 860 123 875 144
person 0.012684051 36 408 49 434
person 0.012675293 942 439 951 448
person 0.012642133 877 -197 896 -146
person 0.012641942 420 650 435 674
person 0.012641121 838 187 860 222
person 0.012636961 732 13 746 30
person 0.01263206 530 651 548 713
person 0.012620907 153 640 173 698
person 0.0126184365 350 375 363 397
person 0.012610138 806 15 820 32
person 0.012608856 605 462 622 485
person 0.012595187 363 141 379 164
person 0.012591735 675 55 690 72
person 0.012585826 244 543 252 568
person 0.012575003 755 55 765 66
person 0.012573659 789 15 797 28
person 0.012568381 207 542 215 566
person 0.012565517 132 556 143 583
person 0.012557976 843 141 857 164
person 0.012554599 129 -78 143 -55
person 0.012553105 439 650 454 674
person 0.01253846 944 -65 950 -31
person 0.012537097 171 334 213 377
person 0.0125336265 636 340 662 391
person 0.0125053115 251 -81 277 -3
person 0.012496754 811 617 851 709
person 0.012483196 457 650 472 674
person 0.012481891 198 275 217 293
person 0.01247752 -3 -173 7 -148
person 0.012450668 37 267 45 281
person 0.012450128 54 -43 74 10
person 0.012442948 626 549 639 609
person 0.012441941 798 626 860 758
person 0.012416258 475 650 490 674
person 0.012373805 786 175 802 198
person 0.012369441 546 1 576 70
person 0.012364367 97 597 108 644
person 0.012362161 527 93 536 104
person 0.01235082 127 301 146 319
person 0.012340121 592 -173 603 -128
person 0.012338669 493 650 509 674
person 0.012336368 774 401 804 450
person 0.012316374 804 123 819 145
person 0.012312778 128 651 143 674
person 0.012311827 0 587 5 624
person 0.012310558 392 60 421 100
person 0.012282851 807 87 816 97
person 0.0122798085 295 125 310 145
person 0.0122794965 75 -204 89 -188
person 0.012278381 659 123 674 145
person 0.012275333 714 477 786 628
person 0.012264037 427 59 437 70
person 0.012263222 512 650 527 674
person 0.012246985 844 14 852 29
person 0.012245497 828 547 834 562
person 0.012241033 316 45 331 64
person 0.012237833 169 559 180 585
person 0.012235177 95 244 111 264
person 0.012233683 621 14 635 31
person 0.012225642 34 64 54 96
person 0.012216111 493 651 511 713
person 0.012204608 944 -120 950 -86
person 0.01219958 408 -134 418 -95
person 0.012199011 530 650 545 674
person 0.012184751 548 650 563 674
person 0.0121730305 944 -101 950 -67
person 0.012168164 846 546 853 561
person 0.012155481 620 282 636 308
person 0.01215397 567 650 582 674
person 0.012150431 0 342 7 437
person 0.012134298 842 122 856 143
person 0.012134165 858 449 878 470
person 0.012122362 825 14 833 29
person 0.012115273 329 72 344 89
person 0.01211421 585 650 600 674
person 0.012103167 912 189 927 214
person 0.012095586 946 486 951 515
person 0.012094731 842 191 857 215
person 0.012075262 603 158 619 180
person 0.012060243 823 123 837 144
person 0.012058845 841 71 856 87
person 0.012056182 202 -77 217 -55
person 0.012048653 6 163 17 200
person 0.012046627 116 -76 151 39
person 0.012044664 287 421 305 440
person 0.012031739 573 35 588 51
person 0.012020136 474 143 491 163
person 0.0120148705 150 558 161 585
person 0.011991884 927 376 948 394
person 0.011975951 808 74 817 84
person 0.01197428 169 -11 213 85
person 0.011922367 694 140 710 162
person 0.011917621 644 17 652 30
person 0.01191473 945 529 950 542
person 0.011914001 642 15 656 32
person 0.011895373 603 650 618 674
person 0.01188558 662 17 670 30
person 0.011885496 944 593 950 625
person 0.011882763 678 -45 730 120
person 0.01188067 262 58 283 83
person 0.011859836 753 14 761 28
person 0.011842386 658 141 674 164
person 0.011841666 207 547 214 560
person 0.01183471 70 323 86 345
person 0.011802103 0 -124 5 -87
person 0.011800236 604 69 614 80
person 0.01179948 595 337 627 356
person 0.011797722 457 651 474 713
person 0.011791215 513 481 531 505
person 0.011785527 927 -1 948 89
person 0.011784177 934 373 944 396
person 0.011779402 78 639 118 758
person 0.01177615 571 68 581 79
person 0.011769193 457 144 473 165
person 0.011769038 0 387 5 423
person 0.011757763 466 411 477 439
person 0.011757258 516 55 526 67
person 0.0117566995 422 -77 435 -54
person 0.011750186 198 313 218 328
person 0.011747917 665 -191 673 -160
person 0.011741546 155 -201 168 -156
person 0.01173811 224 544 233 569
person 0.011732983 555 68 566 79
person 0.011726311 605 -204 617 -198
person 0.011725981 477 249 495 276
person 0.01172414 399 178 414 200
person 0.011710016 589 -112 613 -24
person 0.011697805 327 48 335 62
person 0.011697281 276 -78 289 -54
person 0.011691968 930 122 953 171
person 0.011683573 53 650 70 714
person 0.011682319 747 -50 798 122
person 0.011663829 0 696 4 736
person 0.011662669 230 599 271 688
person 0.011658169 112 255 131 276
person 0.011656598 0 -69 5 -33
person 0.011654592 -3 318 9 343
person 0.011648932 221 600 234 638
person 0.0116445515 881 33 895 51
person 0.0116434535 371 52 385 70
person 0.0116359275 941 354 950 379
person 0.011634809 551 -67 577 16
person 0.011632187 115 445 133 469
person 0.0116241975 879 563 894 616
person 0.011597203 225 556 238 594
person 0.011594854 825 578 835 603
person 0.011591804 40 662 54 689
person 0.011578607 809 561 816 578
person 0.011578514 857 104 872 123
person 0.0115697915 553 279 570 306
person 0.011561217 639 -78 654 -60
person 0.011549703 0 606 5 642
person 0.011548986 623 54 638 70
person 0.011548931 828 541 836 569
person 0.0115332585 97 559 106 582
person 0.01152358 811 -192 818 -160
person 0.011519737 945 243 950 272
person 0.011510222 751 615 764 639
person 0.011508274 493 142 510 162
person 0.01150168 621 650 637 674
person 0.011482158 109 118 122 137
person 0.011479873 769 615 782 639
person 0.01147798 722 623 785 761
person 0.0114741605 133 468 205 616
person 0.011470937 660 157 676 181
person 0.011459286 541 443 557 469
person 0.011457611 944 547 949 561
person 0.011453021 258 -78 271 -54
person 0.011438088 733 615 746 639
person 0.011379821 294 -77 308 -54
person 0.01137965 766 159 782 183
person 0.011378909 720 -192 727 -160
person 0.011375585 189 -136 199 -96
person 0.0113721965 221 -77 235 -54
person 0.011371649 547 159 563 181
person 0.011367152 585 -79 600 -56
person 0.011359925 944 495 951 505
person 0.011353555 420 139 436 160
person 0.011332208 57 -204 69 -198
person 0.011331439 929 394 952 412
person 0.011329302 0 332 6 365
person 0.011328601 678 15 692 32
person 0.011327268 340 155 362 187
person 0.011321917 934 358 955 378
person 0.011310026 123 -92 141 -45
person 0.01130365 59 -169 70 -119
person 0.011296474 420 651 438 713
person 0.01129598 808 15 816 29
person 0.011292886 931 70 944 93
person 0.011292588 0 569 5 605
person 0.011290617 626 57 635 67
person 0.011287617 467 67 496 105
person 0.0112847425 311 123 326 144
person 0.011283897 -2 -40 12 27
person 0.011279234 699 192 722 228
person 0.011279062 899 226 917 250
person 0.011272444 473 598 491 642
person 0.011269703 42 351 54 378
person 0.01124946 692 55 707 72
person 0.011242822 846 610 864 649
person 0.011230944 717 53 731 69
person 0.0112300385 499 21 513 37
person 0.0112275025 377 23 397 50
person 0.011224771 788 615 800 639
person 0.011221804 816 347 842 399
person 0.011218804 935 594 952 651
person 0.011213462 114 558 125 584
person 0.011208134 478 103 490 113
person 0.011204404 136 623 200 763
person 0.011204118 806 615 818 639
person 0.011200653 517 -133 527 -93
person 0.011200079 882 335 899 360
person 0.0111899385 239 119 254 139
person 0.0111878645 298 86 312 103
person 0.011170849 718 542 726 570
person 0.011168232 567 320 584 342
person 0.01115223 756 543 764 570
person 0.011119512 372 -133 382 -96
person 0.011118322 628 -175 640 -127
person 0.011117913 345 141 360 164
person 0.011113289 945 681 951 718
person 0.011107061 846 -190 854 -159
person 0.011093097 328 -64 356 10
person 0.011084772 165 102 176 120
person 0.011083423 823 506 838 531
person 0.011071529 696 14 710 31
person 0.01106611 905 429 934 446
person 0.011064107 462 445 475 471
person 0.0110639455 224 532 232 545
person 0.011052462 941 48 954 70
person 0.011033928 943 456 951 466
person 0.011025929 239 -77 253 -54
person 0.01099438 623 372 655 458
person 0.010987129 791 89 801 99
person 0.01097833 257 188 282 223
person 0.01097602 878 88 892 105
person 0.010954291 640 650 655 674
person 0.010950071 938 -49 947 17
person 0.010940351 735 88 744 99
person 0.010936352 729 -60 745 -51
person 0.01091587 117 -174 128 -130
person 0.010912554 0 188 4 218
person 0.010906859 34 241 41 253
person 0.010900769 367 104 377 116
person 0.010900112 227 179 242 199
person 0.010897628 -3 -46 7 -21
person 0.010882765 440 -204 453 -197
person 0.010880619 528 463 545 486
person 0.010877489 384 650 401 713
person 0.010876796 231 390 258 413
person 0.010869437 367 -204 380 -197
person 0.010868863 459 -204 471 -197
person 0.010868802 422 -204 434 -197
person 0.010867263 386 -204 398 -197
person 0.010866669 439 143 455 163
person 0.010864948 333 354 352 385
person 0.010862882 121 449 138 471
person 0.0108624 185 -204 197 -197
person 0.010861796 349 -204 361 -197
person 0.010859502 404 -204 416 -197
person 0.010858656 166 -204 179 -197
person 0.0108586 294 -204 307 -197
person 0.010858359 203 -204 215 -197
person 0.010857602 276 -204 288 -197
person 0.010856977 313 -204 325 -197
person 0.01085692 221 -204 233 -197
person 0.010855901 240 -204 252 -197
person 0.010855818 258 -204 270 -197
person 0.010854124 331 -204 343 -197
person 0.010848894 0 642 5 678
person 0.010847318 330 123 345 145
person 0.010844218 495 -204 508 -197
person 0.010837427 941 213 953 237
person 0.0108367475 587 -204 599 -197
person 0.010835654 303 164 325 196
person 0.010833125 421 160 436 181
person 0.010823987 477 -204 489 -197
person 0.010821292 396 161 418 193
person 0.010806876 622 -79 636 -57
person 0.010806101 485 -200 497 -155
person 0.010804516 586 251 602 275
person 0.01080421 738 58 748 69
person 0.010794568 639 354 658 375
person 0.01078414 932 90 955 138
person 0.01077485 40 645 53 672
person 0.010773418 148 -204 160 -197
person 0.010767351 586 -97 599 -73
person 0.0107647665 0 624 5 660
person 0.010763299 771 223 798 271
person 0.010762471 898 189 913 213
person 0.010761376 754 87 763 97
person 0.010755326 0 -106 5 -69
person 0.010726891 0 368 5 403
person 0.010725348 859 2 871 15
person 0.010714137 823 596 835 621
person 0.010713495 696 88 706 98
person 0.0107101 73 -43 94 9
person 0.010708235 439 177 455 198
person 0.010705392 940 141 953 164
person 0.01069776 273 139 288 161
person 0.010697245 224 548 232 562
person 0.010696321 514 -204 526 -197
person 0.010694867 941 32 953 55
person 0.01068817 333 139 348 163
person 0.010686808 931 341 950 352
person 0.010685881 524 481 542 505
person 0.010670703 846 90 855 101
person 0.010668448 440 160 456 180
person 0.010659277 -4 65 8 87
person 0.010654582 314 15 329 32
person 0.010652747 939 298 947 326
person 0.010651637 691 159 706 182
person 0.010634991 230 62 252 88
person 0.010634495 666 189 689 224
person 0.010624771 298 38 312 55
person 0.01062223 408 104 419 116
person 0.010619139 878 -165 896 -110
person 0.01061329 386 634 399 658
person 0.010600293 819 -49 869 121
person 0.010590696 368 634 381 658
person 0.01058652 491 486 509 510
person 0.010583349 347 650 365 713
person 0.010574245 657 -80 673 -69
person 0.010571666 649 382 675 430
person 0.010561576 404 634 417 658
person 0.010550688 139 -123 176 -15
person 0.010545304 540 31 549 45
person 0.010543915 495 370 538 485
person 0.010541533 855 231 870 255
person 0.010533717 532 -204 544 -197
person 0.010522967 804 492 856 590
person 0.0105227195 240 527 251 545
person 0.0105169965 130 -204 142 -197
person 0.010516074 805 596 817 620
person 0.010510265 735 14 742 28
person 0.0104984045 0 -88 5 -51
person 0.0104950415 895 449 918 466
person 0.010491799 423 634 435 658
person 0.0104914475 227 383 263 426
person 0.010490928 827 88 836 98
person 0.010487369 658 649 673 674
person 0.010479905 713 336 733 360
person 0.01047006 715 615 728 640
person 0.010452398 0 570 7 642
person 0.010441193 530 159 546 179
person 0.010440951 738 -132 748 -93
person 0.010434426 150 599 194 694
person 0.0104326885 441 634 454 658
person 0.010420506 568 -204 581 -197
person 0.010418648 19 701 33 729
person 0.0104159145 647 621 711 760
person 0.0104104895 772 561 779 578
person 0.010409188 839 357 856 382
person 0.010407745 738 -192 745 -160
person 0.01040334 744 447 767 468
person 0.010403306 349 634 362 658
person 0.010397784 526 22 540 38
person 0.010385476 944 476 951 486
person 0.010384805 252 396 278 416
person 0.010381904 312 30 331 58
person 0.010379024 164 275 185 294
person 0.010376742 258 544 268 569
person 0.010374852 556 -174 567 -131
person 0.010371255 196 503 217 525
person 0.010367129 459 634 472 658
person 0.010361299 -3 647 8 672
person 0.010360371 0 405 5 441
person 0.010354129 602 326 621 345
person 0.010351388 311 650 328 713
person 0.010347827 870 166 946 288
person 0.0103377495 678 58 687 69
person 0.010336564 617 -5 645 72
person 0.010319811 542 -79 582 37
person 0.010316506 697 615 709 640
person 0.01031012 167 634 180 658
person 0.010310047 741 438 769 486
person 0.010308267 657 299 674 325
person 0.010306856 477 634 490 658
person 0.010281204 550 -204 562 -197
person 0.010266878 165 651 182 713
person 0.010264905 185 634 198 658
person 0.010259993 913 180 927 203
person 0.010258623 935 13 953 70
person 0.010255671 163 25 181 57
person 0.010255288 194 327 218 343
person 0.0102520175 802 157 831 202
person 0.010247369 946 468 951 495
person 0.010241049 304 437 322 459
person 0.010239397 479 388 487 414
person 0.010232329 898 249 915 271
person 0.010225865 0 377 7 475
person 0.0102234855 149 634 161 658
person 0.010214472 717 548 725 563
person 0.010212631 181 599 199 640
person 0.010204999 714 508 730 533
person 0.01020207 204 304 263 382
person 0.010170819 520 33 528 46
person 0.01017058 496 634 508 658
person 0.010168007 24 128 38 147
person 0.010152354 350 157 365 181
person 0.010146701 -12 585 25 700
person 0.0101312725 203 634 216 658
person 0.010112177 945 664 951 698
person 0.010101357 520 157 544 188
person 0.010093446 437 598 454 643
person 0.010093102 329 -87 347 -52
person 0.010091325 24 521 33 552
person 0.010080585 931 322 947 334
person 0.010078929 276 664 292 688
person 0.010076579 0 350 5 384
person 0.010072379 117 639 136 698
person 0.010068672 255 108 270 126
person 0.010067284 587 633 600 658
person 0.010062547 37 462 51 488
person 0.010062396 274 650 291 713
person 0.0100597115 569 633 581 658
person 0.0100574 294 664 311 688
person 0.010050965 96 541 108 615
person 0.0100464625 658 -77 674 -60
person 0.010044418 56 425 74 452
person 0.010044077 263 279 348 416
person 0.010041551 112 -204 124 -197
person 0.010040399 477 409 491 437
person 0.010033454 514 633 527 658
person 0.010026597 566 232 581 254
person 0.010022694 258 664 274 688
person 0.010017368 188 554 201 595
person 0.010011623 770 472 789 492
person 0.01000979 550 633 563 658
person 0.010005803 354 414 368 437
