person 0.71289515 489 183 522 219
person 0.70979816 991 257 1033 311
person 0.65982264 704 107 724 130
person 0.65063334 601 129 622 156
person 0.5883435 426 141 449 167
person 0.56457627 1119 82 1135 104
person 0.5560918 570 104 588 126
person 0.5491195 375 152 394 174
person 0.5395326 1087 87 1103 107
person 0.41276416 689 77 707 95
person 0.17690901 380 155 402 177
person 0.07434124 581 113 603 137
person 0.03385077 1090 89 1100 104
person 0.028781373 233 1 256 27
person 0.024895316 370 151 398 181
person 0.024174947 1122 85 1132 99
person 0.016279178 699 87 718 108
person 0.013317872 439 161 462 186
person 0.0123144835 1085 90 1096 109
person 0.012061436 379 151 411 184
person 0.010100265 565 102 593 133
person 0.010084416 594 133 615 157
