person 0.6923964 833 213 864 260
person 0.23194207 958 273 994 337
person 0.22453399 967 224 994 273
person 0.15546954 41 248 94 330
person 0.13731861 42 51 75 115
person 0.12109263 123 178 147 208
person 0.10987814 984 133 997 167
person 0.09498221 823 204 874 274
person 0.09080514 975 226 989 268
person 0.08826626 964 250 991 308
person 0.08374654 29 237 107 366
person 0.08076648 850 261 890 323
person 0.07450623 0 146 9 196
person 0.07326326 363 65 386 93
person 0.07028382 226 374 261 418
person 0.06884351 418 -84 460 37
person 0.06635427 382 554 400 579
person 0.06630975 835 191 862 226
person 0.06473857 1003 181 1014 224
person 0.06353497 365 527 385 553
person 0.06285879 924 430 955 513
person 0.058620147 888 357 941 438
person 0.057985723 150 276 209 355
person 0.057487644 233 377 252 400
person 0.057234574 844 212 877 258
person 0.056064438 39 221 77 284
person 0.054997265 -4 -208 9 -185
person 0.05465976 1004 -207 1013 -160
person 0.054350503 92 177 115 207
person 0.054329164 234 386 254 408
person 0.054021545 1008 103 1014 130
person 0.05294994 1001 108 1013 145
person 0.05083214 51 290 113 366
person 0.049833022 857 197 897 254
person 0.049365163 295 388 316 412
person 0.049068596 -3 -198 18 -111
person 0.048995156 162 257 188 290
person 0.048658635 81 54 103 87
person 0.048317388 0 -211 6 -184
person 0.04789695 291 380 322 428
person 0.047392495 938 247 1011 379
person 0.047312263 973 232 987 299
person 0.04729203 0 235 8 293
person 0.04705808 -3 -207 8 -201
person 0.046463776 113 86 149 147
person 0.045412354 0 110 9 159
person 0.045374222 1008 83 1014 107
person 0.044561304 151 147 165 166
person 0.044013478 469 36 491 71
person 0.04309188 158 259 192 306
person 0.043057203 376 560 396 585
person 0.04289873 212 389 294 547
person 0.04253416 1004 105 1017 128
person 0.041618127 993 -120 1018 -40
person 0.041359745 195 96 212 116
person 0.04062057 840 218 856 255
person 0.040610313 21 86 55 154
person 0.04029824 997 184 1016 219
person 0.04006895 992 -187 1019 -114
person 0.040014174 1005 647 1014 699
person 0.039822526 498 -84 540 39
person 0.03966159 1003 140 1016 165
person 0.039571702 366 77 383 97
person 0.039246444 203 137 225 163
person 0.039160963 48 260 82 311
person 0.039082803 496 182 523 215
person 0.039056014 451 21 472 56
person 0.038900837 1008 116 1014 143
person 0.038638145 135 256 224 390
person 0.038627025 -3 -136 15 -39
person 0.038568754 1005 681 1014 738
person 0.038443923 237 425 278 471
person 0.03806466 1003 -208 1014 -200
person 0.037225123 1007 138 1013 166
person 0.037222713 613 32 627 49
person 0.03719164 44 231 72 269
person 0.036998115 148 143 170 170
person 0.036937054 1002 -209 1016 -187
person 0.036445994 631 -193 658 -116
person 0.03642802 629 128 646 144
person 0.03627434 823 612 831 627
person 0.036184475 953 214 1005 291
person 0.036060393 96 168 112 188
person 0.03580045 835 215 861 238
person 0.035774022 163 282 197 330
person 0.035738874 805 250 849 314
person 0.03559485 210 402 245 447
person 0.03544721 785 215 814 250
person 0.035174027 711 170 752 225
person 0.03513932 714 98 740 126
person 0.03507591 82 -58 111 17
person 0.03478101 297 402 329 450
person 0.03464937 189 99 226 158
person 0.034510717 580 146 608 175
person 0.03438661 543 39 560 57
person 0.034145597 814 344 869 425
person 0.034122642 39 507 91 656
person 0.033984933 0 -212 8 -162
person 0.033879265 705 -206 733 -131
person 0.03379628 1004 -172 1013 -118
person 0.033726122 779 107 805 134
person 0.03370804 1004 336 1013 399
person 0.033620518 210 465 232 486
person 0.033611313 940 -194 953 -155
person 0.0335428 896 144 922 174
person 0.033527106 787 614 793 628
person 0.033505976 49 488 91 607
person 0.033467878 776 178 804 212
person 0.03331446 821 144 848 174
person 0.03321932 783 627 794 649
person 0.033079457 74 36 108 106
person 0.03272556 777 87 794 105
person 0.032695938 1003 118 1017 141
person 0.032694604 42 -208 57 -192
person 0.032611858 304 393 325 416
person 0.032437738 803 626 813 648
person 0.032258045 985 352 1018 430
person 0.032233696 688 275 729 336
person 0.0321429 -8 637 19 778
person 0.03204958 -1 169 7 216
person 0.032012414 670 147 698 176
person 0.031979516 24 -208 37 -202
person 0.031750355 11 334 23 403
person 0.031691536 858 142 885 172
person 0.031663246 866 184 892 218
person 0.031605974 38 36 61 72
person 0.031578008 936 141 960 170
person 0.031522695 805 612 812 627
person 0.031462748 937 673 961 764
person 0.031461623 0 346 5 380
person 0.03136485 828 106 854 133
person 0.03127653 287 415 322 462
person 0.031208763 1006 484 1013 554
person 0.031143826 943 693 961 741
person 0.031093292 194 102 217 130
person 0.031066092 613 66 643 97
person 0.0309889 368 141 394 169
person 0.030979795 557 -194 584 -118
person 0.030889094 24 -208 39 -193
person 0.030665841 144 320 234 465
person 0.030441452 482 -197 509 -121
person 0.030316807 665 109 684 126
person 0.030278148 402 -198 429 -122
person 0.030181106 104 166 145 223
person 0.030111728 220 242 279 327
person 0.030024461 748 142 775 173
person 0.029953375 864 109 889 136
person 0.029952588 884 369 954 536
person 0.029913258 233 349 254 372
person 0.029872775 222 500 233 512
person 0.029827882 759 504 818 659
person 0.029745152 520 83 537 100
person 0.029743975 1004 84 1017 105
person 0.029691974 85 253 119 298
person 0.029649416 384 27 406 62
person 0.029557694 352 -82 394 36
person 0.029380485 189 491 209 510
person 0.02931732 788 251 821 298
person 0.02908187 208 135 222 154
person 0.029056558 56 -71 81 8
person 0.02886903 8 296 19 356
person 0.028783387 938 107 961 135
person 0.02872466 894 180 921 213
person 0.028570818 663 102 692 131
person 0.028547734 784 107 801 127
person 0.028512903 330 144 355 172
person 0.028467225 780 142 807 172
person 0.028463554 207 228 294 372
person 0.02840283 65 306 98 354
person 0.028247682 748 105 775 133
person 0.027875872 249 391 273 414
person 0.027869903 974 128 1001 175
person 0.027806489 622 141 650 170
person 0.027743703 801 -207 813 -200
person 0.02771839 368 33 391 64
person 0.027647533 426 141 454 171
person 0.027629966 718 98 735 117
person 0.027508704 820 -207 832 -200
person 0.027507443 764 628 775 651
person 0.02750185 670 76 696 104
person 0.027389927 666 177 695 208
person 0.027376851 128 153 153 183
person 0.027309962 904 107 929 134
person 0.027266541 594 502 630 654
person 0.027255066 345 522 367 546
person 0.027202576 781 -207 793 -200
person 0.02719571 840 -207 852 -200
person 0.027148735 198 98 208 113
person 0.027115805 824 607 832 633
person 0.027075043 710 144 737 174
person 0.02694923 42 -208 55 -202
person 0.026916115 973 -208 986 -201
person 0.026786506 38 272 128 382
person 0.026764512 632 129 642 140
person 0.026749538 246 429 272 450
person 0.026735619 218 497 237 514
person 0.026729742 822 626 832 650
person 0.02670614 132 155 148 175
person 0.02655405 724 101 762 158
person 0.026395544 644 98 682 156
person 0.026385691 955 184 979 215
person 0.026304979 825 246 858 293
person 0.026301226 910 401 969 539
person 0.026250042 905 -198 920 -151
person 0.026012734 178 379 215 424
person 0.025982637 851 254 883 301
person 0.025976619 283 393 357 550
person 0.02597461 675 107 693 124
person 0.025965346 750 23 771 54
person 0.025929783 387 -135 413 -43
person 0.025906084 762 -207 774 -200
person 0.025876371 209 319 241 367
person 0.025819201 350 543 372 568
person 0.025715504 -1 151 15 188
person 0.025640622 859 -207 871 -200
person 0.025521874 39 503 53 531
person 0.025466248 747 177 775 209
person 0.025451956 294 409 322 435
person 0.025391689 780 75 805 102
person 0.025368005 144 149 160 168
person 0.025281882 782 -208 795 -187
person 0.02524683 617 31 632 48
person 0.025202628 274 146 299 173
person 0.025167095 519 97 545 125
person 0.025113529 801 -208 815 -186
person 0.02509843 698 98 715 116
person 0.025097808 249 417 271 438
person 0.025075715 676 82 692 100
person 0.025068207 32 184 56 215
person 0.024993261 62 -57 84 0
person 0.024948196 586 24 600 43
person 0.024931699 481 145 508 174
person 0.024893297 178 372 256 537
person 0.024887102 762 -208 776 -187
person 0.0248144 1007 152 1013 180
person 0.024776617 838 200 858 224
person 0.024750102 328 -197 356 -122
person 0.024678394 714 177 742 209
person 0.024652338 485 175 513 207
person 0.024595842 821 -208 834 -186
person 0.024546938 1008 62 1014 87
person 0.024544023 216 331 236 355
person 0.024399288 1002 74 1013 109
person 0.024220442 396 142 423 172
person 0.0242018 325 465 350 489
person 0.024194447 840 -208 853 -186
person 0.024074325 242 146 266 171
person 0.024066519 637 24 661 56
person 0.024045046 324 448 345 470
person 0.024031471 743 -208 756 -188
person 0.023971668 806 114 845 171
person 0.02394193 660 118 678 135
person 0.02388971 512 83 529 100
person 0.023871094 -2 234 17 294
person 0.023832683 626 138 644 156
person 0.023815826 270 174 295 203
person 0.023772104 746 628 756 652
person 0.023748484 166 447 188 467
person 0.023743708 850 220 871 243
person 0.023692792 1006 362 1014 434
person 0.02369016 953 262 983 314
person 0.02368113 159 354 222 440
person 0.023680804 979 126 994 150
person 0.023671368 830 70 855 97
person 0.023610823 973 -208 988 -192
person 0.02359531 749 695 769 744
person 0.023520693 709 22 731 53
person 0.023519322 228 408 254 431
person 0.023508357 870 332 948 460
person 0.023487318 742 -208 754 -201
person 0.023462135 791 24 812 54
person 0.023447903 63 502 80 530
person 0.023447646 820 80 837 98
person 0.023393342 873 707 902 795
person 0.023380939 783 736 804 802
person 0.023370788 0 530 7 629
person 0.023291377 292 375 311 399
person 0.023228722 744 736 765 802
person 0.023170445 194 445 217 468
person 0.02316353 548 145 577 175
person 0.023111265 359 97 397 157
person 0.023109429 262 425 336 594
person 0.023075694 767 609 774 626
person 0.023039326 822 736 843 802
person 0.023036411 0 -75 8 -16
person 0.023021527 860 -208 873 -187
person 0.022921825 0 348 7 425
person 0.022890257 748 70 774 96
person 0.022854522 705 736 726 802
person 0.022847008 369 519 387 540
person 0.02281616 358 59 390 103
person 0.022782536 537 98 563 128
person 0.022723725 723 -208 737 -189
person 0.02269231 85 153 109 185
person 0.022679994 202 117 217 136
person 0.022563912 540 29 562 61
person 0.02254751 514 140 541 170
person 0.02252991 368 105 393 132
person 0.022472683 1001 35 1012 71
person 0.022464503 242 109 266 135
person 0.02243646 552 391 561 422
person 0.022428587 878 -208 890 -201
person 0.022427583 245 -197 273 -122
person 0.022391545 0 114 6 143
person 0.02234871 583 100 622 159
person 0.022293169 431 106 448 123
person 0.02222925 881 82 897 98
person 0.022186479 899 82 914 99
person 0.022122838 1007 352 1013 382
person 0.022113979 872 -203 888 -151
person 0.022087218 462 299 477 321
person 0.02204541 666 736 687 802
person 0.022024114 571 -161 598 -73
person 0.022023637 0 -198 7 -125
person 0.022015277 590 606 602 667
person 0.0219259 984 138 994 157
person 0.021854483 200 -69 231 8
person 0.021852273 861 736 882 802
person 0.021850938 87 172 119 217
person 0.021822205 53 687 72 751
person 0.021815203 808 185 886 304
person 0.021676036 52 106 75 142
person 0.021590041 956 -208 971 -192
person 0.021569295 1008 175 1014 204
person 0.021527931 788 695 808 743
person 0.021505387 188 16 223 82
person 0.021492893 860 81 876 98
person 0.021455092 589 410 599 439
person 0.021390336 390 65 415 95
person 0.021335242 641 123 660 139
person 0.021235257 226 418 286 515
person 0.021183304 450 292 465 316
person 0.021166898 813 295 845 347
person 0.021166874 956 -208 968 -201
person 0.021134764 879 -208 892 -188
person 0.02108714 315 441 351 489
person 0.021085013 839 82 856 99
person 0.0210596 0 364 5 401
person 0.021050211 164 262 182 283
person 0.021031493 703 -208 717 -190
person 0.02102746 722 -208 735 -201
person 0.020996993 570 411 579 440
person 0.020947292 84 -84 102 -38
person 0.020881841 55 -95 75 -35
person 0.020848276 63 499 123 653
person 0.020812325 1003 154 1016 178
person 0.020804256 603 289 661 368
person 0.020780131 627 736 648 802
person 0.020726979 842 625 852 652
person 0.020658048 784 -123 806 -74
person 0.020648587 254 94 291 152
person 0.020573046 791 712 821 801
person 0.020557785 164 182 189 210
person 0.02053665 830 25 851 55
person 0.020498415 1004 777 1011 820
person 0.020477071 474 -160 501 -70
person 0.02040019 290 262 347 354
person 0.020382984 172 322 208 368
person 0.02037892 171 291 194 317
person 0.020305132 196 3 214 22
person 0.020300237 720 88 739 106
person 0.020292036 281 238 360 388
person 0.020273997 450 279 465 302
person 0.02014831 1006 371 1013 402
person 0.020141907 552 693 574 753
person 0.020058798 322 110 347 136
person 0.020052759 617 494 675 664
person 0.020014213 167 -196 196 -122
person 0.020013798 873 70 896 96
person 0.020009272 800 82 817 99
person 0.020005947 541 98 559 117
person 0.020003203 741 323 798 404
person 0.019912988 388 103 406 121
person 0.019884951 708 80 734 108
person 0.019854123 983 -66 1011 11
person 0.019827943 439 4 470 81
person 0.019817607 645 125 656 136
person 0.019799877 607 22 630 54
person 0.019795788 941 -162 953 -117
person 0.019777177 622 178 650 208
person 0.019674284 479 103 506 132
person 0.019615809 165 660 204 771
person 0.019544926 779 303 811 354
person 0.019537326 796 105 812 124
person 0.01953655 785 -202 814 -129
person 0.019495873 957 352 970 377
person 0.019466335 674 23 697 56
person 0.019462872 202 451 239 496
person 0.019441115 0 574 7 669
person 0.019416424 600 98 626 127
person 0.019414835 128 210 154 243
person 0.019382967 593 178 622 210
person 0.019356538 588 735 609 803
person 0.019290866 842 610 850 627
person 0.019289097 257 109 272 126
person 0.019200623 54 139 78 170
person 0.019196376 -3 157 10 182
person 0.019183502 501 22 525 58
person 0.019145027 907 68 931 95
person 0.019138146 641 103 661 120
person 0.019014647 140 498 216 660
person 0.01899412 167 465 193 487
person 0.018955624 234 226 259 262
person 0.018934274 839 104 855 122
person 0.018925108 591 692 613 752
person 0.018922059 952 226 983 274
person 0.018906698 550 597 569 665
person 0.018904952 -12 322 51 453
person 0.01890029 898 -208 912 -189
person 0.018883053 84 -52 105 -7
person 0.018847074 178 317 201 341
person 0.018815542 430 143 446 163
person 0.01880977 982 488 1022 618
person 0.018748635 901 213 928 248
person 0.018743852 -4 350 7 377
person 0.018700706 574 388 582 418
person 0.018696958 95 193 113 217
person 0.018661309 728 498 789 670
person 0.018655252 1004 178 1017 202
person 0.018592997 224 332 315 469
person 0.018580832 188 311 209 335
person 0.018543193 627 -159 654 -70
person 0.01850976 471 41 488 61
person 0.018474596 579 -87 621 35
person 0.018464714 52 522 76 634
person 0.01845429 826 695 847 744
person 0.018453782 897 -208 910 -201
person 0.018423732 128 180 145 202
person 0.018415572 373 106 391 124
person 0.018408203 775 69 791 85
person 0.018394234 81 -118 109 -36
person 0.018369278 181 306 212 354
person 0.018326065 346 591 365 615
person 0.018291842 60 -25 80 12
person 0.018282335 632 694 651 744
person 0.018265583 243 445 277 467
person 0.018256633 269 391 290 411
person 0.01825481 -4 251 9 276
person 0.018251924 760 81 778 99
person 0.018248456 0 53 8 106
person 0.018235253 55 430 68 459
person 0.018203288 86 135 101 155
person 0.018145261 1007 88 1014 100
person 0.018142262 823 598 832 611
person 0.01813999 -9 -146 22 -26
person 0.018133404 856 124 873 145
person 0.018091926 168 712 198 806
person 0.018090678 549 735 570 803
person 0.018077571 312 176 339 208
person 0.018074831 429 -10 476 100
person 0.01806179 193 82 217 110
person 0.018050436 820 160 837 183
person 0.018031223 683 -208 698 -190
person 0.017964587 799 319 879 453
person 0.01793442 78 509 95 536
person 0.017910691 883 603 892 634
person 0.017889176 41 39 58 63
person 0.017879374 703 -208 715 -201
person 0.017865347 955 705 983 796
person 0.017864117 838 119 855 140
person 0.017862419 772 182 808 226
person 0.017850652 917 84 932 100
person 0.017816735 238 182 263 211
person 0.017767763 391 104 417 133
person 0.01775228 82 659 119 780
person 0.017733715 172 164 214 221
person 0.01773335 0 -181 5 -142
person 0.017727436 25 25 92 149
person 0.017725753 830 233 909 370
person 0.01768964 416 94 454 153
person 0.017656393 0 -200 5 -163
person 0.017654344 637 181 680 236
person 0.017653078 1004 -134 1013 -77
person 0.017586503 842 605 851 634
person 0.017571062 900 735 921 803
person 0.01754923 612 38 629 57
person 0.017543608 863 625 872 653
person 0.017541585 940 660 957 702
person 0.017529141 388 119 405 137
person 0.017525814 514 77 541 108
person 0.017513307 99 -134 116 -83
person 0.017508449 0 495 7 586
person 0.017507393 394 627 404 656
person 0.017476382 0 -119 8 -47
person 0.017460244 167 371 207 417
person 0.017437337 621 110 650 140
person 0.017427528 418 -30 482 133
person 0.017405415 167 -123 196 -43
person 0.017370293 718 118 736 138
person 0.017364612 1004 64 1017 85
person 0.017359992 316 67 340 94
person 0.017350022 0 697 12 777
person 0.017317299 608 626 620 654
person 0.017306022 0 657 8 734
person 0.01726404 746 215 774 249
person 0.017252289 160 735 181 803
person 0.017246842 940 68 963 95
person 0.017240273 474 692 497 753
person 0.017220262 510 735 531 803
person 0.01720972 513 693 536 753
person 0.017207664 399 715 429 805
person 0.017183166 376 141 393 161
person 0.017170005 901 605 910 636
person 0.01716792 1005 606 1014 665
person 0.017150454 215 409 240 433
person 0.017147223 820 101 836 119
person 0.017133279 79 119 101 151
person 0.017125506 37 387 49 417
person 0.017123597 615 34 623 46
person 0.017112108 1007 752 1013 794
person 0.017111635 784 345 863 520
person 0.01710744 523 84 534 95
person 0.017063646 820 69 835 85
person 0.017058466 98 -192 127 -117
person 0.017010821 721 704 740 768
person 0.017003352 429 102 456 131
person 0.0169768 1006 510 1014 588
person 0.016976507 73 526 90 551
person 0.016972624 39 484 52 513
person 0.016968304 840 65 855 81
person 0.016961219 0 374 9 471
person 0.01692271 283 107 307 133
person 0.016899649 579 160 596 180
person 0.016885877 824 -203 846 -151
person 0.016837666 781 180 798 203
person 0.016834825 514 84 526 96
person 0.016822312 0 772 8 817
person 0.016806774 526 392 534 421
person 0.016805466 376 626 385 655
person 0.016801883 121 735 142 803
person 0.016798928 718 655 756 773
person 0.016787522 471 735 492 803
person 0.016758354 780 121 797 142
person 0.01674717 348 24 397 129
person 0.01672421 759 103 777 121
person 0.016712882 977 352 988 374
person 0.016689627 941 604 950 631
person 0.01668433 880 115 918 173
person 0.016666079 199 735 219 803
person 0.016662892 51 236 70 260
person 0.016598118 726 299 807 445
person 0.01659429 471 89 488 105
person 0.016591396 0 154 6 185
person 0.01659022 1006 702 1014 774
person 0.016588822 79 484 94 512
person 0.016577788 645 105 657 117
person 0.016576923 43 735 64 803
person 0.016567707 481 177 517 222
person 0.01656223 939 736 959 803
person 0.016526643 838 159 856 182
person 0.01650443 682 704 701 769
person 0.016501542 548 408 558 435
person 0.016487744 1007 107 1013 120
person 0.016438529 760 705 779 768
person 0.016435638 896 403 947 516
person 0.016432924 703 89 721 108
person 0.016415779 208 458 231 477
person 0.016414445 223 210 284 285
person 0.016399179 201 692 224 753
person 0.01639867 1 135 7 162
person 0.016396511 238 735 258 803
person 0.016391613 355 -144 384 -58
person 0.016391335 482 91 520 149
person 0.01636788 392 -208 407 -189
person 0.016359668 275 -208 290 -189
person 0.01635877 412 -208 426 -189
person 0.01635844 256 -208 270 -189
person 0.016358394 470 -208 485 -189
person 0.016356276 236 -208 251 -189
person 0.016353125 373 -208 387 -189
person 0.016350433 217 -208 232 -189
person 0.016349794 434 107 445 119
person 0.01634955 193 494 206 504
person 0.016349068 295 -208 309 -189
person 0.016347734 197 -208 212 -189
person 0.016342994 451 -208 465 -189
person 0.016341131 314 -208 329 -189
person 0.01633714 334 -208 348 -189
person 0.016334403 960 183 975 207
person 0.016333569 431 -208 446 -189
person 0.016332993 353 -208 368 -189
person 0.016331859 178 -208 193 -189
person 0.016317924 490 -208 504 -189
person 0.016314978 -9 413 27 531
person 0.016288659 433 735 453 803
person 0.01625827 243 716 274 805
person 0.016252132 901 69 916 86
person 0.016236152 288 426 315 451
person 0.016225623 565 162 582 183
person 0.016212339 645 423 654 439
person 0.016178804 433 90 450 106
person 0.01616253 509 -208 524 -189
person 0.016155578 394 735 414 803
person 0.016151905 158 -208 173 -189
person 0.016147358 321 717 352 807
person 0.016124588 -5 233 9 258
person 0.016109305 -2 -79 13 -11
person 0.016105164 529 -208 543 -189
person 0.016060952 316 735 336 803
person 0.01605183 623 160 641 179
person 0.01604147 467 474 480 501
person 0.016037527 277 735 297 803
person 0.01602132 132 -203 146 -155
person 0.016012376 386 143 402 162
person 0.016010305 990 564 1015 657
person 0.016005903 240 692 263 753
person 0.015994957 882 68 897 85
person 0.015993875 708 -203 722 -152
person 0.0159871 0 615 7 698
person 0.015985435 12 340 34 402
person 0.015963899 917 -208 931 -190
person 0.01594638 94 372 113 392
person 0.015937367 622 180 639 202
person 0.0159212 355 735 375 803
person 0.015920348 627 625 639 653
person 0.015905572 544 127 561 146
person 0.015905183 931 534 944 560
person 0.015901951 588 625 600 654
person 0.015894087 186 376 209 394
person 0.015894037 866 26 887 57
person 0.015878709 639 606 653 669
person 0.015853401 574 395 580 411
person 0.015846306 280 605 289 633
person 0.015829755 162 106 186 134
person 0.01581016 548 -208 563 -189
person 0.015789814 635 -201 649 -153
person 0.015769804 955 705 973 772
person 0.015762324 667 110 680 121
person 0.015757293 675 -201 689 -152
person 0.015751157 476 59 502 90
person 0.015686257 181 497 193 509
person 0.015672231 296 179 313 203
person 0.015643364 139 -208 154 -189
person 0.015624512 0 481 5 518
person 0.015616366 88 166 103 186
person 0.01560867 476 -23 546 139
person 0.015604415 940 -123 951 -77
person 0.015601265 665 -208 680 -190
person 0.015588358 503 184 522 206
person 0.015571451 507 704 523 728
person 0.015569046 487 704 504 728
person 0.015561936 878 103 894 121
person 0.015546166 901 624 911 652
person 0.015546034 472 188 531 262
person 0.015534544 791 544 812 568
person 0.015534522 65 25 114 120
person 0.015534356 389 273 464 442
person 0.015527216 901 84 912 95
person 0.015516164 193 475 217 493
person 0.0155145675 959 306 1027 470
person 0.015513995 1008 41 1014 65
person 0.015510759 793 659 831 770
person 0.015454734 859 104 875 121
person 0.015451274 240 -158 267 -76
person 0.015449236 229 337 247 359
person 0.015424594 185 328 210 353
person 0.015395896 649 24 664 42
person 0.015363128 610 412 619 442
person 0.015357221 300 606 308 633
person 0.0153566925 214 704 231 728
person 0.015351792 568 -208 582 -190
person 0.015346061 588 -76 617 12
person 0.015337779 234 704 250 728
person 0.015331911 588 139 605 157
person 0.015330996 565 640 604 742
person 0.015321907 371 121 388 140
person 0.015316282 677 117 695 135
person 0.015312514 883 -194 891 -161
person 0.015309288 679 144 697 163
person 0.015305657 866 696 885 744
person 0.015304241 999 680 1015 746
person 0.015301662 395 533 414 556
person 0.015290486 468 704 484 728
person 0.015283841 669 693 692 752
person 0.015270833 151 220 177 250
person 0.01525609 725 627 737 655
person 0.015245592 526 704 543 728
person 0.015244756 -2 231 14 269
person 0.01522659 353 139 369 159
person 0.015214056 195 704 211 728
person 0.015207534 780 222 871 368
person 0.015198361 471 500 530 684
person 0.015196847 13 195 102 309
person 0.01518604 896 160 912 183
person 0.015165494 476 716 506 805
person 0.015159271 795 121 812 142
person 0.015152359 -1 329 4 361
person 0.015140943 878 160 895 183
person 0.015139393 666 249 751 381
person 0.015127993 854 235 876 256
person 0.015124172 521 97 539 117
person 0.015116133 -5 193 8 219
person 0.015098133 253 704 270 728
person 0.0150977075 100 -198 112 -154
person 0.015093462 620 522 633 550
person 0.015061454 82 735 103 804
person 0.0150507 -1 114 15 151
person 0.015045879 629 140 640 151
person 0.01503404 486 652 520 777
person 0.015025866 327 440 346 459
person 0.015016201 866 603 874 632
person 0.015014706 769 340 798 396
person 0.014998616 663 120 675 131
person 0.014994825 525 394 533 411
person 0.014993211 0 598 5 636
person 0.014970154 246 73 270 99
person 0.014949396 1006 358 1012 372
person 0.014948011 12 269 19 303
person 0.014925127 592 24 625 98
person 0.014894634 997 -208 1016 -151
person 0.014891493 448 704 465 728
person 0.014890296 64 -198 74 -153
person 0.014878641 647 624 659 653
person 0.014871884 327 31 341 47
person 0.014868804 992 108 1018 157
person 0.014860215 119 -208 134 -190
person 0.014859007 337 -1 408 148
person 0.014858658 449 106 467 123
person 0.014858239 856 137 873 159
person 0.014853075 0 -162 5 -122
person 0.014842863 701 -158 728 -71
person 0.014831817 0 402 5 441
person 0.014824524 175 704 192 728
person 0.014810679 683 -208 696 -201
person 0.014810372 763 69 780 85
person 0.014787596 778 160 795 182
person 0.0147857955 712 717 742 809
person 0.014781004 273 704 289 728
person 0.014780247 -1 -157 12 -80
person 0.01477234 163 605 172 634
person 0.0147370165 643 704 662 769
person 0.014720097 860 68 875 84
person 0.014718896 801 68 816 84
person 0.014710634 939 83 954 99
person 0.0147070475 917 -208 929 -201
person 0.01469797 917 529 932 556
person 0.014692633 641 141 659 157
person 0.014677847 319 32 340 61
person 0.014650508 93 221 118 254
person 0.014645506 -4 175 9 201
person 0.014631741 922 605 931 634
person 0.014610245 939 190 1021 314
person 0.014599568 722 180 740 202
person 0.014588883 904 71 913 83
person 0.014588116 799 704 818 769
person 0.0145872515 61 -208 76 -192
person 0.01457579 -5 60 8 85
person 0.014574174 192 303 211 325
person 0.014558342 423 299 437 320
person 0.014552445 411 284 428 305
person 0.014520019 898 103 914 121
person 0.014513261 429 704 445 728
person 0.014499927 616 43 634 62
person 0.014499654 587 -208 602 -190
person 0.014498087 486 -6 535 102
person 0.014496588 909 31 930 61
person 0.014491111 -1 229 5 262
person 0.014470995 406 123 422 141
person 0.0144653395 54 539 72 610
person 0.014460513 -1 23 8 71
person 0.014454433 -3 117 10 140
person 0.0144527955 546 704 562 728
person 0.014451811 281 287 356 450
person 0.014451553 883 84 894 95
person 0.014439172 0 21 4 52
person 0.014420291 823 -122 846 -76
person 0.014400828 75 35 101 72
person 0.01439955 882 624 892 653
person 0.014397478 743 596 753 612
person 0.014395036 668 605 681 664
person 0.01439417 1007 255 1013 285
person 0.014392973 940 103 956 122
person 0.01439254 330 568 349 590
person 0.014381598 975 155 992 180
person 0.014380585 36 187 53 209
person 0.014372875 936 -208 948 -201
person 0.014372417 97 700 123 807
person 0.014361302 977 104 993 124
person 0.014357908 292 704 309 728
person 0.014357685 305 380 322 401
person 0.014342051 -3 -210 13 -144
person 0.014335257 58 -135 76 -71
person 0.014331856 919 86 930 96
person 0.014322193 960 396 974 424
person 0.014302134 0 247 5 280
person 0.014288238 663 179 681 201
person 0.014286432 763 598 773 612
person 0.014254149 544 33 561 49
person 0.014251142 916 101 932 119
person 0.014249171 288 72 311 98
person 0.014247202 836 181 855 204
person 0.014241383 42 445 54 474
person 0.014233514 100 -208 115 -190
person 0.014220428 392 90 410 108
person 0.014212013 242 362 304 447
person 0.014205789 788 -209 803 -151
person 0.014197438 547 412 556 427
person 0.014192772 -1 383 5 419
person 0.014189285 -2 137 11 161
person 0.014173558 37 374 49 402
person 0.014168189 645 -208 660 -190
person 0.014157165 838 704 857 769
person 0.014153426 936 -208 951 -191
person 0.014144832 124 168 140 187
person 0.014141002 497 7 530 81
person 0.014131047 131 461 160 513
person 0.014125502 409 704 426 728
person 0.014118736 474 90 485 102
person 0.014111987 570 603 579 633
person 0.014109698 351 126 368 144
person 0.014095605 971 251 992 277
person 0.01408588 542 88 561 105
person 0.014082232 738 82 756 99
person 0.014072576 131 197 152 220
person 0.014058252 156 704 172 728
person 0.014041448 1006 -176 1013 -140
person 0.014040583 183 605 192 633
person 0.014039568 169 370 198 389
person 0.014038413 606 -208 621 -190
person 0.014035205 915 160 932 183
person 0.014025014 758 120 775 141
person 0.0140121225 746 610 754 628
person 0.014011997 294 418 350 518
person 0.0140093155 896 140 913 163
person 0.013997478 671 432 679 459
person 0.013996517 312 703 328 728
person 0.01397378 876 120 892 141
person 0.013960016 904 695 923 744
person 0.013957135 679 162 697 182
person 0.013948854 720 143 738 164
person 0.013948029 408 141 425 160
person 0.0139401015 626 -208 641 -190
person 0.013940063 369 67 379 79
person 0.013918325 877 704 896 769
person 0.013917932 606 161 623 179
person 0.0138914855 292 43 313 71
person 0.01389003 819 139 836 161
person 0.013843388 177 330 202 355
person 0.013841611 748 -194 756 -161
person 0.01382994 278 18 312 86
person 0.013819928 402 204 465 281
person 0.013818264 310 428 333 450
person 0.013817647 103 286 135 333
person 0.01380778 0 -17 5 16
person 0.013801873 884 71 894 82
person 0.01380147 0 189 4 224
person 0.013798147 980 26 1011 97
person 0.013786882 390 703 406 728
person 0.013779318 709 695 729 744
person 0.013763948 662 214 690 248
person 0.013762383 627 -89 671 31
person 0.01376215 581 10 630 119
person 0.013753538 669 421 678 438
person 0.013750661 762 158 779 180
person 0.013719384 777 141 795 163
person 0.0137151 104 269 139 316
person 0.013705795 815 220 835 242
person 0.013697489 999 711 1014 785
person 0.013695847 213 357 234 376
person 0.013692478 818 120 835 140
person 0.013682068 52 250 73 274
person 0.013661615 331 703 348 728
person 0.013657594 604 140 622 157
person 0.013650093 960 605 969 631
person 0.013630346 370 80 380 93
person 0.013624879 261 455 302 500
person 0.013612798 1007 580 1014 617
person 0.013597946 836 140 853 161
person 0.013590854 166 -204 180 -157
person 0.0135784075 679 179 697 201
person 0.013577589 760 144 777 165
person 0.013576133 333 488 354 509
person 0.013572883 747 -206 761 -149
person 0.0135277435 370 703 387 728
person 0.013516353 -3 -196 8 -168
person 0.013491636 896 121 913 142
person 0.013483356 351 703 367 728
person 0.013479373 346 516 366 538
person 0.013456072 117 -134 135 -83
person 0.013453021 852 281 880 335
person 0.013436615 93 263 114 284
person 0.013435375 387 24 404 41
person 0.013432873 744 254 780 302
person 0.013427566 900 -195 931 -124
person 0.013424705 984 -130 1023 -23
person 0.013397815 796 181 814 204
person 0.013373846 524 3 540 21
person 0.013365613 666 624 678 653
person 0.0133593455 797 160 815 182
person 0.013335583 261 604 270 634
person 0.013324087 565 703 582 728
person 0.013318515 545 245 635 401
person 0.0133173 -1 354 24 441
person 0.013310824 391 105 404 116
person 0.013292337 540 80 566 110
person 0.013285078 743 180 779 223
person 0.013278678 2 290 10 322
person 0.0132640675 567 429 577 453
person 0.013259644 0 577 5 615
person 0.013256051 862 84 873 94
person 0.013250787 953 102 968 121
person 0.013246815 644 429 655 457
person 0.013219033 1006 -138 1013 -101
person 0.013217254 633 715 663 808
person 0.013211534 883 608 891 626
person 0.013195623 591 607 600 633
person 0.013192532 867 667 908 767
person 0.013189458 337 140 353 161
person 0.013189347 542 160 560 180
person 0.013188895 705 625 717 654
person 0.013185847 210 400 234 418
person 0.013181047 642 448 652 474
person 0.013152608 707 213 736 248
person 0.013139672 842 68 853 79
person 0.013138107 664 451 675 478
person 0.013127306 916 179 932 203
person 0.013114771 360 174 385 205
person 0.013107822 876 140 893 163
person 0.013093106 -4 24 8 48
person 0.01308079 436 605 444 635
person 0.013070735 603 181 621 203
person 0.013069309 555 715 584 810
person 0.013064771 414 303 429 326
person 0.01306233 866 609 872 626
person 0.013060983 194 435 216 456
person 0.013044729 644 161 661 180
person 0.013001263 1006 -157 1013 -121
person 0.012984966 598 -202 611 -154
person 0.012982723 788 -170 806 -108
person 0.012973884 944 495 953 511
person 0.012942348 567 431 576 445
person 0.012942251 937 27 953 45
person 0.012934194 890 183 925 228
person 0.012933913 662 179 699 223
person 0.012933451 436 92 447 103
person 0.012933323 435 692 458 753
person 0.012930158 797 141 814 163
person 0.012917645 0 -2 5 30
person 0.012901536 596 73 627 101
person 0.012891109 177 93 232 176
person 0.012890623 0 458 7 546
person 0.012884764 893 250 926 299
person 0.0128839025 -1 442 5 478
person 0.012880827 662 163 680 182
person 0.012868551 279 693 302 753
person 0.012864523 780 88 791 99
person 0.012861792 334 122 350 140
person 0.012859783 141 333 162 357
person 0.012853234 44 587 55 618
person 0.012848171 935 -201 956 -145
person 0.01283929 739 103 758 121
person 0.012838329 150 492 172 512
person 0.012832819 428 157 445 180
person 0.0127993 729 -194 737 -161
person 0.012794325 739 181 756 203
person 0.012789767 325 522 351 548
person 0.012785847 0 -143 5 -103
person 0.012776503 85 689 125 827
person 0.012749779 75 -29 104 22
person 0.012746352 204 119 213 133
person 0.012743143 452 108 463 119
person 0.012742387 231 429 258 448
person 0.012722073 92 361 110 378
person 0.012722031 1007 387 1013 422
person 0.012710574 110 421 139 470
person 0.012707737 945 487 954 516
person 0.012703891 604 704 623 769
person 0.0126953535 241 604 250 634
person 0.012682737 0 172 5 204
person 0.012669995 663 141 681 159
person 0.012655807 850 596 857 612
person 0.012651971 943 34 964 64
person 0.012624913 664 -208 677 -201
person 0.012599433 136 703 153 728
person 0.012577958 693 254 725 305
person 0.012563558 454 125 471 144
person 0.01253382 636 643 676 741
person 0.012519174 648 585 657 619
person 0.012513729 296 325 316 362
person 0.012504995 818 178 836 202
person 0.0125047825 1006 -118 1013 -82
person 0.012503535 621 102 641 121
person 0.012497653 855 160 873 183
person 0.012496823 979 550 1019 674
person 0.012495212 222 604 231 634
person 0.012489341 -3 -175 8 -149
person 0.012480809 571 -10 640 148
person 0.0124744475 8 273 23 299
person 0.012473377 197 95 206 107
person 0.012469761 318 692 341 753
person 0.0124620935 409 108 427 125
person 0.012446599 514 93 549 136
person 0.012444449 450 140 467 161
person 0.01243897 466 -166 507 -43
person 0.012438677 -1 354 4 369
person 0.01243552 779 197 796 220
person 0.012434678 768 -195 775 -161
person 0.012409524 937 179 954 202
person 0.012392104 143 606 152 635
person 0.012391351 898 216 916 240
person 0.012387997 -3 369 8 396
person 0.012385009 823 83 834 93
person 0.012360566 760 177 778 200
person 0.0123554915 938 122 953 143
person 0.012334387 0 -43 4 -5
person 0.012332993 588 266 677 391
person 0.01232202 769 673 837 819
person 0.012318137 921 68 931 80
person 0.012317609 585 703 601 728
person 0.012301719 252 475 274 486
person 0.012301371 866 -64 895 7
person 0.012297855 41 58 65 83
person 0.012286259 896 199 913 223
person 0.012279231 721 160 739 182
person 0.012272367 959 194 975 219
person 0.012272205 203 605 212 633
person 0.012259728 565 703 584 770
person 0.012259127 80 -208 95 -191
person 0.012235569 57 484 71 512
person 0.012234382 801 599 812 612
person 0.012227709 37 105 52 120
person 0.012212423 1007 196 1013 227
person 0.0122101335 547 41 556 53
person 0.012204591 602 123 620 139
person 0.0122039765 686 625 698 653
person 0.012195276 913 215 930 240
person 0.01219044 346 495 365 516
person 0.012183185 916 594 926 616
person 0.012172343 841 23 856 42
person 0.012167746 913 200 930 223
person 0.012139031 642 180 659 202
person 0.012138607 488 160 506 182
person 0.012136886 416 606 425 636
person 0.012129988 88 690 108 753
person 0.012127 43 593 53 611
person 0.012123978 914 141 931 164
person 0.012120032 123 607 132 636
person 0.012115924 204 -204 218 -157
person 0.012107673 386 159 403 182
person 0.01209597 431 120 448 138
person 0.01209087 854 372 871 398
person 0.012042796 1007 -99 1013 -62
person 0.012042745 345 190 408 269
person 0.012037152 72 469 87 496
person 0.012033847 276 368 295 392
person 0.012027676 0 500 5 538
person 0.012018884 1003 200 1017 224
person 0.012018098 324 642 369 737
person 0.01201739 483 44 502 63
person 0.0120151825 466 141 483 162
person 0.012012046 629 427 640 454
person 0.012004946 709 97 745 140
person 0.011998908 317 606 330 633
person 0.011997449 167 387 206 411
person 0.011992692 565 177 583 199
person 0.011989455 0 -19 7 30
person 0.011986117 699 118 717 137
person 0.011978128 473 63 484 77
person 0.011958265 1001 540 1012 620
person 0.011948622 960 342 969 354
person 0.011946298 862 70 873 81
person 0.0119422795 842 84 853 95
person 0.011936671 540 354 556 384
person 0.011924419 600 302 678 458
person 0.011923996 625 104 638 117
person 0.011922615 500 298 518 323
person 0.011916774 414 626 423 656
person 0.011913877 752 654 772 701
person 0.011912125 192 351 215 370
person 0.011883765 0 616 5 655
person 0.011871476 1005 407 1014 474
person 0.011858517 375 517 438 684
person 0.011855969 54 279 85 331
person 0.011844997 958 404 972 432
person 0.011843864 727 605 737 631
person 0.011830143 853 676 918 820
person 0.011826895 434 511 452 539
person 0.011825123 895 424 956 602
person 0.011813048 700 143 718 162
person 0.011811022 562 -169 603 -49
person 0.011807928 486 370 494 399
person 0.011807622 797 218 817 241
person 0.011794721 9 297 31 356
person 0.011791776 875 179 892 203
person 0.011782312 123 -85 142 -39
person 0.011776234 208 321 225 342
person 0.011767919 445 84 463 101
person 0.011766493 969 376 983 403
person 0.011765928 864 -195 872 -161
person 0.01174646 103 643 116 702
person 0.011737762 588 401 597 418
person 0.01171048 241 642 289 739
person 0.0117066605 920 624 930 652
person 0.011700942 1007 121 1013 135
person 0.0116969785 147 673 213 826
person 0.0116830785 483 196 504 218
person 0.011680023 -4 42 9 66
person 0.011679578 619 -167 660 -47
person 0.0116757965 895 178 912 202
person 0.011669542 217 497 294 663
person 0.011662764 941 85 951 96
person 0.011661328 0 751 5 795
person 0.011640178 536 383 543 400
person 0.01163975 -4 164 15 222
person 0.011638686 778 596 793 610
person 0.011637786 624 419 632 436
person 0.011635451 739 122 757 143
person 0.011621141 330 509 354 533
person 0.011616815 834 368 857 395
person 0.011615015 43 716 58 744
person 0.011607303 526 703 545 770
person 0.011595694 412 528 432 554
person 0.011595557 748 615 762 667
person 0.01157906 549 431 559 444
person 0.011574852 966 285 988 329
person 0.011574766 588 180 626 224
person 0.011574334 919 66 934 83
person 0.011573494 1007 0 1014 27
person 0.011568804 72 -67 117 36
person 0.011564356 688 606 697 633
person 0.011538207 814 368 836 394
person 0.011522141 176 493 198 511
person 0.01150758 937 -167 956 -108
person 0.011507541 62 106 73 120
person 0.011498715 0 655 5 694
person 0.011498638 163 692 185 753
person 0.011494553 305 492 326 512
person 0.011488881 627 585 637 619
person 0.0114835 412 110 423 121
person 0.011477958 581 180 599 201
person 0.011475243 1006 142 1012 157
person 0.011475057 531 408 541 434
person 0.011457601 1004 42 1017 64
person 0.011455148 387 553 397 578
person 0.011454312 268 454 291 473
person 0.011444814 722 347 742 374
person 0.011432283 604 703 620 728
person 0.011421181 621 33 630 44
person 0.011420287 0 -123 5 -84
person 0.011420196 467 102 485 119
person 0.011419308 628 25 680 128
person 0.011418441 787 -195 794 -161
person 0.01141658 581 640 603 704
person 0.011412532 154 149 162 161
person 0.01141037 914 121 930 142
person 0.011408725 623 200 641 222
person 0.011405241 0 636 5 675
person 0.011403515 101 624 113 653
person 0.011387931 190 -76 236 30
person 0.01137676 63 602 74 674
person 0.011370014 835 531 852 555
person 0.011362089 0 420 6 459
person 0.0113517875 439 66 465 98
person 0.011349696 555 -203 569 -156
person 0.011345705 555 178 584 209
person 0.011340539 854 200 873 223
person 0.011332218 563 276 622 363
person 0.011331931 604 197 622 219
person 0.011325175 61 -208 74 -201
person 0.011309824 479 372 487 399
person 0.011302341 995 334 1014 396
person 0.011296944 859 665 872 691
person 0.011292466 0 -64 5 -25
person 0.011292359 57 702 74 771
person 0.011279323 669 607 678 635
person 0.011279234 645 -208 658 -201
person 0.0112609705 911 447 928 472
person 0.01126063 1007 24 1013 48
person 0.011259686 80 538 99 609
person 0.011255897 1008 735 1014 775
person 0.011255195 360 63 375 83
person 0.011242409 1007 67 1014 81
person 0.011239939 429 -74 446 -51
person 0.011235075 135 484 161 509
person 0.01122709 35 149 49 167
person 0.011226486 935 160 951 183
person 0.011224105 955 85 970 102
person 0.011223279 544 640 563 705
person 0.011222993 46 425 59 454
person 0.011220062 953 140 969 163
person 0.011214815 1002 259 1017 281
person 0.011207462 952 378 966 405
person 0.0111832805 862 627 870 645
person 0.011179169 243 -204 256 -157
person 0.011171319 221 672 290 819
person 0.0111670485 485 88 503 104
person 0.011165915 739 142 756 163
person 0.011159121 454 169 549 306
person 0.011155927 545 141 563 161
person 0.011141467 701 179 719 201
person 0.011141055 583 79 603 100
person 0.0111335255 700 161 718 182
person 0.011132218 794 527 813 549
person 0.011132093 562 201 580 222
person 0.011131405 5 64 75 206
person 0.011129331 75 151 163 286
person 0.011122743 270 412 290 430
person 0.011112074 665 72 700 114
person 0.01110835 637 -78 666 9
person 0.011104793 1007 408 1013 443
person 0.011104494 315 445 339 469
person 0.0110926675 702 -82 746 31
person 0.011076343 325 503 397 684
person 0.0110634705 959 354 966 371
person 0.011025164 101 -175 113 -122
person 0.011024405 903 -193 911 -160
person 0.011023225 61 41 78 64
person 0.011017872 104 608 113 634
person 0.011009354 939 590 950 619
person 0.011005004 247 471 277 489
person 0.011002716 168 72 192 102
person 0.010977289 416 515 434 540
person 0.010973981 453 492 469 520
person 0.010964049 23 406 35 435
person 0.010947603 449 -74 465 -51
person 0.010947055 606 594 617 610
person 0.010945646 918 27 934 45
person 0.010942787 510 593 529 659
person 0.010929686 624 702 640 728
person 0.010927742 313 563 332 587
person 0.010921426 376 108 387 120
person 0.010919696 509 69 527 85
person 0.010909962 840 664 853 691
person 0.0109082265 507 99 525 117
person 0.010907656 464 121 481 140
person 0.01090567 778 72 788 82
person 0.010902415 415 565 432 592
person 0.010899756 626 593 636 611
person 0.010895552 589 26 597 39
person 0.010889423 819 24 834 43
person 0.010873724 470 -208 483 -201
person 0.010872754 233 473 256 490
person 0.01086731 392 -208 405 -201
person 0.010866658 647 593 656 611
person 0.010865634 569 28 585 45
person 0.010863908 411 -208 424 -201
person 0.010861371 978 28 992 48
person 0.010860689 450 -208 463 -201
person 0.010859639 255 -208 268 -201
person 0.010858646 275 -208 288 -201
person 0.010858446 372 -208 385 -201
person 0.010858319 236 -208 249 -201
person 0.010854898 216 -208 230 -201
person 0.010853837 197 -208 210 -201
person 0.010852291 431 -208 444 -201
person 0.010851329 178 -208 191 -201
person 0.01085094 294 -208 307 -201
person 0.01084855 489 -208 502 -201
person 0.010847501 93 389 114 412
person 0.010847481 512 70 524 82
person 0.010846172 314 -208 327 -201
person 0.010844017 353 -208 366 -201
person 0.010843338 333 -208 346 -201
person 0.01083803 631 93 688 173
person 0.010830584 0 460 5 498
person 0.010827316 707 605 717 632
person 0.010807595 856 180 873 203
person 0.010804425 711 -72 741 9
person 0.010799885 448 85 460 97
person 0.010793224 120 624 132 653
person 0.010786689 564 348 579 377
person 0.010780137 509 -208 522 -201
person 0.010779187 0 104 6 133
person 0.010777428 822 72 832 82
person 0.010774718 644 142 655 152
person 0.010771054 1007 603 1013 637
person 0.010754397 158 -208 171 -201
person 0.010750983 528 -208 541 -201
person 0.010747582 156 -133 174 -85
person 0.010745777 739 66 755 83
person 0.010743227 887 504 951 683
person 0.010740632 470 61 488 80
person 0.010739599 0 694 5 732
person 0.010728935 969 179 986 203
person 0.010727888 409 -73 426 -51
person 0.010726922 514 380 521 398
person 0.010716159 204 182 230 209
person 0.01071251 709 -194 717 -161
person 0.010699864 789 -65 819 8
person 0.010694636 916 705 934 771
person 0.010693748 827 -170 846 -112
person 0.010691301 707 607 721 665
person 0.010681214 43 524 58 551
person 0.010654818 10 308 18 339
person 0.010653567 154 291 180 317
person 0.010649371 783 645 793 672
person 0.010648828 822 664 834 692
person 0.010647693 743 144 780 187
person 0.010646256 626 -208 639 -201
person 0.010640427 100 522 115 548
person 0.01063717 43 698 57 726
person 0.010630512 246 357 265 380
person 0.010617255 548 -208 561 -201
person 0.010615147 705 145 742 188
person 0.010615092 -3 486 8 512
person 0.010599723 780 216 798 239
person 0.010599539 250 382 269 402
person 0.010598274 446 160 463 183
person 0.010597733 282 -204 295 -157
person 0.010594504 507 127 525 146
person 0.010587618 643 702 659 728
person 0.010579954 424 282 441 304
person 0.010575556 606 505 620 533
person 0.010574694 803 84 814 94
person 0.010565936 0 675 5 713
person 0.010563813 51 61 73 87
person 0.010561785 976 84 990 103
person 0.010554073 818 198 836 221
person 0.010550175 998 486 1014 553
person 0.010548707 815 240 835 261
person 0.010524546 544 69 561 85
person 0.010524198 412 309 427 337
person 0.010518668 177 8 228 101
person 0.010495422 487 703 506 770
person 0.010489547 879 664 892 691
person 0.010485454 139 -208 152 -201
person 0.010478243 567 -208 580 -201
person 0.010475371 567 685 581 711
person 0.010466231 641 38 675 110
person 0.010446387 618 3 693 150
person 0.010445939 468 275 487 297
person 0.010445303 775 144 812 187
person 0.0104380455 586 504 600 532
person 0.010435908 982 -197 1024 -101
person 0.010427472 0 38 5 70
person 0.01042632 399 639 439 740
person 0.010425424 21 757 35 787
person 0.010414475 565 141 582 161
person 0.01041194 377 670 446 820
person 0.0104018375 516 -204 530 -156
person 0.010382761 51 289 83 314
person 0.010381571 96 363 106 374
person 0.010378813 950 185 983 230
person 0.010378177 763 645 775 674
person 0.010376928 394 585 412 611
person 0.01037144 721 197 739 220
person 0.010370467 414 287 424 300
person 0.010368969 346 -149 389 -31
person 0.010368675 956 588 966 618
person 0.010366351 806 -195 814 -161
person 0.010362415 649 607 658 634
person 0.010359648 394 176 420 206
person 0.010359574 339 504 368 552
person 0.010357633 801 367 819 393
person 0.010356245 606 125 617 136
person 0.0103517305 408 159 424 181
person 0.010350236 955 159 972 183
person 0.010350183 594 96 631 139
person 0.010349033 314 609 334 650
person 0.01033431 606 -208 619 -201
person 0.0103317695 63 644 75 707
person 0.010323767 183 388 214 410
person 0.010322135 474 599 486 649
person 0.0103128115 1007 717 1014 753
person 0.010311925 1005 -99 1013 -37
person 0.0103092585 0 557 5 599
person 0.010303044 363 26 395 72
person 0.010300632 663 702 679 728
person 0.010295018 294 349 315 375
person 0.010293731 309 142 325 163
person 0.010289326 487 142 504 163
person 0.010285102 134 326 167 372
person 0.010283597 465 159 483 182
person 0.010280841 930 373 943 401
person 0.010270052 468 -74 484 -50
person 0.010267836 738 161 755 182
person 0.010259622 -3 700 8 726
person 0.010258818 124 691 146 753
person 0.010251001 484 100 502 117
person 0.010238764 321 -204 334 -157
person 0.010237657 802 664 815 692
person 0.010237652 587 -208 600 -201
person 0.010234511 514 374 523 404
person 0.010218329 809 15 844 81
person 0.010218185 117 703 133 728
person 0.010197439 370 526 380 551
person 0.010195413 500 42 519 62
person 0.010191049 816 146 852 189
person 0.010179459 953 122 968 143
person 0.010171822 94 270 118 291
person 0.010167705 211 131 222 147
person 0.01016625 845 -195 853 -161
person 0.010163123 536 376 545 405
person 0.010158663 796 199 814 222
person 0.010157737 670 414 680 443
person 0.010148679 982 343 989 356
person 0.010145236 0 57 4 89
person 0.010140444 409 125 419 135
person 0.010138041 744 664 756 693
person 0.010137218 31 560 38 595
person 0.010137075 527 71 545 86
person 0.010136993 553 170 596 227
person 0.010125119 172 514 193 534
person 0.010105496 605 428 615 456
person 0.010102926 1006 377 1012 393
person 0.010100031 79 370 97 391
person 0.010097729 191 404 250 502
person 0.010092121 477 -204 490 -156
person 0.010091162 882 628 890 646
person 0.010090772 1006 622 1013 656
person 0.010090082 705 664 717 693
person 0.01008641 724 664 737 692
person 0.010086348 744 -128 763 -73
person 0.0100841625 -5 21 16 79
person 0.010083826 548 685 562 711
person 0.010067792 -4 -13 8 11
person 0.010054922 998 -137 1014 -71
person 0.01005134 123 59 147 90
person 0.010049655 998 643 1016 704
person 0.01004928 859 25 875 43
person 0.010047743 511 392 519 407
person 0.010045918 431 686 445 711
person 0.010037788 1007 329 1012 360
person 0.010029802 197 645 210 693
person 0.010028425 82 595 91 609
person 0.010022873 360 -204 373 -157
person 0.01001471 908 -179 922 -118
person 0.010011213 119 -208 132 -201
person 0.01000713 745 456 760 477
person 0.010005671 295 686 309 711
person 0.010004508 176 704 194 770
