person 0.7464669 677 129 702 160
person 0.69621384 767 112 789 139
person 0.6931787 708 103 730 131
person 0.6639022 649 99 671 126
person 0.6312917 627 109 650 136
person 0.62666893 533 102 554 129
person 0.61248523 853 133 873 160
person 0.5450465 327 85 343 106
person 0.5446509 433 87 456 115
person 0.5324783 506 84 526 111
person 0.49756846 576 87 598 114
person 0.49263623 711 133 737 166
person 0.4898711 840 158 863 186
person 0.42014903 876 148 897 174
person 0.37071502 442 133 466 162
person 0.35513368 613 95 636 124
person 0.35100415 731 201 762 241
person 0.33834517 707 141 733 172
person 0.3244597 617 97 633 117
person 0.26587212 878 184 903 212
person 0.24537535 531 103 547 125
person 0.23663418 214 316 240 361
person 0.22965558 820 195 850 228
person 0.22955343 414 129 437 157
person 0.2052189 629 106 646 125
person 0.18225642 528 108 550 135
person 0.17134987 871 136 888 158
person 0.16933003 890 134 905 155
person 0.15731229 615 113 634 135
person 0.15616953 324 92 341 113
person 0.15466757 870 90 882 107
person 0.15165626 854 226 890 280
person 0.14799619 672 75 688 93
person 0.14777301 686 180 721 220
person 0.13399662 591 61 611 88
person 0.12969163 564 56 584 82
person 0.12903407 592 85 609 104
person 0.123611666 675 118 710 172
person 0.12194761 715 107 732 126
person 0.12064127 683 100 701 120
person 0.11900413 505 27 518 42
person 0.11615424 579 -71 621 41
person 0.11532219 644 -73 686 39
person 0.11478118 812 197 844 237
person 0.110145114 841 219 882 271
person 0.10456139 792 116 816 142
person 0.09922531 734 -72 776 38
person 0.094572574 748 76 763 95
person 0.0944433 587 115 616 145
person 0.093642406 933 547 941 605
person 0.0923177 506 64 527 90
person 0.08964666 798 -70 838 35
person 0.086985864 872 92 879 104
person 0.08658605 508 28 516 39
person 0.086569674 320 78 349 117
person 0.086037256 839 164 855 186
person 0.084935404 624 147 651 175
person 0.08420325 836 158 854 180
person 0.08410149 599 104 616 123
person 0.083961725 259 354 286 401
person 0.08389638 717 194 757 245
person 0.08379305 469 82 493 110
person 0.08366136 865 176 882 196
person 0.08323608 932 515 939 574
person 0.081775 330 87 340 103
person 0.081732884 758 89 781 117
person 0.08171804 469 47 490 74
person 0.08166897 471 48 486 64
person 0.07896226 882 153 892 170
person 0.077764355 744 65 763 92
person 0.07481162 746 72 760 88
person 0.07406825 886 128 903 159
person 0.07391592 854 302 885 344
person 0.0725504 672 101 690 121
person 0.07102255 858 227 888 259
person 0.07043396 534 -74 576 41
person 0.067952156 435 57 459 84
person 0.06649879 764 150 791 179
person 0.066164546 676 134 694 158
person 0.06588594 695 156 735 209
person 0.06546095 887 172 904 191
person 0.06480082 862 185 881 203
person 0.06451717 438 143 464 174
person 0.064129576 441 -71 485 44
person 0.06319875 445 87 461 105
person 0.06300452 798 81 813 100
person 0.06298633 794 83 815 109
person 0.061929386 620 50 641 78
person 0.061851025 867 -69 906 34
person 0.06159788 886 124 899 142
person 0.061393395 473 122 500 151
person 0.061241 796 156 822 184
person 0.061126024 708 136 729 158
person 0.06090559 866 -104 891 -30
person 0.05936353 826 167 866 219
person 0.05901757 61 247 113 326
person 0.058771398 694 51 713 77
person 0.05869049 649 110 667 131
person 0.05775324 505 111 524 131
person 0.0574653 694 217 728 257
person 0.057357594 471 80 488 99
person 0.05664353 523 90 560 144
person 0.056490812 756 78 772 97
person 0.056077294 650 84 667 102
person 0.055914707 661 146 690 176
person 0.054850288 -4 -206 8 -185
person 0.05441054 540 61 557 81
person 0.05440297 371 -74 413 40
person 0.054178562 561 99 579 121
person 0.053978395 572 59 591 79
person 0.053643998 873 165 908 219
person 0.053628348 160 239 211 312
person 0.052897274 842 109 875 169
person 0.052736565 930 253 939 305
person 0.05270592 65 277 85 299
person 0.052620783 824 333 883 401
person 0.052258115 931 293 939 349
person 0.051804535 849 186 869 204
person 0.051052798 593 -31 640 77
person 0.050918616 540 -7 585 98
person 0.05089902 -3 -198 16 -114
person 0.050852116 472 60 487 77
person 0.05000212 681 116 701 137
person 0.04959171 430 118 467 171
person 0.04937965 284 374 311 423
person 0.049376823 30 412 92 545
person 0.04916595 491 30 507 45
person 0.04911175 431 116 449 138
person 0.048478357 931 -204 941 -162
person 0.048306316 0 -209 5 -184
person 0.048180323 821 78 834 96
person 0.048102874 671 119 689 140
person 0.048075035 412 94 438 120
person 0.047982655 212 24 226 40
person 0.047963012 718 112 753 172
person 0.047341596 762 198 791 229
person 0.047337145 869 613 894 691
person 0.047324546 840 219 873 252
person 0.04729486 441 89 451 104
person 0.047169156 -3 -206 7 -200
person 0.046916485 83 271 100 293
person 0.046895497 726 212 767 263
person 0.046710964 325 43 346 69
person 0.046690274 562 27 578 43
person 0.046101008 776 135 794 156
person 0.045884497 511 89 521 106
person 0.045811508 822 318 896 456
person 0.045717455 448 95 466 116
person 0.045634244 474 49 483 59
person 0.045414433 740 120 758 139
person 0.045220748 182 59 196 77
person 0.04487141 718 341 799 476
person 0.044671338 422 99 439 118
person 0.044569872 613 130 632 149
person 0.044553913 922 -188 946 -123
person 0.044322576 858 136 868 155
person 0.044231907 537 25 552 40
person 0.044147223 646 64 661 81
person 0.044142067 774 107 790 126
person 0.044120695 47 252 111 399
person 0.044069517 366 51 389 79
person 0.043796077 220 320 234 358
person 0.0435128 614 96 651 153
person 0.043502297 341 101 358 120
person 0.043096907 224 86 239 105
person 0.042978346 836 136 853 157
person 0.042921927 406 113 443 167
person 0.04239377 222 86 244 111
person 0.042341903 762 105 779 125
person 0.04231539 119 293 137 315
person 0.0421182 79 254 95 277
person 0.042076822 714 147 738 166
person 0.041979052 583 90 594 106
person 0.041735284 464 149 490 179
person 0.041659344 110 279 128 301
person 0.041640587 796 -101 823 -29
person 0.041449748 228 89 243 106
person 0.040943634 163 110 184 138
person 0.04037687 582 93 592 110
person 0.04033375 402 48 424 74
person 0.04031923 803 220 838 260
person 0.040094826 576 113 593 133
person 0.039876696 471 10 480 21
person 0.039802685 931 224 939 273
person 0.03951046 630 134 648 153
person 0.039323766 776 52 795 79
person 0.039200526 416 118 434 139
person 0.038917325 124 257 142 281
person 0.03859641 758 136 776 156
person 0.03839974 485 102 502 121
person 0.03838482 740 138 760 158
person 0.038369194 794 138 810 158
person 0.038245168 898 158 919 187
person 0.037880793 865 86 885 111
person 0.037583355 560 49 588 89
person 0.037395313 468 101 486 121
person 0.036949262 369 83 394 108
person 0.036850404 595 115 613 135
person 0.036821183 675 73 685 87
person 0.03662287 619 100 630 110
person 0.036426283 137 314 156 334
person 0.036138397 614 83 632 101
person 0.036101554 655 184 691 224
person 0.036062386 50 228 125 351
person 0.036045328 587 53 615 94
person 0.035984132 10 372 76 487
person 0.035974592 779 -198 792 -155
person 0.035790034 179 29 194 45
person 0.0357805 310 18 322 34
person 0.035599586 -2 -137 13 -35
person 0.03552305 844 251 880 291
person 0.035357088 932 -172 940 -123
person 0.035301864 558 116 575 137
person 0.035266593 655 103 665 120
person 0.0351143 0 -210 7 -164
person 0.03495606 395 105 411 122
person 0.034924015 772 65 786 81
person 0.034914017 774 116 784 134
person 0.034735974 144 216 222 347
person 0.034711286 452 -24 499 80
person 0.03470856 542 82 560 102
person 0.034693442 -11 223 25 320
person 0.034685027 724 -100 753 -28
person 0.034522418 105 -84 141 35
person 0.034453128 523 84 539 104
person 0.034158356 53 273 104 365
person 0.034095377 360 123 387 151
person 0.034027547 586 17 593 28
person 0.034005385 75 237 90 262
person 0.03394965 667 58 694 98
person 0.033836752 518 147 543 176
person 0.033829756 540 26 549 37
person 0.033797197 531 30 546 45
person 0.033789247 925 193 935 237
person 0.03372137 178 51 199 80
person 0.03353684 137 322 168 366
person 0.033398315 567 53 581 69
person 0.03339341 224 93 240 112
person 0.033384424 274 358 320 446
person 0.0333312 265 344 329 483
person 0.033327684 690 -131 701 -96
person 0.03332551 847 424 914 556
person 0.033313844 340 87 356 105
person 0.03323476 210 411 277 552
person 0.033199716 933 585 941 635
person 0.033143997 830 190 848 210
person 0.033051934 838 207 906 320
person 0.0330294 206 364 234 410
person 0.033011105 882 61 901 90
person 0.03297053 873 -192 886 -157
person 0.032965753 662 -24 708 84
person 0.032937787 884 205 904 221
person 0.032890145 824 203 842 223
person 0.032845378 119 242 137 266
person 0.032817412 488 82 505 101
person 0.032683663 756 216 791 256
person 0.03267978 550 152 575 181
person 0.03265854 39 -206 53 -192
person 0.03258976 512 20 520 30
person 0.032546237 149 363 185 405
person 0.032475796 141 -78 179 41
person 0.032374695 682 82 699 101
person 0.032305155 131 273 151 297
person 0.032226343 933 617 941 672
person 0.032177776 22 -206 34 -200
person 0.032158405 38 416 57 441
person 0.032001015 584 153 611 182
person 0.031938948 916 199 936 231
person 0.031933058 928 123 939 159
person 0.031857472 859 446 907 535
person 0.031829853 561 81 578 101
person 0.03175839 613 148 653 200
person 0.031671174 450 122 467 142
person 0.031665616 215 43 237 72
person 0.031645525 843 292 895 371
person 0.031518593 859 251 886 282
person 0.031294435 215 26 223 37
person 0.031276863 853 115 868 135
person 0.03110184 410 144 435 174
person 0.030980118 22 -206 36 -192
person 0.030965311 842 344 875 390
person 0.03094622 871 281 882 290
person 0.030912736 830 84 845 102
person 0.03088092 930 -206 941 -200
person 0.030475644 401 255 456 331
person 0.030474922 490 48 507 63
person 0.030465642 767 70 781 86
person 0.0304632 550 18 557 29
person 0.030336907 306 101 323 120
person 0.030160958 738 -200 752 -155
person 0.029837724 805 -196 818 -155
person 0.029834948 0 151 7 189
person 0.029771302 917 257 940 306
person 0.029755494 932 472 939 543
person 0.029730748 879 129 909 169
person 0.029542811 930 -207 943 -187
person 0.02951716 844 91 866 119
person 0.02942793 202 305 250 380
person 0.029289162 431 149 451 169
person 0.029154338 919 226 942 275
person 0.029073225 48 425 66 448
person 0.029063495 128 309 152 332
person 0.029045496 458 10 467 22
person 0.028805014 706 83 723 102
person 0.028605826 365 -43 428 103
person 0.028484736 741 -23 785 87
person 0.028457759 48 435 68 458
person 0.02843413 726 80 743 97
person 0.028245412 689 -206 700 -199
person 0.02824386 744 97 762 116
person 0.028226376 671 -206 682 -199
person 0.028190313 91 448 108 469
person 0.028179877 635 -206 646 -199
person 0.028163316 465 41 494 82
person 0.028152416 617 -206 628 -199
person 0.028118456 502 56 531 95
person 0.028116377 653 -206 664 -199
person 0.028098322 503 47 519 63
person 0.028082531 217 314 234 336
person 0.028036743 737 12 756 48
person 0.028034674 807 5 830 56
person 0.028005682 712 309 769 376
person 0.028001321 932 -136 941 -86
person 0.027973697 598 -206 609 -199
person 0.02793874 856 99 870 119
person 0.02793673 930 322 939 383
person 0.027821599 707 -206 718 -199
person 0.02779717 935 116 941 139
person 0.027710615 904 -44 914 6
person 0.027622944 514 142 554 193
person 0.027562447 580 -206 591 -199
person 0.02755954 898 -47 916 9
person 0.027544005 812 138 829 158
person 0.027507402 575 30 591 47
person 0.02743083 25 66 54 124
person 0.027400617 380 77 395 93
person 0.027400382 326 114 353 143
person 0.0273393 693 547 703 573
person 0.027330512 871 9 880 22
person 0.027300857 153 -195 177 -124
person 0.027294802 -6 498 25 627
person 0.027292915 539 104 549 124
person 0.027168438 119 273 186 412
person 0.027150227 875 -48 897 10
person 0.027131252 491 115 509 135
person 0.027092047 489 66 506 83
person 0.027067287 304 14 323 43
person 0.027057337 562 -206 573 -199
person 0.027053636 865 261 885 270
person 0.027032932 441 544 452 587
person 0.027005555 398 86 415 102
person 0.026969107 39 -206 51 -201
person 0.026942628 839 -193 852 -155
person 0.026867531 0 122 8 160
person 0.026862506 404 629 424 685
person 0.026857322 844 204 865 222
person 0.026775625 814 99 830 118
person 0.026731543 725 -206 736 -199
person 0.026706828 793 341 826 388
person 0.026693186 796 96 811 114
person 0.02665179 698 -201 713 -155
person 0.026556976 632 107 643 122
person 0.02652195 639 63 654 81
person 0.026506206 933 -105 941 -48
person 0.026424943 63 284 92 331
person 0.026406584 737 219 755 238
person 0.026399279 189 330 218 374
person 0.026376411 432 137 471 188
person 0.026333526 650 -101 680 -28
person 0.02623346 935 134 941 157
person 0.026213013 368 629 388 686
person 0.02610711 871 -164 888 -122
person 0.026037507 798 60 817 88
person 0.026024655 544 -206 555 -199
person 0.026021725 898 157 913 178
person 0.026016425 671 213 714 267
person 0.025978575 220 71 253 126
person 0.02594337 126 304 177 387
person 0.02591316 933 -82 941 -18
person 0.025882103 526 12 534 23
person 0.025807397 437 133 457 156
person 0.025745174 836 276 903 401
person 0.025735691 931 242 944 262
person 0.0256938 525 65 542 83
person 0.025668018 725 -130 735 -93
person 0.025553415 918 297 941 347
person 0.025529055 599 -207 611 -187
person 0.025498373 617 -207 629 -187
person 0.025452508 581 -207 593 -187
person 0.02544002 777 78 793 96
person 0.025403557 836 341 908 486
person 0.025379945 182 29 191 41
person 0.025375025 635 -207 647 -187
person 0.02535154 689 -207 701 -187
person 0.025305705 671 -207 683 -187
person 0.025268052 707 -207 720 -187
person 0.025248187 0 131 4 157
person 0.025230298 653 -207 665 -187
person 0.02521079 868 120 884 139
person 0.025202852 814 -18 843 61
person 0.025190935 563 -207 575 -187
person 0.02515988 309 81 325 99
person 0.025118507 228 -194 253 -125
person 0.025077729 813 115 830 135
person 0.025073482 469 30 485 45
person 0.025048818 809 644 837 722
person 0.025029266 710 546 719 571
person 0.025019135 157 77 191 135
person 0.024965156 691 9 711 47
person 0.024896273 316 505 324 517
person 0.02488265 749 74 757 84
person 0.02485241 440 629 461 685
person 0.024825113 0 0 4 31
person 0.02482376 743 -206 754 -199
person 0.024774358 545 -207 557 -187
person 0.024746142 869 205 890 221
person 0.024696168 930 87 940 121
person 0.02465571 526 -206 537 -199
person 0.024641816 533 104 543 122
person 0.024619173 725 -207 738 -187
person 0.024612138 770 116 780 133
person 0.024549177 0 183 4 213
person 0.02451808 582 -131 593 -97
person 0.024511194 845 57 864 85
person 0.024387866 831 68 845 85
person 0.024345383 49 624 67 684
person 0.024319263 526 -207 539 -188
person 0.024245763 416 86 432 102
person 0.024216898 573 -112 616 -15
person 0.024204165 0 149 4 176
person 0.024170494 383 101 399 118
person 0.024144545 267 390 325 533
person 0.024058439 536 250 590 321
person 0.024040509 299 -193 325 -125
person 0.023903182 766 14 784 50
person 0.023804998 796 154 813 174
person 0.02378158 494 19 503 30
person 0.023781158 665 6 683 43
person 0.023773089 565 18 573 29
person 0.02372459 476 629 497 685
person 0.023704661 232 336 303 494
person 0.023691747 430 31 444 45
person 0.023677276 871 95 878 107
person 0.023639377 508 -207 521 -188
person 0.023628851 0 -197 7 -130
person 0.023591159 932 136 944 156
person 0.02358498 16 366 29 392
person 0.023571275 743 -207 756 -188
person 0.023533612 447 146 465 166
person 0.023448817 380 68 397 85
person 0.023330014 332 629 352 686
person 0.023319546 -4 186 8 210
person 0.023301397 256 86 281 111
person 0.023204511 426 -117 467 -15
person 0.023140412 32 400 48 425
person 0.023135968 744 8 752 21
person 0.023071138 931 226 944 247
person 0.023022158 0 210 7 264
person 0.022982659 805 -30 849 79
person 0.022965893 875 629 891 674
person 0.022959288 569 60 579 76
person 0.022934815 601 10 609 22
person 0.022909535 903 -206 915 -200
person 0.022886647 512 -202 525 -156
person 0.022843165 89 454 106 478
person 0.022791775 729 252 764 294
person 0.02277692 654 -131 665 -97
person 0.022706496 733 370 790 453
person 0.02270528 396 244 460 384
person 0.022697864 653 87 730 200
person 0.022646956 931 260 944 280
person 0.022611782 660 226 693 268
person 0.022610446 439 93 449 111
person 0.022535298 508 -206 519 -200
person 0.022523243 137 328 165 348
person 0.022457201 619 9 627 22
person 0.022413418 540 131 556 151
person 0.02237848 211 525 217 552
person 0.022376431 376 -194 402 -127
person 0.022301741 308 117 325 137
person 0.02227615 932 118 944 138
person 0.022273201 761 -206 772 -200
person 0.022267753 490 -207 503 -189
person 0.022258544 862 159 913 234
person 0.022258503 794 72 807 87
person 0.022139806 729 629 750 684
person 0.022115765 877 152 888 171
person 0.022104966 100 342 135 386
person 0.022087052 935 240 941 263
person 0.022049567 670 152 688 173
person 0.022003844 296 629 316 686
person 0.021982247 501 20 520 50
person 0.021980256 893 136 902 148
person 0.021922302 583 14 596 29
person 0.021917159 761 -207 774 -188
person 0.021906603 -4 3 7 27
person 0.021865731 477 -202 491 -156
person 0.021855265 92 -190 117 -118
person 0.021831872 765 -203 792 -140
person 0.021762598 452 67 469 83
person 0.02175365 -4 151 7 173
person 0.021730307 634 112 644 130
person 0.02171298 935 223 941 248
person 0.021682888 740 57 767 98
person 0.021667056 112 286 142 330
person 0.021569563 308 356 323 378
person 0.02150001 468 8 483 23
person 0.021477027 933 365 941 427
person 0.021414137 935 152 941 175
person 0.021367596 634 81 652 99
person 0.021321157 766 630 787 684
person 0.021318719 433 31 441 42
person 0.021315737 442 -197 469 -130
person 0.021287858 855 9 863 22
person 0.021273129 312 20 319 31
person 0.02122119 0 117 4 143
person 0.021188723 84 320 104 340
person 0.02118716 447 -201 461 -155
person 0.021186898 555 332 618 476
person 0.021148752 173 248 200 295
person 0.021090442 196 31 212 48
person 0.021051316 812 154 829 174
person 0.021044621 931 153 944 174
person 0.021034455 364 60 380 78
person 0.021013163 617 -131 629 -97
person 0.021007903 501 -114 544 -15
person 0.020912776 853 281 865 291
person 0.020845313 363 79 380 95
person 0.020809779 0 183 7 227
person 0.020760467 524 136 541 155
person 0.0207457 305 85 328 110
person 0.02073817 823 80 831 91
person 0.020731352 851 88 866 105
person 0.02072377 733 652 762 731
person 0.02069939 472 -207 485 -190
person 0.020634815 693 630 714 684
person 0.020588387 368 164 393 195
person 0.020535115 903 -206 917 -192
person 0.020512559 737 206 755 226
person 0.020476319 932 708 938 747
person 0.020429771 303 119 328 146
person 0.020413345 835 -166 852 -123
person 0.020389993 412 238 487 392
person 0.020378385 88 638 114 728
person 0.020375801 660 -201 675 -155
person 0.020353226 798 -173 815 -126
person 0.020315154 323 112 341 131
person 0.020292347 374 -200 388 -155
person 0.020267483 42 166 75 227
person 0.020222204 740 155 759 172
person 0.020154988 813 13 825 54
person 0.020142434 763 669 782 731
person 0.020123871 0 203 5 234
person 0.020111708 489 -206 501 -200
person 0.020109817 831 98 846 116
person 0.020061398 833 70 842 82
person 0.020055223 727 9 735 22
person 0.020045971 779 -207 792 -189
person 0.020019578 656 324 734 474
person 0.020014433 528 279 598 420
person 0.020011997 283 381 310 405
person 0.020000922 698 286 781 412
person 0.0199649 799 669 818 731
person 0.019938212 87 -46 109 6
person 0.019925868 847 165 856 183
person 0.019921562 59 449 108 546
person 0.019864105 598 20 617 56
person 0.019798433 819 205 837 227
person 0.0197902 410 -200 424 -155
person 0.019701025 0 216 5 247
person 0.019688845 337 -200 351 -155
person 0.019675428 834 9 843 22
person 0.019654369 852 262 869 272
person 0.019647162 21 380 35 406
person 0.019634029 513 628 533 685
person 0.019618938 147 294 167 316
person 0.019613924 727 669 746 731
person 0.01956136 707 225 720 235
person 0.019559503 400 143 440 195
person 0.019517895 241 547 249 572
person 0.019491542 249 448 270 466
person 0.019462693 361 99 377 116
person 0.019431846 0 326 5 355
person 0.019405764 624 -201 638 -155
person 0.019373521 61 401 76 423
person 0.019338302 775 67 784 78
person 0.019320361 615 185 651 225
person 0.019318337 557 16 577 49
person 0.019305531 0 170 5 197
person 0.01922875 65 459 85 482
person 0.01922088 727 546 736 571
person 0.019216869 588 -201 601 -155
person 0.019186301 -9 581 18 704
person 0.019179303 35 20 54 51
person 0.019158939 466 156 483 175
person 0.019157868 897 174 914 194
person 0.019142812 155 645 183 730
person 0.019123424 230 428 248 448
person 0.019039422 -4 133 7 155
person 0.019035632 216 527 224 553
person 0.018963572 691 669 710 731
person 0.018951094 935 99 941 123
person 0.018927956 -4 172 8 195
person 0.018922402 323 528 331 556
person 0.018916072 395 116 412 136
person 0.018863032 453 -207 467 -190
person 0.01884692 853 328 873 350
person 0.018841423 397 67 414 83
person 0.018840365 506 48 517 59
person 0.018776363 -3 207 8 231
person 0.018770132 303 49 325 75
person 0.018760093 292 389 319 437
person 0.018721549 802 629 823 684
person 0.018661536 685 63 700 79
person 0.018660938 654 668 674 731
person 0.018659484 549 628 569 685
person 0.01865124 898 140 912 160
person 0.018629447 118 43 141 72
person 0.018619457 779 -206 791 -200
person 0.018599063 833 85 843 97
person 0.018578794 864 243 886 251
person 0.018575165 723 64 738 80
person 0.018561335 176 242 196 263
person 0.018553803 618 669 638 731
person 0.018544326 145 419 216 557
person 0.018479161 582 669 601 731
person 0.018474111 296 545 308 589
person 0.018449489 913 10 923 61
person 0.018430077 435 69 452 86
person 0.018414559 595 86 606 97
person 0.018410895 698 190 787 312
person 0.018346496 -3 329 9 352
person 0.018302334 220 61 235 78
person 0.018301122 546 669 565 731
person 0.018253205 53 152 75 179
person 0.018240506 191 280 261 418
person 0.018224435 246 363 295 454
person 0.018218393 885 642 912 724
person 0.018206002 468 118 485 138
person 0.018186295 0 96 4 122
person 0.018164746 -3 220 8 244
person 0.018149225 380 -12 413 60
person 0.018136859 230 436 251 456
person 0.018132394 888 8 897 22
person 0.018130586 935 258 941 281
person 0.018119546 776 151 794 170
person 0.018103134 541 52 557 68
person 0.018087784 655 284 711 356
person 0.01806477 885 75 897 93
person 0.01806168 509 17 523 31
person 0.0180435 254 400 284 449
person 0.018031389 836 7 858 58
person 0.018026538 696 -175 707 -134
person 0.018024871 259 50 281 76
person 0.018022476 649 134 668 152
person 0.017985495 148 669 168 731
person 0.017984988 510 669 529 731
person 0.017901989 185 61 193 73
person 0.017867807 839 631 856 677
person 0.017842205 763 9 771 22
person 0.017836863 931 208 944 229
person 0.017825365 816 9 825 22
person 0.017817678 184 669 204 731
person 0.01781756 552 -202 565 -155
person 0.017813673 931 173 944 193
person 0.017797828 613 64 630 83
person 0.01779767 596 62 608 79
person 0.01779257 873 137 886 149
person 0.017778434 874 -94 892 -49
person 0.017754909 221 668 240 732
person 0.017745117 367 139 383 159
person 0.0177443 257 668 276 732
person 0.017735302 224 548 232 574
person 0.017731823 637 9 645 22
person 0.017705835 259 541 271 594
person 0.01770291 435 -207 449 -190
person 0.017680412 301 -200 314 -156
person 0.017677233 0 -182 4 -145
person 0.017668365 362 -117 404 -15
person 0.017643554 631 150 650 168
person 0.01763012 0 -199 5 -165
person 0.017628454 109 259 128 283
person 0.01761126 0 633 11 707
person 0.017601272 293 668 312 732
person 0.017597893 474 668 493 732
person 0.017553719 127 344 197 491
person 0.017541684 684 152 704 171
person 0.017519394 708 9 717 22
person 0.017515719 787 118 821 157
person 0.01750909 618 116 631 127
person 0.01748295 77 318 109 365
person 0.017474532 926 547 942 606
person 0.01746224 724 172 743 187
person 0.017456686 935 206 941 230
person 0.017455943 299 505 306 518
person 0.017447023 781 9 790 22
person 0.017420115 329 668 348 732
person 0.017412104 846 364 900 457
person 0.017396934 52 270 81 349
person 0.01738749 887 -206 901 -193
person 0.01735164 162 33 178 49
person 0.017351136 471 -206 483 -200
person 0.017343577 853 329 888 374
person 0.017307945 438 668 457 732
person 0.017289406 73 313 141 477
person 0.017271388 365 668 384 732
person 0.01725513 872 -127 889 -85
person 0.017253859 511 548 520 571
person 0.017226776 123 -201 136 -157
person 0.017220458 401 668 421 732
person 0.01721819 214 47 231 64
person 0.017208613 657 630 678 685
person 0.017197594 198 31 209 43
person 0.017195065 893 82 925 142
person 0.017193807 600 31 616 49
person 0.017176082 304 64 355 138
person 0.017150285 813 71 827 87
person 0.017149795 924 50 935 91
person 0.01714503 841 14 853 55
person 0.017133325 249 153 286 205
person 0.017123934 0 524 4 558
person 0.01712164 540 306 591 398
person 0.01712107 327 39 341 57
person 0.017119039 559 246 620 314
person 0.017114233 578 28 588 43
person 0.017108876 934 685 940 723
person 0.017097455 260 628 280 686
person 0.017078761 112 669 131 732
person 0.01702403 223 628 243 686
person 0.017006254 713 541 719 553
person 0.016976625 658 653 687 732
person 0.016935296 34 76 57 105
person 0.016879007 504 134 522 153
person 0.01685818 0 518 6 604
person 0.016848689 225 649 253 732
person 0.016792031 860 313 878 331
person 0.016790425 41 434 60 460
person 0.016780958 0 703 7 744
person 0.01677122 328 33 343 50
person 0.016769372 797 -207 811 -190
person 0.01672959 887 27 896 41
person 0.016701447 369 653 398 735
person 0.0166909 835 669 855 732
person 0.016680332 489 135 507 154
person 0.016649544 769 -180 782 -132
person 0.016647888 514 652 543 734
person 0.016638953 547 16 561 30
person 0.016635917 933 425 940 500
person 0.016633516 103 371 137 415
person 0.016606318 98 70 132 128
person 0.016599467 70 231 96 276
person 0.016582523 586 652 615 734
person 0.016582467 417 -207 431 -190
person 0.016577126 529 548 537 570
person 0.016544756 251 122 276 149
person 0.016533852 -3 27 8 49
person 0.016502697 847 348 869 368
person 0.016501434 836 558 848 603
person 0.016499003 32 115 54 143
person 0.016445933 504 59 581 189
person 0.016430235 -1 -96 16 0
person 0.016426861 342 116 359 135
person 0.016417626 474 62 484 72
person 0.01640317 26 390 54 475
person 0.016402263 853 89 863 102
person 0.016401602 705 65 720 81
person 0.016347572 671 9 679 23
person 0.01634363 616 43 645 84
person 0.016334035 437 539 455 596
person 0.01631957 396 135 413 156
person 0.016295949 732 -179 744 -134
person 0.016287183 169 380 202 423
person 0.016274521 40 668 59 732
person 0.016239474 933 638 941 705
person 0.016213091 57 453 77 476
person 0.01621043 621 629 642 685
person 0.016194915 442 653 470 735
person 0.016191633 157 176 197 231
person 0.01618969 871 669 890 731
person 0.01616009 687 170 706 188
person 0.01615727 286 367 304 389
person 0.016154071 935 171 941 195
person 0.016137762 798 9 807 23
person 0.016128762 265 358 279 396
person 0.016128588 297 652 325 734
person 0.01612759 518 -203 546 -139
person 0.01610889 59 -197 69 -155
person 0.016080776 676 252 711 294
person 0.016079117 653 9 661 23
person 0.016068257 871 597 888 636
person 0.016057525 211 531 216 545
person 0.016043773 310 21 320 38
person 0.016035384 799 256 833 297
person 0.016035074 691 9 699 22
person 0.016028501 726 550 734 564
person 0.0160265 690 539 699 554
person 0.016018178 75 444 138 610
person 0.016016977 93 -197 104 -157
person 0.016009146 114 0 142 75
person 0.016003402 872 557 886 605
person 0.016002456 192 250 208 268
person 0.015965967 870 28 879 42
person 0.01594176 689 43 717 84
person 0.015926737 778 639 795 700
person 0.015914395 26 398 39 424
person 0.015870387 769 72 778 83
person 0.015861312 559 137 575 155
person 0.015855998 638 265 724 405
person 0.01584652 456 50 473 66
person 0.01584166 814 640 831 700
person 0.015790178 400 -207 413 -190
person 0.015786221 886 641 903 703
person 0.015753094 0 596 7 668
person 0.015742304 182 282 209 327
person 0.015725017 810 -188 839 -126
person 0.015696473 832 117 848 136
person 0.015693195 0 24 5 52
person 0.015691914 0 473 5 587
person 0.015682813 887 -206 899 -200
person 0.015640846 616 11 635 48
person 0.01562592 891 -15 917 61
person 0.015623551 -4 42 8 64
person 0.01557531 500 448 556 610
person 0.01555039 786 399 812 446
person 0.0155499475 162 458 181 481
person 0.015546318 585 629 605 685
person 0.015543138 53 -100 70 -42
person 0.015539817 382 80 393 89
person 0.015539557 309 -3 341 65
person 0.015513521 673 130 753 254
person 0.01545026 209 21 229 51
person 0.01544577 200 49 217 67
person 0.015444015 583 186 617 227
person 0.015440282 935 508 940 541
person 0.015409561 456 9 470 24
person 0.015383842 796 75 805 85
person 0.015379523 187 628 207 686
person 0.015364736 85 -125 109 -40
person 0.015296145 139 236 157 258
person 0.015291096 800 81 810 93
person 0.015287952 415 65 432 81
person 0.0152734285 453 -206 465 -200
person 0.015243353 700 79 773 198
person 0.015234815 326 451 343 468
person 0.015184092 0 234 4 267
person 0.015183736 78 120 101 147
person 0.015166819 818 548 827 573
person 0.015163423 84 609 108 706
person 0.015144962 420 416 433 442
person 0.015104353 382 -207 395 -190
person 0.01508811 376 138 393 158
person 0.015080417 849 65 862 84
person 0.015067639 590 -206 618 -143
person 0.01504631 326 640 341 662
person 0.0150428545 228 120 253 146
person 0.015026904 344 640 359 662
person 0.015011145 308 640 323 662
person 0.014990107 256 425 277 447
person 0.014973964 691 165 782 268
person 0.014956483 76 668 95 733
person 0.014943443 362 640 377 662
person 0.014917549 569 55 578 66
person 0.014916807 885 103 899 123
person 0.0149128 132 304 164 349
person 0.014912149 141 -150 163 -60
person 0.014899315 283 437 309 455
person 0.014890582 0 -164 4 -127
person 0.01488898 128 19 148 50
person 0.014881779 673 48 687 65
person 0.014879403 723 226 735 237
person 0.014863705 290 640 305 662
person 0.014818597 -3 123 13 153
person 0.014818416 370 531 377 560
person 0.014738132 405 548 416 586
person 0.014728738 380 639 395 662
person 0.014725167 160 64 177 82
person 0.014718064 147 -207 161 -189
person 0.014708353 590 52 608 69
person 0.01468725 265 -201 278 -156
person 0.01467813 304 348 323 383
person 0.014671049 129 -207 143 -189
person 0.014666997 369 545 380 586
person 0.014650329 0 309 5 338
person 0.014640468 164 222 186 248
person 0.014603615 797 -206 809 -200
person 0.014602318 271 639 287 662
person 0.0145939365 364 -207 378 -190
person 0.014580886 935 188 941 212
person 0.014574934 750 79 759 89
person 0.014568434 730 540 737 552
person 0.0145610785 -3 -208 12 -147
person 0.014557014 931 190 944 210
person 0.014549622 235 332 253 355
person 0.014547134 398 639 413 662
person 0.014542732 380 116 397 135
person 0.014541761 745 545 753 571
person 0.014522989 57 -207 71 -191
person 0.014521222 674 548 683 574
person 0.014516119 719 224 738 239
person 0.014509946 176 24 196 56
person 0.014506558 408 86 490 196
person 0.01450274 927 -77 942 -13
person 0.014483896 -4 119 8 140
person 0.014471323 932 101 944 121
person 0.014470805 350 526 358 555
person 0.014469229 0 -126 7 -57
person 0.014466435 935 80 941 104
person 0.014463299 165 -207 179 -189
person 0.014456314 214 354 233 375
person 0.014442959 887 187 897 205
person 0.014394623 518 227 603 351
person 0.01438007 31 60 53 90
person 0.014377362 894 155 921 200
person 0.014375517 0 504 4 539
person 0.014360863 520 306 584 471
person 0.014352651 0 -159 11 -88
person 0.014303741 839 -46 861 11
person 0.014299235 819 399 852 446
person 0.014299189 397 41 429 82
person 0.014292711 682 -204 710 -141
person 0.014286057 651 -66 670 -48
person 0.014285015 253 639 269 662
person 0.0142765185 199 59 215 77
person 0.014275383 190 436 213 458
person 0.014272788 416 639 431 662
person 0.014267997 842 220 866 237
person 0.014263144 197 262 218 282
person 0.014256715 414 9 423 20
person 0.014248287 633 -66 652 -49
person 0.014245696 547 547 555 570
person 0.014243934 747 540 754 553
person 0.014225334 883 -79 903 -22
person 0.014223871 435 -206 447 -200
person 0.014219544 183 -207 197 -190
person 0.014215267 615 -66 634 -49
person 0.014210263 797 424 880 554
person 0.014198138 722 589 739 629
person 0.014193701 821 75 890 203
person 0.014193501 738 602 776 697
person 0.014187303 0 -11 4 20
person 0.014170514 111 -207 124 -190
person 0.014163521 741 639 759 700
person 0.014158183 651 639 666 662
person 0.014146447 935 491 940 523
person 0.014145296 691 431 765 547
person 0.014144791 669 -66 688 -48
person 0.014113493 120 389 140 407
person 0.014096485 513 -194 521 -163
person 0.01407681 226 86 236 97
person 0.014072648 836 548 845 572
person 0.014061578 702 171 722 186
person 0.014042987 0 311 6 384
person 0.014037646 633 639 648 662
person 0.014035475 201 -207 215 -190
person 0.014016919 157 43 180 72
person 0.014016793 378 318 390 342
person 0.014014601 434 639 449 662
person 0.01401118 851 139 926 268
person 0.013996294 669 639 684 662
person 0.013970338 0 -87 7 -23
person 0.013951597 311 138 328 157
person 0.01394026 219 -207 233 -190
person 0.013923784 596 -66 616 -49
person 0.013911408 237 68 254 85
person 0.013905466 174 1 203 75
person 0.013889173 93 -207 106 -190
person 0.013887476 329 70 344 89
person 0.013887091 476 539 487 592
person 0.013884231 346 -207 359 -190
person 0.01388331 309 -68 352 49
person 0.013876072 235 639 250 662
person 0.013860298 687 -67 706 -48
person 0.013855378 237 -207 251 -190
person 0.01384878 673 552 681 568
person 0.013848134 93 -176 104 -127
person 0.013847536 754 90 786 130
person 0.013781748 129 331 152 350
person 0.013777497 615 639 630 662
person 0.013766202 925 -206 943 -153
person 0.013758894 296 -158 323 -79
person 0.013755524 815 -207 829 -191
person 0.013749568 686 589 704 629
person 0.013739355 159 105 187 147
person 0.013735336 433 166 449 185
person 0.013731778 523 9 537 24
person 0.013725101 761 539 769 555
person 0.013722514 687 639 703 662
person 0.013714771 176 229 195 250
person 0.01365234 927 617 942 679
person 0.0136482455 344 139 360 158
person 0.013644374 160 98 182 126
person 0.01364073 887 45 895 60
person 0.01363933 811 174 828 192
person 0.013620944 80 259 102 293
person 0.013609315 452 639 467 662
person 0.013602429 217 639 232 662
person 0.013596199 327 152 367 204
person 0.013580923 755 259 791 301
person 0.013573937 273 -207 287 -190
person 0.0135684665 328 -207 341 -190
person 0.013565473 255 -207 269 -190
person 0.013551442 705 -67 724 -48
person 0.013551016 726 29 741 44
person 0.013546611 887 207 900 218
person 0.013542432 573 53 591 70
person 0.013536763 154 -201 166 -157
person 0.013524639 292 -207 305 -190
person 0.013508217 743 29 757 45
person 0.0134863565 322 138 339 156
person 0.013474486 728 177 738 186
person 0.01346614 310 -207 323 -190
person 0.013449535 153 -31 214 121
person 0.013441312 520 434 540 462
person 0.013437992 -3 -195 7 -170
person 0.013432632 927 646 941 715
person 0.013418403 417 -206 429 -200
person 0.013400518 836 598 854 638
person 0.013392571 248 391 267 412
person 0.01338351 803 140 887 266
person 0.013378398 292 -28 358 118
person 0.013374709 -3 238 8 263
person 0.01337406 760 224 779 243
person 0.013344345 300 -12 347 85
person 0.013341357 597 639 612 662
person 0.013329292 596 137 613 154
person 0.013284534 199 639 214 662
person 0.013280559 890 175 901 186
person 0.01327596 362 116 379 135
person 0.01326104 397 587 414 630
person 0.013259481 869 -198 890 -149
person 0.013258794 705 639 721 662
person 0.013215886 0 -146 5 -109
person 0.013187218 81 627 100 685
person 0.013168888 174 254 199 276
person 0.013166962 860 240 889 255
person 0.013154581 578 -66 598 -49
person 0.013145919 659 -175 671 -135
person 0.013145238 591 63 668 193
person 0.01314423 321 38 351 79
person 0.01313922 650 155 667 172
person 0.013139085 365 -176 381 -129
person 0.013119233 181 639 196 662
person 0.013117165 853 28 862 42
person 0.013107059 927 -105 942 -43
person 0.013093594 524 639 542 700
person 0.013086041 531 -194 539 -163
person 0.013080575 470 639 486 662
person 0.01305807 -3 347 9 371
person 0.013040323 104 -15 146 95
person 0.013037272 73 447 91 467
person 0.013029085 488 639 505 701
person 0.013026871 -3 152 13 183
person 0.013015564 151 628 171 686
person 0.013001636 705 639 723 701
person 0.0129939215 42 98 52 111
person 0.01298265 748 -194 755 -163
person 0.01298199 205 475 221 498
person 0.012978208 456 28 468 41
person 0.012972816 37 297 53 321
person 0.012955408 758 -132 770 -91
person 0.012947783 800 547 809 573
person 0.012926774 723 -67 742 -48
person 0.012915184 868 297 880 307
person 0.012913122 935 473 941 503
person 0.012899297 561 639 578 700
person 0.012874245 452 639 469 701
person 0.012867763 448 88 459 98
person 0.012863632 401 -176 417 -128
person 0.012857475 308 639 325 701
person 0.012857421 526 48 542 63
person 0.012853489 782 545 790 572
person 0.012833477 0 344 5 374
person 0.012832813 163 639 178 662
person 0.01283207 579 639 594 662
person 0.012828453 78 154 102 182
person 0.01282556 156 351 178 370
person 0.0128098 147 71 196 151
person 0.012797843 180 78 197 97
person 0.012792121 0 541 5 576
person 0.012786064 933 397 941 465
person 0.0127753485 -2 212 13 274
person 0.012772096 723 639 739 662
person 0.0127566345 565 546 574 572
person 0.012753219 399 -206 411 -200
person 0.012732078 832 -2 844 12
person 0.012729777 251 -156 276 -74
person 0.012726081 289 118 306 137
person 0.012722451 203 549 212 575
person 0.012720002 864 222 888 238
person 0.012673766 227 -201 240 -157
person 0.012646263 926 -139 942 -81
person 0.012642812 597 639 614 700
person 0.012642438 589 585 629 674
person 0.012640412 509 69 520 85
person 0.012635718 707 206 723 217
person 0.012619993 560 -66 580 -49
person 0.012613839 380 639 397 701
person 0.012582278 762 532 771 561
person 0.012558199 488 639 503 662
person 0.012554433 851 67 859 80
person 0.012535449 288 104 305 122
person 0.012527271 344 639 361 701
person 0.012524305 361 587 377 631
person 0.012511743 416 639 433 701
person 0.012509989 52 190 73 221
person 0.012499084 164 -11 207 93
person 0.012498795 664 476 680 496
person 0.012478042 792 174 810 193
person 0.012473801 633 639 650 701
person 0.012454503 164 33 175 44
person 0.012435779 888 126 896 137
person 0.012430755 -3 -176 7 -151
person 0.012413733 643 190 735 318
person 0.012403162 227 583 267 673
person 0.012402193 190 -201 203 -157
person 0.012395693 427 23 448 52
person 0.012387928 -3 312 8 335
person 0.01237445 303 151 327 180
person 0.0123716835 271 639 289 701
person 0.012369149 156 424 179 442
person 0.01236643 377 588 414 680
person 0.012365201 400 88 412 97
person 0.012339041 214 171 237 199
person 0.012337448 561 639 576 662
person 0.0123373205 217 48 228 60
person 0.012329927 331 392 346 414
person 0.012325119 436 10 447 21
person 0.01232238 229 460 295 613
person 0.01231544 646 51 661 68
person 0.012313375 145 639 160 662
person 0.012311439 0 -37 4 0
person 0.012301702 0 -128 5 -91
person 0.012299547 929 276 943 296
person 0.012283968 275 505 287 515
person 0.0122743035 616 133 629 144
person 0.012267652 235 639 252 701
person 0.012253672 814 -2 826 12
person 0.012252892 669 639 686 701
person 0.012251791 719 207 734 216
person 0.012250267 542 -66 561 -49
person 0.012243357 493 548 504 574
person 0.012239862 0 40 5 68
person 0.01223664 179 490 198 515
person 0.012228995 796 -2 809 11
person 0.012226818 470 136 488 156
person 0.012185308 381 -206 393 -200
person 0.012164622 557 293 645 420
person 0.012159548 300 403 318 423
person 0.01212471 116 -177 127 -133
person 0.012119531 742 639 757 662
person 0.012114439 575 61 589 73
person 0.012113121 789 616 851 745
person 0.012108282 75 -207 88 -191
person 0.012099644 54 -138 70 -78
person 0.012097159 507 639 522 662
person 0.012080422 133 265 160 311
person 0.012074205 103 140 141 196
person 0.012070252 549 -194 556 -163
person 0.0120650735 546 -132 556 -97
person 0.012048039 153 603 189 701
person 0.012042098 616 7 630 23
person 0.012038485 160 258 179 280
person 0.012033291 815 73 825 84
person 0.012009688 132 32 148 48
person 0.01198745 543 639 558 662
person 0.011983735 293 48 367 181
person 0.011976222 467 13 490 46
person 0.011975702 648 66 659 76
person 0.011967952 285 426 306 443
person 0.011963025 21 144 96 267
person 0.011962214 119 -48 141 6
person 0.011960315 842 363 872 386
person 0.011952057 850 640 867 702
person 0.011934022 644 460 714 611
person 0.011930706 256 231 272 253
person 0.011928711 160 446 211 539
person 0.011915342 525 639 540 662
person 0.01190256 888 78 894 90
person 0.011886263 854 185 865 203
person 0.011886033 -3 365 8 389
person 0.011878896 40 422 54 433
person 0.0118489945 404 9 414 20
person 0.011838932 37 392 53 415
person 0.01182676 59 588 69 640
person 0.0118249655 382 78 463 199
person 0.011823417 934 528 940 560
person 0.011807333 66 310 96 334
person 0.01178736 -7 -106 23 16
person 0.011756533 924 515 940 573
person 0.011744733 91 78 113 105
person 0.011743593 234 456 261 479
person 0.011742802 766 -194 773 -162
person 0.01174216 725 188 744 202
person 0.0117377285 865 187 879 198
person 0.011730369 70 612 127 756
person 0.011725439 163 639 180 701
person 0.011701703 835 -199 855 -148
person 0.011697242 802 -47 824 11
person 0.011687638 199 639 216 701
person 0.011684891 798 548 811 593
person 0.011645512 624 -176 635 -135
person 0.011643069 363 -206 376 -200
person 0.01164284 868 -3 880 11
person 0.011642823 713 106 723 125
person 0.011628822 345 70 361 88
person 0.011598542 888 270 900 279
person 0.0115942685 52 638 69 702
person 0.011592913 448 595 481 705
person 0.01159193 236 522 248 534
person 0.011577985 40 651 54 677
person 0.011577734 833 -207 847 -191
person 0.011573086 328 96 338 108
person 0.011563636 317 528 325 555
person 0.011561409 0 684 4 724
person 0.011558177 761 29 776 46
person 0.011555361 15 60 60 138
person 0.011549289 0 576 5 613
person 0.01154327 568 -194 575 -163
person 0.011536902 745 30 753 43
person 0.011527965 504 447 546 551
person 0.011526764 185 548 194 574
person 0.011525499 848 159 861 178
person 0.011512853 548 187 581 230
person 0.0115063805 495 -194 503 -163
person 0.01150541 59 -172 69 -122
person 0.011504195 757 153 775 170
person 0.011502427 758 588 776 630
person 0.0114970235 212 304 228 324
person 0.011496465 730 -194 737 -163
person 0.011485135 384 329 396 367
person 0.0114795 842 165 852 183
person 0.011472166 589 -178 599 -136
person 0.011469802 89 299 108 318
person 0.011468554 251 104 267 122
person 0.01146844 0 595 5 631
person 0.011458238 290 81 306 98
person 0.011456699 0 -110 5 -73
person 0.011439015 -3 -7 7 16
person 0.0114349015 901 193 919 212
person 0.011434164 562 16 576 30
person 0.011432391 760 638 775 662
person 0.011430483 662 586 703 673
person 0.011425764 229 33 244 49
person 0.011412156 491 17 506 31
person 0.011404284 778 28 793 45
person 0.011393456 139 375 191 463
person 0.011382767 586 -194 593 -163
person 0.011379172 803 604 842 696
person 0.011375413 -4 98 7 119
person 0.011370888 0 251 5 284
person 0.01135872 935 63 941 86
person 0.011357543 805 355 834 400
person 0.011352564 382 67 394 79
person 0.011349578 136 611 198 750
person 0.011346908 850 -2 862 12
person 0.011345368 330 -178 345 -131
person 0.011339534 917 329 940 382
person 0.011323535 0 -1 7 45
person 0.011321149 796 -133 813 -88
person 0.01131744 56 -207 68 -200
person 0.011313183 87 347 116 365
person 0.011307003 139 346 167 365
person 0.011304493 334 511 342 535
person 0.011287595 195 493 212 518
person 0.011283966 186 292 205 313
person 0.011281972 935 669 941 706
person 0.011255933 139 33 154 48
person 0.011238211 772 43 798 85
person 0.0112372255 764 546 777 588
person 0.0112306895 934 27 940 50
person 0.0112203425 161 204 183 234
person 0.011214922 186 416 218 461
person 0.011202175 729 30 737 42
person 0.011199872 127 639 142 662
person 0.011189722 116 628 135 685
person 0.011177783 91 -143 108 -82
person 0.011175723 469 588 486 632
person 0.011172872 580 113 589 132
person 0.011167768 815 -206 827 -200
person 0.011165831 657 547 666 575
person 0.01113634 835 -128 852 -85
person 0.01112875 0 361 5 392
person 0.011125286 260 364 277 388
person 0.011122611 271 106 287 124
person 0.011118788 712 -194 719 -163
person 0.011101971 61 279 78 302
person 0.01109273 163 470 181 495
person 0.011088708 258 546 267 572
person 0.01108793 251 159 274 188
person 0.011086084 0 65 10 112
person 0.011085602 0 -48 7 7
person 0.011082723 128 -81 141 -58
person 0.011077817 0 289 5 320
person 0.0110530825 604 -195 611 -163
person 0.011038801 742 -68 760 -47
person 0.011029938 778 -2 790 12
person 0.011016813 816 603 828 629
person 0.011010137 360 -137 377 -92
person 0.011009563 36 113 52 131
person 0.011008622 881 -25 922 81
person 0.011006421 265 346 281 384
person 0.011005679 410 249 426 270
person 0.011002555 345 -206 358 -200
person 0.010997 743 622 756 646
person 0.010994681 638 546 647 574
person 0.010994117 474 183 505 226
person 0.010991954 833 28 842 42
person 0.010973934 724 459 798 608
person 0.010960296 400 69 411 79
person 0.010953868 814 30 828 47
person 0.010937612 869 -206 883 -193
person 0.010936673 688 186 708 203
person 0.01093525 -4 382 8 406
person 0.010916342 544 53 555 64
person 0.010897407 716 204 737 220
person 0.010896437 265 260 345 410
person 0.010893153 725 622 738 646
person 0.010891704 0 631 5 666
person 0.010885583 850 243 869 252
person 0.010876802 524 -66 543 -48
person 0.010871078 863 375 894 420
person 0.010860495 583 546 592 573
person 0.010855619 0 272 7 340
person 0.010850802 54 142 68 159
person 0.010850276 321 456 341 479
person 0.010841221 218 -64 232 -42
person 0.0108383875 719 111 729 128
person 0.010822996 431 48 449 65
person 0.0108196065 622 -195 629 -163
person 0.010809354 38 510 49 543
person 0.010807946 436 116 446 135
person 0.010794584 93 227 108 250
person 0.010780041 40 634 53 660
person 0.01077998 437 -177 453 -128
person 0.010777825 0 613 5 649
person 0.010768392 222 62 232 74
person 0.0107639935 729 190 739 199
person 0.010758071 0 560 7 631
person 0.010745867 189 83 213 111
person 0.010743106 629 49 645 66
person 0.01073892 591 348 605 373
person 0.010738404 146 454 165 476
person 0.010729785 45 437 76 532
person 0.010728985 0 558 5 594
person 0.01071667 402 9 424 40
person 0.010705619 931 458 944 482
person 0.010698941 75 229 89 252
person 0.010694509 694 -195 701 -163
person 0.010688105 158 152 182 179
person 0.010684581 926 582 942 640
person 0.010644182 291 -82 303 -58
person 0.01064353 747 534 755 561
person 0.010619485 257 522 266 531
person 0.010616875 741 7 755 23
person 0.010612347 237 -64 250 -41
person 0.0106115015 726 547 744 587
person 0.010605256 158 446 174 465
person 0.01060421 90 241 107 264
person 0.010596918 931 477 944 500
person 0.010594504 601 104 613 117
person 0.01059188 457 -192 468 -163
person 0.010590981 0 -92 5 -55
person 0.010586944 302 584 340 676
person 0.010583808 200 -64 214 -42
person 0.010583407 640 -195 647 -163
person 0.01057915 910 502 950 611
person 0.010572005 425 98 435 115
person 0.010569511 327 -206 340 -200
person 0.010567572 139 265 157 286
person 0.010551813 676 -195 683 -163
person 0.010551445 19 356 34 380
person 0.010547752 707 622 720 646
person 0.0105456365 837 -94 859 -38
person 0.010543293 781 532 789 562
person 0.010531183 317 516 325 541
person 0.010526499 120 249 147 295
person 0.01052618 789 297 823 340
person 0.010493913 658 -195 665 -163
person 0.010492775 127 411 146 429
person 0.010492175 231 90 241 100
person 0.010490586 512 534 527 595
person 0.010488888 141 196 155 214
person 0.010487829 873 7 896 59
person 0.010483416 140 451 209 611
person 0.010469299 872 207 886 217
person 0.0104536265 267 417 289 439
person 0.010450302 935 44 941 67
person 0.01044868 433 587 450 630
person 0.010442036 -4 64 8 85
person 0.010441213 851 -207 865 -192
person 0.010440533 749 392 778 439
person 0.010437662 474 82 485 93
person 0.010434638 364 43 382 62
person 0.010433584 439 -192 450 -163
person 0.010430203 878 53 904 96
person 0.010429356 614 -135 632 -85
person 0.010421731 297 -177 308 -134
person 0.010419327 160 385 187 402
person 0.010411926 238 538 244 553
person 0.01041161 761 622 774 646
person 0.010408245 110 -82 123 -58
person 0.010404003 121 437 142 457
person 0.010402736 -3 636 8 660
person 0.010402732 -11 -151 28 -21
person 0.010393688 127 639 144 701
person 0.010390717 32 352 47 374
person 0.010387309 613 150 631 167
person 0.010370774 309 -206 321 -200
person 0.010366264 19 689 32 717
person 0.010361828 935 652 941 686
person 0.010361421 798 604 810 628
person 0.010356396 490 622 503 646
person 0.010348438 778 638 793 662
person 0.010331521 760 -2 772 12
person 0.010331073 873 636 917 740
person 0.010330405 912 -197 951 -109
person 0.010319987 781 48 796 68
person 0.0103125535 759 -81 776 -64
person 0.010310889 146 -81 159 -58
person 0.0103090145 399 151 416 171
person 0.010306534 799 494 813 521
person 0.010304939 249 399 270 423
person 0.010301629 177 480 194 502
person 0.010269964 25 512 34 541
person 0.010259868 618 31 632 48
person 0.010258929 689 622 702 646
person 0.010247045 291 -206 303 -200
person 0.010244723 638 610 703 746
person 0.010244641 452 96 462 113
person 0.010242209 476 -192 486 -162
person 0.010239899 472 622 485 646
person 0.0102398405 763 30 772 43
person 0.010239368 124 59 141 76
person 0.01022643 -1 122 4 135
person 0.010223607 217 525 224 537
person 0.010194595 435 151 448 164
person 0.010186525 634 7 648 23
person 0.010184179 186 459 203 481
person 0.01018213 581 622 593 646
person 0.010164163 395 -138 412 -92
person 0.010161156 452 335 515 484
person 0.010154453 477 516 489 572
person 0.010154444 520 595 552 704
person 0.010142913 147 -206 159 -200
person 0.010128844 563 622 575 646
person 0.010127868 935 455 941 484
person 0.010123686 91 638 108 701
person 0.010123161 713 612 777 746
person 0.010118383 742 -1 754 12
person 0.010101028 273 -206 285 -200
person 0.010098987 252 71 266 87
person 0.010091039 165 -206 177 -200
person 0.010089868 651 -135 669 -85
person 0.010088672 202 48 214 62
person 0.01008472 224 -74 266 48
person 0.010079747 -3 -32 7 -7
person 0.010079566 201 622 214 646
person 0.010069056 219 622 232 646
person 0.010056346 454 622 467 646
person 0.010052155 174 273 199 296
person 0.01004854 469 398 526 553
person 0.010048412 599 622 611 646
person 0.010047735 128 -206 141 -200
person 0.010041721 421 -192 432 -163
person 0.0100384895 183 622 196 646
person 0.010035262 812 190 830 209
person 0.010026616 780 29 789 42
person 0.010021733 578 135 597 154
person 0.010020688 886 65 898 85
person 0.010011581 -4 401 8 425
person 0.010005457 165 622 178 646
person 0.010002714 705 481 723 502
person 0.010001377 817 30 825 44
person 0.010000868 155 392 187 436
person 0.010000462 515 469 538 529
