person 0.76391596 753 141 778 174
person 0.7346409 531 85 546 107
person 0.73193556 694 111 715 138
person 0.73164064 699 50 712 67
person 0.7289667 787 124 808 153
person 0.71597755 787 190 819 232
person 0.7157461 647 89 663 110
person 0.7126882 757 67 771 85
person 0.70668477 856 208 888 251
person 0.70268977 767 74 782 94
person 0.7023507 805 154 830 188
person 0.6997798 359 119 381 146
person 0.69844884 723 61 737 80
person 0.69513625 888 141 909 170
person 0.69375044 328 92 344 111
person 0.6913666 352 96 369 116
person 0.6833545 836 128 858 158
person 0.67889065 523 144 549 176
person 0.6771483 714 185 744 226
person 0.6720457 650 120 672 150
person 0.6688235 401 90 417 110
person 0.6660383 555 51 567 68
person 0.66507876 446 68 460 85
person 0.6649583 681 91 697 113
person 0.66361666 662 150 687 183
person 0.6624619 468 76 483 94
person 0.6620473 608 116 630 143
person 0.65901405 557 111 579 139
person 0.65423846 659 55 673 74
person 0.65375155 628 51 641 68
person 0.6495681 504 83 519 104
person 0.64584714 467 130 492 162
person 0.64491737 587 55 600 70
person 0.64324605 376 95 392 115
person 0.63868695 334 112 351 133
person 0.6349078 904 106 918 129
person 0.6341038 767 109 787 135
person 0.6299513 884 177 909 210
person 0.6208178 453 108 474 133
person 0.61958313 450 87 465 107
person 0.61938286 726 92 742 113
person 0.6167082 701 65 715 83
person 0.6137089 401 112 422 138
person 0.61312556 571 159 597 193
person 0.59345436 846 106 865 132
person 0.5895432 615 54 628 71
person 0.5823619 691 141 715 171
person 0.5788399 423 83 438 103
person 0.5770663 569 82 584 102
person 0.57231313 495 65 509 82
person 0.5675083 548 73 562 92
person 0.5534882 428 101 445 123
person 0.5462935 174 170 215 222
person 0.54132545 528 65 542 83
person 0.53085077 266 114 282 134
person 0.5075673 484 67 499 84
person 0.480419 675 77 689 96
person 0.43329063 595 79 610 97
person 0.41920295 636 43 648 59
person 0.41648197 396 76 410 93
person 0.40180486 286 122 304 143
person 0.3934888 667 44 680 61
person 0.37903374 564 54 577 70
person 0.3617351 499 63 512 78
person 0.32888162 601 107 625 139
person 0.25630882 739 125 756 149
person 0.24910963 526 62 539 77
person 0.18403265 476 62 490 77
person 0.14184798 623 65 637 81
person 0.10646627 545 72 568 97
person 0.08668486 420 76 441 100
person 0.07908872 320 109 336 127
person 0.058142394 469 61 483 77
person 0.05666332 649 57 663 75
person 0.04959394 592 75 614 99
person 0.041489504 700 84 716 103
person 0.04080096 445 62 459 78
person 0.039266016 487 66 510 90
person 0.037613988 434 102 450 123
person 0.035305854 589 56 598 66
person 0.03367515 595 106 612 127
person 0.03181764 530 125 549 147
person 0.02756494 724 100 740 122
person 0.024667202 617 55 626 67
person 0.023214558 648 123 678 165
person 0.020651905 658 86 674 106
person 0.020576976 630 52 639 64
person 0.02021926 680 60 694 78
person 0.019587724 556 53 565 64
person 0.016752109 567 56 574 67
person 0.01674997 425 79 435 95
person 0.014286917 638 45 646 56
person 0.014172966 793 85 808 103
person 0.013770442 527 66 535 83
person 0.012662999 729 100 746 122
person 0.011308176 634 90 650 109
person 0.010740486 607 71 623 90
person 0.010387707 745 150 771 183
