person 0.78203654 920 163 943 199
person 0.76928 867 158 891 193
person 0.76830405 897 201 927 248
person 0.7625869 750 96 766 117
person 0.7537933 735 171 769 214
person 0.72874314 892 85 907 108
person 0.72530603 635 77 649 96
person 0.72163844 790 96 806 119
person 0.7206501 526 152 550 182
person 0.7090484 623 155 651 187
person 0.6884213 672 93 688 115
person 0.68700767 846 94 861 116
person 0.6811546 835 176 867 219
person 0.6785451 452 113 468 136
person 0.6676809 812 87 827 107
person 0.662396 920 83 935 105
person 0.6567107 673 169 707 211
person 0.65230936 794 73 808 93
person 0.6465074 713 67 727 86
person 0.6408959 671 145 696 174
person 0.63601357 907 102 923 125
person 0.6314686 712 104 729 127
person 0.63056225 522 87 536 107
person 0.6154672 566 105 583 127
person 0.61400276 318 121 336 144
person 0.6107713 594 127 613 151
person 0.6015582 957 90 971 111
person 0.6008803 416 106 432 129
person 0.5989674 559 88 574 108
person 0.5978324 727 118 746 143
person 0.5972686 678 114 696 137
person 0.59247327 769 82 784 102
person 0.58786273 759 67 772 86
person 0.5853989 947 123 967 154
person 0.58308077 353 96 368 115
person 0.58265704 811 157 837 191
person 0.5790902 900 125 916 150
person 0.5750166 870 120 887 142
person 0.5739 612 67 625 85
person 0.5734841 637 130 662 159
person 0.56668824 548 68 562 85
person 0.55568033 636 113 654 135
person 0.54725814 772 70 787 90
person 0.53979945 451 86 466 106
person 0.5396929 655 56 665 71
person 0.5380418 593 155 621 185
person 0.5372236 420 84 435 102
person 0.53527325 476 119 493 142
person 0.53512955 592 92 607 111
person 0.5282229 515 64 525 80
person 0.51772916 532 67 542 83
person 0.51222104 959 107 974 131
person 0.51017 476 69 489 86
person 0.50739014 501 83 515 101
person 0.4977492 470 84 485 104
person 0.49249735 62 156 85 190
person 0.49061075 664 67 677 86
person 0.49056888 817 145 841 177
person 0.48262092 596 57 606 73
person 0.46545193 860 81 875 102
person 0.46156418 641 59 651 74
person 0.45542857 678 60 689 75
person 0.45391604 653 73 667 91
person 0.4501548 700 63 714 81
person 0.4426064 792 121 809 144
person 0.44013005 353 108 369 129
person 0.41768506 575 85 590 103
person 0.4161011 703 61 712 76
person 0.41413808 869 121 892 155
person 0.38864714 866 111 884 136
person 0.3798455 601 78 615 96
person 0.3698614 823 106 839 128
person 0.35721236 503 80 514 96
person 0.3488291 724 75 738 94
person 0.3351549 926 101 942 123
person 0.32549068 428 93 443 112
person 0.29679152 631 34 642 51
person 0.26515403 880 100 896 124
person 0.2521478 478 71 487 82
person 0.2501568 614 68 623 80
person 0.23756838 577 79 592 97
person 0.22178645 605 82 620 102
person 0.21752945 450 79 466 96
person 0.21589938 62 209 101 268
person 0.21495393 441 113 458 134
person 0.2138975 875 142 893 165
person 0.20297569 828 89 847 111
person 0.1960396 562 33 571 49
person 0.19453736 551 69 559 82
person 0.19229288 644 139 664 162
person 0.19165741 827 124 846 147
person 0.18697472 690 87 708 108
person 0.18471342 706 96 724 116
person 0.18343525 632 74 653 100
person 0.1794771 655 94 673 115
person 0.17888427 843 102 860 124
person 0.17867815 666 69 675 81
person 0.17753258 632 85 650 106
person 0.17572615 350 99 371 127
person 0.17416094 841 232 877 277
person 0.16574644 854 73 874 101
person 0.16467188 587 90 610 117
person 0.16273953 860 80 870 97
person 0.16182402 925 154 943 177
person 0.15803975 380 115 396 134
person 0.1482064 493 164 518 192
person 0.14481574 706 63 714 74
person 0.14412042 65 156 83 178
person 0.14374512 540 30 550 47
person 0.14330281 949 162 974 197
person 0.14063603 624 40 632 52
person 0.13965118 608 112 627 134
person 0.13840674 528 87 540 105
person 0.13745178 613 126 634 149
person 0.13536337 771 113 789 136
person 0.13518795 655 68 665 87
person 0.13424404 503 85 512 98
person 0.13417585 838 211 872 255
person 0.13297957 624 151 649 174
person 0.13277869 919 86 929 104
person 0.13262366 620 57 634 75
person 0.1318748 305 130 321 151
person 0.13128969 761 68 770 81
person 0.1266999 517 61 541 89
person 0.12277125 423 87 432 97
person 0.122564696 774 71 786 82
person 0.122147165 716 68 725 81
person 0.12210987 452 80 464 91
person 0.12189585 589 107 608 128
person 0.121449724 1019 88 1026 114
person 0.12131476 746 134 775 167
person 0.12128867 69 169 95 203
person 0.11791674 596 138 614 176
person 0.117126614 683 122 703 145
person 0.11621951 560 105 577 126
person 0.116137296 731 84 750 106
person 0.11454467 1016 89 1029 113
person 0.11402954 401 105 418 125
person 0.113314584 810 78 827 97
person 0.1125442 866 126 897 170
person 0.11157871 758 69 778 96
person 0.11151314 531 60 547 77
person 0.11059092 421 81 432 96
person 0.10910725 676 63 699 91
person 0.10855496 751 102 769 124
person 0.10824427 472 87 482 99
person 0.10764967 815 105 833 128
person 0.10752375 721 113 753 152
person 0.10659063 893 80 908 99
person 0.10604384 862 75 882 102
person 0.1043585 544 66 565 92
person 0.10430114 571 122 591 145
person 0.10363001 894 118 921 160
person 0.10224974 278 181 302 211
person 0.09993156 725 162 777 229
person 0.09985154 552 164 582 194
person 0.0994884 605 67 627 94
person 0.09839136 457 286 524 355
person 0.097591065 39 261 93 351
person 0.09692847 553 142 581 172
person 0.09644291 958 198 984 233
person 0.096174166 416 74 437 101
person 0.09579345 684 174 706 197
person 0.094811805 1016 173 1026 218
person 0.09410144 1020 104 1026 130
person 0.093737535 622 38 635 55
person 0.09338173 1017 597 1026 660
person 0.09263232 0 166 10 209
person 0.0918015 773 121 791 141
person 0.09088728 930 131 948 156
person 0.090734035 646 110 665 132
person 0.090480626 1016 105 1029 129
person 0.090186484 322 123 332 141
person 0.090130135 940 481 994 583
person 0.08907115 709 67 732 93
person 0.08876115 431 94 441 105
person 0.08816888 453 88 464 100
person 0.08720152 1015 130 1026 170
person 0.08709258 952 234 987 281
person 0.08691804 315 415 341 450
person 0.08669453 641 201 672 232
person 0.08627757 882 203 915 247
person 0.08620998 825 78 841 97
person 0.085842684 914 245 949 292
person 0.08399253 727 71 736 89
person 0.08353124 577 87 588 98
person 0.08333266 276 436 303 472
person 0.08320777 354 123 379 152
person 0.08288132 915 75 935 102
person 0.08285573 402 98 419 116
person 0.082244895 637 65 647 94
person 0.08219483 580 52 593 70
person 0.08139599 814 132 833 154
person 0.08093073 546 153 567 175
person 0.07994711 512 105 530 126
person 0.07976342 1020 71 1026 96
person 0.07968066 470 72 491 98
person 0.07942826 1014 94 1025 131
person 0.07874565 411 133 428 154
person 0.07855536 491 129 510 151
person 0.07790619 313 113 342 155
person 0.07780576 1017 213 1026 264
person 0.07671281 945 243 981 304
person 0.07633201 479 117 490 136
person 0.076291166 449 123 472 151
person 0.07585758 356 97 366 109
person 0.07583128 952 129 962 148
person 0.07576614 129 287 198 356
person 0.07573532 758 61 772 78
person 0.07489278 1017 230 1025 287
person 0.07455189 596 37 607 50
person 0.07452928 489 114 507 134
person 0.074321076 482 59 496 76
person 0.073184446 32 410 78 522
person 0.07317506 792 204 824 239
person 0.07280972 587 133 627 189
person 0.072782844 75 188 95 211
person 0.072468765 737 58 749 75
person 0.07230861 903 127 913 147
person 0.07166838 594 87 605 106
person 0.07106232 72 163 90 187
person 0.07070978 117 263 176 347
person 0.07017648 516 154 538 177
person 0.06895665 796 74 806 87
person 0.06875745 533 128 553 150
person 0.06875739 330 129 348 150
person 0.06866201 888 191 939 264
person 0.067759216 558 57 572 74
person 0.06632299 663 157 717 225
person 0.06509746 631 130 669 187
person 0.06490273 873 122 884 140
person 0.06419369 1016 561 1024 626
person 0.06394544 944 152 963 177
person 0.06375198 788 238 827 282
person 0.063711196 529 107 547 127
person 0.063529335 908 152 927 176
person 0.06283102 439 79 455 95
person 0.06259421 698 197 736 240
person 0.062493667 741 172 764 194
person 0.06231489 918 389 983 541
person 0.062097374 869 237 904 281
person 0.061731517 -4 169 10 192
person 0.061401695 719 319 761 379
person 0.060787108 744 155 765 177
person 0.06056024 1017 72 1029 95
person 0.059937574 563 203 593 235
person 0.05991486 0 219 9 299
person 0.0593281 -2 168 16 204
person 0.059103232 377 95 394 113
person 0.05903571 742 192 780 236
person 0.0589699 -4 182 10 206
person 0.058686335 1010 177 1028 213
person 0.057995293 862 106 893 148
person 0.05795937 959 91 968 105
person 0.05773762 469 112 500 152
person 0.05763139 584 33 593 49
person 0.057330996 674 204 706 239
person 0.05698437 0 128 6 153
person 0.056795456 0 152 6 177
person 0.05676452 842 181 859 215
person 0.056671854 367 495 382 520
person 0.056614645 484 62 493 73
person 0.05658885 353 122 370 143
person 0.05651891 0 196 8 252
person 0.0562448 712 231 757 291
person 0.05597612 553 131 573 153
person 0.055628654 506 167 526 189
person 0.05562475 0 166 6 194
person 0.05562064 670 174 694 197
person 0.055598494 604 153 625 175
person 0.05557067 851 130 871 152
person 0.05547705 770 340 830 421
person 0.055167902 -4 129 9 151
person 0.055035777 689 149 710 171
person 0.055022042 962 130 979 154
person 0.055006556 -4 -224 9 -201
person 0.054781977 356 110 366 123
person 0.054744717 568 150 587 172
person 0.054476682 312 141 330 165
person 0.054294202 -4 154 9 175
person 0.054167494 869 109 882 130
person 0.054137096 651 167 674 189
person 0.05408762 890 169 910 192
person 0.053701036 0 180 6 207
person 0.053571798 1015 -223 1025 -176
person 0.053271584 600 205 634 238
person 0.053010024 995 95 1009 115
person 0.053006493 531 185 550 205
person 0.052843597 35 449 97 591
person 0.05278548 794 173 814 197
person 0.052385855 1017 640 1026 693
person 0.051921535 783 89 813 131
person 0.051298402 -4 203 9 229
person 0.051095057 847 355 906 435
person 0.051081166 928 339 983 431
person 0.051078692 673 105 704 144
person 0.050816085 1005 233 1028 289
person 0.050580867 229 471 264 517
person 0.050379038 629 106 661 145
person 0.050368525 772 85 781 98
person 0.05010854 547 170 569 191
person 0.049908258 1007 214 1029 268
person 0.049309395 923 86 932 99
person 0.049284905 523 200 553 231
person 0.048973687 749 129 769 151
person 0.048720974 496 59 509 71
person 0.04865851 -1 108 5 134
person 0.04832699 0 -227 6 -200
person 0.048138823 -3 -216 18 -123
person 0.047910064 848 149 868 171
person 0.04782108 705 127 725 151
person 0.047816474 733 149 753 172
person 0.047658466 339 113 356 133
person 0.047642667 965 173 982 197
person 0.047449905 839 375 909 526
person 0.047398996 447 74 469 101
person 0.047159042 34 180 116 295
person 0.047134083 814 88 824 101
person 0.047062732 -4 -224 8 -217
person 0.047038548 111 143 135 169
person 0.046675038 844 171 865 194
person 0.046572823 681 115 692 134
person 0.046498626 490 153 509 175
person 0.0461981 1020 126 1026 155
person 0.046031903 788 146 809 167
person 0.04602092 45 163 63 186
person 0.04574448 70 150 96 178
person 0.045322668 445 103 474 144
person 0.045214646 496 298 557 374
person 0.044807356 1015 129 1029 153
person 0.04447728 -4 110 8 132
person 0.044238914 961 92 971 104
person 0.043606084 907 168 928 194
person 0.04352854 620 284 687 351
person 0.043279365 838 87 868 129
person 0.042816997 516 130 556 188
person 0.0427878 968 148 986 172
person 0.042493258 863 85 872 97
person 0.042492803 901 94 930 137
person 0.042143002 373 123 390 144
person 0.042134278 56 186 78 210
person 0.041949682 624 30 644 59
person 0.04193053 197 128 220 153
person 0.04177209 345 92 359 110
person 0.04170187 827 229 885 301
person 0.041607358 419 108 429 121
person 0.041230172 205 94 229 121
person 0.041141715 0 103 9 142
person 0.040902864 658 41 668 54
person 0.040863175 515 128 534 150
person 0.040831856 598 129 609 148
person 0.040584255 917 315 994 461
person 0.04041003 584 272 650 343
person 0.04030325 142 405 183 449
person 0.040013716 760 64 769 74
person 0.039817058 809 126 847 184
person 0.039697323 400 515 415 542
person 0.03950465 951 95 979 140
person 0.039281633 720 240 750 274
person 0.039142203 99 236 186 369
person 0.039009523 732 118 743 137
person 0.038943235 175 110 184 122
person 0.038925067 479 277 569 413
person 0.038451664 1005 -133 1030 -50
person 0.03813419 1015 -224 1026 -217
person 0.03808619 175 129 198 155
person 0.037919752 71 224 98 276
person 0.037899345 433 128 451 151
person 0.03777099 675 180 698 203
person 0.037604097 0 295 5 333
person 0.037566304 472 143 491 165
person 0.03748758 0 200 5 231
person 0.037207395 115 379 134 403
person 0.037176464 824 160 877 232
person 0.03707271 251 133 275 160
person 0.03702007 1014 -225 1028 -203
person 0.036514245 125 278 211 417
person 0.03650644 118 396 138 422
person 0.036305327 468 457 481 485
person 0.036190655 1016 -188 1025 -134
person 0.03608668 686 115 698 133
person 0.03583391 72 156 87 177
person 0.03580006 440 267 543 372
person 0.03555943 950 173 985 236
person 0.035462696 603 165 624 188
person 0.03541736 608 86 618 98
person 0.035402093 332 146 350 168
person 0.035264827 711 146 790 271
person 0.035214167 906 230 964 307
person 0.035182815 289 400 317 431
person 0.03498016 928 105 939 118
person 0.034960337 799 184 821 208
person 0.034726392 900 125 909 145
person 0.034543738 125 242 159 290
person 0.034455374 743 87 774 129
person 0.034446426 241 182 268 212
person 0.034438785 1004 -202 1031 -128
person 0.034407213 697 295 782 435
person 0.034149796 569 107 580 120
person 0.03412857 848 88 859 111
person 0.03410436 0 -229 8 -178
person 0.03405681 439 167 466 197
person 0.03401618 505 152 550 207
person 0.03395601 812 80 825 91
person 0.03393983 1017 674 1026 734
person 0.033782993 242 232 311 305
person 0.03377511 0 130 10 169
person 0.033624396 410 98 439 141
person 0.033585712 393 126 411 146
person 0.033563707 967 180 984 203
person 0.033526633 676 236 712 282
person 0.033503752 313 448 344 492
person 0.033447977 308 130 318 148
person 0.0334369 828 81 839 93
person 0.03332662 796 686 818 748
person 0.033223692 904 207 920 246
person 0.03319481 215 97 231 115
person 0.033177547 951 -210 964 -171
person 0.03308957 135 221 166 266
person 0.032960646 163 428 200 474
person 0.0328659 770 60 785 78
person 0.03282707 674 88 686 109
person 0.03280283 407 166 434 195
person 0.03277012 945 116 978 182
person 0.032717012 43 -224 58 -209
person 0.032556448 1019 92 1026 105
person 0.032524224 757 686 779 747
person 0.032401346 962 109 971 123
person 0.032341067 1016 288 1025 351
person 0.03232186 0 225 17 296
person 0.032157455 163 -87 203 49
person 0.03213499 1014 64 1026 100
person 0.031987358 24 -224 37 -218
person 0.03196876 717 686 739 748
person 0.031945333 338 157 379 213
person 0.03185787 501 254 538 303
person 0.031331606 580 22 588 34
person 0.031198531 752 239 789 286
person 0.03107223 598 588 611 643
person 0.030975524 -2 -149 15 -33
person 0.030948842 558 97 590 139
person 0.030927213 744 175 760 211
person 0.030897161 24 -224 39 -209
person 0.030739745 848 242 868 262
person 0.03045141 -2 196 16 258
person 0.030451091 958 108 969 122
person 0.03037975 618 346 680 421
person 0.030271456 351 174 377 204
person 0.030255245 487 203 516 234
person 0.030175252 706 148 728 169
person 0.03000163 295 144 313 167
person 0.029979778 402 106 416 119
person 0.029838093 920 81 929 98
person 0.029816823 948 669 975 755
person 0.029738862 769 357 854 516
person 0.029692002 137 379 158 403
person 0.029674608 328 166 354 197
person 0.029452108 0 315 5 353
person 0.029451072 954 74 968 93
person 0.029383328 558 30 578 58
person 0.029356664 186 396 216 427
person 0.029196398 97 313 179 453
person 0.029161816 432 146 450 169
person 0.029143183 894 86 905 101
person 0.029128227 54 682 73 746
person 0.02898461 231 476 258 501
person 0.028801167 965 478 992 498
person 0.028756019 567 168 587 187
person 0.028629946 533 155 544 174
person 0.028620072 556 559 569 624
person 0.028577406 37 298 50 326
person 0.02850053 49 125 84 191
person 0.028468348 578 144 640 214
person 0.028246198 35 280 49 307
person 0.028099434 489 254 523 300
person 0.028058723 0 264 7 354
person 0.028056942 126 170 152 200
person 0.027995592 758 321 846 451
person 0.02788055 826 108 837 121
person 0.027771248 130 366 148 386
person 0.02773659 724 349 805 510
person 0.027729075 534 27 555 56
person 0.027649226 389 36 402 54
person 0.027523868 55 90 78 119
person 0.027501218 380 538 396 566
person 0.0274928 810 -224 822 -217
person 0.02736608 830 -224 842 -217
person 0.027340794 792 89 803 112
person 0.02729307 368 518 384 545
person 0.02719645 678 686 700 748
person 0.027147917 850 -224 862 -217
person 0.027140291 -7 539 26 679
person 0.027067639 987 110 1002 133
person 0.026967403 43 -224 56 -218
person 0.026916275 984 -224 997 -218
person 0.026884358 135 281 158 306
person 0.02682139 835 687 858 747
person 0.02680593 632 242 669 286
person 0.02671499 916 -214 931 -167
person 0.02663698 251 402 280 432
person 0.026563073 902 209 924 233
person 0.026485955 791 -224 803 -217
person 0.026421113 243 201 270 230
person 0.026419483 598 20 607 33
person 0.026418181 308 346 325 363
person 0.026401944 266 172 308 230
person 0.026398912 0 335 5 372
person 0.026217707 655 38 670 56
person 0.026153544 1020 48 1026 74
person 0.02614977 627 299 663 348
person 0.026146224 441 591 453 642
person 0.026139364 185 81 221 146
person 0.026133759 793 58 807 76
person 0.025992405 0 216 6 248
person 0.025932467 968 75 982 94
person 0.025841568 0 1 5 36
person 0.025808843 792 105 802 117
person 0.025786055 219 305 240 324
person 0.02567482 869 -224 881 -217
person 0.02566183 61 138 77 156
person 0.025555007 42 156 59 176
person 0.02552258 171 427 193 447
person 0.025498925 249 479 270 502
person 0.02549563 122 367 141 392
person 0.025454227 499 374 509 387
person 0.025380852 1020 143 1025 173
person 0.025284989 1019 76 1026 89
person 0.025265543 315 105 351 169
person 0.025115112 875 171 953 293
person 0.025113676 791 -225 805 -203
person 0.02503568 811 -225 824 -203
person 0.025023451 919 180 941 204
person 0.025007553 610 31 633 62
person 0.024953319 -2 219 10 245
person 0.024934104 795 -136 818 -86
person 0.024921393 932 418 970 498
person 0.024916627 170 157 214 215
person 0.024897803 982 152 999 177
person 0.024883265 452 144 471 166
person 0.024878522 59 457 131 600
person 0.024850128 -13 326 29 447
person 0.02480341 382 115 393 128
person 0.024774106 556 584 575 650
person 0.02471194 477 585 495 650
person 0.024668917 -3 300 8 327
person 0.024634596 313 369 329 386
person 0.024623225 113 130 127 148
person 0.024613455 1014 302 1025 378
person 0.02455958 771 -224 783 -217
person 0.024504496 248 366 269 385
person 0.02450372 212 322 235 342
person 0.0244969 414 144 433 167
person 0.024457239 831 -225 844 -202
person 0.024450298 297 455 318 479
person 0.02442946 771 -225 785 -204
person 0.024402568 131 259 149 283
person 0.024367003 181 131 196 149
person 0.02429552 795 601 808 640
person 0.024260387 317 233 383 305
person 0.024177745 824 146 834 166
person 0.024175406 954 686 972 735
person 0.024153845 755 595 769 640
person 0.024148332 1004 291 1027 349
person 0.024110597 910 105 920 119
person 0.024091305 850 -225 864 -203
person 0.024077203 -1 85 5 111
person 0.024053048 882 703 912 789
person 0.024034163 1019 109 1026 122
person 0.023925964 218 99 227 111
person 0.023848802 -4 644 13 767
person 0.023752548 117 145 132 166
person 0.02361776 171 438 194 457
person 0.023584131 984 -224 1000 -208
person 0.023567 882 104 894 118
person 0.023528518 786 64 814 106
person 0.023526086 443 108 456 127
person 0.023517057 984 130 1000 154
person 0.023445554 751 -225 765 -205
person 0.023445092 247 97 271 123
person 0.023443809 1015 146 1029 171
person 0.023442104 562 23 570 35
person 0.023415457 412 165 456 220
person 0.023411924 401 590 414 641
person 0.023390554 178 398 206 422
person 0.023320656 126 298 154 322
person 0.023319153 362 589 375 635
person 0.023260016 270 425 291 448
person 0.023220658 151 301 178 324
person 0.023186618 246 456 285 502
person 0.023179071 359 50 381 79
person 0.023151437 835 336 921 454
person 0.023139374 885 119 923 179
person 0.023093022 141 406 162 430
person 0.023082837 476 168 496 189
person 0.02305856 870 277 905 324
person 0.023049122 151 410 172 431
person 0.022983951 870 -225 883 -203
person 0.02293461 647 142 728 268
person 0.022822408 257 384 276 403
person 0.022786055 379 97 391 108
person 0.02277561 60 224 86 278
person 0.022714064 517 583 534 650
person 0.022574663 874 687 897 747
person 0.022536179 0 -215 7 -140
person 0.022524286 883 -219 899 -167
person 0.02252404 889 -224 901 -217
person 0.022503987 715 107 727 120
person 0.02250255 479 110 491 130
person 0.022481717 360 72 375 91
person 0.022457259 339 39 353 57
person 0.0224379 641 -209 669 -130
person 0.022425441 951 -178 964 -133
person 0.022394348 311 446 333 470
person 0.022391956 638 686 660 749
person 0.022373144 330 440 351 464
person 0.02235587 285 96 309 123
person 0.022055317 944 279 979 329
person 0.021930268 847 224 867 244
person 0.02192348 1006 514 1015 591
person 0.021908058 172 109 187 125
person 0.021897612 731 -225 745 -206
person 0.02188583 751 -224 763 -217
person 0.021858623 -4 5 9 31
person 0.021750083 915 689 934 738
person 0.021746214 946 184 965 206
person 0.021711761 634 586 653 649
person 0.02168024 907 185 929 208
person 0.02166092 879 143 889 162
person 0.02165154 832 730 853 798
person 0.021585962 -4 87 8 109
person 0.021516997 68 161 80 171
person 0.021506565 967 -225 982 -209
person 0.021505572 421 245 490 319
person 0.02143462 239 363 274 399
person 0.021382624 793 730 814 798
person 0.021362558 499 168 509 188
person 0.02133263 201 173 227 200
person 0.021306885 714 -220 742 -142
person 0.021259997 1016 -149 1025 -93
person 0.021231506 951 652 969 693
person 0.02121595 889 -225 903 -204
person 0.02119814 345 94 375 138
person 0.021181623 0 307 6 382
person 0.021158427 871 730 893 798
person 0.02110748 648 133 659 153
person 0.02110218 321 26 334 46
person 0.021081643 967 -224 980 -218
person 0.02100719 1020 556 1025 589
person 0.021005759 67 162 79 182
person 0.020867579 956 498 993 516
person 0.020771641 289 385 307 405
person 0.02076662 768 148 789 168
person 0.02072782 1017 49 1029 73
person 0.020721491 129 370 209 525
person 0.020717558 418 47 433 67
person 0.020683702 3 234 12 271
person 0.020641042 364 46 378 66
person 0.020640373 199 333 239 378
person 0.020628467 895 84 905 94
person 0.020593628 599 685 620 749
person 0.02059171 169 101 193 129
person 0.020591361 933 583 942 611
person 0.020545086 753 730 774 798
person 0.020350732 686 207 779 346
person 0.020328287 454 106 466 129
person 0.02032287 314 470 348 522
person 0.020322772 817 282 855 331
person 0.020311583 952 58 974 89
person 0.020294296 975 431 999 488
person 0.020286752 283 600 297 640
person 0.020261921 886 23 899 55
person 0.02023375 61 208 86 250
person 0.020214556 711 -225 726 -206
person 0.020114854 351 148 369 169
person 0.020100728 159 238 197 284
person 0.020079462 1015 206 1029 232
person 0.020042993 198 56 222 87
person 0.020020427 294 115 310 134
person 0.019983668 752 88 763 111
person 0.019974463 1016 772 1022 816
person 0.019933702 281 96 317 162
person 0.019917466 159 384 180 403
person 0.019888245 51 273 59 296
person 0.01986097 612 183 633 204
person 0.01979434 272 218 299 251
person 0.019729247 322 599 336 639
person 0.019727748 460 58 475 75
person 0.019682882 224 218 327 353
person 0.019654607 95 699 123 795
person 0.019544384 72 344 153 523
person 0.019540459 112 343 170 439
person 0.019504458 201 126 215 145
person 0.019500317 999 -73 1025 9
person 0.019478792 714 730 735 798
person 0.019471534 478 39 493 57
person 0.019455256 1020 203 1026 235
person 0.019444102 56 65 78 96
person 0.01941079 351 -205 378 -129
person 0.019368013 291 444 313 467
person 0.019346109 709 93 722 109
person 0.019322295 731 -224 743 -217
person 0.019299742 151 293 171 312
person 0.019269142 799 711 830 798
person 0.019206842 639 129 651 148
person 0.019175446 163 172 189 199
person 0.019160204 566 -208 593 -130
person 0.019094754 50 477 82 581
person 0.019090079 228 338 268 382
person 0.018980244 908 -225 922 -206
person 0.018964618 602 319 695 447
person 0.018948315 104 -86 144 48
person 0.01888751 716 596 730 643
person 0.01882017 149 304 192 366
person 0.018815987 850 65 878 108
person 0.018788619 -3 339 8 366
person 0.018786928 511 372 524 385
person 0.018776769 147 298 185 345
person 0.018774433 312 348 321 360
person 0.01873354 1020 483 1026 510
person 0.018727634 171 -212 198 -135
person 0.01870433 933 586 940 603
person 0.018702999 174 379 204 414
person 0.018682133 415 89 454 149
person 0.01866074 0 691 12 772
person 0.018597139 424 203 451 234
person 0.018593494 -3 320 8 347
person 0.01858447 773 527 790 551
person 0.018556485 41 186 60 209
person 0.018498186 908 -224 920 -217
person 0.018463163 253 46 276 76
person 0.01846086 394 145 411 167
person 0.018391693 167 708 199 798
person 0.018388813 674 730 695 798
person 0.018335048 213 327 286 399
person 0.018286008 240 569 251 582
person 0.018220041 1020 538 1025 569
person 0.018210802 118 495 142 521
person 0.018192977 287 500 314 537
person 0.01816765 205 98 217 112
person 0.018158734 394 538 413 567
person 0.018127402 401 686 423 748
person 0.01811295 785 645 804 691
person 0.01805407 490 185 509 205
person 0.017997967 809 698 828 764
person 0.017984627 441 686 463 749
person 0.017973218 782 509 800 530
person 0.017968044 848 698 867 764
person 0.017900337 215 284 237 303
person 0.01788084 322 123 334 133
person 0.017868217 1019 240 1025 271
person 0.01781494 863 189 884 212
person 0.017803848 917 273 951 321
person 0.017789086 900 217 923 241
person 0.01777869 270 266 292 285
person 0.017745247 0 -197 5 -158
person 0.017743612 559 685 581 749
person 0.017701982 101 75 137 139
person 0.017666636 100 -207 127 -128
person 0.017661175 0 -217 5 -179
person 0.01766105 378 78 393 96
person 0.017652424 162 730 183 798
person 0.017651035 649 140 660 160
person 0.017640159 1021 502 1026 530
person 0.017637266 691 -225 706 -207
person 0.017625513 965 701 995 790
person 0.017625464 0 157 6 170
person 0.017622137 1021 520 1026 549
person 0.017605593 167 320 191 341
person 0.017567426 296 330 320 348
person 0.017516786 238 344 260 364
person 0.01750576 635 730 656 799
person 0.017499119 627 66 658 107
person 0.017494258 440 58 455 76
person 0.017494118 542 22 549 34
person 0.017456016 520 686 542 749
person 0.017401893 353 379 378 407
person 0.017390316 1006 128 1031 179
person 0.017375657 72 199 97 222
person 0.017333152 257 404 275 424
person 0.017331747 985 459 995 538
person 0.017325632 256 419 277 439
person 0.017324425 0 186 6 199
person 0.017322637 201 730 222 798
person 0.017322231 540 386 548 402
person 0.017306468 832 188 853 212
person 0.017288832 511 187 531 207
person 0.01727499 362 687 384 748
person 0.017269334 911 730 932 799
person 0.017256448 951 -137 962 -91
person 0.017227463 82 92 106 120
person 0.017222194 887 698 906 765
person 0.017195571 480 686 502 749
person 0.017175848 932 600 942 626
person 0.017173281 319 254 336 272
person 0.01714674 770 697 789 764
person 0.017128188 617 126 628 146
person 0.017120667 926 567 934 585
person 0.017118253 218 570 230 584
person 0.017108034 241 730 262 799
person 0.01705864 122 730 143 799
person 0.01704182 280 729 301 799
person 0.017041387 627 190 647 209
person 0.017040325 887 190 907 212
person 0.017022379 678 35 689 53
person 0.016986704 39 418 55 447
person 0.016966134 319 729 340 799
person 0.016963126 680 122 692 142
person 0.01695142 330 423 347 445
person 0.016944103 493 -207 521 -131
person 0.016938511 358 385 373 405
person 0.01693231 343 393 358 411
person 0.016916595 590 640 608 688
person 0.016915118 962 202 979 226
person 0.016907882 464 298 492 322
person 0.016892282 0 337 7 418
person 0.016882118 595 729 616 799
person 0.016863214 296 699 312 723
person 0.01685794 586 238 626 284
person 0.016840847 332 54 355 83
person 0.016838234 316 699 332 723
person 0.016830137 577 19 591 36
person 0.016827289 734 180 757 205
person 0.016823037 0 767 8 813
person 0.016802734 322 687 345 748
person 0.016800148 555 242 593 290
person 0.016796362 195 301 305 439
person 0.016778527 0 651 8 728
person 0.016733566 359 729 380 799
person 0.01673326 72 492 143 667
person 0.016721992 901 500 917 522
person 0.016721262 482 365 490 381
person 0.016711699 276 699 293 723
person 0.016710313 410 202 437 233
person 0.016691433 1019 747 1025 789
person 0.01666894 636 24 643 36
person 0.016658291 782 387 843 485
person 0.016631559 833 -220 856 -167
person 0.016628088 1015 227 1029 253
person 0.016624657 89 684 109 747
person 0.01661776 415 -206 443 -129
person 0.016592454 44 729 65 799
person 0.016589971 813 55 827 74
person 0.016586993 238 643 253 681
person 0.01656376 711 -224 724 -217
person 0.016560141 556 729 577 799
person 0.016556097 561 247 667 369
person 0.016553627 398 729 419 799
person 0.016535332 521 38 531 52
person 0.0165058 400 77 415 95
person 0.01648652 -1 277 4 313
person 0.016485114 746 642 765 690
person 0.016474765 131 319 158 343
person 0.016455816 1014 243 1029 268
person 0.0164421 438 729 459 799
person 0.016437357 335 698 352 723
person 0.01643304 477 729 498 799
person 0.016433002 517 729 537 799
person 0.016430104 -1 171 6 184
person 0.016413053 256 563 266 578
person 0.016398657 189 451 222 483
person 0.016393589 476 -225 491 -206
person 0.016380338 90 666 117 769
person 0.01636441 200 -225 215 -206
person 0.016362078 279 -225 293 -206
person 0.01636197 259 -225 274 -206
person 0.016361304 239 -225 254 -206
person 0.016361188 298 -225 313 -206
person 0.01636118 397 -225 412 -206
person 0.016360965 456 -225 471 -206
person 0.016360689 220 -225 234 -206
person 0.016360428 318 -225 333 -206
person 0.01635999 377 -225 392 -206
person 0.0163593 338 -225 353 -206
person 0.016358579 358 -225 372 -206
person 0.016350877 417 -225 431 -206
person 0.016348852 495 -225 510 -206
person 0.016348146 180 -225 195 -206
person 0.016326476 436 -225 451 -206
person 0.016323635 763 544 780 571
person 0.01632084 154 317 187 342
person 0.016309645 275 245 297 265
person 0.016303832 1020 224 1026 256
person 0.016271163 352 11 366 31
person 0.016194705 950 730 971 798
person 0.016189158 160 -225 175 -206
person 0.016182445 515 -225 530 -206
person 0.016175281 535 -225 550 -206
person 0.01617387 170 462 255 609
person 0.016159117 173 58 196 88
person 0.016147114 773 63 783 74
person 0.01614279 256 698 273 723
person 0.016119309 314 464 336 487
person 0.016103705 342 41 349 54
person 0.016098585 316 370 326 382
person 0.016090594 966 700 985 767
person 0.01608117 392 38 399 52
person 0.016079962 309 376 336 407
person 0.016062038 263 -209 290 -132
person 0.016061956 870 598 883 644
person 0.015958853 928 -225 942 -207
person 0.015938608 561 123 651 258
person 0.015922023 889 207 974 347
person 0.015910758 737 379 794 475
person 0.015908571 646 190 666 209
person 0.01589649 1018 696 1026 769
person 0.015861833 555 -225 569 -206
person 0.01582953 355 698 372 723
person 0.01582223 717 -220 732 -167
person 0.015788881 296 122 328 165
person 0.015788822 561 712 591 803
person 0.015766747 768 172 788 193
person 0.015766408 852 246 864 257
person 0.01576136 519 385 527 402
person 0.015735123 924 222 999 365
person 0.015715571 537 409 550 433
person 0.015709283 282 687 305 748
person 0.015705094 141 -225 155 -206
person 0.015676565 673 -225 688 -207
person 0.015624307 834 -136 859 -90
person 0.015621667 924 26 937 59
person 0.015617128 683 -217 697 -168
person 0.015606736 730 697 749 765
person 0.015601103 171 312 194 331
person 0.015533851 913 598 922 627
person 0.0155083295 0 239 15 268
person 0.015505402 865 208 888 228
person 0.015470785 65 144 100 187
person 0.015450666 360 566 373 615
person 0.015425139 810 144 887 278
person 0.01541997 243 687 266 748
person 0.015414331 237 698 253 723
person 0.0153848035 160 441 184 461
person 0.015378982 844 21 858 54
person 0.015371728 515 409 530 435
person 0.015361309 550 189 570 208
person 0.015354885 574 -225 589 -206
person 0.0153531255 1019 162 1025 193
person 0.015341804 613 23 621 35
person 0.0153261665 894 -210 902 -176
person 0.015309962 796 280 830 330
person 0.015301274 319 598 330 627
person 0.015276256 149 343 179 365
person 0.0152719235 0 367 8 465
person 0.015264884 37 283 48 298
person 0.01525682 531 160 543 179
person 0.015237727 375 698 391 723
person 0.015215171 910 604 922 655
person 0.015212433 571 188 591 208
person 0.015203179 706 173 727 192
person 0.015165045 186 480 226 527
person 0.015135917 273 131 290 150
person 0.015126666 83 729 104 800
person 0.0151226865 755 -140 776 -84
person 0.015111641 484 29 506 59
person 0.015012702 64 -214 75 -169
person 0.015009198 280 64 302 92
person 0.015003884 243 713 275 800
person 0.014969078 0 -178 5 -138
person 0.014964964 438 482 454 511
person 0.014963628 651 698 667 723
person 0.0149606 582 88 615 129
person 0.014954585 670 698 687 723
person 0.014945142 678 593 690 640
person 0.014919162 121 -225 136 -206
person 0.014911855 240 360 264 380
person 0.014899686 639 711 670 802
person 0.014899587 983 427 993 489
person 0.014881242 928 285 940 297
person 0.014879731 464 318 498 347
person 0.0148392385 642 -217 656 -169
person 0.014817734 796 -225 812 -167
person 0.014816468 -1 272 13 350
person 0.014794085 343 53 358 74
person 0.014780824 923 543 938 570
person 0.014774541 462 61 472 73
person 0.014772703 809 209 896 345
person 0.014767358 361 492 378 513
person 0.014763981 481 712 511 803
person 0.014738428 232 501 260 524
person 0.014730995 631 698 647 723
person 0.014692309 217 698 233 723
person 0.014673675 927 -224 940 -217
person 0.014663366 1009 -225 1028 -167
person 0.014647604 980 505 1039 677
person 0.014643028 0 257 5 289
person 0.014619214 1015 187 1029 212
person 0.014610279 62 -225 77 -208
person 0.014591968 677 149 688 170
person 0.014591407 129 98 152 126
person 0.014585703 795 126 806 138
person 0.014579626 977 364 1003 419
person 0.014577208 1015 165 1029 191
person 0.01457642 347 95 357 105
person 0.014549294 182 253 221 299
person 0.014549144 926 225 949 246
person 0.0145352315 394 698 411 723
person 0.014533892 594 -225 609 -206
person 0.014528977 207 117 216 130
person 0.014515369 718 713 748 802
person 0.014488668 690 698 707 722
person 0.014484522 911 654 930 696
person 0.014479963 849 267 862 277
person 0.014436627 402 713 433 803
person 0.01443655 653 -225 668 -207
person 0.014433907 133 -219 147 -171
person 0.014419939 255 463 277 485
person 0.014395983 197 343 223 366
person 0.014360054 257 445 277 467
person 0.014342423 991 4 1021 79
person 0.014317589 262 275 281 292
person 0.0143127255 611 698 628 723
person 0.014303794 1020 183 1025 214
person 0.014280082 686 109 699 127
person 0.014276806 120 477 144 501
person 0.014272398 633 -225 648 -206
person 0.014272312 101 -225 116 -206
person 0.0142708495 947 -224 960 -217
person 0.014266857 602 555 617 629
person 0.014255978 119 340 137 362
person 0.014254129 102 -215 113 -170
person 0.014245924 -3 -227 13 -160
person 0.0142457625 1015 487 1031 505
person 0.014225134 243 601 257 641
person 0.014220915 1019 -75 1025 -37
person 0.014210323 614 -225 628 -206
person 0.014204313 333 494 357 520
person 0.014200935 532 698 549 723
person 0.014195642 19 382 32 412
person 0.01418789 691 -224 704 -217
person 0.014154456 391 30 406 61
person 0.014135605 997 97 1006 110
person 0.014134602 513 698 529 723
person 0.01412412 766 509 784 531
person 0.014119047 197 698 214 723
person 0.014114302 519 550 538 620
person 0.014094962 947 -225 962 -208
person 0.014082237 503 319 532 341
person 0.014076176 592 698 608 723
person 0.01407542 552 698 569 723
person 0.014074415 988 396 999 463
person 0.014040162 1018 -192 1025 -156
person 0.013996926 493 698 509 723
person 0.013976981 440 401 453 438
person 0.013972393 846 104 858 119
person 0.013967816 674 588 693 650
person 0.013964572 572 698 588 723
person 0.0139539 913 579 922 612
person 0.013951355 1019 578 1025 611
person 0.013941466 750 592 772 651
person 0.013936157 790 544 807 572
person 0.01393201 399 550 414 619
person 0.013929887 1001 314 1026 374
person 0.013899647 690 697 709 765
person 0.013897654 414 698 431 723
person 0.0138731245 299 597 310 625
person 0.013847308 823 149 836 159
person 0.013844971 355 13 363 27
person 0.013838279 168 118 177 131
person 0.013814321 207 364 242 398
person 0.013809715 278 88 295 107
person 0.013807678 340 597 350 626
person 0.013794625 1011 674 1027 742
person 0.013791109 278 641 292 681
person 0.0137902275 358 576 372 605
person 0.013765742 756 -222 770 -165
person 0.013736964 432 642 450 689
person 0.013706324 323 715 354 804
person 0.01370619 473 698 490 723
person 0.01369427 398 581 407 611
person 0.0136926845 230 329 252 348
person 0.0136878425 1018 -94 1025 -57
person 0.013681811 228 381 251 399
person 0.013665766 256 502 280 523
person 0.01366256 290 430 311 453
person 0.013658814 710 697 727 722
person 0.013656052 596 257 709 370
person 0.013653329 757 -211 765 -177
person 0.013634513 194 447 217 463
person 0.013616307 520 -149 531 -108
person 0.013610768 434 698 450 723
person 0.013597888 178 698 194 723
person 0.01358787 707 188 730 209
person 0.013560307 978 406 1003 463
person 0.013548193 374 152 391 173
person 0.013536955 204 687 226 748
person 0.013533103 45 317 58 344
person 0.013530195 432 169 451 189
person 0.013526211 633 20 647 38
person 0.013518763 -3 -212 8 -184
person 0.013517288 949 605 965 658
person 0.013510466 454 698 470 723
person 0.013490525 115 330 135 353
person 0.013453052 536 185 545 205
person 0.013445371 600 156 611 175
person 0.013443101 213 405 234 422
person 0.013429752 1011 705 1026 780
person 0.013422672 512 78 544 120
person 0.013419691 256 354 277 371
person 0.013387992 777 -211 785 -177
person 0.013372381 269 586 275 601
person 0.013369619 615 551 625 588
person 0.013346312 15 213 30 237
person 0.013336782 595 17 610 34
person 0.013324577 363 523 381 548
person 0.0133188935 1010 637 1027 699
person 0.013302052 560 -151 570 -108
person 0.013277367 796 562 813 617
person 0.013275936 0 -158 5 -118
person 0.013274887 1005 90 1030 139
person 0.013260067 899 420 970 584
person 0.013258789 519 36 534 55
person 0.013220793 305 94 358 186
person 0.013205661 238 198 274 242
person 0.01319497 202 445 282 588
person 0.013194947 696 32 711 53
person 0.013193084 300 219 400 351
person 0.013187286 113 423 134 447
person 0.013175639 309 329 328 345
person 0.0131540615 799 -17 813 14
person 0.013139004 393 642 411 689
person 0.013136903 441 547 455 624
person 0.013134169 970 459 993 481
person 0.013133448 279 586 288 604
person 0.013115104 830 206 851 226
person 0.013112199 181 100 192 113
person 0.013110557 2 -11 9 24
person 0.013095147 951 285 966 298
person 0.013073326 630 640 648 688
person 0.0130551085 165 687 187 748
person 0.013037543 143 340 164 361
person 0.013029974 559 20 574 37
person 0.013017328 0 354 6 390
person 0.01300963 1016 -112 1025 -52
person 0.013005644 815 561 824 593
person 0.01298634 1018 -153 1025 -116
person 0.012983811 118 -14 147 72
person 0.012972803 845 264 866 281
person 0.012968482 158 698 174 723
person 0.012962544 588 184 609 204
person 0.012940849 176 -51 234 126
person 0.012929993 666 -174 692 -85
person 0.012927505 1018 -173 1025 -136
person 0.0129041495 183 131 193 145
person 0.012903633 817 577 824 611
person 0.012881713 894 585 901 604
person 0.012851988 280 79 296 97
person 0.012848528 991 72 1005 91
person 0.012835569 239 390 341 540
person 0.012835375 0 -173 12 -94
person 0.012833006 513 56 546 100
person 0.0128282225 1018 -114 1025 -77
person 0.012826303 0 522 7 626
person 0.012806611 709 641 727 689
person 0.012790826 504 443 515 471
person 0.012767426 323 203 351 235
person 0.012760215 824 645 844 691
person 0.012756581 41 434 59 463
person 0.012755987 412 66 441 108
person 0.012736593 975 471 999 531
person 0.012733632 200 214 229 244
person 0.012712668 833 602 846 641
person 0.012700279 478 129 572 267
person 0.012663674 709 227 718 236
person 0.01264798 490 94 579 223
person 0.01263077 481 42 489 55
person 0.012629408 0 629 5 669
person 0.012620427 358 585 378 645
person 0.012611997 672 -224 685 -217
person 0.012603527 57 697 75 766
person 0.012586762 0 609 5 649
person 0.012579191 1015 506 1031 525
person 0.012537646 549 636 570 699
person 0.012526504 188 282 211 302
person 0.012500668 730 697 746 722
person 0.012492717 320 95 335 114
person 0.012490288 -3 -191 8 -164
person 0.0124866655 1019 564 1025 578
person 0.012478648 373 35 390 55
person 0.012473248 753 61 782 105
person 0.012467335 592 -69 608 -45
person 0.012459359 304 346 317 359
person 0.012454063 400 226 509 357
person 0.01245041 362 204 388 235
person 0.012438373 947 -217 967 -161
person 0.012429607 123 285 159 334
person 0.012407245 927 699 945 766
person 0.012404289 1018 -133 1025 -97
person 0.012401702 539 58 569 101
person 0.012395746 59 201 82 224
person 0.012385162 0 -139 5 -99
person 0.012383488 283 383 302 402
person 0.012377732 935 107 985 196
person 0.012371549 696 213 706 223
person 0.012369389 0 -55 8 7
person 0.012345172 81 187 91 209
person 0.012343214 577 598 588 626
person 0.012317993 46 135 62 154
person 0.012317099 815 568 822 588
person 0.012289905 81 -225 96 -207
person 0.012247619 415 310 483 383
person 0.0122470595 1019 131 1025 145
person 0.012240254 465 456 477 493
person 0.0122318985 767 187 789 209
person 0.012215074 277 232 297 253
person 0.012193782 274 149 292 172
person 0.012183896 670 641 687 689
person 0.012180711 794 -216 823 -141
person 0.012179632 688 123 699 142
person 0.0121728135 333 465 354 487
person 0.012151365 -4 127 19 178
person 0.012148956 947 -183 966 -124
person 0.0121457055 208 340 233 365
person 0.012124298 951 -101 960 -52
person 0.0120972 530 206 551 223
person 0.012074568 137 238 158 265
person 0.012073846 -4 282 7 309
person 0.0120714065 485 299 505 324
person 0.0120667275 672 211 684 221
person 0.012048153 183 465 198 476
person 0.012042412 913 584 921 601
person 0.012034068 285 380 313 410
person 0.012031387 605 -219 619 -170
person 0.012028809 1015 20 1025 61
person 0.012028333 996 -145 1034 -33
person 0.012018597 473 291 510 342
person 0.012010174 0 402 7 509
person 0.012006298 349 121 383 164
person 0.011998523 895 581 903 615
person 0.011992398 680 110 693 129
person 0.011972804 591 -175 617 -87
person 0.011971015 638 111 651 126
person 0.011964541 799 577 806 612
person 0.011958236 1019 546 1026 558
person 0.011939679 977 484 998 503
person 0.011936125 712 100 768 183
person 0.011932078 0 -138 8 -59
person 0.011925378 0 590 5 629
person 0.011921171 250 259 286 304
person 0.011907385 282 598 292 625
person 0.011905595 0 649 5 689
person 0.011903453 84 54 107 86
person 0.01189613 224 585 232 600
person 0.011880631 44 408 59 435
person 0.011873652 796 -211 804 -177
person 0.0118707605 651 697 669 765
person 0.011868987 142 420 164 444
person 0.011861512 396 288 503 427
person 0.011821952 138 697 154 723
person 0.011821245 126 685 147 748
person 0.011816683 686 26 701 59
person 0.0118154865 480 -149 491 -107
person 0.011812392 178 698 197 765
person 0.011802031 58 -110 76 -44
person 0.011791288 0 -40 5 1
person 0.011789259 841 201 863 222
person 0.011777359 0 -119 5 -79
person 0.011772306 315 476 340 499
person 0.011763383 0 446 7 545
person 0.011750064 140 229 158 255
person 0.011742409 959 25 973 59
person 0.0117419055 650 111 661 128
person 0.011732076 252 368 266 379
person 0.011724117 102 -192 114 -138
person 0.0117232725 224 581 233 606
person 0.011717192 414 134 425 147
person 0.011716315 240 601 252 629
person 0.011708808 798 -187 816 -122
person 0.011696167 750 697 766 722
person 0.011685694 887 207 908 229
person 0.011682445 966 586 974 601
person 0.011666567 875 -211 882 -177
person 0.01166649 958 503 991 510
person 0.011662709 208 501 231 521
person 0.011655087 166 116 181 133
person 0.011651139 162 219 192 250
person 0.0116490405 452 124 464 143
person 0.011641857 0 531 5 571
person 0.011641023 0 746 5 790
person 0.011635785 221 601 233 628
person 0.011622631 613 -69 627 -45
person 0.011621557 174 73 227 167
person 0.011619586 539 407 546 430
person 0.011619098 335 28 355 59
person 0.011610597 652 206 663 215
person 0.01160331 951 586 960 603
person 0.011597084 -1 207 5 220
person 0.0115870135 188 495 246 588
person 0.011562203 926 164 938 188
person 0.0115616 179 565 189 583
person 0.0115477005 1020 462 1026 490
person 0.011540225 969 482 989 492
person 0.011538941 114 385 144 434
person 0.011526161 653 -224 666 -218
person 0.011514535 1020 27 1026 55
person 0.011513743 14 225 29 253
person 0.011513483 257 697 275 765
person 0.011504142 648 202 667 220
person 0.011503365 75 669 138 825
person 0.011460204 0 55 9 100
person 0.011456995 217 698 236 765
person 0.011455208 803 644 848 740
person 0.011449734 104 641 117 691
person 0.011443907 189 463 211 480
person 0.011437333 737 -211 746 -177
person 0.01143337 64 642 75 697
person 0.011427013 596 597 608 626
person 0.011420406 104 599 114 624
person 0.011419927 413 373 437 402
person 0.01140224 125 293 143 315
person 0.011381115 272 461 295 484
person 0.011372598 451 168 469 187
person 0.011370276 323 28 330 42
person 0.011365374 179 461 203 478
person 0.011362229 48 388 60 414
person 0.011359984 690 207 711 224
person 0.011348915 313 330 324 342
person 0.011342496 367 402 392 433
person 0.01134248 910 518 926 545
person 0.011341368 755 578 764 598
person 0.011340844 44 710 59 739
person 0.011338042 62 -225 75 -218
person 0.011329388 860 672 927 813
person 0.011317738 609 95 693 221
person 0.011316207 983 163 1000 188
person 0.011315461 22 151 38 172
person 0.011314085 1010 -153 1026 -87
person 0.011303134 23 396 36 426
person 0.011296901 601 60 631 103
person 0.011295728 274 375 292 391
person 0.011285578 539 19 553 36
person 0.0112796845 789 595 811 653
person 0.01127363 211 103 227 122
person 0.01127229 769 696 786 722
person 0.0112667745 104 498 123 522
person 0.011265389 296 697 315 765
person 0.011262728 -4 -34 8 -6
person 0.011251636 195 642 215 686
person 0.011246995 788 -96 814 -51
person 0.01123391 160 -88 174 -63
person 0.01123204 951 600 961 624
person 0.011211654 0 -93 12 -14
person 0.011201082 140 -88 155 -63
person 0.011200174 1012 606 1028 651
person 0.011192989 262 424 324 500
person 0.011175365 146 668 216 818
person 0.011173694 262 247 300 292
person 0.011172709 157 -134 181 -33
person 0.011168727 698 227 708 238
person 0.011122123 181 346 203 367
person 0.011120807 518 414 530 442
person 0.011116712 1018 596 1025 629
person 0.011110199 611 343 630 364
person 0.011071168 914 -208 944 -135
person 0.011067113 335 698 354 765
person 0.011066106 950 326 963 339
person 0.011055262 0 -99 5 -60
person 0.011044449 142 404 200 495
person 0.011030968 552 385 565 404
person 0.011025113 73 496 95 521
person 0.011023729 332 641 374 736
person 0.011022585 367 48 374 63
person 0.011019031 134 370 145 380
person 0.011015872 320 398 337 419
person 0.011011853 -3 358 9 385
person 0.011010808 95 -141 121 -45
person 0.011006531 0 64 5 93
person 0.011003981 1019 527 1026 538
person 0.010994017 372 18 386 36
person 0.010993208 795 62 805 73
person 0.010992634 179 -88 194 -63
person 0.010982752 250 643 294 737
person 0.010962927 76 168 87 178
person 0.010959287 305 328 333 357
person 0.010956281 322 253 351 285
person 0.010945956 611 113 624 125
person 0.010944851 304 312 375 384
person 0.010941611 913 -209 922 -176
person 0.010940093 715 -172 740 -86
person 0.010935378 336 264 356 283
person 0.01092882 250 27 270 62
person 0.01090241 162 640 210 740
person 0.010900899 789 696 806 722
person 0.010897048 633 -224 646 -217
person 0.010895753 475 -224 489 -217
person 0.010889947 803 15 816 47
person 0.010884438 0 563 7 657
person 0.010873062 693 338 713 363
person 0.010871401 456 -224 469 -217
person 0.010866701 495 -224 508 -217
person 0.0108615095 199 -224 213 -217
person 0.010860152 648 551 661 603
person 0.010859547 180 -224 193 -217
person 0.010859 278 -224 291 -217
person 0.0108589735 258 -224 272 -217
person 0.010858902 396 -224 410 -217
person 0.010858594 239 -224 252 -217
person 0.010858585 515 -176 541 -89
person 0.010858502 298 -224 311 -217
person 0.01085822 219 -224 232 -217
person 0.010858113 377 -224 390 -217
person 0.010857949 318 -224 331 -217
person 0.01085733 337 -224 351 -217
person 0.01085713 357 -224 370 -217
person 0.010855655 0 669 5 708
person 0.010853357 416 -224 429 -217
person 0.010848704 611 697 630 765
person 0.010845726 436 -224 449 -217
person 0.0108440695 874 578 882 612
person 0.010841282 0 483 6 583
person 0.01081601 712 679 726 704
person 0.010810231 830 128 844 139
person 0.010801668 534 -224 548 -217
person 0.010796427 515 -224 528 -217
person 0.0107934065 210 360 236 380
person 0.010792827 1020 730 1026 770
person 0.010783601 938 170 992 254
person 0.010780797 478 354 489 367
person 0.010777732 160 -224 173 -217
person 0.010775186 611 349 695 513
person 0.010764065 245 586 253 601
person 0.01074826 0 688 5 727
person 0.010729397 0 345 13 426
person 0.010722925 318 392 336 412
person 0.010719339 778 574 786 613
person 0.010715623 298 75 372 215
person 0.010712383 337 166 355 189
person 0.010711812 414 535 430 565
person 0.010709554 436 679 450 705
person 0.010705801 573 -69 588 -46
person 0.010698895 254 332 276 349
person 0.010698021 0 374 5 411
person 0.010694731 195 -19 223 70
person 0.010683477 167 -221 181 -172
person 0.010678539 554 -224 567 -217
person 0.010671423 798 116 853 197
person 0.010658096 -4 67 9 90
person 0.010655702 28 415 41 444
person 0.010650566 389 392 402 413
person 0.010647839 620 438 631 464
person 0.010636843 904 542 919 571
person 0.010635217 816 583 822 600
person 0.010632839 713 280 750 330
person 0.010630668 212 476 271 559
person 0.010630633 201 600 213 628
person 0.010628646 416 679 430 705
person 0.010614346 354 640 372 686
person 0.010614315 139 697 157 765
person 0.010604425 375 697 394 765
person 0.010594319 598 155 613 168
person 0.010585805 854 413 892 497
person 0.010584666 883 146 894 166
person 0.010581946 294 372 313 390
person 0.010578645 331 481 353 505
person 0.010569451 59 -151 76 -84
person 0.010561531 19 172 35 194
person 0.010558277 298 712 315 738
person 0.010555787 -12 -164 30 -21
person 0.01055255 143 139 236 277
person 0.010543085 26 137 41 156
person 0.010542558 472 641 490 690
person 0.010536208 456 679 470 705
person 0.010525034 140 -224 153 -217
person 0.010522953 278 712 296 738
person 0.010520335 798 586 805 600
person 0.010517512 574 -224 587 -217
person 0.01051712 913 152 923 174
person 0.010510905 204 580 214 606
person 0.010506304 574 679 588 705
person 0.010503359 237 180 273 224
person 0.010500485 613 -224 626 -217
person 0.010498627 1019 490 1026 501
person 0.010494334 104 585 116 658
person 0.010490814 956 78 965 89
person 0.010489705 820 151 831 171
person 0.010488249 -4 95 17 147
person 0.010471157 318 712 335 738
person 0.010469836 199 -88 214 -63
person 0.010465712 716 -209 727 -176
person 0.010462548 554 679 568 705
person 0.010448567 239 280 278 327
person 0.010440385 99 697 118 766
person 0.010440203 454 355 464 368
person 0.010439568 692 679 706 705
person 0.010432388 911 67 939 110
person 0.010432294 310 138 398 276
person 0.010426404 816 -212 824 -177
person 0.010425218 594 680 608 705
person 0.010424491 918 -190 937 -133
person 0.010416942 533 697 551 765
person 0.010412731 356 126 367 138
person 0.010407436 1020 53 1026 68
person 0.010404444 414 697 433 765
person 0.010402388 0 432 5 471
person 0.010397852 610 540 624 568
person 0.010397352 21 752 35 783
person 0.010395115 0 492 5 531
person 0.0103885885 0 570 5 610
person 0.010382772 316 146 327 159
person 0.010378795 1019 -56 1025 -18
person 0.010378642 475 679 489 705
person 0.010369762 233 384 247 395
person 0.0103683425 317 -69 332 -44
person 0.010364312 535 680 549 705
person 0.010363989 397 679 411 705
person 0.010357462 572 697 591 765
person 0.0103574125 121 -89 135 -63
person 0.010355555 43 692 58 720
person 0.010345255 974 308 985 321
person 0.010340876 317 642 332 682
person 0.01033414 363 490 385 530
person 0.010333691 337 712 355 738
person 0.010331307 259 712 276 738
person 0.01033059 39 -13 64 72
person 0.010324863 475 -88 489 -62
person 0.010303767 672 57 704 101
person 0.010298571 594 -224 607 -217
person 0.010295523 298 -69 312 -44
person 0.010293162 491 111 505 127
person 0.010288336 44 532 55 569
person 0.010287831 99 -155 117 -89
person 0.010264183 809 696 826 722
person 0.010263965 562 -220 575 -171
person 0.010252347 364 38 378 56
person 0.010246526 0 46 5 75
person 0.010240522 493 697 512 765
person 0.010233691 354 166 372 189
person 0.010231339 1015 524 1031 543
person 0.010230021 858 459 885 481
person 0.010227125 198 570 210 586
person 0.010226188 0 511 5 551
person 0.010219612 341 115 353 126
person 0.010218054 453 697 472 765
person 0.010215816 -3 694 8 721
person 0.010214964 495 680 509 705
person 0.010200554 261 387 272 398
person 0.010192748 285 294 395 429
person 0.010188664 515 680 529 705
person 0.01018552 -4 260 8 286
person 0.010184423 613 680 628 706
person 0.010180559 514 437 528 467
person 0.010178201 662 312 692 363
person 0.010158787 741 275 776 325
person 0.01015071 26 92 103 222
person 0.010144211 440 -149 451 -107
person 0.010142986 180 679 194 706
person 0.010140376 699 36 708 49
person 0.0101389745 -4 49 9 72
person 0.010138888 64 -187 75 -132
person 0.010128232 239 712 256 738
person 0.010123606 978 437 1000 459
person 0.010099083 179 289 201 309
person 0.010098168 849 233 867 274
person 0.010097838 532 155 546 167
person 0.010097405 783 516 800 539
person 0.010094598 511 641 529 689
person 0.010089768 200 679 214 706
person 0.0100875525 357 712 375 738
person 0.010063413 160 679 174 706
person 0.010051671 951 304 964 317
person 0.010050177 120 -224 134 -217
person 0.010048916 74 484 93 507
person 0.010029211 855 50 869 71
person 0.0100260535 472 538 486 567
person 0.01002442 1019 509 1026 520
person 0.010023682 855 -212 863 -177
person 0.010017702 952 695 1000 808
person 0.010004447 377 712 394 738
