person 0.35875466 62 209 86 243
person 0.24526826 0 213 9 263
person 0.22758956 62 246 104 305
person 0.22384423 91 173 115 204
person 0.18835796 53 210 93 270
person 0.18273942 -2 216 15 256
person 0.12036333 33 179 58 209
person 0.10877983 95 184 111 207
person 0.10326209 94 169 111 193
person 0.10181772 301 420 335 467
person 0.09796781 -4 224 10 248
person 0.09767347 1020 603 1029 663
person 0.096130244 287 371 320 417
person 0.091141194 362 -66 393 9
person 0.09085688 429 -68 460 7
person 0.090305336 944 183 966 214
person 0.09007479 167 238 203 286
person 0.089344725 0 143 10 188
person 0.08915996 231 418 268 464
person 0.08833683 943 445 1006 605
person 0.08765509 0 156 9 199
person 0.08107229 282 412 317 458
person 0.08057872 942 251 980 318
person 0.07680251 493 174 516 206
person 0.072937824 70 206 99 239
person 0.06963904 44 485 91 597
person 0.06632894 161 262 223 336
person 0.06512983 293 380 313 405
person 0.061730936 95 203 112 225
person 0.061644714 173 233 199 263
person 0.06066564 205 -64 235 14
person 0.06058855 99 480 115 507
person 0.060229357 42 480 60 509
person 0.058006797 31 48 63 117
person 0.0576455 308 431 343 478
person 0.056809008 1019 645 1029 697
person 0.056690484 92 158 107 177
person 0.055828515 37 465 50 492
person 0.05498057 -4 -222 9 -199
person 0.05496552 36 231 113 358
person 0.053938296 24 79 59 144
person 0.053724274 1018 -221 1028 -174
person 0.05369576 0 234 11 296
person 0.053439725 74 214 94 237
person 0.051519495 65 221 85 247
person 0.050796058 290 -68 321 9
person 0.049350016 1019 562 1027 628
person 0.049191806 79 158 120 216
person 0.049178094 116 353 136 375
person 0.049014527 1019 217 1029 264
person 0.04831057 0 -225 6 -198
person 0.04818838 72 224 93 247
person 0.047979042 -3 160 15 194
person 0.047936827 -1 147 16 182
person 0.047909494 -3 -213 18 -124
person 0.047773056 900 179 924 211
person 0.047060594 -4 -222 8 -215
person 0.046927553 1019 315 1028 388
person 0.046741057 1023 91 1029 117
person 0.046160396 562 33 575 51
person 0.045702178 33 316 88 409
person 0.045654703 0 221 6 251
person 0.045246124 947 211 973 246
person 0.04510024 70 256 99 295
person 0.04466514 171 445 191 464
person 0.044646386 183 236 215 283
person 0.044547144 57 468 71 494
person 0.044286903 690 93 704 113
person 0.043989804 664 131 689 162
person 0.043872934 230 374 261 408
person 0.04383922 937 301 1009 474
person 0.043532845 37 180 55 200
person 0.04326589 941 384 1010 563
person 0.042897254 940 179 976 241
person 0.042374 432 0 467 68
person 0.042057354 195 94 212 113
person 0.042030353 200 0 234 70
person 0.04185799 474 24 496 57
person 0.04147815 87 75 123 138
person 0.04146884 156 444 181 466
person 0.041386496 1023 109 1029 136
person 0.041339528 293 367 311 391
person 0.04132589 42 36 58 61
person 0.041137747 516 38 530 56
person 0.04112618 54 492 71 518
person 0.041081328 132 332 149 352
person 0.041049715 655 127 678 157
person 0.041024923 0 239 21 298
person 0.040712625 112 168 137 196
person 0.040544357 210 378 295 526
person 0.040494304 548 145 573 177
person 0.040298827 615 129 639 159
person 0.040096927 -3 216 11 240
person 0.039116286 1023 72 1029 98
person 0.038731374 477 31 491 50
person 0.03865776 107 -62 136 17
person 0.0382677 559 28 580 59
person 0.03825928 512 31 533 62
person 0.038162895 707 140 731 170
person 0.038116142 1018 -222 1029 -215
person 0.038006525 222 404 282 485
person 0.037985 1020 680 1029 739
person 0.037942454 487 135 513 166
person 0.037936553 926 231 997 377
person 0.037923567 187 233 212 263
person 0.03772283 85 133 100 152
person 0.03768668 79 37 111 110
person 0.037363768 1019 238 1028 293
person 0.037345313 565 35 572 48
person 0.037301715 267 456 305 502
person 0.03724308 1009 -202 1034 -126
person 0.037240755 -3 -146 15 -47
person 0.036994766 1017 -223 1031 -201
person 0.03684763 686 92 709 119
person 0.036757976 82 144 107 173
person 0.036747012 241 431 278 477
person 0.0367243 950 674 977 760
person 0.036721256 581 70 596 89
person 0.036461655 24 299 104 431
person 0.036271386 3 261 15 342
person 0.035871997 953 -208 967 -169
person 0.035867736 345 2 381 71
person 0.035769332 83 54 107 86
person 0.03550437 0 -227 8 -176
person 0.035292353 35 61 59 98
person 0.035249904 493 -69 524 11
person 0.035170894 759 691 781 752
person 0.03516131 831 134 856 163
person 0.03510039 -4 247 12 272
person 0.034887172 -6 551 27 684
person 0.034729205 298 403 323 428
person 0.034577593 240 383 260 404
person 0.03392688 437 -44 458 -1
person 0.033575177 798 691 821 752
person 0.03356532 0 243 8 275
person 0.033526663 604 55 627 82
person 0.033453505 1019 -186 1028 -131
person 0.03333622 367 136 393 164
person 0.03313595 1018 290 1027 352
person 0.033127006 654 103 677 130
person 0.032927986 242 224 267 255
person 0.032889243 1018 176 1029 217
person 0.032718435 182 315 219 362
person 0.03268076 43 -222 58 -207
person 0.032628823 158 374 251 528
person 0.032602075 505 1 539 71
person 0.032596473 874 134 900 163
person 0.032416325 197 422 219 445
person 0.03236813 1023 131 1029 158
person 0.032363135 171 191 214 248
person 0.03202324 719 691 742 752
person 0.031985924 24 -222 37 -216
person 0.031840876 182 299 216 347
person 0.031838786 118 151 142 179
person 0.03176234 607 57 622 75
person 0.031721614 487 106 511 134
person 0.031687014 154 141 170 159
person 0.031661194 1019 93 1032 115
person 0.031649057 1017 138 1028 176
person 0.031482372 88 165 105 187
person 0.031063883 719 597 732 646
person 0.030886972 24 -222 40 -207
person 0.030878695 451 25 473 58
person 0.030850274 832 171 858 204
person 0.03078615 275 357 337 431
person 0.030754626 617 17 631 34
person 0.030688673 918 -210 932 -166
person 0.03065177 886 -215 901 -167
person 0.030602159 771 71 787 89
person 0.030574195 521 589 533 651
person 0.030500714 709 98 733 125
person 0.030407792 238 406 263 428
person 0.030396791 397 136 423 164
person 0.030301068 120 159 135 178
person 0.030289378 961 133 984 162
person 0.030229967 607 99 631 128
person 0.03022857 755 135 781 165
person 0.03017504 1023 52 1029 78
person 0.030147573 638 16 651 34
person 0.030146837 -4 167 9 191
person 0.03014626 531 132 555 162
person 0.030007927 104 352 166 434
person 0.029962527 888 174 913 206
person 0.029927062 374 544 393 570
person 0.029895447 520 385 529 412
person 0.029823612 1018 229 1033 255
person 0.029693946 535 60 551 78
person 0.029663838 309 410 329 433
person 0.029626304 249 409 269 432
person 0.029563535 46 497 62 525
person 0.029532308 203 138 227 165
person 0.029418707 801 133 826 162
person 0.029400576 561 380 570 409
person 0.029377222 431 108 446 126
person 0.029372368 519 40 526 53
person 0.029293593 58 -103 76 -56
person 0.029293446 1019 210 1032 236
person 0.029131109 168 173 194 202
person 0.029114792 39 426 51 454
person 0.028946253 478 587 496 654
person 0.028920988 1023 188 1029 218
person 0.02889891 28 459 41 487
person 0.02888896 1019 111 1033 134
person 0.028857855 397 -113 428 -36
person 0.028731884 144 239 241 373
person 0.028703913 892 163 929 220
person 0.028480263 1019 191 1032 216
person 0.028429447 612 282 667 363
person 0.028429428 258 266 324 345
person 0.028405959 0 5 5 37
person 0.02839504 -15 394 44 530
person 0.028366722 240 4 275 76
person 0.028347231 670 74 686 92
person 0.028317425 180 79 218 141
person 0.02829909 3 275 27 338
person 0.028273249 402 538 419 564
person 0.028212482 967 132 982 153
person 0.028160878 334 -110 365 -34
person 0.02814279 574 63 598 91
person 0.028045462 515 80 530 97
person 0.027952053 210 367 230 384
person 0.02773215 1017 101 1029 136
person 0.027565585 577 344 592 372
person 0.027556952 82 323 176 453
person 0.02743769 852 -222 864 -215
person 0.02743655 638 57 661 85
person 0.027425768 90 -99 109 -52
person 0.027420696 833 -222 845 -215
person 0.027415203 908 136 933 164
person 0.027345546 447 132 472 161
person 0.027259141 1012 222 1031 257
person 0.027236652 475 -49 501 4
person 0.027197175 610 59 620 71
person 0.027091086 1023 150 1029 178
person 0.026996572 95 161 105 172
person 0.026941866 43 -222 56 -216
person 0.0269184 987 -222 1000 -216
person 0.026908616 0 531 6 626
person 0.026881315 950 331 1003 445
person 0.02680167 528 92 553 121
person 0.026771666 832 73 849 89
person 0.026770288 519 57 543 86
person 0.026729457 237 374 256 394
person 0.026680587 578 379 587 410
person 0.026580513 396 -49 421 4
person 0.026545176 680 600 692 644
person 0.026476003 569 96 593 123
person 0.026414884 252 173 277 201
person 0.026402991 166 322 231 399
person 0.026341619 885 707 916 793
person 0.02629664 806 98 830 125
person 0.026286528 767 168 792 200
person 0.026268505 822 178 861 237
person 0.026207233 121 481 141 505
person 0.026198953 537 74 553 92
person 0.026184645 174 -113 203 -34
person 0.026152194 813 -222 825 -215
person 0.02614021 849 73 865 89
person 0.026079139 537 62 548 74
person 0.02607868 151 138 175 165
person 0.026017223 271 385 291 407
person 0.026014658 1019 74 1032 96
person 0.026003858 696 78 711 96
person 0.02599967 557 589 574 657
person 0.025938177 356 138 371 157
person 0.025800003 193 93 216 121
person 0.025782635 497 382 508 412
person 0.025637738 839 97 864 124
person 0.025473965 872 -222 884 -215
person 0.0254702 584 73 592 85
person 0.02542923 200 107 218 126
person 0.025311911 878 98 903 125
person 0.025269324 757 71 773 89
person 0.025240185 0 212 7 242
person 0.025226803 592 15 607 33
person 0.025208078 153 145 168 165
person 0.02517994 441 52 456 71
person 0.02515195 833 -223 846 -201
person 0.025120936 213 385 237 406
person 0.024982248 813 -223 827 -201
person 0.024973864 377 140 393 159
person 0.024956295 799 349 869 515
person 0.024950877 569 152 585 175
person 0.024835423 834 75 846 86
person 0.024812382 956 691 974 740
person 0.02480772 1023 208 1029 238
person 0.02476415 320 135 346 163
person 0.02471493 713 168 740 201
person 0.024710683 853 -223 866 -201
person 0.024621777 288 421 313 445
person 0.024571648 377 146 393 168
person 0.024544233 765 97 789 124
person 0.024484854 796 169 822 201
person 0.024451124 620 19 628 32
person 0.02427133 797 -217 811 -168
person 0.02425443 679 691 702 753
person 0.024226232 488 80 525 139
person 0.024212409 793 -223 807 -202
person 0.024187928 147 295 242 445
person 0.024187908 602 58 617 75
person 0.024164755 789 339 814 398
person 0.024141962 673 90 689 109
person 0.024100924 153 422 177 442
person 0.024057897 0 -212 8 -139
person 0.0240367 851 75 863 85
person 0.023956047 658 112 675 134
person 0.023955714 609 16 630 49
person 0.023947844 0 572 7 661
person 0.023933547 773 73 784 84
person 0.023927465 907 347 971 528
person 0.023902185 238 45 260 76
person 0.023898972 310 440 338 463
person 0.023875976 640 691 662 754
person 0.023861391 439 51 463 80
person 0.023787491 203 443 239 487
person 0.02375153 0 127 7 152
person 0.023665035 998 390 1009 455
person 0.023601556 987 -222 1002 -206
person 0.023595065 174 507 196 529
person 0.023563262 1012 179 1031 212
person 0.023559142 838 691 860 752
person 0.02354578 103 360 183 518
person 0.023523299 594 102 631 162
person 0.023487056 -4 648 13 771
person 0.023486618 0 376 5 415
person 0.02345493 0 301 7 384
person 0.023438739 970 146 986 168
person 0.02343613 283 136 308 163
person 0.023427745 0 396 5 435
person 0.023391912 793 -222 805 -215
person 0.023347769 275 79 313 141
person 0.023313934 54 686 73 751
person 0.02328849 600 691 622 754
person 0.023259291 996 85 1027 152
person 0.023245871 793 71 809 87
person 0.023194795 872 -223 886 -201
person 0.023143783 508 170 536 205
person 0.023069143 814 73 830 90
person 0.023024647 1019 133 1032 156
person 0.023014765 840 -217 855 -168
person 0.022923427 -4 8 9 33
person 0.022920752 637 367 652 394
person 0.02290895 244 -115 274 -37
person 0.02281312 310 422 333 445
person 0.02279399 482 99 498 117
person 0.022760455 461 78 477 96
person 0.022739826 211 450 232 474
person 0.022725053 600 387 609 419
person 0.022687139 640 19 648 32
person 0.022676341 480 53 505 82
person 0.022618318 1023 226 1029 256
person 0.022587158 685 60 708 88
person 0.022561844 1023 169 1029 198
person 0.022556886 515 323 531 350
person 0.022531932 445 96 471 124
person 0.022488529 556 344 572 374
person 0.022473421 1023 561 1028 595
person 0.022436075 519 389 527 403
person 0.02240717 253 393 273 414
person 0.02238508 773 -223 787 -203
person 0.022384677 605 60 614 72
person 0.022273669 135 489 158 511
person 0.022238659 911 91 927 108
person 0.022226356 536 403 545 427
person 0.022219982 643 -211 670 -134
person 0.022192184 891 -222 904 -215
person 0.02217747 666 168 692 202
person 0.022170562 84 188 102 209
person 0.02211163 -3 150 11 173
person 0.02204584 561 690 583 754
person 0.022041276 635 55 645 68
person 0.022034552 117 361 138 383
person 0.021988379 920 99 945 125
person 0.021978687 294 321 318 357
person 0.021976447 116 214 144 245
person 0.021975627 493 111 508 132
person 0.021938507 352 86 391 146
person 0.021929458 966 15 981 33
person 0.021926785 632 53 648 71
person 0.02190347 759 -217 774 -167
person 0.021848185 596 345 612 373
person 0.021819873 35 206 54 229
person 0.021817585 834 735 856 803
person 0.02174317 842 55 865 83
person 0.021734132 1018 246 1032 271
person 0.021702658 159 469 181 487
person 0.021694854 421 81 460 141
person 0.021687815 331 50 354 79
person 0.021672493 0 105 10 151
person 0.021652564 1023 34 1029 58
person 0.021608436 816 75 827 86
person 0.02159605 198 95 208 109
person 0.021541653 970 -223 985 -206
person 0.021520292 479 -113 510 -34
person 0.021501794 796 73 806 84
person 0.021491213 595 17 603 30
person 0.021441951 1017 23 1027 66
person 0.021439323 874 735 895 803
person 0.021434056 23 442 36 472
person 0.021430839 540 75 550 87
person 0.021346133 518 82 527 93
person 0.02134179 597 591 614 656
person 0.02133839 365 169 391 199
person 0.02131314 667 130 684 153
person 0.021294445 59 249 89 291
person 0.021264568 636 13 656 46
person 0.021217199 0 -88 8 -26
person 0.021216149 952 657 971 698
person 0.021191036 292 417 350 502
person 0.021174936 857 341 909 443
person 0.02115346 399 147 415 169
person 0.021151002 592 0 624 75
person 0.021143308 98 -47 124 5
person 0.02112453 970 -222 983 -216
person 0.021110885 892 -223 906 -202
person 0.021105662 668 109 684 130
person 0.021090059 960 101 984 128
person 0.021087596 491 306 505 332
person 0.021080265 802 716 833 803
person 0.021066705 314 388 336 410
person 0.021065338 905 184 921 208
person 0.021047719 115 165 131 187
person 0.021026405 795 735 816 803
person 0.021007072 50 134 76 164
person 0.021006873 56 178 74 197
person 0.020986862 218 401 239 422
person 0.020977266 918 694 937 743
person 0.020975586 299 96 322 123
person 0.020974651 806 56 829 84
person 0.020970456 187 383 217 404
person 0.020951806 653 96 689 157
person 0.020881223 522 690 543 754
person 0.02087286 157 484 180 507
person 0.020870307 607 346 623 373
person 0.020767977 773 91 789 108
person 0.020761864 606 165 632 199
person 0.020761445 727 -216 742 -166
person 0.020760763 275 176 301 206
person 0.02075837 17 428 29 457
person 0.02072334 814 93 830 111
person 0.020708047 576 404 586 433
person 0.020690754 1022 10 1028 36
person 0.020689959 540 263 595 349
person 0.02066558 987 394 1011 452
person 0.020657614 851 91 867 108
person 0.020627331 753 -223 768 -204
person 0.02049004 746 97 782 160
person 0.020489406 667 147 684 170
person 0.020467594 817 95 852 159
person 0.020454466 535 407 544 419
person 0.020445688 615 145 632 169
person 0.02042916 931 93 947 109
person 0.020416154 325 168 350 199
person 0.020409804 772 -222 785 -215
person 0.020386573 711 647 729 693
person 0.02035954 79 510 96 535
person 0.020354038 718 -212 745 -133
person 0.020339431 567 -212 596 -137
person 0.020299843 743 163 782 221
person 0.020288803 832 94 849 111
person 0.020279951 206 134 222 153
person 0.020278014 128 382 151 404
person 0.020265032 251 137 276 163
person 0.020238763 0 109 6 136
person 0.020171253 96 701 124 800
person 0.020163823 1019 777 1025 821
person 0.020138796 0 165 5 193
person 0.020117726 1019 54 1032 76
person 0.0201147 1019 152 1032 177
person 0.020076184 386 282 446 366
person 0.020067934 600 406 610 437
person 0.020059666 364 52 388 81
person 0.020057412 872 91 888 108
person 0.020054396 255 329 353 458
person 0.020019287 118 253 155 299
person 0.020017233 92 669 119 774
person 0.019949354 233 421 261 446
person 0.019946877 845 23 865 58
person 0.019938024 702 262 741 327
person 0.019927071 755 735 776 803
person 0.01987475 893 92 910 109
person 0.01986624 375 -49 400 5
person 0.019836763 539 386 549 417
person 0.019832425 31 182 112 297
person 0.019795336 -3 129 10 150
person 0.019748563 767 58 790 86
person 0.019735044 504 367 512 399
person 0.019645015 361 100 387 127
person 0.019600332 169 710 200 803
person 0.019584432 85 -121 114 -38
person 0.01955997 401 136 417 155
person 0.019542087 850 703 869 768
person 0.019520672 882 26 902 60
person 0.019497659 552 163 578 196
person 0.019497368 482 690 504 754
person 0.019473294 584 -75 614 16
person 0.019468213 1024 545 1029 576
person 0.019445451 1017 63 1028 99
person 0.019414378 486 -212 516 -138
person 0.019413166 664 -94 706 38
person 0.019408673 873 76 889 91
person 0.019405924 563 56 572 68
person 0.019403148 609 69 625 87
person 0.019358722 238 241 342 375
person 0.019322356 281 393 362 531
person 0.01930723 431 97 447 115
person 0.019290818 1019 171 1032 196
person 0.019268205 413 182 437 213
person 0.019264769 968 118 983 137
person 0.019232126 80 441 96 466
person 0.019219674 601 598 613 647
person 0.01913438 0 -132 8 -61
person 0.019087804 979 438 1005 495
person 0.019050414 131 373 154 395
person 0.01904779 714 92 730 111
person 0.019047536 421 112 437 131
person 0.019023878 406 98 432 125
person 0.019023402 693 95 701 107
person 0.019020492 716 734 737 803
person 0.018978393 593 71 609 90
person 0.018968124 211 147 226 166
person 0.018964535 521 57 537 76
person 0.018907344 644 -216 659 -168
person 0.01888073 911 -223 925 -203
person 0.018864276 305 97 319 116
person 0.01882521 123 336 144 355
person 0.018820671 686 -215 701 -167
person 0.018815154 712 153 729 177
person 0.018760623 133 344 153 365
person 0.01875395 591 369 601 401
person 0.018728452 173 465 194 486
person 0.018702077 407 20 430 53
person 0.018701937 497 323 512 351
person 0.018587407 74 527 92 553
person 0.018585673 178 324 210 348
person 0.018583741 957 146 972 167
person 0.018570231 558 407 568 436
person 0.018565902 175 447 187 458
person 0.018547596 977 471 1003 529
person 0.018501632 200 366 225 384
person 0.01849326 890 703 909 769
person 0.018488912 650 161 689 219
person 0.01848113 576 17 591 35
person 0.01847528 686 16 706 50
person 0.018460106 906 173 924 197
person 0.018443253 0 486 7 591
person 0.018442309 712 79 728 96
person 0.018432219 153 414 174 433
person 0.018409414 934 603 944 628
person 0.018363273 -4 30 9 55
person 0.018346045 811 702 830 769
person 0.018315045 676 734 697 803
person 0.018314568 911 -222 923 -215
person 0.018290725 328 465 351 485
person 0.018282797 673 75 683 87
person 0.01827425 552 646 570 694
person 0.018238813 604 -217 619 -169
person 0.018208995 453 90 469 108
person 0.018208172 717 57 740 85
person 0.018192794 155 502 179 525
person 0.018178076 70 23 118 124
person 0.01817632 0 696 12 777
person 0.018171478 575 -84 620 36
person 0.018125072 137 462 158 484
person 0.018123407 837 59 847 71
person 0.018101769 99 -145 117 -94
person 0.018095989 733 -223 748 -205
person 0.018084498 738 -101 779 43
person 0.018072115 580 63 595 79
person 0.018046334 759 74 770 85
person 0.01804567 269 228 292 259
person 0.018021617 915 602 925 629
person 0.018020226 283 601 297 648
person 0.018012421 497 386 506 403
person 0.018011983 501 81 517 99
person 0.017991101 169 -210 199 -137
person 0.017968819 879 694 898 744
person 0.01795557 244 597 257 647
person 0.01792719 396 529 415 555
person 0.017926192 202 174 227 203
person 0.017913032 442 691 464 753
person 0.01789281 698 80 708 92
person 0.017885037 402 691 425 753
person 0.017881384 968 705 998 795
person 0.01786887 637 734 658 803
person 0.017865984 319 131 335 151
person 0.01786461 316 378 343 413
person 0.017856339 211 136 228 154
person 0.017855294 922 27 942 61
person 0.017836556 592 -114 621 -29
person 0.01780344 406 57 430 86
person 0.017787987 97 171 108 184
person 0.017765865 560 53 575 71
person 0.017763268 893 77 909 93
person 0.01776287 200 452 220 472
person 0.017741667 0 -195 5 -156
person 0.017735833 608 36 623 55
person 0.017682804 124 503 143 529
person 0.017681422 898 243 938 308
person 0.017678937 894 602 904 630
person 0.017657734 0 -215 5 -177
person 0.017653558 834 57 851 74
person 0.017652275 57 191 76 214
person 0.017642198 72 244 95 267
person 0.017569663 597 734 618 803
person 0.017562972 805 17 825 53
person 0.01754729 719 19 740 54
person 0.017544042 913 735 935 804
person 0.017537553 204 597 217 648
person 0.017524108 544 366 551 399
person 0.017519707 799 264 840 328
person 0.017496478 315 120 331 138
person 0.017472632 253 180 296 237
person 0.017465275 193 414 224 449
person 0.017407479 877 56 900 83
person 0.017404754 310 488 333 508
person 0.017395908 409 -211 441 -138
person 0.017393064 558 734 579 803
person 0.017392004 0 148 7 174
person 0.01738697 162 735 183 803
person 0.017384183 819 59 829 71
person 0.01738129 764 15 784 51
person 0.017348737 129 -98 149 -51
person 0.017339448 59 -147 77 -83
person 0.017320067 518 734 539 804
person 0.017314361 99 -206 129 -131
person 0.01731093 349 195 412 274
person 0.01730543 479 734 500 804
person 0.017279452 620 380 629 409
person 0.017262157 439 734 460 804
person 0.01723477 399 734 420 804
person 0.017233552 611 39 621 52
person 0.01721589 753 -222 766 -215
person 0.017196538 74 421 90 445
person 0.0171906 411 -93 474 55
person 0.017187249 159 448 178 459
person 0.017173989 433 205 451 231
person 0.01715859 134 -217 148 -169
person 0.017144676 647 167 673 201
person 0.017134603 213 328 236 348
person 0.017118188 563 -218 577 -170
person 0.01709264 360 734 381 804
person 0.017082829 533 324 549 351
person 0.017038409 243 98 267 126
person 0.017021142 176 407 240 495
person 0.017017562 734 73 750 90
person 0.017005488 693 111 710 133
person 0.016995639 592 645 610 694
person 0.016979888 400 117 416 136
person 0.0169777 320 734 341 804
person 0.016971175 816 57 832 74
person 0.016960384 875 78 886 89
person 0.016948566 275 406 296 428
person 0.016930865 611 169 629 193
person 0.016927691 202 734 223 804
person 0.016902138 951 -176 969 -130
person 0.016863173 246 715 277 804
person 0.016858794 1022 752 1028 794
person 0.016855814 429 180 456 214
person 0.016846107 557 406 567 424
person 0.016842198 521 358 530 389
person 0.01684121 57 270 87 320
person 0.01683792 123 735 144 804
person 0.016819796 0 772 8 818
person 0.016818384 -1 -171 12 -93
person 0.016807515 29 480 43 508
person 0.016802205 250 -211 281 -138
person 0.01676377 784 333 838 427
person 0.016756484 1007 240 1030 297
person 0.01675647 49 -87 74 -2
person 0.016750224 794 93 810 110
person 0.016735127 281 734 302 804
person 0.016734932 169 265 195 289
person 0.016712505 174 383 208 407
person 0.016690103 912 151 928 175
person 0.016688045 330 -212 361 -139
person 0.01668317 1009 405 1017 433
person 0.016680801 241 734 262 804
person 0.016678706 323 691 346 753
person 0.016661312 306 118 320 136
person 0.01664771 575 407 584 424
person 0.016647436 433 111 443 122
person 0.016578369 509 279 528 307
person 0.016558977 0 655 8 734
person 0.016538257 578 369 588 403
person 0.016477732 417 99 433 116
person 0.016471582 1022 244 1028 273
person 0.016471513 811 110 827 130
person 0.016468123 95 231 116 251
person 0.016466523 44 734 65 804
person 0.016457452 250 425 273 447
person 0.01644513 -3 195 12 217
person 0.016441058 895 93 931 157
person 0.01643845 363 691 386 753
person 0.016397757 714 -223 729 -205
person 0.016396156 404 716 435 806
person 0.016391413 578 386 585 403
person 0.016375698 349 231 413 316
person 0.016354313 240 -223 255 -203
person 0.01635235 256 258 285 307
person 0.016350241 260 -223 275 -203
person 0.016348593 220 -223 235 -203
person 0.016342903 200 -223 215 -203
person 0.016341899 319 -223 334 -203
person 0.016340166 279 -223 294 -203
person 0.016340083 339 -223 354 -203
person 0.016339032 412 367 421 382
person 0.016338404 299 -223 314 -203
person 0.016338358 477 -223 492 -203
person 0.016336052 214 371 227 380
person 0.016335899 359 -223 373 -203
person 0.016332526 378 -223 393 -203
person 0.016332181 398 -223 413 -203
person 0.01633062 641 600 653 645
person 0.016329646 457 -223 472 -203
person 0.016327472 418 -223 433 -203
person 0.016326904 181 -223 195 -203
person 0.01632097 431 130 447 150
person 0.016320243 497 -223 512 -203
person 0.01631774 438 -223 452 -203
person 0.016299237 671 647 689 695
person 0.01628976 422 -9 473 86
person 0.016284876 875 601 884 630
person 0.016243275 744 204 771 241
person 0.016239496 953 735 974 803
person 0.016237807 517 -223 532 -204
person 0.016231744 913 78 928 94
person 0.016203161 659 99 675 118
person 0.01619323 481 362 491 392
person 0.016186865 492 347 500 378
person 0.016180944 189 409 216 426
person 0.016174916 220 344 243 361
person 0.016165921 578 19 587 32
person 0.016164767 134 -147 153 -96
person 0.016164426 536 -223 551 -204
person 0.016158095 871 114 887 133
person 0.016149359 191 -9 240 91
person 0.016146554 161 -223 176 -204
person 0.01614532 326 98 351 126
person 0.016092347 551 77 567 94
person 0.016087115 524 -219 538 -170
person 0.016073113 -9 -156 22 -35
person 0.016069395 102 -213 113 -168
person 0.016052343 709 110 726 132
person 0.016047817 1024 526 1029 555
person 0.016032502 0 417 6 454
person 0.016027207 772 111 788 132
person 0.016021162 181 485 202 504
person 0.01602083 556 -223 571 -204
person 0.015962806 358 148 374 169
person 0.015942512 2 259 10 292
person 0.01593075 830 111 847 131
person 0.015917368 377 271 455 423
person 0.01591668 1022 96 1029 109
person 0.015914842 930 -223 945 -205
person 0.015892195 324 716 356 806
person 0.015888741 484 101 494 113
person 0.015886556 64 -212 75 -167
person 0.015858067 0 616 8 693
person 0.015826954 516 -43 536 -1
person 0.015807794 792 113 809 133
person 0.015807498 229 345 250 366
person 0.015792511 627 132 644 154
person 0.015791222 1007 411 1018 424
person 0.015788822 536 150 554 173
person 0.015788665 438 589 456 654
person 0.015785992 513 646 531 694
person 0.015778096 41 449 55 478
person 0.015774831 1019 -148 1028 -90
person 0.015768059 1008 324 1029 386
person 0.015762968 576 -223 591 -204
person 0.015760416 492 95 509 114
person 0.015751105 326 -219 340 -171
person 0.015745703 524 60 533 72
person 0.015737567 947 207 966 231
person 0.015721416 721 719 751 809
person 0.015715763 91 367 110 388
person 0.015714701 954 605 964 627
person 0.015713094 286 -219 300 -171
person 0.015709119 422 355 434 371
person 0.015687553 0 43 9 96
person 0.015676748 771 702 790 769
person 0.015673947 365 -219 380 -171
person 0.015638107 141 -223 156 -204
person 0.015622582 755 93 771 111
person 0.015622575 517 349 529 384
person 0.015612664 185 99 202 117
person 0.015604816 114 192 131 213
person 0.015598922 -4 51 9 76
person 0.015596681 87 134 97 148
person 0.015596045 969 17 977 30
person 0.015595187 176 95 200 123
person 0.015581095 897 -208 905 -174
person 0.015573323 0 27 5 58
person 0.01556808 501 402 511 426
person 0.0155532025 355 518 381 545
person 0.015548121 969 704 988 772
person 0.015533704 484 -219 498 -171
person 0.015528536 405 -219 419 -171
person 0.015525272 551 165 569 189
person 0.015475973 1021 701 1029 774
person 0.015473866 336 -6 388 89
person 0.015468121 670 171 687 195
person 0.015461738 831 171 848 196
person 0.015460925 74 331 93 349
person 0.015432709 797 58 813 75
person 0.015418081 774 60 790 77
person 0.0154085485 832 130 849 153
person 0.015404794 444 -219 459 -171
person 0.015399125 617 406 627 436
person 0.015393443 247 -219 261 -171
person 0.01538385 832 150 850 174
person 0.01536255 833 189 850 213
person 0.015353896 1020 424 1027 451
person 0.0153352795 1019 35 1032 57
person 0.015321462 483 716 513 808
person 0.015320828 985 355 1010 414
person 0.01531109 1022 553 1029 565
person 0.015292152 191 487 211 507
person 0.015289811 1008 -134 1032 -34
person 0.015285226 616 113 632 135
person 0.015273803 356 703 373 728
person 0.015270139 920 55 943 83
person 0.015256679 0 437 5 473
person 0.015250948 469 78 486 96
person 0.015242602 617 368 634 398
person 0.01523893 596 -223 611 -204
person 0.0152323255 336 703 353 728
person 0.015226885 797 598 805 629
person 0.015202151 275 363 295 386
person 0.01517509 463 80 474 92
person 0.015168913 376 703 392 727
person 0.015155385 975 605 982 624
person 0.015129321 1022 77 1029 90
person 0.0150767565 0 341 7 433
person 0.015039153 895 80 906 90
person 0.015032248 316 703 333 728
person 0.015029748 168 -219 182 -170
person 0.015019559 421 135 437 154
person 0.015012781 61 -39 80 0
person 0.015006894 84 734 104 805
person 0.015001587 0 576 5 614
person 0.014993882 67 212 78 233
person 0.014987826 632 647 650 695
person 0.014986431 202 109 214 123
person 0.014977712 673 59 688 77
person 0.014975554 880 -192 893 -144
person 0.014954066 825 403 848 463
person 0.014953385 365 21 387 55
person 0.014946364 810 150 827 174
person 0.014901091 285 472 321 520
person 0.014895536 0 -176 5 -136
person 0.014893836 870 132 887 155
person 0.01489108 538 90 554 110
person 0.014888603 592 113 609 134
person 0.014885219 522 545 535 632
person 0.014882688 733 92 749 110
person 0.014873874 284 691 306 753
person 0.0148717025 1022 535 1029 546
person 0.014864682 180 287 202 308
person 0.014854045 121 -223 136 -204
person 0.014840554 207 -219 221 -171
person 0.014827308 675 62 686 74
person 0.014811019 955 592 964 608
person 0.014796026 -3 -225 13 -158
person 0.014783623 1012 -222 1031 -164
person 0.014778241 615 -223 630 -204
person 0.014774221 0 476 5 514
person 0.01476274 133 451 154 470
person 0.01476151 656 71 672 89
person 0.014760951 297 703 313 728
person 0.014754764 815 600 824 629
person 0.014747488 800 60 809 72
person 0.014745682 61 -72 81 -25
person 0.014737355 396 703 412 727
person 0.014725376 394 189 458 268
person 0.014705526 558 22 568 34
person 0.014673668 694 -223 709 -205
person 0.014666323 951 307 965 322
person 0.014655975 561 386 568 403
person 0.014654886 162 472 178 483
person 0.014643833 641 719 671 810
person 0.0146396635 771 307 850 466
person 0.014624346 601 36 616 54
person 0.014622979 983 155 997 177
person 0.014615506 930 -222 943 -215
person 0.014582207 359 188 375 213
person 0.014577215 62 -223 77 -206
person 0.0145733375 653 703 669 727
person 0.014573009 1013 679 1030 746
person 0.014570784 953 135 969 156
person 0.0145692015 733 -222 746 -215
person 0.014557972 0 -7 6 25
person 0.014546368 371 211 396 246
person 0.01452376 277 703 293 728
person 0.014493448 672 703 689 727
person 0.014492052 441 78 457 96
person 0.01449135 358 111 375 129
person 0.014490573 420 150 436 172
person 0.014490403 846 365 862 393
person 0.014474941 76 68 130 156
person 0.01447156 771 152 788 176
person 0.014461382 732 702 751 769
person 0.0144409835 -3 382 8 409
person 0.014433336 486 489 539 677
person 0.014423735 633 703 650 727
person 0.014420088 562 717 591 809
person 0.014413991 792 130 809 154
person 0.014402575 809 131 826 154
person 0.014400774 234 463 326 608
person 0.014394764 555 132 571 156
person 0.014388928 -4 111 10 133
person 0.014384315 527 239 610 386
person 0.014376463 152 435 190 479
person 0.014364069 486 162 526 219
person 0.014363806 754 150 771 174
person 0.01434938 583 65 592 76
person 0.014340171 244 691 266 753
person 0.01433697 950 174 967 196
person 0.014324388 731 112 748 133
person 0.014301891 851 113 867 132
person 0.014300198 852 13 867 31
person 0.014287916 277 172 294 195
person 0.014286841 950 -222 963 -215
person 0.014283055 257 703 274 728
person 0.014272707 692 702 709 727
person 0.01426952 -3 415 21 519
person 0.014267441 772 187 789 212
person 0.014251872 575 130 592 154
person 0.014241853 915 81 926 91
person 0.01422369 101 -223 116 -204
person 0.014218322 912 111 928 130
person 0.01420707 431 151 447 173
person 0.014188117 613 703 630 727
person 0.01417759 975 591 982 606
person 0.014164121 813 12 828 31
person 0.014155721 912 133 928 155
person 0.014154017 592 129 608 152
person 0.014148955 935 592 943 608
person 0.014144433 1006 292 1028 351
person 0.014130961 415 702 432 727
person 0.014124558 517 88 533 108
person 0.014095809 795 207 822 244
person 0.01408737 950 -223 965 -206
person 0.0140782865 237 703 254 728
person 0.014066093 669 367 685 392
person 0.014063931 418 194 435 219
person 0.0140618095 671 -4 701 79
person 0.0140385395 842 205 868 241
person 0.014037627 848 172 865 195
person 0.014037033 639 382 650 412
person 0.014025416 833 13 848 32
person 0.014017631 0 -34 4 3
person 0.0140151 1022 570 1028 583
person 0.014005938 927 13 944 31
person 0.014003509 888 150 905 174
person 0.01398932 1021 -190 1028 -154
person 0.013984415 951 93 966 110
person 0.013983324 593 702 610 727
person 0.013959851 0 456 5 494
person 0.0139561575 635 -223 650 -204
person 0.013945484 579 113 595 135
person 0.013943674 338 134 354 154
person 0.013933608 712 702 729 727
person 0.013932239 915 658 935 701
person 0.013920779 948 -92 988 42
person 0.013918207 1022 580 1028 614
person 0.013908766 218 702 234 728
person 0.013905276 891 112 907 131
person 0.0138993915 612 71 622 83
person 0.01388491 402 98 418 115
person 0.013873561 799 -209 807 -175
person 0.013868565 39 325 56 349
person 0.013862794 480 32 488 46
person 0.013861374 206 380 245 425
person 0.013843598 480 545 493 628
person 0.013842685 559 369 569 402
person 0.013833068 805 -97 847 51
person 0.013831546 752 169 769 194
person 0.013829464 556 20 571 36
person 0.013825297 198 702 214 728
person 0.01382089 715 593 735 655
person 0.013800751 752 132 768 155
person 0.013796974 633 112 649 132
person 0.013788373 848 132 865 154
person 0.013775216 332 501 358 524
person 0.013773623 772 130 788 153
person 0.013773487 -2 264 15 289
person 0.013765476 -1 -92 13 -21
person 0.013750505 554 702 570 727
person 0.013739264 574 702 590 727
person 0.013738604 172 435 192 453
person 0.013724495 435 702 452 727
person 0.01372128 675 -223 690 -204
person 0.013715654 455 92 466 104
person 0.013712326 503 84 513 95
person 0.013700543 595 73 606 85
person 0.013697785 534 702 551 727
person 0.013694527 176 444 186 463
person 0.013681252 661 403 669 433
person 0.013674323 791 190 808 214
person 0.013666204 800 344 824 402
person 0.01366202 457 237 547 390
person 0.013656894 514 702 531 727
person 0.013651024 855 601 864 631
person 0.0136420885 204 -95 224 -49
person 0.013629731 178 702 195 728
person 0.013624322 35 228 54 248
person 0.013621169 984 502 1042 682
person 0.0136085795 158 247 178 270
person 0.013604752 914 93 925 104
person 0.013601125 494 702 511 727
person 0.01358962 453 112 469 130
person 0.013587376 655 -223 670 -204
person 0.013585523 554 92 570 111
person 0.013584681 932 76 947 92
person 0.013581851 753 113 770 134
person 0.013581741 55 142 139 281
person 0.013545599 689 58 704 76
person 0.013539954 336 169 352 193
person 0.013538344 951 612 968 660
person 0.01353763 1022 115 1029 128
person 0.013522775 658 150 675 173
person 0.0135088395 709 135 726 158
person 0.013507365 -3 -210 8 -182
person 0.013504958 475 702 491 727
person 0.013502437 849 151 866 174
person 0.0134938955 888 131 904 153
person 0.013488204 89 688 109 753
person 0.013474695 882 203 909 239
person 0.013469789 455 702 471 727
person 0.013469327 648 363 663 389
person 0.013450794 792 151 809 174
person 0.013448946 1019 11 1031 34
person 0.013442463 656 171 674 194
person 0.0134292785 692 702 711 770
person 0.013409858 117 386 175 481
person 0.013404302 1022 57 1028 71
person 0.013403576 788 171 805 195
person 0.013395142 194 505 213 525
person 0.013355004 871 14 887 32
person 0.0133459335 759 59 773 77
person 0.013333563 354 507 379 530
person 0.013331405 634 70 650 88
person 0.013323981 332 211 428 360
person 0.013322528 433 98 445 110
person 0.013303435 331 451 353 471
person 0.013297354 980 460 1006 483
person 0.01328407 575 90 591 111
person 0.013281516 -4 482 9 508
person 0.013280509 732 702 749 727
person 0.013268611 182 305 206 325
person 0.013267956 98 -73 142 35
person 0.013260466 848 188 866 212
person 0.01325963 886 -96 928 46
person 0.013244329 577 376 586 396
person 0.013241262 375 168 391 191
person 0.01323161 929 112 944 131
person 0.013226754 -1 229 7 240
person 0.013224153 869 150 886 174
person 0.0132206455 989 422 1008 445
person 0.013220078 1024 505 1029 534
person 0.01321764 800 -219 827 -143
person 0.013212473 398 171 414 195
person 0.013197064 0 595 5 634
person 0.013188199 119 462 138 483
person 0.01316472 280 137 296 156
person 0.013157386 158 702 175 728
person 0.013156211 344 -92 406 57
person 0.013141069 294 135 310 155
person 0.013132149 83 91 108 123
person 0.013119054 710 14 725 32
person 0.01310593 205 691 227 753
person 0.013086671 172 364 197 384
person 0.013082317 99 509 117 534
person 0.013067899 714 -222 727 -215
person 0.0130597055 170 -96 190 -50
person 0.013058395 1021 601 1028 634
person 0.013057069 497 268 516 296
person 0.013054746 653 702 671 770
person 0.013047301 75 492 91 516
person 0.013044699 715 81 725 92
person 0.013041833 554 20 584 67
person 0.013038745 0 554 4 595
person 0.013037456 1014 710 1029 785
person 0.013035866 60 518 81 543
person 0.013027134 936 588 945 614
person 0.013025994 554 78 565 90
person 0.013016483 931 189 949 213
person 0.013012532 731 172 748 196
person 0.013008197 635 -122 662 -27
person 0.012993458 692 61 702 72
person 0.0129911825 245 115 260 133
person 0.012985216 915 202 942 237
person 0.012972986 231 -4 282 95
person 0.01296266 1021 -151 1028 -114
person 0.012962166 474 267 532 353
person 0.012959562 964 483 998 582
person 0.012943005 789 647 808 695
person 0.01294122 258 169 274 192
person 0.012934516 919 -183 934 -133
person 0.012929817 107 166 142 211
person 0.012928911 1021 -171 1028 -134
person 0.012896473 0 192 7 220
person 0.012893269 570 170 587 193
person 0.0128622465 0 -156 5 -116
person 0.012859902 493 353 499 370
person 0.012839665 677 -190 694 -139
person 0.012836286 956 56 979 84
person 0.012835991 777 63 787 74
person 0.012822253 92 162 101 175
person 0.012821431 1020 384 1027 414
person 0.012809716 168 662 208 769
person 0.012797337 949 -215 970 -159
person 0.012781617 790 13 805 31
person 0.0127717415 934 78 944 89
person 0.012755026 895 186 913 211
person 0.012753044 752 702 768 727
person 0.012747096 337 154 352 175
person 0.012744876 853 93 864 104
person 0.012727201 39 468 48 481
person 0.012724752 179 292 210 329
person 0.012719546 598 261 683 382
person 0.012715517 930 704 949 771
person 0.012699502 520 484 560 615
person 0.01269564 452 131 468 152
person 0.012690645 -1 252 8 265
person 0.012682205 140 502 163 524
person 0.012672692 400 303 437 372
person 0.0126678115 292 174 308 196
person 0.01266135 853 57 869 74
person 0.012658862 47 400 56 427
person 0.012650868 475 449 488 478
person 0.012645908 158 143 167 155
person 0.012638967 911 15 927 33
person 0.012633547 127 467 210 602
person 0.012630692 933 95 944 105
person 0.012628527 617 95 633 115
person 0.0126223285 711 169 729 194
person 0.012614237 102 -188 115 -136
person 0.012614159 122 160 131 173
person 0.012609325 779 530 796 557
person 0.012596473 222 504 241 526
person 0.012591475 631 308 649 337
person 0.012589287 891 14 907 32
person 0.012585055 172 56 195 86
person 0.012579434 358 140 368 151
person 0.01253859 42 81 68 117
person 0.01253738 613 702 632 770
person 0.012529136 807 657 845 769
person 0.012527036 1021 620 1028 654
person 0.01251983 495 -7 545 90
person 0.012507414 810 170 827 194
person 0.012497419 877 -209 885 -175
person 0.012495959 272 455 294 473
person 0.012491505 380 115 397 133
person 0.012474894 0 634 5 674
person 0.012471251 35 26 63 74
person 0.012467812 132 402 158 425
person 0.012465879 796 410 821 467
person 0.012463725 -3 -189 8 -162
person 0.012458239 240 148 256 167
person 0.012457154 658 62 668 73
person 0.012411354 572 164 612 223
person 0.012405867 676 14 690 33
person 0.012399354 394 570 411 596
person 0.012399331 477 113 494 132
person 0.012396984 478 15 494 32
person 0.012393802 750 647 769 694
person 0.012393114 998 -145 1036 -12
person 0.012363192 1011 64 1031 94
person 0.012362237 951 187 961 207
person 0.012357766 811 375 861 486
person 0.01235758 835 601 844 630
person 0.012351214 737 76 748 87
person 0.012348255 768 343 788 370
person 0.012330867 676 593 695 656
person 0.012325085 638 -191 654 -141
person 0.012288256 136 452 151 464
person 0.012281706 1012 642 1031 703
person 0.012278525 892 172 909 195
person 0.012261836 313 495 355 545
person 0.012247359 82 -223 97 -205
person 0.012243011 472 81 483 92
person 0.012238064 160 237 179 259
person 0.012221071 675 92 686 104
person 0.012220634 967 463 993 486
person 0.012212108 874 93 885 104
person 0.012211118 458 154 474 177
person 0.01220899 591 92 607 111
person 0.012200355 896 94 907 105
person 0.012199488 634 39 649 57
person 0.012195666 -3 402 8 428
person 0.012188396 953 287 969 301
person 0.012177447 78 331 89 344
person 0.012174746 864 676 931 819
person 0.012170365 879 663 920 766
person 0.012166433 543 371 550 388
person 0.012165706 416 173 432 198
person 0.012162273 771 702 788 727
person 0.01215374 968 482 997 502
person 0.012140667 630 347 646 372
person 0.012133811 -1 322 5 354
person 0.012130999 475 -94 540 60
person 0.0121096345 950 112 965 130
person 0.012107912 1015 611 1030 654
person 0.012097866 732 131 749 154
person 0.012092374 290 59 313 89
person 0.012082604 116 -47 142 5
person 0.012071537 320 602 338 648
person 0.012065914 818 -209 826 -175
person 0.012062595 816 95 827 106
person 0.012061487 256 155 273 175
person 0.0120571535 671 190 689 214
person 0.012053376 637 41 646 54
person 0.012051293 57 701 75 771
person 0.012049698 421 502 439 529
person 0.0120483115 315 644 334 690
person 0.012045123 410 545 429 574
person 0.012040392 834 95 846 106
person 0.012037499 574 702 592 770
person 0.012036009 716 -190 733 -137
person 0.01203307 618 543 630 612
person 0.01202034 831 363 850 392
person 0.012013354 434 171 451 195
person 0.012011057 44 485 59 498
person 0.012005874 481 56 497 76
person 0.011998426 321 155 337 176
person 0.011979173 82 310 94 321
person 0.011975212 978 483 1005 503
person 0.01194467 139 702 155 728
person 0.011938938 473 646 491 694
person 0.0119297225 351 545 374 569
person 0.011922261 521 365 528 383
person 0.011915943 476 132 493 154
person 0.011904893 656 14 670 32
person 0.011890834 779 -209 788 -175
person 0.011888683 125 601 134 630
person 0.011888296 321 465 344 484
person 0.011881767 0 653 5 693
person 0.011875649 66 214 80 225
person 0.011874116 748 340 771 369
person 0.01186765 176 522 198 544
person 0.011860254 971 96 986 114
person 0.011845348 79 503 150 669
person 0.011842285 276 645 294 691
person 0.01184123 856 59 866 71
person 0.011828762 163 604 175 631
person 0.011828627 0 614 5 653
person 0.011826342 517 355 528 376
person 0.011817468 775 93 786 103
person 0.011816032 810 188 828 212
person 0.011797233 0 -55 4 -17
person 0.011793422 621 386 627 403
person 0.011792393 1019 431 1027 443
person 0.0117808515 392 585 406 613
person 0.0117768105 513 271 532 300
person 0.011752695 214 427 237 446
person 0.011749389 -4 325 8 351
person 0.0117402235 951 265 972 288
person 0.011734958 355 171 371 194
person 0.011734012 357 571 375 593
person 0.011730601 534 702 553 770
person 0.011727672 691 151 708 175
person 0.01172628 949 284 972 307
person 0.011726235 222 330 257 378
person 0.01171965 779 598 787 630
person 0.011708211 601 -190 613 -144
person 0.011701079 157 -145 176 -97
person 0.011694547 165 690 187 753
person 0.011693506 126 -190 138 -142
person 0.011688878 592 171 609 194
person 0.011679609 226 502 307 660
person 0.011677887 380 142 389 153
person 0.011675802 951 225 970 250
person 0.011674855 637 593 655 656
person 0.011667008 74 278 109 329
person 0.0116669675 283 468 356 609
person 0.011665401 558 377 567 394
person 0.011655901 694 -222 707 -215
person 0.011654384 96 473 113 496
person 0.011651687 6 58 77 200
person 0.011648882 291 471 313 489
person 0.011640249 0 751 5 795
person 0.011639947 884 176 917 222
person 0.011592553 630 150 647 172
person 0.011586015 28 539 35 576
person 0.011577281 331 172 430 300
person 0.011563773 791 701 808 727
person 0.011559098 997 -4 1022 83
person 0.0115587 76 673 139 831
person 0.011557523 221 488 240 507
person 0.011549033 634 94 649 113
person 0.011545566 289 481 319 502
person 0.011541651 -4 462 8 488
person 0.011539185 631 171 649 194
person 0.011538761 603 38 613 51
person 0.011536212 562 545 579 620
person 0.011507211 369 513 388 535
person 0.011485925 496 152 513 176
person 0.01147778 944 12 960 30
person 0.011467775 44 715 59 744
person 0.011463456 169 73 225 160
person 0.011461571 148 140 163 158
person 0.0114555275 1022 39 1028 53
person 0.011430623 659 131 693 176
person 0.01141441 423 114 434 126
person 0.011412231 1022 514 1030 524
person 0.011411833 157 426 173 436
person 0.011398334 126 51 150 81
person 0.011394648 263 139 279 157
person 0.011392908 652 190 670 214
person 0.011385892 655 59 670 76
person 0.011378695 -4 442 8 468
person 0.011375181 0 -136 5 -97
person 0.01137181 236 646 255 693
person 0.011361703 773 13 788 31
person 0.011335082 48 473 117 609
person 0.011334804 531 347 541 382
person 0.011329878 592 149 609 172
person 0.011324175 319 171 335 194
person 0.011320269 62 -223 75 -216
person 0.01127558 203 48 227 80
person 0.011267933 1020 -113 1029 -48
person 0.011265431 1021 639 1028 674
person 0.011260169 12 18 84 144
person 0.01124437 915 615 928 662
person 0.0112303505 733 -46 791 131
person 0.011220348 731 151 747 174
person 0.011218353 825 419 849 447
person 0.011209349 494 702 513 770
person 0.011203679 475 266 495 294
person 0.011203352 1021 -131 1028 -95
person 0.011201863 476 150 492 173
person 0.011188091 0 339 5 375
person 0.011186187 729 644 768 744
person 0.011177636 658 73 669 85
person 0.011175233 159 366 180 385
person 0.01116011 148 672 217 825
person 0.0111517245 561 -191 573 -144
person 0.011151152 501 406 509 420
person 0.011143105 164 595 178 651
person 0.011137763 400 601 409 633
person 0.011135993 0 -76 5 -37
person 0.01113552 -1 307 15 379
person 0.0111275 19 213 36 237
person 0.011125476 806 359 824 388
person 0.011113935 329 645 372 740
person 0.011102176 773 684 787 709
person 0.011096167 64 -184 75 -130
person 0.011084369 838 -210 846 -175
person 0.011082645 1022 -92 1028 -55
person 0.011080925 296 152 313 173
person 0.011076056 296 343 317 369
person 0.011071215 153 498 234 662
person 0.011070312 753 684 768 709
person 0.011067103 983 443 1006 466
person 0.01106248 280 192 297 217
person 0.011051916 535 41 552 59
person 0.0110517545 469 304 485 330
person 0.0110503165 651 645 688 747
person 0.011048471 1022 136 1029 149
person 0.01103714 1023 735 1029 775
person 0.011029439 379 529 400 552
person 0.011016308 733 189 750 214
person 0.011013753 692 134 709 156
person 0.0110016465 795 359 813 387
person 0.010996065 858 -210 865 -175
person 0.010991492 734 13 749 31
person 0.01097719 190 242 208 266
person 0.01096799 466 367 472 384
person 0.01094831 278 153 294 173
person 0.01094701 246 640 291 738
person 0.010942012 352 495 372 515
person 0.010940366 929 132 945 153
person 0.010934517 872 663 886 690
person 0.010930067 751 331 779 391
person 0.010926707 258 488 274 501
person 0.0109211225 0 673 5 713
person 0.010919861 121 596 142 660
person 0.010905578 455 702 474 770
person 0.010898533 197 -143 215 -96
person 0.010890019 337 117 353 134
person 0.010881963 876 459 957 618
person 0.010878946 141 424 164 445
person 0.010875451 811 701 828 727
person 0.010862253 432 194 450 218
person 0.01086113 752 -86 768 -66
person 0.010858713 239 -222 253 -215
person 0.010857293 259 -222 272 -215
person 0.010855332 220 -222 233 -215
person 0.010854661 477 -222 490 -215
person 0.010852645 319 -222 332 -215
person 0.010852573 466 362 474 388
person 0.010852522 393 505 457 683
person 0.010851617 279 -222 292 -215
person 0.0108515695 200 -222 213 -215
person 0.010851048 338 -222 352 -215
person 0.010850854 299 -222 312 -215
person 0.010848146 180 -222 193 -215
person 0.010848059 496 -222 510 -215
person 0.010847594 358 -222 371 -215
person 0.010847077 457 -222 470 -215
person 0.010844453 378 -222 391 -215
person 0.01084362 398 -222 411 -215
person 0.010840327 417 -222 431 -215
person 0.010838326 0 693 5 732
person 0.010837073 437 -222 450 -215
person 0.010836487 481 367 489 385
person 0.010835388 814 587 823 619
person 0.010835214 495 96 506 108
person 0.010826617 1 280 11 313
person 0.010813067 178 702 197 770
person 0.010810817 516 -222 529 -215
person 0.010809731 916 -207 924 -174
person 0.010808355 246 100 260 118
person 0.010805903 77 138 111 182
person 0.010801775 500 497 514 526
person 0.010797201 126 520 144 547
person 0.010796615 491 131 508 154
person 0.01079585 613 188 630 211
person 0.010783942 891 543 908 572
person 0.010772167 378 166 477 302
person 0.010770618 536 -222 549 -215
person 0.010750497 160 -222 174 -215
person 0.010747504 734 684 748 709
person 0.01074234 236 -143 255 -95
person 0.010724958 484 380 494 409
person 0.010722576 950 327 962 342
person 0.010709776 247 -96 266 -50
person 0.010707927 713 15 721 30
person 0.0107077155 193 345 220 363
person 0.010697825 670 211 687 234
person 0.010686263 556 -222 569 -215
person 0.010679632 966 574 982 586
person 0.010669334 403 120 413 131
person 0.010658251 28 560 37 594
person 0.010648064 145 163 240 297
person 0.010647025 100 310 110 320
person 0.010646919 423 79 439 97
person 0.010644368 437 684 451 710
person 0.010632218 931 172 948 194
person 0.010627804 297 446 323 466
person 0.010615667 126 690 148 753
person 0.010593274 457 684 471 710
person 0.010592785 276 -144 294 -96
person 0.01059238 362 585 378 613
person 0.010579759 43 696 58 725
person 0.010577702 20 196 39 218
person 0.010577563 420 101 430 113
person 0.010566823 674 -222 688 -215
person 0.010565902 415 702 434 770
person 0.010561062 212 26 233 60
person 0.010559204 650 127 683 172
person 0.010555213 793 683 807 709
person 0.010553665 737 -207 749 -175
person 0.010552042 490 292 508 318
person 0.010545364 955 699 1003 812
person 0.01053579 114 209 131 231
person 0.010535109 714 684 728 709
person 0.010533752 576 -222 589 -215
person 0.010530964 218 702 236 770
person 0.010528281 410 -28 481 121
person 0.010526067 930 154 946 176
person 0.010518073 38 384 52 413
person 0.010514699 375 377 396 411
person 0.010511276 155 351 175 370
person 0.010500807 610 129 643 174
person 0.010499657 788 348 805 375
person 0.010496695 417 684 432 710
person 0.01049472 477 684 491 710
person 0.010494077 1007 135 1033 185
person 0.01048118 141 -222 154 -215
person 0.010478343 652 -37 714 130
person 0.01047046 310 500 337 522
person 0.010468927 144 602 156 630
person 0.010468266 556 684 570 710
person 0.01046551 735 315 789 404
person 0.010447516 181 -23 249 126
person 0.01044517 293 282 389 434
person 0.010439119 947 324 965 346
person 0.010433943 -1 109 16 144
person 0.010426861 257 702 276 770
person 0.010425838 536 684 550 710
person 0.010414764 808 -46 866 136
person 0.010414003 325 -25 399 123
person 0.010411896 510 261 537 315
person 0.010410426 1021 -112 1028 -75
person 0.010409994 994 348 1007 417
person 0.010405088 582 -12 630 95
person 0.010402348 409 642 450 741
person 0.010402162 21 757 35 788
person 0.010401539 60 242 85 265
person 0.010396941 989 109 1004 129
person 0.010393007 333 25 355 59
person 0.010384384 497 684 511 710
person 0.010379392 376 702 395 770
person 0.010377638 576 684 590 710
person 0.010366052 674 -106 688 -80
person 0.010354876 264 73 319 159
person 0.0103506455 757 -207 769 -174
person 0.010350573 948 305 969 326
person 0.010342804 220 684 234 710
person 0.010341531 200 684 214 710
person 0.0103397155 398 189 414 213
person 0.010332687 240 684 254 710
person 0.010332429 421 601 429 630
person 0.010330585 516 684 530 710
person 0.01032615 148 152 163 171
person 0.010325663 -3 699 8 725
person 0.010325199 690 169 708 193
person 0.010321954 716 94 727 105
person 0.010320455 489 13 505 30
person 0.010304191 869 172 886 194
person 0.010300005 595 -222 609 -215
person 0.010295441 831 701 847 727
person 0.010285437 259 684 273 710
person 0.010275569 759 -196 772 -145
person 0.010273135 769 -88 787 -77
person 0.010272009 224 671 294 821
person 0.010268898 -3 -3 9 21
person 0.0102621345 180 684 194 710
person 0.010260066 -4 -29 8 -2
person 0.010255356 796 95 807 106
person 0.0102540795 405 371 427 411
person 0.010252578 213 121 229 138
person 0.01023832 297 702 315 770
person 0.010234928 475 205 493 229
person 0.010230677 615 -222 628 -215
person 0.01022241 0 48 5 80
person 0.010218792 1003 408 1021 429
person 0.010214703 872 603 886 652
person 0.010206939 336 702 355 770
person 0.010205081 595 684 609 710
person 0.010205066 554 111 570 133
person 0.010203944 495 424 507 452
person 0.01020299 657 318 675 347
person 0.010199962 182 605 194 631
person 0.010199177 291 504 321 526
person 0.010198565 0 358 5 399
person 0.010198383 398 684 412 710
person 0.010196997 514 406 525 421
person 0.010192358 550 443 562 471
person 0.010187774 833 351 858 411
person 0.010182303 853 664 866 690
person 0.0101799015 376 190 392 215
person 0.010179109 279 684 293 710
person 0.010177355 733 -87 748 -64
person 0.010163947 694 684 708 709
person 0.010160882 961 24 981 58
person 0.0101607535 196 646 215 693
person 0.0101597365 655 -222 668 -215
person 0.010153883 717 -207 729 -175
person 0.010134645 451 58 468 78
person 0.010129279 970 133 980 146
person 0.010119262 597 -196 615 -132
person 0.0101169795 0 -117 5 -77
person 0.010101914 0 114 6 127
person 0.010089553 161 684 175 710
person 0.010086968 176 350 201 367
person 0.010085582 637 72 647 84
person 0.010082402 854 15 864 29
person 0.010082278 195 470 216 489
person 0.010080442 630 190 647 213
person 0.010074976 869 370 884 398
person 0.010068957 781 673 849 820
person 0.010064366 270 483 300 502
person 0.01006354 0 -97 5 -57
person 0.010062656 972 603 985 629
person 0.010052677 991 99 1006 119
person 0.010049991 -3 423 9 449
person 0.010048631 753 12 768 31
person 0.010045913 654 -106 668 -80
person 0.010038584 338 717 356 743
person 0.010038086 234 23 254 57
person 0.010036651 522 -191 534 -144
person 0.010022556 635 -222 648 -215
person 0.01001645 0 416 8 502
person 0.010008784 1022 717 1029 753
person 0.010005977 121 -222 134 -215
person 0.0100047635 1022 15 1027 29
person 0.010000159 319 717 336 743
