person 0.78056514 799 237 827 275
person 0.7761081 887 257 915 296
person 0.7593042 871 183 891 210
person 0.74554026 846 327 887 381
person 0.7445221 733 273 764 314
person 0.73554164 925 180 946 208
person 0.7197414 801 292 834 335
person 0.7132925 1086 185 1102 211
person 0.70156777 312 222 337 256
person 0.69986814 1024 200 1043 230
person 0.69534194 1088 294 1115 338
person 0.6936902 654 259 687 300
person 0.6865408 808 177 827 203
person 0.6861463 405 230 431 265
person 0.6711699 1073 206 1092 235
person 0.6689007 837 146 853 170
person 0.66549975 1017 281 1045 324
person 0.6632356 1038 176 1055 203
person 0.6607021 602 245 633 283
person 0.6520063 719 207 745 241
person 0.65182525 1105 256 1130 296
person 0.6484243 430 189 449 213
person 0.6482995 602 172 619 195
person 0.64708567 624 178 643 203
person 0.6456059 834 229 860 264
person 0.6449044 942 260 971 300
person 0.64487994 680 178 700 205
person 0.63983315 944 151 963 175
person 0.63808006 347 234 375 268
person 0.6313751 1047 218 1071 254
person 0.62952137 962 315 994 359
person 0.6260941 899 142 917 165
person 0.61985826 1018 167 1035 193
person 0.6196814 981 158 999 182
person 0.6189363 342 200 361 226
person 0.6146838 777 221 804 256
person 0.6138967 611 202 631 229
person 0.61010665 1134 185 1150 208
person 0.6097444 694 152 711 174
person 0.6065806 650 163 667 185
person 0.59981924 1058 165 1074 190
person 0.597289 814 148 831 171
person 0.58985054 460 219 480 246
person 0.5872674 568 173 586 195
person 0.58553064 527 201 547 225
person 0.58544123 528 227 550 256
person 0.5785369 478 169 495 191
person 0.5779864 564 200 584 224
person 0.56548774 274 223 294 251
person 0.5590163 986 197 1006 225
person 0.55593324 906 168 925 194
person 0.54763055 767 160 785 182
person 0.547199 977 229 1002 265
person 0.54691756 799 140 815 162
person 0.5342167 520 181 538 203
person 0.52545923 678 141 694 160
person 0.5232876 488 217 507 243
person 0.51695853 850 168 869 192
person 0.5136541 948 172 966 198
person 0.5122376 1119 224 1143 260
person 0.5107003 743 132 755 150
person 0.50663066 766 197 787 223
person 0.48764718 760 142 776 161
person 0.48028016 562 156 579 175
person 0.47842172 503 175 521 196
person 0.47805277 493 194 512 218
person 0.4357874 730 155 749 177
person 0.4294369 433 215 454 240
person 0.39270958 126 301 171 358
person 0.3795263 612 166 629 185
person 0.35545677 1117 195 1135 222
person 0.35041633 1131 199 1148 225
person 0.32430735 554 181 572 203
person 0.3196549 522 167 535 184
person 0.31732097 1138 218 1158 248
person 0.30734035 1030 270 1056 310
person 0.3069239 631 175 654 201
person 0.3062325 117 295 183 381
person 0.28203398 565 157 576 170
person 0.26638076 669 163 689 185
person 0.26319438 720 160 738 181
person 0.25955877 1079 203 1097 232
person 0.25497374 651 241 675 267
person 0.25492933 672 176 692 202
person 0.24686968 762 144 773 158
person 0.24036138 822 206 844 232
person 0.23844615 976 179 996 204
person 0.22602376 681 143 692 156
person 0.22529991 557 162 573 181
person 0.22193438 1047 169 1065 206
person 0.21966228 820 170 841 195
person 0.21840997 792 281 842 343
person 0.21243645 987 177 1008 203
person 0.20384078 938 167 965 201
person 0.2035381 953 307 999 372
person 0.195511 1019 253 1050 301
person 0.1953599 727 169 746 191
person 0.19403544 733 153 746 170
person 0.19373587 846 216 876 252
person 0.19169559 655 226 687 262
person 0.18953852 546 200 570 225
person 0.18807635 678 143 689 157
person 0.18697275 1033 282 1062 323
person 0.18270159 600 249 623 279
person 0.18097067 975 204 997 231
person 0.1789814 431 245 453 274
person 0.17815459 775 176 797 202
person 0.17692758 482 168 493 182
person 0.17154884 802 142 812 156
person 0.16979094 559 164 570 177
person 0.16455354 764 154 791 188
person 0.16348565 764 171 785 196
person 0.15882412 515 178 541 209
person 0.15857944 1058 217 1081 249
person 0.15718298 856 296 895 340
person 0.15605429 809 228 832 256
person 0.15557128 595 170 621 201
person 0.15499684 374 220 395 248
person 0.1544561 853 164 867 186
person 0.15376452 1049 197 1068 226
person 0.14978012 1119 241 1139 272
person 0.14815256 872 195 893 222
person 0.14626108 506 177 518 190
person 0.145346 716 172 737 198
person 0.14379047 480 198 503 224
person 0.14323193 327 224 350 251
person 0.1389922 696 153 708 169
person 0.13855892 591 165 611 186
person 0.13791257 615 169 626 182
person 0.13782218 474 161 500 192
person 0.1333461 750 331 792 385
person 0.13071832 720 161 748 194
person 0.12750895 129 321 174 377
person 0.12658334 1127 238 1147 267
person 0.122468784 741 455 791 530
person 0.12101555 917 208 945 244
person 0.12049565 817 150 828 166
person 0.11945005 795 137 820 168
person 0.118747115 757 253 793 296
person 0.11836245 922 163 943 187
person 0.11772493 523 179 535 196
person 0.11681403 534 238 562 271
person 0.11604216 911 288 945 326
person 0.11584716 571 176 583 190
person 0.1143362 590 205 613 231
person 0.11345795 1130 209 1155 247
person 0.11325578 556 178 569 197
person 0.112845555 275 225 287 247
person 0.1123324 753 225 777 253
person 0.11188234 481 172 491 187
person 0.11117039 810 205 833 232
person 0.1110058 1127 407 1175 486
person 0.10343026 835 315 898 395
person 0.1033933 884 162 904 185
person 0.10292233 1129 181 1152 214
person 0.10231899 611 223 636 251
person 0.10212897 100 277 200 429
person 0.10208792 558 286 590 324
person 0.10202827 721 154 735 174
person 0.10192803 1137 187 1147 202
person 0.10091675 985 230 1007 258
person 0.10078529 769 150 782 178
person 0.10029383 989 332 1020 373
person 0.09927971 1133 372 1173 429
person 0.09911036 721 274 773 340
person 0.09886696 853 306 899 359
person 0.09858768 795 141 807 159
person 0.09853411 1155 256 1173 282
person 0.097154 302 240 331 273
person 0.09634873 1089 230 1109 258
person 0.094411306 1132 355 1164 399
person 0.09232514 947 204 968 231
person 0.09224748 984 239 1006 269
person 0.0917307 0 -8 10 60
person 0.09132545 658 284 693 326
person 0.09096203 719 139 733 158
person 0.090315446 1015 263 1054 318
person 0.08960371 839 147 849 160
person 0.088797465 1077 282 1122 348
person 0.08652763 916 203 937 230
person 0.08645288 1147 240 1172 275
person 0.08594107 642 232 666 258
person 0.085249044 774 155 788 177
person 0.0851752 749 283 785 324
person 0.08443551 605 174 616 189
person 0.084022224 910 339 946 379
person 0.08251847 930 271 952 300
person 0.08231404 652 163 664 179
person 0.08163493 916 298 939 326
person 0.0812558 56 290 87 329
person 0.081005014 719 254 769 319
person 0.07967713 444 207 464 232
person 0.07901141 592 233 640 297
person 0.07892072 1219 351 1231 408
person 0.07880032 755 240 779 267
person 0.07869979 467 221 482 244
person 0.07862142 948 154 960 167
person 0.07800379 521 217 558 265
person 0.07779928 682 201 703 227
person 0.07727944 496 165 516 184
person 0.076373704 1218 371 1229 438
person 0.07593023 952 250 975 278
person 0.07556857 672 135 698 166
person 0.075467534 256 251 287 283
person 0.07541907 841 242 863 270
person 0.075172804 472 243 504 279
person 0.07474972 736 128 762 159
person 0.074687615 1125 228 1137 253
person 0.07434995 1214 411 1226 485
person 0.0732739 660 206 682 232
person 0.07240395 592 227 615 255
person 0.07228171 1048 165 1066 189
person 0.070722945 564 221 586 247
person 0.07046141 727 435 802 517
person 0.06998048 132 296 160 321
person 0.06944156 901 150 913 162
person 0.069183804 1134 202 1145 217
person 0.06836039 987 159 999 173
person 0.067642845 602 295 635 333
person 0.06746938 1121 188 1139 212
person 0.06736412 849 200 871 228
person 0.06681057 453 138 469 159
person 0.0667836 374 210 395 236
person 0.0652767 637 204 659 230
person 0.06524295 879 246 928 311
person 0.0643367 1061 169 1071 184
person 0.06330331 410 206 431 231
person 0.06321159 541 246 565 273
person 0.063198306 496 198 509 212
person 0.061682697 1017 190 1050 240
person 0.06166852 300 252 322 281
person 0.061449587 811 339 855 392
person 0.06109851 469 244 490 271
person 0.060207397 875 218 897 245
person 0.06008681 1132 434 1220 639
person 0.059399813 1091 248 1112 277
person 0.05822968 709 329 756 383
person 0.05746782 954 378 999 432
person 0.057278458 785 240 836 305
person 0.056986686 1015 228 1037 258
person 0.056594465 896 196 918 223
person 0.05656805 638 485 703 600
person 0.056275472 446 249 467 275
person 0.05604313 571 143 590 163
person 0.055750135 460 165 478 185
person 0.055354994 1092 268 1113 298
person 0.05525494 680 251 705 279
person 0.055162296 1061 250 1082 278
person 0.05500027 -5 -270 11 -242
person 0.05493766 464 43 488 82
person 0.054792408 732 245 756 273
person 0.054545395 208 556 230 582
person 0.0544728 264 212 299 262
person 0.054280143 1020 170 1031 183
person 0.054169796 1130 291 1159 330
person 0.053178698 457 182 476 203
person 0.053126283 1023 270 1045 300
person 0.053100757 1217 301 1230 352
person 0.05307995 560 438 650 636
person 0.052917615 532 229 545 253
person 0.052803263 1205 -245 1237 -159
person 0.05257964 1218 -268 1230 -212
person 0.05228345 316 209 336 232
person 0.052245237 897 382 940 434
person 0.05215337 300 584 322 613
person 0.05174946 282 245 304 272
person 0.051551264 530 202 544 218
person 0.051362604 1223 198 1230 229
person 0.05132008 877 253 900 281
person 0.05131855 1120 198 1131 214
person 0.050980337 626 174 640 197
person 0.050874677 1055 341 1086 382
person 0.050817084 753 137 780 167
person 0.050706007 563 249 586 274
person 0.050482653 647 137 665 157
person 0.050468717 1020 254 1044 282
person 0.04960233 1132 342 1177 416
person 0.04933448 1137 541 1220 733
person 0.049312413 456 140 466 156
person 0.049278244 738 278 757 317
person 0.04920653 966 299 992 327
person 0.04904878 329 244 351 272
person 0.0489801 1055 292 1075 322
person 0.0488131 1212 356 1234 400
person 0.04872564 -4 -260 21 -149
person 0.048692454 1102 332 1131 373
person 0.04841193 1107 379 1195 546
person 0.048314538 -1 -273 7 -241
person 0.048252836 948 221 969 249
person 0.048124164 854 172 865 187
person 0.04783633 828 603 896 708
person 0.047518756 1216 208 1230 252
person 0.047425423 1114 296 1134 324
person 0.04726034 372 249 395 277
person 0.047096655 1041 178 1052 195
person 0.047052726 -4 -269 9 -261
person 0.046820946 112 351 215 529
person 0.046736386 603 194 640 243
person 0.04657253 909 172 921 188
person 0.04653604 688 268 713 295
person 0.046244755 1023 243 1046 292
person 0.04621485 784 226 797 250
person 0.046072166 537 289 571 326
person 0.045965407 897 295 921 323
person 0.045948878 1204 381 1231 448
person 0.045948394 1197 416 1227 483
person 0.04533956 918 311 941 339
person 0.04476677 -3 6 12 38
person 0.04432355 452 209 487 259
person 0.044151586 943 239 990 308
person 0.0437735 827 271 853 301
person 0.04370196 951 175 963 190
person 0.043381557 -4 433 12 463
person 0.043277405 1089 187 1099 203
person 0.043162335 343 186 360 209
person 0.04313704 1037 247 1058 278
person 0.043084834 647 432 729 521
person 0.042774104 1223 176 1230 207
person 0.04275773 940 298 961 326
person 0.04266085 950 142 968 164
person 0.042327244 360 574 378 604
person 0.042195823 567 199 581 217
person 0.042083107 -3 -179 17 -42
person 0.041693147 1136 264 1156 294
person 0.041399695 204 227 235 259
person 0.041052755 0 1 7 44
person 0.041029543 896 222 919 249
person 0.040980507 1215 252 1229 297
person 0.04054011 318 226 331 251
person 0.04044183 355 235 368 258
person 0.040143035 194 244 227 279
person 0.040128592 574 146 587 159
person 0.040008955 0 428 7 467
person 0.039955355 128 389 203 493
person 0.039908692 719 433 811 585
person 0.039906804 1147 459 1212 587
person 0.03936529 480 135 498 157
person 0.039106596 -1 -13 18 64
person 0.038982518 332 217 379 285
person 0.038886696 875 294 899 321
person 0.038806237 775 253 801 282
person 0.038378496 152 251 187 286
person 0.038239527 519 241 542 270
person 0.03823476 1091 243 1137 312
person 0.03808664 221 573 244 602
person 0.03794712 -1 180 31 264
person 0.03791399 1219 200 1234 228
person 0.037854567 1210 304 1233 345
person 0.037828863 1104 313 1127 342
person 0.03773462 492 221 504 236
person 0.037647 991 275 1014 302
person 0.037505046 1217 -270 1230 -261
person 0.037406098 706 273 731 300
person 0.037367336 266 579 287 609
person 0.03693786 392 172 419 203
person 0.036885776 586 413 661 506
person 0.036651615 1223 220 1230 252
person 0.036539577 997 379 1040 435
person 0.036538325 1141 222 1156 238
person 0.036328025 1215 -271 1233 -244
person 0.036013182 601 139 618 158
person 0.035891768 920 222 942 249
person 0.03584181 394 223 441 290
person 0.035803396 622 137 641 157
person 0.035763398 433 193 445 206
person 0.03568055 707 249 732 277
person 0.03562704 965 269 989 298
person 0.03555882 218 237 238 258
person 0.035350405 1045 706 1053 726
person 0.035141174 867 501 940 600
person 0.03504796 383 288 416 327
person 0.035032418 482 137 494 153
person 0.035022072 811 173 823 196
person 0.035001803 919 168 953 218
person 0.034979075 0 -275 10 -215
person 0.03491598 1140 -252 1156 -206
person 0.034655917 742 -97 795 53
person 0.034617808 881 135 899 156
person 0.03449425 683 228 707 253
person 0.034445025 820 492 856 553
person 0.034259506 988 295 1011 321
person 0.034151554 478 -5 497 23
person 0.034079008 605 261 632 290
person 0.03396078 1052 224 1065 249
person 0.033948917 448 129 474 162
person 0.033830427 649 140 662 153
person 0.033811774 247 215 295 288
person 0.033811707 1218 -226 1229 -161
person 0.033644646 52 -96 80 25
person 0.03359785 1070 720 1079 743
person 0.033590127 340 287 374 327
person 0.03343482 808 375 847 432
person 0.03335934 1022 705 1030 727
person 0.033320174 338 179 365 210
person 0.033192642 869 376 946 462
person 0.033108838 683 174 697 196
person 0.032987174 354 188 373 211
person 0.03296767 978 177 993 196
person 0.03294294 227 577 248 606
person 0.032733034 755 382 797 439
person 0.03271554 775 199 788 220
person 0.032662977 51 -270 70 -251
person 0.03264902 303 556 322 582
person 0.032562938 1219 808 1230 881
person 0.032317583 1112 264 1124 289
person 0.032272566 727 211 740 234
person 0.0321814 730 174 743 186
person 0.03217399 306 592 331 623
person 0.032154173 478 207 516 256
person 0.031963993 29 -270 44 -262
person 0.03191368 1096 157 1113 182
person 0.03178022 1047 719 1055 743
person 0.031638183 65 816 88 894
person 0.031448424 864 324 890 352
person 0.031156812 103 -94 150 64
person 0.03101718 1098 -256 1115 -203
person 0.031015024 669 327 713 380
person 0.030878881 29 -270 47 -252
person 0.030833934 1059 -261 1077 -203
person 0.030744204 344 202 358 217
person 0.030721258 1219 178 1234 206
person 0.030697446 849 140 867 161
person 0.03068246 1135 801 1167 906
person 0.030661343 438 292 471 331
person 0.0306377 802 273 827 302
person 0.0304432 847 273 869 299
person 0.030404005 10 307 39 352
person 0.03032461 944 515 1017 611
person 0.0302417 1219 222 1234 251
person 0.030099416 923 248 946 277
person 0.030065285 554 141 572 161
person 0.02977673 1094 718 1103 745
person 0.029713662 351 266 373 291
person 0.029371755 37 418 101 520
person 0.029365504 839 232 852 257
person 0.02922708 603 142 615 156
person 0.029167447 22 626 36 661
person 0.029124277 56 432 75 462
person 0.029014153 749 277 775 302
person 0.028836396 555 193 593 242
person 0.028825954 864 172 899 220
person 0.028806258 924 166 941 181
person 0.028796125 727 571 823 736
person 0.028715456 926 139 943 160
person 0.028710421 1219 657 1230 749
person 0.02869318 574 477 641 600
person 0.028685551 861 127 891 159
person 0.028654048 990 176 1006 194
person 0.028264567 159 546 182 572
person 0.028042095 563 387 677 552
person 0.028032208 484 291 518 328
person 0.028023139 538 228 552 250
person 0.028000576 590 531 673 703
person 0.027895028 1223 667 1230 710
person 0.027846204 764 256 867 407
person 0.027822746 1123 192 1136 206
person 0.027775748 26 638 40 675
person 0.027677117 995 -269 1010 -261
person 0.027662627 1215 166 1228 208
person 0.027550489 1071 705 1079 724
person 0.02753463 550 -80 602 60
person 0.027526744 1063 274 1085 304
person 0.02750081 1 114 12 172
person 0.02749594 1014 127 1040 161
person 0.027411671 1019 -269 1033 -261
person 0.027318163 743 602 814 714
person 0.027226737 278 226 291 240
person 0.027161647 990 199 1002 215
person 0.027148588 577 277 630 344
person 0.027091308 493 243 514 268
person 0.027075997 972 -269 986 -261
person 0.027071984 949 133 975 165
person 0.02706637 298 291 333 330
person 0.026923185 51 -270 67 -262
person 0.026850505 1219 -179 1230 -113
person 0.026778439 815 575 909 733
person 0.026755694 207 526 227 550
person 0.026755396 138 413 173 423
person 0.026729433 1180 -270 1196 -262
person 0.026646322 414 487 430 513
person 0.02657233 1024 715 1034 748
person 0.02650359 74 643 89 678
person 0.026488204 765 174 782 188
person 0.0264592 937 372 1011 458
person 0.02640418 822 291 914 434
person 0.026327115 1094 706 1102 723
person 0.026310483 334 433 354 455
person 0.02621213 679 591 765 793
person 0.026201282 1219 711 1230 791
person 0.026194293 46 24 74 89
person 0.026122103 993 339 1017 365
person 0.026038148 852 389 894 443
person 0.025973987 557 145 568 158
person 0.025946546 198 279 251 349
person 0.025881356 428 295 478 362
person 0.025870785 340 823 366 897
person 0.025675215 1058 840 1095 943
person 0.025595808 894 264 907 288
person 0.02558462 657 242 670 264
person 0.025497189 1042 -269 1057 -261
person 0.025452537 948 -269 963 -261
person 0.025308099 3 316 43 402
person 0.02528922 1050 170 1063 184
person 0.025240172 1171 469 1204 534
person 0.025239756 972 -270 988 -245
person 0.025220642 434 823 461 896
person 0.02521875 1004 -263 1022 -205
person 0.025217185 996 -270 1012 -244
person 0.025200093 886 164 901 179
person 0.025116844 1157 228 1176 255
person 0.025085198 482 822 508 896
person 0.02507594 959 848 997 951
person 0.025052397 654 242 665 267
person 0.024908552 75 629 89 662
person 0.024879089 406 185 426 205
person 0.02476264 731 -80 767 26
person 0.024749607 949 -270 965 -245
person 0.024683462 1020 -270 1036 -244
person 0.024679352 1000 719 1008 743
person 0.02464053 483 612 509 696
person 0.024586748 411 231 424 258
person 0.024471171 1219 765 1230 832
person 0.024285845 0 424 8 496
person 0.024225628 625 140 638 154
person 0.024219844 463 222 476 238
person 0.024191137 321 286 372 353
person 0.024182592 856 875 881 956
person 0.02414384 1001 706 1009 727
person 0.0240664 977 136 994 158
person 0.024036255 293 -96 342 61
person 0.02398052 282 211 301 233
person 0.023954157 292 822 318 897
person 0.023898944 924 -270 941 -246
person 0.023881424 500 135 520 157
person 0.02385296 537 -75 571 31
person 0.023851486 809 875 834 956
person 0.023851432 614 200 628 219
person 0.023845311 903 875 929 956
person 0.023737464 419 234 459 283
person 0.023641633 924 -270 939 -261
person 0.023589894 0 -258 9 -170
person 0.023562834 375 263 398 292
person 0.023530409 950 875 976 956
person 0.023528542 437 220 450 234
person 0.02344661 0 42 10 107
person 0.023430705 175 -103 217 64
person 0.023411581 1180 -270 1199 -251
person 0.023394622 1222 362 1230 396
person 0.023344964 745 121 756 134
person 0.023294592 1218 342 1235 373
person 0.023291085 761 875 787 956
person 0.023282815 528 234 568 283
person 0.023186954 1043 -270 1059 -245
person 0.023162073 1032 389 1074 445
person 0.02316079 296 168 325 201
person 0.023041097 1223 243 1230 277
person 0.023023652 1223 151 1230 182
person 0.023013683 811 426 851 485
person 0.023006212 256 348 297 404
person 0.02297979 998 875 1023 956
person 0.022919308 941 315 967 344
person 0.022907672 907 -264 925 -203
person 0.02289265 782 271 808 298
person 0.02287695 288 582 310 609
person 0.022787176 901 -270 918 -247
person 0.022786327 -4 453 12 484
person 0.022741992 769 200 783 215
person 0.022680648 387 823 413 897
person 0.022602184 189 561 214 584
person 0.022601712 875 837 898 914
person 0.022552924 820 291 847 318
person 0.022521753 724 215 736 238
person 0.022513239 950 268 963 293
person 0.02246659 1191 -144 1224 -42
person 0.022446435 828 837 852 914
person 0.022361679 714 875 740 956
person 0.022322746 141 390 169 400
person 0.022267833 1066 -270 1080 -261
person 0.022255749 1143 822 1164 882
person 0.022243777 66 266 99 301
person 0.022230951 -4 79 26 174
person 0.022198688 922 836 946 914
person 0.022180231 3 -22 31 90
person 0.022166487 770 -254 805 -166
person 0.022122929 819 -262 837 -203
person 0.022121431 54 43 79 85
person 0.022110274 244 823 271 897
person 0.022091575 539 125 568 159
person 0.022081995 977 719 984 743
person 0.022025978 862 -264 880 -203
person 0.021994928 1045 874 1070 956
person 0.021965364 258 263 281 289
person 0.021878287 154 210 185 242
person 0.02186103 25 478 33 517
person 0.021767443 667 875 692 956
person 0.021766953 1009 157 1043 210
person 0.021746242 434 160 452 182
person 0.021739667 181 581 205 606
person 0.021733547 856 331 876 378
person 0.021622414 -19 436 52 610
person 0.021615157 1218 246 1234 275
person 0.021541221 116 190 165 263
person 0.021538876 694 119 706 134
person 0.021537837 969 837 993 915
person 0.021494197 497 429 573 522
person 0.0214349 680 -256 716 -168
person 0.021411482 495 -257 529 -169
person 0.021374866 1160 -270 1178 -251
person 0.021365182 1 188 13 243
person 0.021331217 877 -270 894 -248
person 0.02131942 899 438 938 498
person 0.02125492 900 -270 915 -261
person 0.02124869 56 424 75 449
person 0.021247476 619 875 645 956
person 0.021233816 0 245 12 297
person 0.021203065 302 -257 334 -166
person 0.021160305 1066 -270 1083 -246
person 0.021158675 424 270 445 298
person 0.021120613 852 301 877 326
person 0.021018416 203 846 239 958
person 0.021018324 672 168 708 217
person 0.021011079 331 266 354 293
person 0.020965165 800 167 835 217
person 0.020961832 886 252 904 291
person 0.02095728 586 -257 621 -169
person 0.020946084 125 299 151 324
person 0.020942632 903 10 920 33
person 0.020920109 1042 570 1147 735
person 0.020889102 1160 -270 1175 -262
person 0.020881575 0 494 7 540
person 0.02087189 638 273 663 300
person 0.020848325 188 294 233 347
person 0.020844687 514 282 566 350
person 0.020824451 864 849 902 954
person 0.020818565 190 339 233 393
person 0.020807054 955 -263 972 -204
person 0.020783013 1219 -136 1230 -66
person 0.020756688 968 327 987 366
person 0.020735588 621 334 665 390
person 0.020717679 112 -157 143 -43
person 0.020687625 572 875 598 956
person 0.020686992 529 822 555 896
person 0.020650303 231 234 251 254
person 0.020542702 0 518 7 563
person 0.020524152 61 602 75 636
person 0.020516364 115 835 148 954
person 0.02051281 780 837 804 915
person 0.020512052 -1 784 15 876
person 0.020497955 998 -170 1012 -126
person 0.020395165 835 -122 908 76
person 0.020352675 576 823 603 896
person 0.020268515 742 117 759 137
person 0.020253517 867 570 889 597
person 0.020202307 531 142 543 157
person 0.020134935 236 595 263 627
person 0.020110922 528 139 547 160
person 0.020099198 1216 384 1234 414
person 0.020083385 1219 926 1226 977
person 0.02006361 691 116 710 137
person 0.020043671 764 118 776 133
person 0.01999889 494 270 515 294
person 0.019990468 594 270 618 298
person 0.01994123 266 205 285 227
person 0.019919064 853 -270 871 -248
person 0.019910356 845 572 871 599
person 0.019889409 116 -29 151 77
person 0.01985688 846 469 956 639
person 0.019816691 656 247 671 258
person 0.019795692 525 874 550 956
person 0.019786537 454 117 472 137
person 0.019757269 435 247 449 270
person 0.019742653 915 80 942 114
person 0.019739527 0 448 7 488
person 0.019738177 65 213 94 248
person 0.01970977 1157 203 1174 228
person 0.019684458 107 819 131 896
person 0.019683313 1157 185 1174 208
person 0.019675113 324 585 345 611
person 0.019617511 245 301 281 339
person 0.01960935 397 -256 430 -167
person 0.01959449 979 706 986 728
person 0.019554108 0 566 6 611
person 0.019540122 115 332 157 389
person 0.019520795 562 586 647 791
person 0.019517327 43 549 57 584
person 0.019495381 528 -90 577 59
person 0.019491589 545 269 568 294
person 0.019471267 770 -261 788 -203
person 0.019417219 674 849 712 957
person 0.019401537 475 128 504 163
person 0.019374924 976 713 987 748
person 0.019341948 793 547 819 573
person 0.019336354 573 328 616 383
person 0.0193062 770 847 807 955
person 0.019259457 933 163 970 215
person 0.01925693 446 274 468 297
person 0.019254593 761 114 780 136
person 0.01921724 1084 384 1128 440
person 0.019199187 250 168 279 201
person 0.01914736 1 366 11 427
person 0.019142095 920 487 1038 639
person 0.019133054 2 470 10 513
person 0.019129843 206 -254 238 -163
person 0.019027388 726 -263 743 -205
person 0.018959519 478 874 503 956
person 0.01895861 629 124 657 156
person 0.01895495 623 404 754 549
person 0.018927133 1089 -270 1106 -247
person 0.018901596 470 272 492 297
person 0.018898452 22 520 31 557
person 0.01887845 683 295 707 321
person 0.01887577 422 175 457 224
person 0.01886717 0 415 7 451
person 0.018859979 1017 837 1040 915
person 0.018812751 876 -270 892 -261
person 0.018792475 565 -158 598 -59
person 0.018750535 304 269 328 294
person 0.018678939 1139 683 1147 701
person 0.018669803 733 837 756 915
person 0.018635815 121 -249 153 -155
person 0.01863023 1124 220 1137 246
person 0.01862246 686 836 709 915
person 0.018563012 685 552 776 722
person 0.018542234 1140 700 1149 725
person 0.018532457 247 708 262 771
person 0.018532023 108 7 140 74
person 0.01843391 934 431 975 490
person 0.018428432 0 828 14 925
person 0.018401105 615 170 652 219
person 0.01835744 1089 -270 1104 -261
person 0.01835629 864 -262 899 -174
person 0.01834764 18 394 123 537
person 0.018328806 1223 688 1229 731
person 0.018301409 1076 172 1108 223
person 0.018299289 1223 640 1229 686
person 0.01828198 430 874 456 957
person 0.018259766 982 239 995 265
person 0.018240187 -4 767 15 916
person 0.018205779 117 412 219 609
person 0.018192507 639 836 662 915
person 0.018145056 1082 335 1105 362
person 0.01812055 233 565 254 590
person 0.018099999 898 594 922 622
person 0.018042726 673 -264 690 -207
person 0.018023884 135 376 189 432
person 0.017987305 1050 827 1073 885
person 0.017978253 464 451 564 642
person 0.017915364 928 276 1023 434
person 0.017902844 383 874 408 957
person 0.017887658 1223 339 1230 374
person 0.017883236 -1 660 6 703
person 0.01784175 47 -63 73 11
person 0.01781435 281 265 302 292
person 0.017813064 382 185 400 205
person 0.017811704 954 716 962 743
person 0.017798444 829 -270 847 -249
person 0.01775342 0 -238 6 -190
person 0.017750211 1038 163 1073 216
person 0.017746802 591 836 614 915
person 0.017714482 0 26 7 64
person 0.017706724 578 851 615 958
person 0.017690526 564 195 669 353
person 0.017686019 107 -47 158 100
person 0.017658124 0 -261 6 -216
person 0.017642934 295 236 336 285
person 0.017620625 336 874 361 957
person 0.017617483 187 -190 215 -75
person 0.017571129 323 601 344 631
person 0.017563531 331 837 351 866
person 0.017528336 1140 -213 1156 -162
person 0.01751357 1136 -165 1157 -112
person 0.017490948 772 79 799 112
person 0.017490307 562 275 586 298
person 0.01748436 307 837 327 866
person 0.017433457 284 837 304 866
person 0.017408846 1218 271 1234 301
person 0.01738608 1092 874 1117 957
person 0.017382072 250 249 292 299
person 0.017374517 943 345 967 370
person 0.017365426 289 874 314 957
person 0.017363075 478 616 497 647
person 0.017353624 997 138 1015 161
person 0.017320957 260 837 280 866
person 0.017291756 355 837 375 865
person 0.01728363 1223 268 1230 303
person 0.017275063 0 543 6 587
person 0.017214471 1223 102 1230 134
person 0.017179977 237 837 256 866
person 0.017130628 295 851 332 959
person 0.01712761 1106 334 1126 362
person 0.01711198 194 874 219 957
person 0.017111283 241 874 266 957
person 0.017110255 859 80 887 114
person 0.017107408 1141 717 1153 748
person 0.017084653 288 -176 319 -66
person 0.017080098 417 489 426 506
person 0.017075783 981 230 994 255
person 0.017073765 1157 838 1193 948
person 0.017061464 703 384 744 443
person 0.01706035 659 300 682 323
person 0.017057307 32 -122 94 61
person 0.017013477 1218 317 1234 348
person 0.016970865 819 78 846 111
person 0.016967382 906 12 916 29
person 0.016950736 213 837 233 866
person 0.016934654 835 496 874 559
person 0.016929701 1222 895 1229 946
person 0.016903507 348 437 370 459
person 0.016873123 1223 125 1230 157
person 0.016865095 1111 698 1119 716
person 0.016834667 0 919 9 974
person 0.016802695 874 175 888 201
person 0.01679926 0 -12 7 28
person 0.01676168 1106 121 1134 156
person 0.016698033 852 144 865 157
person 0.016691448 1082 197 1095 222
person 0.01667377 378 837 398 865
person 0.016668854 0 219 8 251
person 0.016648194 1222 77 1230 110
person 0.01657261 925 10 943 33
person 0.016558768 1064 837 1087 916
person 0.01653106 151 821 176 897
person 0.016521877 147 874 172 957
person 0.016512148 53 874 78 957
person 0.01649823 1125 207 1159 263
person 0.016492136 457 119 467 135
person 0.016488167 692 248 796 406
person 0.016441599 189 837 209 866
person 0.016421054 0 685 9 780
person 0.016396133 853 -270 868 -262
person 0.01638597 483 852 520 960
person 0.016372219 1012 322 1035 348
person 0.01636118 263 -270 281 -247
person 0.01636006 287 -270 305 -247
person 0.016355371 311 -270 328 -247
person 0.01635426 381 -270 399 -247
person 0.016352879 240 -270 257 -247
person 0.016348293 358 -270 376 -247
person 0.016346544 405 -270 423 -247
person 0.016343256 334 -270 352 -247
person 0.016340235 -7 267 12 296
person 0.016340189 1219 153 1234 181
person 0.016338747 476 -270 494 -247
person 0.016330743 452 -270 470 -247
person 0.016330672 429 -270 446 -247
person 0.01632793 627 -265 644 -207
person 0.016327342 500 -270 517 -247
person 0.016324982 216 -270 234 -247
person 0.016319357 1142 235 1177 288
person 0.016293824 523 -270 541 -247
person 0.016278194 547 -270 565 -247
person 0.016275743 197 822 224 897
person 0.01625332 379 -204 410 -98
person 0.016252214 -5 244 15 271
person 0.016247474 544 836 567 915
person 0.016238414 571 -270 588 -247
person 0.016230496 -1 737 15 831
person 0.016222745 72 232 92 253
person 0.0161987 -4 419 11 448
person 0.016180564 878 13 890 31
person 0.01616871 1216 113 1228 156
person 0.016164804 1139 875 1164 956
person 0.016160294 1069 380 1121 454
person 0.016154768 806 -270 824 -249
person 0.016127855 192 -270 210 -247
person 0.016118748 594 -270 612 -247
person 0.016094053 509 169 546 219
person 0.016084375 1043 -169 1057 -122
person 0.016046003 517 274 541 297
person 0.016042065 160 -264 177 -206
person 0.016036158 1063 314 1084 341
person 0.01603451 388 853 425 960
person 0.016034188 301 533 319 558
person 0.01601494 1185 463 1199 537
person 0.01600687 574 673 586 756
person 0.01599413 1223 313 1230 349
person 0.015954921 18 333 35 400
person 0.015951866 1112 -270 1130 -249
person 0.015921252 1119 716 1130 748
person 0.01589734 618 -270 636 -247
person 0.015854236 987 318 1011 344
person 0.015833365 1180 227 1198 254
person 0.015814517 146 252 193 304
person 0.015798004 641 -270 659 -248
person 0.015794529 589 162 627 213
person 0.015791452 759 337 781 360
person 0.015773542 -5 30 11 60
person 0.015767029 402 836 422 865
person 0.015748253 119 302 156 342
person 0.01566098 101 204 133 236
person 0.015646506 121 698 137 782
person 0.015641492 623 822 650 896
person 0.015640434 978 -124 1052 88
person 0.015633248 1221 715 1229 755
person 0.015632426 77 -257 90 -203
person 0.015628647 33 -63 47 8
person 0.015604736 672 119 684 134
person 0.015604649 169 -270 186 -248
person 0.015586829 -1 685 6 730
person 0.01557738 457 -13 512 130
person 0.01554959 739 631 804 766
person 0.015548239 848 625 878 648
person 0.015548129 1223 290 1230 326
person 0.015539737 42 172 71 209
person 0.015533583 1222 677 1230 693
person 0.015505817 1171 219 1212 296
person 0.015500992 387 493 405 518
person 0.015498975 528 -167 561 -66
person 0.015414301 1072 -253 1081 -213
person 0.015408159 1222 205 1230 219
person 0.015400168 665 -270 683 -248
person 0.015399791 986 -273 1022 -189
person 0.015397925 -1 635 6 682
person 0.0153522035 122 -258 136 -205
person 0.015346415 944 10 963 34
person 0.01533847 806 243 820 267
person 0.015331558 1218 294 1234 325
person 0.015325022 111 792 140 925
person 0.015304838 107 254 142 287
person 0.015297035 1141 783 1157 831
person 0.015288979 849 603 875 627
person 0.015266201 530 219 547 247
person 0.015248221 855 716 867 745
person 0.015245864 -1 475 14 507
person 0.015241556 1060 598 1131 719
person 0.015179608 1003 81 1031 115
person 0.015158609 591 199 612 221
person 0.01514361 1115 156 1132 179
person 0.015102836 775 533 818 590
person 0.015086969 192 527 212 551
person 0.015030355 1159 838 1181 919
person 0.015012702 465 587 546 792
person 0.015008592 1080 -260 1118 -179
person 0.015006119 1220 834 1230 922
person 0.014992325 74 278 97 303
person 0.0149914725 670 115 688 137
person 0.014986607 -5 293 14 322
person 0.014977122 467 2 503 105
person 0.014967705 0 -215 6 -166
person 0.014965231 497 836 519 916
person 0.0149362 1171 519 1203 587
person 0.014899798 883 139 896 152
person 0.014897418 689 -270 706 -248
person 0.014874965 928 169 943 200
person 0.014866583 426 836 446 865
person 0.0148572335 783 -270 801 -249
person 0.014855671 42 535 55 567
person 0.014824287 145 -270 163 -248
person 0.014821341 579 -265 595 -208
person 0.014815167 525 699 548 782
person 0.014812598 237 407 260 431
person 0.014808854 1003 827 1026 886
person 0.014795927 899 258 912 280
person 0.0147820255 100 873 125 958
person 0.014731182 261 592 287 626
person 0.0147303855 166 572 194 602
person 0.014725868 1 452 12 538
person 0.014721522 0 195 7 229
person 0.014714331 1140 733 1157 789
person 0.014707711 855 322 883 345
person 0.014680916 1037 315 1058 342
person 0.014664365 912 541 1024 723
person 0.014663152 1092 34 1110 60
person 0.014633281 1112 -270 1127 -262
person 0.014625026 1132 410 1160 435
person 0.0146165425 -2 123 14 154
person 0.014614764 907 823 934 896
person 0.014588588 166 836 185 866
person 0.014570797 468 153 505 205
person 0.0145619325 -4 -273 15 -193
person 0.014555374 74 -270 92 -250
person 0.014519685 -3 248 19 288
person 0.014506913 431 677 444 748
person 0.014485168 270 361 303 398
person 0.014474716 875 12 894 34
person 0.014473582 677 782 725 914
person 0.014453142 819 552 842 578
person 0.0144476965 976 200 995 221
person 0.014439972 1209 -270 1233 -201
person 0.014439314 760 -270 778 -249
person 0.014434443 712 -115 782 76
person 0.014434395 1187 208 1205 233
person 0.014419749 959 790 1011 910
person 0.014417121 1093 294 1107 322
person 0.0144134965 379 214 449 307
person 0.014384694 1222 183 1230 198
person 0.01437351 480 112 498 134
person 0.014367715 829 -270 845 -262
person 0.014361937 -4 221 12 248
person 0.014338499 691 -141 728 -43
person 0.0143084405 1160 679 1172 701
person 0.014303458 606 112 652 188
person 0.014225125 854 426 894 487
person 0.014209863 449 835 472 916
person 0.014191899 121 -270 139 -248
person 0.014189251 712 -270 730 -248
person 0.014189151 1136 -270 1151 -262
person 0.014161025 1064 119 1082 158
person 0.014144213 480 701 497 776
person 0.014131127 736 -270 754 -248
person 0.014116015 751 -57 835 137
person 0.014099488 813 823 840 896
person 0.014091012 856 13 868 30
person 0.014087508 1056 82 1083 118
person 0.014054638 911 209 951 259
person 0.014045113 1052 -234 1068 -176
person 0.014037153 1135 -270 1154 -250
person 0.014027198 1221 737 1229 779
person 0.014018316 330 428 358 463
person 0.014017381 -18 290 77 442
person 0.014007109 449 545 534 715
person 0.013983756 537 76 564 112
person 0.013980951 653 246 666 261
person 0.01395123 898 322 923 346
person 0.013949006 158 -60 185 12
person 0.013935424 671 823 697 896
person 0.0139233405 572 -176 587 -124
person 0.013912391 449 836 469 866
person 0.013907322 719 78 748 114
person 0.01386432 532 -265 548 -208
person 0.013863498 563 292 585 316
person 0.01383323 574 130 604 163
person 0.01382223 1064 341 1086 366
person 0.013812768 451 647 469 682
person 0.013798414 -9 656 28 825
person 0.013795592 1052 475 1164 644
person 0.013787601 956 80 984 114
person 0.013767853 845 624 884 692
person 0.013763503 813 229 827 251
person 0.0137472525 0 241 9 273
person 0.013731965 402 835 425 916
person 0.013730421 188 245 233 296
person 0.013682224 1221 -231 1229 -188
person 0.0136797065 717 118 729 133
person 0.013676375 604 250 617 275
person 0.013671701 1218 66 1230 117
person 0.0136607215 1141 156 1158 181
person 0.01364759 525 -176 540 -125
person 0.013629257 822 315 848 342
person 0.013608157 1094 698 1104 728
person 0.013589211 131 91 174 176
person 0.013566987 744 -161 795 -22
person 0.013564096 1076 202 1089 226
person 0.01355595 477 -176 492 -123
person 0.013552558 232 249 253 272
person 0.013546338 662 224 678 245
person 0.013546096 476 3 497 33
person 0.013518477 -4 -255 9 -222
person 0.013516511 541 298 566 322
person 0.013503344 833 628 904 756
person 0.013481751 1138 -93 1193 47
person 0.013455135 -4 572 10 604
person 0.013449566 1099 -224 1116 -163
person 0.013443884 199 159 228 193
person 0.013421074 1132 320 1153 347
person 0.01342029 758 149 797 200
person 0.013416901 931 -254 941 -213
person 0.01341538 610 295 632 319
person 0.013404201 433 651 449 686
person 0.013386203 1211 -183 1231 -107
person 0.013367305 212 559 226 573
person 0.013361219 1211 807 1231 889
person 0.013358416 62 441 82 469
person 0.013338137 1108 82 1135 119
person 0.013327586 994 14 1006 32
person 0.013325373 1122 681 1131 697
person 0.013324232 103 673 114 711
person 0.013320359 398 266 421 293
person 0.013315033 -4 198 11 226
person 0.0133019835 615 -176 636 -120
person 0.013301671 513 107 557 189
person 0.013299781 954 823 981 896
person 0.013299618 644 717 656 745
person 0.013298673 280 657 299 685
person 0.0132947005 1136 362 1161 390
person 0.013266075 -1 264 7 298
person 0.013262339 52 32 68 81
person 0.013250101 473 835 493 866
person 0.013249241 1176 -157 1228 -23
person 0.013227352 803 577 831 601
person 0.013217833 434 700 449 767
person 0.013211117 64 606 79 639
person 0.013207079 1073 503 1148 615
person 0.013196207 586 780 632 917
person 0.01318441 0 -191 6 -143
person 0.01314939 661 -177 683 -120
person 0.013129078 122 -230 137 -167
person 0.013048806 163 416 183 426
person 0.0130415615 1159 259 1169 274
person 0.013041335 953 147 965 159
person 0.013037162 991 13 1010 36
person 0.013029181 928 12 939 30
person 0.013017169 761 321 784 346
person 0.013013273 0 754 6 801
person 0.0130130155 484 -265 500 -208
person 0.013010756 1182 676 1193 695
person 0.013003913 0 612 6 659
person 0.012996936 163 316 193 339
person 0.012990112 1212 844 1231 935
person 0.012984331 806 -270 822 -262
person 0.012958891 916 621 1016 805
person 0.012944096 1027 192 1040 221
person 0.012934401 70 251 92 274
person 0.012926599 1097 825 1120 884
person 0.012919512 253 180 272 203
person 0.012916442 1183 665 1195 700
person 0.012909859 1171 615 1200 692
person 0.012906336 -10 173 40 284
person 0.012894665 -13 70 36 196
person 0.012884812 934 801 1016 978
person 0.012850711 416 96 459 174
person 0.012843225 355 835 377 917
person 0.0128228925 78 713 91 789
person 0.012820026 572 712 586 747
person 0.012819572 472 401 597 550
person 0.012774044 612 247 626 274
person 0.01277111 558 -48 640 140
person 0.012754197 860 822 887 896
person 0.012744181 845 348 958 511
person 0.012741942 930 719 938 744
person 0.012738392 334 770 350 819
person 0.012737145 514 454 544 484
person 0.01273597 497 835 516 866
person 0.012733626 189 386 231 442
person 0.01271884 763 341 776 354
person 0.012712272 1038 271 1049 302
person 0.012679281 1221 -185 1229 -141
person 0.01266765 492 781 536 918
person 0.01266616 0 730 6 778
person 0.012648068 1221 382 1229 416
person 0.012648051 832 14 844 31
person 0.012635587 0 707 6 754
person 0.012624509 955 -254 964 -213
person 0.012593134 761 364 778 379
person 0.012578723 201 -266 218 -208
person 0.012565328 479 716 493 750
person 0.012564588 1032 804 1113 974
person 0.012554593 1221 -208 1229 -164
person 0.012550799 298 617 329 651
person 0.012539346 1124 171 1156 224
person 0.012524576 908 -254 918 -213
person 0.012513554 502 716 516 749
person 0.012489046 -4 -230 10 -198
person 0.0124810925 880 720 888 744
person 0.012478483 544 243 656 415
person 0.012471575 893 514 928 579
person 0.012452351 1175 600 1247 818
person 0.012436394 73 663 87 700
person 0.012425914 69 835 91 918
person 0.01241858 370 601 389 631
person 0.012402239 526 335 571 391
person 0.012394812 1038 33 1049 52
person 0.012386451 1134 -261 1160 -195
person 0.01238126 111 -59 139 14
person 0.012376869 1092 743 1104 775
person 0.012372855 1222 53 1229 88
person 0.01236038 621 717 632 745
person 0.012357348 139 276 163 300
person 0.012345625 384 512 403 539
person 0.01232859 520 835 540 866
person 0.012316636 1219 127 1234 156
person 0.012313503 774 293 800 320
person 0.01230763 362 -94 411 68
person 0.012306627 -3 -36 40 112
person 0.012305028 14 341 49 407
person 0.012289963 1005 -232 1020 -179
person 0.01226313 135 437 165 447
person 0.012261824 1049 -254 1058 -213
person 0.012253424 917 348 1027 509
person 0.012250914 113 538 210 737
person 0.012223247 947 11 959 30
person 0.012221221 98 -270 116 -249
person 0.012184113 1221 760 1229 803
person 0.012147182 314 718 325 755
person 0.012138733 340 706 356 767
person 0.0121335145 1164 717 1175 747
person 0.012114216 -1 117 19 164
person 0.012108603 107 646 117 686
person 0.01210567 905 720 913 744
person 0.012103157 389 117 419 153
person 0.012097593 166 375 247 466
person 0.012081122 -3 36 18 112
person 0.012081078 0 588 6 634
person 0.0120771 833 741 846 777
person 0.012053046 1222 -44 1229 0
person 0.012040834 0 -167 6 -119
person 0.0120231155 0 289 9 324
person 0.012006406 595 715 610 749
person 0.01200109 1034 32 1053 56
person 0.011998088 450 66 478 106
person 0.01199011 308 835 330 917
person 0.011989922 260 836 283 917
person 0.011976583 185 -59 212 12
person 0.011964874 935 272 946 297
person 0.011953875 1222 4 1229 44
person 0.0119414525 456 328 497 385
person 0.011931268 -1 437 7 452
person 0.011925507 437 -265 453 -208
person 0.01192111 312 185 330 207
person 0.011911991 782 -270 798 -262
person 0.011910167 789 127 825 176
person 0.01189872 544 835 564 866
person 0.011887187 -6 53 10 84
person 0.011884225 0 777 6 825
person 0.011873289 479 645 497 742
person 0.011870273 833 719 841 742
person 0.01184123 49 698 64 734
person 0.011828555 647 231 660 254
person 0.011794721 293 703 309 768
person 0.011793804 757 361 783 384
person 0.011793571 1191 111 1227 195
person 0.011789487 1152 371 1175 397
person 0.011772129 242 616 267 651
person 0.011771668 -14 -197 35 -24
person 0.011766399 1133 430 1161 455
person 0.011766122 1221 -161 1229 -117
person 0.0117620425 -1 378 5 416
person 0.011754878 1050 794 1102 911
person 0.011748442 929 144 941 157
person 0.011745591 808 715 820 746
person 0.011738962 123 310 174 333
person 0.011709823 837 799 922 976
person 0.0116999885 431 -175 445 -123
person 0.011692606 142 836 162 866
person 0.011691296 759 -131 776 -101
person 0.011677524 284 766 305 821
person 0.011676292 213 836 235 917
person 0.011662378 738 714 750 744
person 0.0116618555 0 894 6 947
person 0.011639356 1 119 9 157
person 0.011638121 479 294 524 346
person 0.011620511 889 128 924 177
person 0.011611002 1152 -85 1186 21
person 0.011593542 187 252 209 276
person 0.011588647 853 12 872 33
person 0.011581052 1112 837 1135 918
person 0.011568374 704 295 726 320
person 0.011558602 863 334 893 362
person 0.011530209 300 388 380 479
person 0.011506766 788 535 831 596
person 0.011497218 0 48 6 90
person 0.011459896 568 834 587 866
person 0.011458081 1223 875 1230 923
person 0.011453286 503 208 573 299
person 0.0114520285 71 765 92 842
person 0.011450457 743 798 827 976
person 0.011425946 180 594 207 621
person 0.011393536 1220 -102 1230 -26
person 0.011380771 1193 -258 1243 -142
person 0.0113782715 709 -178 731 -121
person 0.011367912 143 357 266 522
person 0.011335996 363 593 385 623
person 0.011335879 979 -254 988 -213
person 0.011325447 1219 17 1230 77
person 0.011322585 474 766 491 823
person 0.011309263 74 -270 90 -262
person 0.011308384 671 -39 759 146
person 0.011298883 -4 500 10 534
person 0.011295532 223 91 264 174
person 0.011282302 1219 104 1234 132
person 0.011281701 574 -115 598 -60
person 0.011273911 0 -117 10 -25
person 0.011264905 53 851 71 885
person 0.011263625 483 113 494 131
person 0.011261325 1218 79 1233 109
person 0.0112605095 1177 252 1196 280
person 0.0112400185 894 136 941 213
person 0.0112320185 1138 383 1165 411
person 0.011226344 -1 -209 14 -114
person 0.011225967 60 666 71 703
person 0.011212061 8 311 29 342
person 0.011210275 -4 464 25 577
person 0.011208372 1095 247 1108 272
person 0.0112050595 809 -231 830 -169
person 0.011203421 760 715 772 744
person 0.011183061 239 -107 256 -76
person 0.011170317 404 157 423 178
person 0.011166062 0 -144 6 -96
person 0.011162114 330 99 372 183
person 0.011145927 161 258 278 418
person 0.011141891 0 500 10 586
person 0.01112793 1172 561 1202 632
person 0.011120435 858 742 871 778
person 0.011119528 842 336 887 362
person 0.011115046 759 -270 775 -262
person 0.011114281 495 295 518 319
person 0.01111221 1022 294 1039 308
person 0.0110909 340 531 368 569
person 0.011090706 718 823 745 896
person 0.011089713 751 199 864 355
person 0.0110789975 215 -107 233 -76
person 0.011078083 523 569 540 599
person 0.0110733 161 304 186 326
person 0.01105912 -1 192 20 235
person 0.0110566225 247 -266 264 -208
person 0.011041356 1140 -121 1162 -65
person 0.011040118 136 409 175 428
person 0.011028273 1092 294 1109 308
person 0.011026205 263 853 284 884
person 0.011013675 825 207 841 222
person 0.011010289 77 -225 90 -160
person 0.011009396 890 264 901 289
person 0.01100938 56 340 89 383
person 0.011007101 1222 -91 1230 -47
person 0.01100201 668 716 679 746
person 0.010998846 166 514 188 528
person 0.01098947 567 -182 591 -109
person 0.01098914 -4 148 11 178
person 0.010987772 286 853 308 884
person 0.010975238 310 853 331 884
person 0.010972569 837 -164 890 -21
person 0.010971208 229 506 251 533
person 0.010970643 762 -232 782 -171
person 0.010966458 1140 676 1149 707
person 0.010966029 1131 243 1143 260
person 0.010953381 1016 33 1031 53
person 0.010948041 389 -265 406 -208
person 0.010930061 760 87 780 111
person 0.01092174 735 -131 752 -100
person 0.010914871 262 -107 280 -76
person 0.010912668 117 80 179 202
person 0.010900338 330 226 347 241
person 0.010895948 591 834 611 866
person 0.010887251 281 595 304 623
person 0.010883314 239 853 260 884
person 0.010875098 47 574 63 610
person 0.010869309 900 789 917 820
person 0.010865942 381 -270 397 -262
person 0.01086383 405 -270 420 -262
person 0.010862416 475 -270 491 -262
person 0.010861427 357 -270 373 -262
person 0.010861186 263 -270 279 -262
person 0.010860925 286 -270 302 -262
person 0.010859926 310 -270 326 -262
person 0.010858302 -4 -7 11 22
person 0.0108572785 452 -270 468 -262
person 0.010856659 499 -270 515 -262
person 0.010856327 239 -270 255 -262
person 0.010855717 428 -270 444 -262
person 0.01085498 334 -270 349 -262
person 0.0108520305 476 814 492 845
person 0.010845814 215 -270 231 -262
person 0.010843015 523 -270 539 -262
person 0.010836844 546 -270 562 -262
person 0.010821771 673 756 730 871
person 0.0108138975 570 -270 586 -262
person 0.010800353 1129 424 1167 473
person 0.010793682 1095 -252 1105 -212
person 0.0107895285 452 814 469 845
person 0.01078908 1026 -255 1035 -213
person 0.010777275 0 801 6 848
person 0.010766355 1002 -255 1011 -213
person 0.0107583795 216 853 237 884
person 0.010754839 547 247 560 271
person 0.010752413 1197 6 1228 106
person 0.010747707 727 316 750 339
person 0.010743081 334 853 355 884
person 0.010737938 192 -270 208 -262
person 0.010734519 594 -270 609 -262
person 0.010729543 165 438 185 448
person 0.010729335 0 825 6 871
person 0.010727781 499 814 516 845
person 0.0107204765 357 853 378 884
person 0.010705286 204 785 247 920
person 0.010701121 691 714 703 746
person 0.010698758 211 530 223 544
person 0.010697391 810 742 823 777
person 0.01069579 294 665 305 698
person 0.010695469 871 632 896 657
person 0.01069175 58 436 71 451
person 0.010671987 151 -232 166 -174
person 0.010671846 192 -107 209 -76
person 0.010667548 239 766 256 821
person 0.010661379 900 676 914 693
person 0.010658056 1204 249 1235 310
person 0.010656522 906 739 918 777
person 0.010651164 884 -254 894 -213
person 0.010645025 502 114 521 137
person 0.0106401155 0 -120 6 -73
person 0.010632387 1022 289 1037 316
person 0.010631495 782 -131 799 -101
person 0.010630457 1050 257 1147 424
person 0.010622847 617 -270 633 -262
person 0.010620803 877 789 893 821
person 0.010603939 526 714 537 747
person 0.010599619 1221 -137 1229 -94
person 0.010595239 93 801 165 991
person 0.010583753 345 190 357 203
person 0.010582215 641 -270 657 -262
person 0.010570649 143 767 160 822
person 0.010558476 523 814 539 845
person 0.0105557665 19 465 35 496
person 0.010546911 1105 302 1206 456
person 0.010543832 882 740 894 778
person 0.010538713 1084 681 1104 699
person 0.010532316 735 -270 751 -262
person 0.010521959 1222 853 1230 897
person 0.010514724 428 765 445 824
person 0.010490863 961 533 997 599
person 0.010488225 295 -266 311 -208
person 0.010485954 436 163 449 177
person 0.010485271 381 853 402 884
person 0.01047852 428 814 445 845
person 0.010478115 286 562 307 588
person 0.010477729 784 715 796 746
person 0.010473562 0 549 8 636
person 0.010470202 615 834 635 866
person 0.010462765 665 -270 680 -262
person 0.010460523 102 -169 149 -20
person 0.010459013 168 -270 184 -262
person 0.010457508 342 -265 358 -208
person 0.010449966 365 188 469 351
person 0.010434441 -4 549 9 581
person 0.010415247 348 525 366 551
person 0.010413585 25 901 42 938
person 0.0104078725 55 645 66 683
person 0.01040638 477 607 494 639
person 0.010401981 474 294 497 319
person 0.010396514 784 789 799 823
person 0.010384546 251 617 272 650
person 0.010358938 341 691 351 726
person 0.010344903 808 789 823 822
person 0.010339238 1093 719 1107 753
person 0.010336817 1159 53 1178 80
person 0.010336748 322 628 350 698
person 0.0103306975 666 790 681 823
person 0.010326797 870 -49 952 160
person 0.010311496 547 813 563 845
person 0.010309828 1035 430 1076 491
person 0.010305041 688 -270 704 -262
person 0.010304638 320 693 330 728
person 0.010302231 972 -57 1048 155
person 0.010298536 286 -107 303 -76
person 0.010296408 760 789 776 823
person 0.010291885 126 767 141 827
person 0.0102888215 642 790 657 823
person 0.010288267 1091 722 1107 784
person 0.0102841025 535 569 563 650
person 0.010283549 52 829 69 863
person 0.010280705 1221 -114 1229 -71
person 0.010280167 374 352 409 392
person 0.010278381 1138 119 1164 156
person 0.010277911 150 704 165 775
person 0.01027522 923 790 940 818
person 0.010271903 192 853 213 884
person 0.010271345 405 853 426 884
person 0.010269674 497 420 521 446
person 0.010266921 494 549 520 625
person 0.010259064 586 476 621 504
person 0.010253856 771 785 820 912
person 0.010241355 168 -107 185 -76
person 0.010236749 519 -183 543 -110
person 0.010223124 1223 615 1230 657
person 0.010212481 1135 -219 1159 -149
person 0.010203198 639 834 658 866
person 0.010200934 857 557 895 618
person 0.010198238 -4 832 10 863
person 0.010197174 684 112 731 191
person 0.010179387 712 -270 728 -262
person 0.010177202 649 797 732 976
person 0.010172184 880 121 949 229
person 0.010171347 854 789 870 822
person 0.010170061 -4 524 10 557
person 0.010169763 166 836 188 918
person 0.010162432 848 202 958 358
person 0.010150993 662 834 682 866
person 0.010142283 809 13 821 30
person 0.010137482 496 568 520 606
person 0.010135563 179 800 258 984
person 0.010128054 1211 -139 1231 -59
person 0.010122511 553 797 636 977
person 0.0101217795 1 107 8 144
person 0.010115923 0 145 7 182
person 0.010099336 116 667 131 710
person 0.010083202 689 790 705 823
person 0.010083069 819 577 847 602
person 0.010073512 570 813 587 845
person 0.010069822 333 460 355 482
person 0.010061949 1046 718 1059 752
person 0.01006172 686 834 706 866
person 0.010060847 329 763 354 835
person 0.01005637 710 834 729 866
person 0.010039863 1210 661 1231 741
person 0.010036628 29 504 39 543
person 0.010002644 426 293 448 316
