person 0.69145757 733 36 749 59
person 0.68572354 583 151 609 184
person 0.65727556 371 140 395 170
person 0.6321917 692 37 708 58
person 0.62614757 436 145 461 176
person 0.6183804 918 114 934 139
person 0.6164489 793 44 813 76
person 0.60797894 662 38 677 59
person 0.5943842 493 79 509 101
person 0.55830175 431 120 448 143
person 0.51529646 458 101 475 123
person 0.5078758 462 127 480 151
person 0.47878385 354 141 371 165
person 0.45791334 536 96 558 124
person 0.440723 473 79 489 98
person 0.43794835 627 34 641 52
person 0.4378273 740 73 756 96
person 0.41936925 527 78 544 100
person 0.41812003 476 154 503 186
person 0.40145946 166 257 212 313
person 0.3857096 600 38 614 56
person 0.37895077 576 37 592 57
person 0.37363553 525 60 540 81
person 0.37065828 474 97 490 118
person 0.3646333 525 43 539 63
person 0.34988794 496 167 523 199
person 0.34721392 669 53 684 73
person 0.34454829 639 76 655 98
person 0.33687878 580 32 594 48
person 0.33198825 667 45 684 66
person 0.31525782 446 177 474 211
person 0.27197728 655 91 677 119
person 0.24555409 230 280 268 325
person 0.22394782 586 187 614 221
person 0.21978489 582 35 591 45
person 0.21069306 42 253 98 333
person 0.20676108 660 66 677 87
person 0.20106179 603 40 611 52
person 0.19865748 697 58 714 80
person 0.19479968 262 296 300 342
person 0.19433203 466 95 491 125
person 0.17845562 579 38 589 51
person 0.1737237 94 186 116 216
person 0.16940859 737 63 754 85
person 0.16603188 576 57 592 77
person 0.15518607 523 41 543 70
person 0.15318021 249 289 309 354
person 0.14980237 657 79 676 102
person 0.13545458 971 271 1004 336
person 0.13495451 527 45 536 57
person 0.13367102 625 31 639 47
person 0.1334912 630 37 639 48
person 0.13281192 718 65 735 86
person 0.1315093 421 118 444 145
person 0.12826805 455 157 476 180
person 0.12142363 374 149 391 173
person 0.118556805 468 123 486 144
person 0.11575281 172 257 203 294
person 0.1123979 530 60 541 77
person 0.112098955 503 171 531 202
person 0.1117214 52 291 111 363
person 0.10840654 531 46 540 58
person 0.10839433 371 531 389 556
person 0.10805666 588 63 604 83
person 0.10767665 395 139 422 169
person 0.105493635 912 107 940 149
person 0.10342038 477 142 499 165
person 0.10193674 776 63 798 93
person 0.099479936 30 242 111 372
person 0.09932713 146 238 231 362
person 0.098668754 722 39 738 58
person 0.09826843 465 82 481 101
person 0.09686482 579 140 617 196
person 0.09235822 719 76 737 98
person 0.09223834 454 117 486 157
person 0.0913139 545 114 572 145
person 0.090643704 97 182 111 204
person 0.09059805 639 65 656 85
person 0.09025914 798 50 808 69
person 0.090166435 527 62 537 75
person 0.08944865 564 38 579 57
person 0.08861356 532 134 560 166
person 0.08841665 475 81 486 92
person 0.08600573 354 151 372 174
person 0.08503108 493 100 512 121
person 0.08419507 989 132 1010 164
person 0.08384795 489 41 504 60
person 0.083471745 627 39 636 51
person 0.0796981 512 97 532 119
person 0.079655096 627 34 636 45
person 0.07791623 88 168 101 188
person 0.07715234 591 61 616 89
person 0.076002315 926 118 943 141
person 0.07456881 382 559 401 584
person 0.07296285 531 91 562 132
person 0.07259955 526 80 537 100
person 0.072506964 578 170 620 226
person 0.07139215 442 162 485 217
person 0.0712235 574 142 593 164
person 0.07054908 541 30 556 47
person 0.07035406 283 213 308 243
person 0.07034722 749 77 767 100
person 0.070214175 593 115 618 144
person 0.06981053 465 132 476 150
person 0.06942501 341 140 365 167
person 0.06920524 775 75 794 98
person 0.06879532 487 162 529 218
person 0.06747527 664 40 674 53
person 0.06628776 670 43 683 56
person 0.0661006 487 35 509 66
person 0.06567191 787 74 805 97
person 0.063833706 551 136 572 159
person 0.063683316 672 57 681 69
person 0.06293046 474 144 514 202
person 0.06268351 590 136 610 159
person 0.062389042 488 143 508 164
person 0.06188581 727 96 752 125
person 0.06165578 530 119 550 141
person 0.061345395 816 66 833 86
person 0.061160915 433 138 473 195
person 0.061102837 403 176 431 207
person 0.06024367 756 38 772 58
person 0.05983947 1021 336 1030 398
person 0.05956697 619 65 636 84
person 0.059481725 1021 655 1031 707
person 0.05936303 486 70 516 112
person 0.05844807 596 34 617 63
person 0.057820626 437 103 456 124
person 0.05780137 670 97 696 126
person 0.057800718 727 28 754 72
person 0.05744845 183 366 218 410
person 0.057159748 914 134 939 165
person 0.05698833 898 117 916 139
person 0.056894828 774 41 791 63
person 0.056796785 501 67 518 86
person 0.05673442 734 63 762 106
person 0.05602323 415 135 433 159
person 0.055507235 1025 100 1031 127
person 0.055433236 369 118 394 144
person 0.05542677 695 39 705 51
person 0.05540876 1021 223 1031 273
person 0.05505047 1020 -214 1030 -167
person 0.054998644 637 95 656 117
person 0.054995943 -4 -215 9 -192
person 0.05496751 659 31 673 48
person 0.054919533 44 498 91 610
person 0.054269627 48 234 75 271
person 0.05415398 1023 484 1031 555
person 0.05415244 971 188 993 221
person 0.05368699 420 215 456 259
person 0.05352844 169 281 203 328
person 0.05305493 66 306 101 355
person 0.052914727 551 101 569 123
person 0.052839134 315 221 344 253
person 0.052395 493 121 513 141
person 0.05233451 368 171 395 202
person 0.052012496 551 125 570 146
person 0.05159665 0 146 9 187
person 0.051063754 264 322 303 367
person 0.050941706 215 127 229 145
person 0.050238974 570 176 601 211
person 0.04999029 542 101 553 120
person 0.048976198 578 59 589 72
person 0.04873281 -3 -206 18 -115
person 0.048644938 378 143 389 163
person 0.048319712 0 -218 6 -191
person 0.04831242 477 99 488 111
person 0.048231505 788 96 812 126
person 0.047883462 554 80 570 102
person 0.047628105 635 124 653 145
person 0.047135655 514 120 533 140
person 0.047055956 -4 -215 8 -208
person 0.046495136 99 -67 127 20
person 0.046217017 184 254 221 300
person 0.04621093 496 163 518 186
person 0.046207912 389 557 409 582
person 0.045994554 1009 -122 1034 -41
person 0.045898654 1025 79 1031 105
person 0.045804832 364 126 404 186
person 0.045762338 1021 616 1030 670
person 0.04564998 202 428 221 451
person 0.045304872 461 102 473 115
person 0.044959255 1021 102 1034 125
person 0.044923972 650 85 681 127
person 0.0447202 85 253 119 299
person 0.044481292 749 64 766 86
person 0.044471703 279 178 307 208
person 0.04410605 992 126 1007 148
person 0.04394771 43 506 60 533
person 0.043945186 176 221 206 252
person 0.043580532 268 341 337 413
person 0.04334864 671 80 689 101
person 0.04317192 656 28 683 72
person 0.043133035 89 181 120 226
person 0.04309659 842 104 866 134
person 0.04300143 766 99 790 129
person 0.04297914 1014 112 1028 151
person 0.04286284 907 137 925 161
person 0.042825714 179 181 203 207
person 0.04270803 327 177 354 207
person 0.042665172 1008 350 1037 431
person 0.042370163 507 180 527 200
person 0.042285763 287 375 326 419
person 0.042184312 632 68 662 111
person 0.04217827 544 33 553 44
person 0.04199801 36 488 53 516
person 0.041835397 697 31 712 48
person 0.04181254 169 168 211 227
person 0.041770127 1020 172 1030 216
person 0.041717 531 80 541 93
person 0.04147935 739 509 781 654
person 0.041388325 135 141 158 168
person 0.04136503 880 -135 892 -95
person 0.041290935 416 221 444 253
person 0.041001465 555 64 571 83
person 0.04010092 496 80 507 93
person 0.04003451 237 289 258 312
person 0.040026348 435 289 501 366
person 0.040021557 315 234 385 307
person 0.039920643 593 181 614 202
person 0.03980377 635 141 664 171
person 0.039326154 474 29 488 45
person 0.03928932 85 162 107 190
person 0.03914326 38 217 77 282
person 0.039052293 394 117 411 137
person 0.038643558 105 286 137 333
person 0.038502153 736 39 746 51
person 0.038387667 229 268 328 379
person 0.03837451 1022 689 1031 746
person 0.038267132 642 78 651 92
person 0.038248952 1019 -215 1031 -208
person 0.038029816 195 415 232 458
person 0.0379638 277 52 300 82
person 0.037803102 659 97 671 115
person 0.037745252 -11 317 53 454
person 0.037610315 245 378 278 409
person 0.037420362 394 161 413 184
person 0.037196685 968 189 1002 252
person 0.03717601 376 126 394 146
person 0.037148602 1019 -216 1033 -194
person 0.0371151 845 -13 861 22
person 0.03709614 928 140 945 163
person 0.037020996 1009 -194 1036 -120
person 0.036984675 892 189 930 247
person 0.03697611 699 59 711 74
person 0.03696337 207 136 230 162
person 0.036883865 693 74 712 95
person 0.036764897 -3 -136 15 -30
person 0.03672079 686 28 714 72
person 0.036689095 591 62 602 76
person 0.03658731 955 106 980 134
person 0.036208916 1021 -179 1030 -124
person 0.036159724 558 31 573 48
person 0.03615496 954 422 982 512
person 0.03599516 106 271 142 317
person 0.035416223 653 87 691 146
person 0.035294153 373 523 391 545
person 0.03520227 402 36 425 67
person 0.03510522 953 680 977 773
person 0.034962565 523 28 537 46
person 0.03488923 850 65 873 94
person 0.03478034 683 145 709 175
person 0.034762368 478 38 496 59
person 0.03474737 340 212 387 268
person 0.034510255 148 332 196 376
person 0.034460656 0 -220 8 -169
person 0.03442327 115 88 152 149
person 0.034225367 599 412 609 441
person 0.03415328 828 183 868 241
person 0.033934414 1022 246 1032 308
person 0.033871096 880 138 906 169
person 0.03382327 799 609 807 639
person 0.033821784 244 415 275 445
person 0.03379863 250 327 289 370
person 0.03362337 252 195 296 254
person 0.033549685 0 112 5 143
person 0.03354468 956 -201 969 -162
person 0.033499807 449 28 471 60
person 0.03346127 986 537 1009 602
person 0.033265084 874 247 911 309
person 0.033219762 0 224 8 271
person 0.033193488 733 31 748 50
person 0.033072725 0 237 9 298
person 0.03307145 597 32 612 48
person 0.0330374 808 -13 822 20
person 0.032991447 400 62 424 89
person 0.032981902 54 517 73 543
person 0.03291185 918 108 934 130
person 0.032682918 890 137 908 160
person 0.032681305 43 -215 58 -200
person 0.032679804 653 114 671 135
person 0.032638054 959 701 977 749
person 0.032621622 417 371 432 394
person 0.032566834 909 369 944 443
person 0.032228753 874 -90 886 -53
person 0.03219165 662 64 675 81
person 0.032182276 972 226 994 263
person 0.032129996 120 184 146 211
person 0.032121956 53 236 71 261
person 0.032009177 357 126 374 146
person 0.031973906 24 -215 37 -209
person 0.031822592 637 174 678 231
person 0.031606328 38 189 63 219
person 0.03156889 813 79 831 100
person 0.031527773 819 608 827 640
person 0.031280592 743 77 753 90
person 0.03126005 436 174 457 197
person 0.031141473 519 67 550 110
person 0.03111545 374 175 393 197
person 0.031011138 252 -81 296 38
person 0.031010212 560 34 570 45
person 0.030939097 285 144 310 170
person 0.030923849 612 77 628 97
person 0.030879157 24 -215 40 -200
person 0.03081752 888 188 913 222
person 0.030781623 492 30 506 46
person 0.030759161 850 187 875 220
person 0.030751955 1021 81 1035 104
person 0.030656625 492 42 502 55
person 0.030493129 443 610 451 639
person 0.030480321 21 339 33 403
person 0.030462442 451 192 470 212
person 0.030433366 360 532 384 558
person 0.030410869 357 142 368 155
person 0.030397078 91 171 98 184
person 0.030308587 411 159 430 181
person 0.03030612 588 209 626 255
person 0.030116042 938 610 946 638
person 0.030091373 810 657 844 786
person 0.02993922 260 106 274 123
person 0.029846566 681 -52 701 -10
person 0.02976982 478 69 495 88
person 0.029760815 950 145 976 176
person 0.029718846 467 85 478 95
person 0.029681576 634 176 665 209
person 0.029675094 210 411 230 432
person 0.02965769 331 455 349 475
person 0.029584678 0 540 7 635
person 0.029513363 839 141 865 172
person 0.029443603 839 610 847 640
person 0.029427487 1022 365 1030 436
person 0.029369425 680 -29 700 5
person 0.02921051 516 211 555 254
person 0.029189115 336 157 354 180
person 0.029125484 434 121 446 133
person 0.028997865 49 257 85 309
person 0.028891463 0 496 7 598
person 0.028838797 245 228 274 259
person 0.028717251 218 129 226 141
person 0.028647454 714 99 732 120
person 0.028602706 477 31 485 42
person 0.028547565 791 142 818 174
person 0.028490556 4 272 15 345
person 0.028423883 58 468 74 495
person 0.028131053 724 41 735 52
person 0.028113425 332 472 355 497
person 0.028090028 418 105 436 125
person 0.028033994 726 174 766 231
person 0.02799293 -7 556 27 695
person 0.027940203 204 419 223 443
person 0.0278764 615 163 634 184
person 0.027830781 643 -52 662 -12
person 0.027778026 527 137 564 180
person 0.027775394 675 102 694 122
person 0.027751382 194 97 233 161
person 0.027695052 910 208 935 243
person 0.027648622 576 75 594 96
person 0.027632827 918 609 927 639
person 0.027543973 100 184 108 198
person 0.027325697 1000 543 1015 617
person 0.027319971 248 371 349 522
person 0.027277034 249 315 350 446
person 0.027247325 765 137 791 170
person 0.027241556 837 603 845 619
person 0.027226802 265 611 274 639
person 0.02719935 193 292 230 335
person 0.027179334 199 227 228 259
person 0.027153302 849 23 871 54
person 0.027146196 1007 -60 1034 18
person 0.027138503 575 177 595 198
person 0.027131962 718 -28 738 7
person 0.027045986 1015 227 1033 266
person 0.027044665 157 146 182 174
person 0.026980117 348 225 380 261
person 0.02697197 836 356 872 429
person 0.026970169 854 -215 866 -208
person 0.026967322 610 184 629 205
person 0.026943577 43 -215 56 -209
person 0.026932703 989 -215 1002 -209
person 0.02692955 201 18 234 93
person 0.026881833 835 64 852 82
person 0.026877837 1019 71 1030 107
person 0.026833348 186 612 195 639
person 0.026783014 673 30 688 46
person 0.026690371 594 75 612 96
person 0.02667599 271 251 301 283
person 0.026653105 920 -204 934 -159
person 0.026547661 799 614 806 631
person 0.02648587 788 176 814 209
person 0.026485363 648 -28 668 5
person 0.026447209 749 100 767 121
person 0.026342766 305 611 313 638
person 0.026337078 973 320 987 336
person 0.026319409 985 127 1012 175
person 0.026317678 354 518 373 541
person 0.026233062 834 -215 846 -208
person 0.026217844 821 513 863 659
person 0.026206069 1025 59 1031 86
person 0.026174147 1025 114 1031 140
person 0.0260591 519 33 547 77
person 0.025967102 163 342 234 418
person 0.025936592 483 610 492 640
person 0.02592202 387 293 486 440
person 0.02589744 415 179 434 200
person 0.02585838 826 101 863 161
person 0.025778262 722 138 748 169
person 0.025777593 324 108 350 134
person 0.025751447 839 -137 851 -97
person 0.02572393 249 181 276 209
person 0.025670385 0 132 5 161
person 0.025656434 600 35 610 45
person 0.025643192 956 611 966 636
person 0.025634494 19 343 43 401
person 0.025450787 499 313 518 337
person 0.02535593 145 611 155 639
person 0.025352582 935 596 945 625
person 0.025341732 225 612 234 639
person 0.02530326 262 107 270 120
person 0.025283694 562 208 600 253
person 0.025244031 874 -215 886 -208
person 0.02522686 838 615 845 632
person 0.025020616 835 -216 848 -194
person 0.024978634 466 481 481 506
person 0.024941698 39 35 58 70
person 0.02491244 993 521 1007 596
person 0.024906214 1013 257 1035 318
person 0.024856968 170 394 264 539
person 0.024847165 854 -216 868 -194
person 0.024833366 501 392 510 418
person 0.024803909 -1 168 7 207
person 0.024791991 210 122 233 148
person 0.024788361 885 65 909 94
person 0.024749568 101 -37 120 8
person 0.024715649 656 494 709 680
person 0.024605619 887 -208 902 -159
person 0.024494918 104 222 121 245
person 0.024487274 640 66 653 78
person 0.02447211 246 145 271 171
person 0.024464656 251 101 275 127
person 0.0244421 416 112 449 154
person 0.024431907 572 124 592 144
person 0.02440476 737 96 774 156
person 0.024365049 471 478 486 505
person 0.02435864 814 -216 828 -195
person 0.024343256 -15 399 43 535
person 0.02430812 732 650 766 791
person 0.02429592 294 390 319 411
person 0.024285384 814 -215 826 -208
person 0.024280287 396 540 416 564
person 0.024236191 145 304 249 450
person 0.02419381 888 716 917 806
person 0.024116838 0 578 7 671
person 0.024106195 634 135 652 157
person 0.02404536 661 34 670 45
person 0.02394719 262 88 301 150
person 0.023850854 191 338 231 383
person 0.023807768 764 -21 779 13
person 0.023795752 1025 178 1031 206
person 0.023791377 464 122 477 141
person 0.02368968 912 593 923 626
person 0.02364171 950 120 967 141
person 0.023607498 989 -215 1004 -199
person 0.023511073 1014 176 1033 211
person 0.023459846 796 744 818 811
person 0.023377111 795 -216 809 -196
person 0.023351923 343 121 359 140
person 0.023339333 906 187 933 222
person 0.02331301 753 176 782 210
person 0.023308674 1021 116 1034 139
person 0.023243496 874 -216 888 -194
person 0.023213074 757 744 778 811
person 0.023201397 598 601 617 670
person 0.023199324 463 610 472 640
person 0.023067176 594 103 612 124
person 0.023064313 19 455 32 483
person 0.023055613 -5 233 9 259
person 0.02299698 789 94 807 114
person 0.022927651 836 744 857 811
person 0.02291528 273 40 294 72
person 0.022907365 1021 -140 1030 -83
person 0.022865217 285 611 293 639
person 0.022848343 683 175 711 207
person 0.022810973 1022 444 1030 516
person 0.022797372 97 218 123 249
person 0.02279045 502 383 511 400
person 0.022762904 -5 252 9 278
person 0.022705533 0 -206 8 -131
person 0.022693891 470 288 538 365
person 0.022681773 1021 180 1034 205
person 0.022640103 632 296 692 367
person 0.022635 326 460 358 496
person 0.022631584 819 614 826 631
person 0.022574142 419 375 429 388
person 0.022508703 717 744 739 812
person 0.022458643 395 107 412 126
person 0.022410305 124 99 148 129
person 0.022366997 221 392 242 413
person 0.02233036 119 5 152 81
person 0.022330042 659 79 673 94
person 0.02218882 568 491 621 677
person 0.02218787 893 -215 905 -208
person 0.022163015 495 32 503 44
person 0.022151804 525 31 534 43
person 0.022085022 974 339 982 355
person 0.022042265 854 62 871 79
person 0.022017557 926 105 942 124
person 0.022002751 478 208 517 252
person 0.02197513 245 611 254 640
person 0.021962995 350 500 370 521
person 0.021938886 799 -210 813 -160
person 0.021888098 774 -216 789 -197
person 0.02186932 721 176 749 208
person 0.02183097 551 159 571 179
person 0.021798588 876 744 897 812
person 0.021789474 898 609 907 641
person 0.021787237 503 610 511 641
person 0.021771189 364 39 387 69
person 0.021745063 401 608 410 636
person 0.021707492 612 100 631 120
person 0.021680897 794 -215 807 -208
person 0.021588288 -2 239 18 301
person 0.021566499 0 152 5 185
person 0.02155283 960 452 983 516
person 0.021518044 797 602 806 618
person 0.021514438 972 -216 987 -199
person 0.021459553 247 -208 276 -132
person 0.021451738 -3 115 9 140
person 0.02140746 953 601 962 620
person 0.02135365 522 599 535 661
person 0.0213443 921 433 943 493
person 0.021335518 117 220 147 250
person 0.021250613 523 610 531 641
person 0.021233067 0 112 9 154
person 0.021204367 678 744 699 812
person 0.021171892 45 289 124 433
person 0.021167312 893 -216 907 -195
person 0.02110855 569 29 598 74
person 0.021095531 972 -215 985 -209
person 0.02106148 840 -211 855 -160
person 0.021017138 854 198 871 222
person 0.021002121 51 59 73 92
person 0.020973882 739 63 751 76
person 0.020971758 594 395 603 425
person 0.020968288 957 -127 969 -84
person 0.020951698 557 63 569 78
person 0.020908916 897 593 906 628
person 0.020901535 -4 221 17 279
person 0.020861432 837 40 852 59
person 0.020847684 474 175 497 197
person 0.020763924 579 413 588 446
person 0.020733992 199 183 226 209
person 0.02072177 976 612 985 635
person 0.02069713 -3 147 14 182
person 0.020695787 -1 229 5 262
person 0.020686425 423 610 432 641
person 0.020677665 298 214 400 347
person 0.020624707 -1 348 27 434
person 0.020564813 653 650 686 793
person 0.020546604 728 -209 744 -159
person 0.020541713 720 63 732 78
person 0.020530501 856 602 864 618
person 0.020510456 44 29 73 105
person 0.020505605 214 436 236 458
person 0.020480916 215 449 235 475
person 0.020458888 754 -216 769 -197
person 0.02044423 207 36 229 69
person 0.020443568 1021 786 1027 830
person 0.020396655 810 48 826 67
person 0.020373926 -5 655 13 779
person 0.020330196 524 395 531 425
person 0.020285381 620 415 629 445
person 0.020255147 858 609 866 640
person 0.020237891 206 -78 235 9
person 0.020216933 999 323 1007 336
person 0.020204095 1 353 9 425
person 0.020173984 485 379 493 397
person 0.020153139 957 -167 969 -125
person 0.020150634 36 479 52 506
person 0.020148803 776 632 786 658
person 0.020145914 557 600 577 668
person 0.020116508 602 611 611 639
person 0.020038558 918 614 925 632
person 0.020019582 367 63 391 91
person 0.019993573 911 80 927 99
person 0.019957144 958 63 981 92
person 0.019948892 442 146 453 165
person 0.019852353 797 632 808 658
person 0.019850776 281 360 294 369
person 0.019849524 497 201 510 211
person 0.019845836 880 704 900 752
person 0.019838788 853 79 870 98
person 0.019830255 838 595 846 627
person 0.019738525 919 65 942 94
person 0.01970684 448 263 483 310
person 0.019704938 638 744 659 812
person 0.01969185 312 400 335 417
person 0.01966386 791 32 823 99
person 0.019649606 890 101 906 122
person 0.019625317 403 317 468 396
person 0.019603316 816 604 824 619
person 0.019591859 82 675 123 781
person 0.019588107 166 612 175 639
person 0.019532206 870 120 888 142
person 0.019515358 1024 315 1030 346
person 0.0195091 418 137 504 270
person 0.019499432 897 600 904 620
person 0.019468972 851 119 869 141
person 0.01945408 956 669 974 710
person 0.019446716 890 156 907 179
person 0.019410446 356 174 375 196
person 0.019395074 637 603 656 672
person 0.019378684 719 -55 739 -12
person 0.019364938 336 494 358 516
person 0.019349406 133 329 168 374
person 0.019290486 931 157 949 180
person 0.019246379 503 377 512 406
person 0.019244488 757 632 767 659
person 0.019239433 774 -215 787 -208
person 0.019236373 773 712 793 777
person 0.019180765 77 159 135 239
person 0.019176044 886 -53 899 -14
person 0.019156622 797 251 837 313
person 0.019145628 763 -210 778 -159
person 0.019145023 423 506 488 678
person 0.019102037 760 611 768 638
person 0.019100351 270 10 305 86
person 0.019092612 325 64 350 92
person 0.01908901 54 695 73 760
person 0.01907965 973 601 982 617
person 0.019045211 93 262 114 284
person 0.018976146 -8 -146 22 -18
person 0.01895363 -4 134 8 159
person 0.018931754 913 -216 927 -196
person 0.018901523 562 699 584 762
person 0.018900914 617 350 633 376
person 0.018865326 835 79 852 98
person 0.018838707 517 412 527 436
person 0.018830884 804 721 834 814
person 0.018820507 427 121 438 140
person 0.01880642 636 213 673 258
person 0.018791355 89 -116 117 -28
person 0.018784357 512 140 531 158
person 0.01875616 733 712 753 777
person 0.01873036 583 387 592 419
person 0.018715559 691 100 710 120
person 0.018695388 267 396 336 475
person 0.018689856 95 712 124 810
person 0.018682541 779 611 789 638
person 0.018648334 645 -209 659 -161
person 0.018623091 172 505 253 662
person 0.018616658 1015 485 1032 554
person 0.018612476 66 498 83 524
person 0.01857516 206 612 214 639
person 0.01856732 100 194 110 215
person 0.018556835 136 127 148 142
person 0.01854656 104 233 124 258
person 0.018540436 93 378 111 397
person 0.01853522 258 296 286 318
person 0.018521344 437 88 453 105
person 0.018514486 406 -206 434 -129
person 0.018501578 0 248 5 281
person 0.018457176 191 -116 219 -30
person 0.018449564 573 100 592 121
person 0.018446583 142 145 159 165
person 0.01843416 734 -216 749 -198
person 0.018417059 878 609 886 641
person 0.018370489 294 380 317 397
person 0.018367395 1012 335 1031 399
person 0.018352749 912 -215 925 -208
person 0.018298158 686 -208 701 -160
person 0.018273797 519 383 527 400
person 0.018258728 598 744 619 812
person 0.01825268 523 397 530 416
person 0.018244445 174 -203 203 -127
person 0.018240977 534 158 555 179
person 0.018219925 873 80 889 98
person 0.018198377 852 101 869 121
person 0.018188372 13 92 45 161
person 0.01815467 971 714 1000 805
person 0.018145535 894 81 910 99
person 0.018144257 975 177 992 201
person 0.018132297 522 699 544 762
person 0.018120674 615 432 624 461
person 0.018116703 362 549 382 574
person 0.018082678 847 -55 860 -16
person 0.018072937 1024 234 1030 266
person 0.01806657 422 363 441 388
person 0.018050842 493 197 513 214
person 0.01800627 77 371 97 393
person 0.017987873 612 143 631 164
person 0.017973077 1025 254 1031 286
person 0.017957253 718 29 732 46
person 0.017890742 812 -56 826 -16
person 0.01785547 0 705 12 786
person 0.017843507 875 64 891 81
person 0.017842395 481 594 490 626
person 0.017823363 857 614 865 631
person 0.017808992 1022 61 1034 84
person 0.017801872 1022 331 1029 364
person 0.017791878 260 -1 310 105
person 0.01776599 1023 354 1030 385
person 0.017735561 0 -188 5 -149
person 0.01772503 679 604 692 674
person 0.017693717 481 460 494 486
person 0.017689366 876 602 884 620
person 0.017677404 872 101 889 121
person 0.017668448 482 700 505 762
person 0.017666196 0 -208 5 -170
person 0.017650796 812 712 832 777
person 0.01764424 954 -96 966 -49
person 0.017635481 53 250 74 275
person 0.017611623 690 49 722 93
person 0.017602008 118 -42 142 13
person 0.017597718 793 178 811 202
person 0.017594554 839 700 862 760
person 0.017593564 1024 214 1030 246
person 0.017591892 564 392 573 424
person 0.017581206 331 528 354 553
person 0.017575145 419 -93 464 33
person 0.017564487 142 334 163 355
person 0.017548334 334 510 361 547
person 0.017524492 799 593 807 625
person 0.017461658 771 60 803 104
person 0.017449317 887 -11 901 26
person 0.017406328 851 -91 862 -54
person 0.017373638 852 712 872 777
person 0.01737144 463 68 479 87
person 0.017352037 951 246 1021 385
person 0.017343244 163 743 184 812
person 0.017337978 915 744 936 812
person 0.01732992 290 415 318 433
person 0.017274028 1021 -101 1030 -43
person 0.017263921 86 390 104 412
person 0.017260887 439 376 450 391
person 0.017260166 25 468 39 497
person 0.017253421 689 157 707 179
person 0.017242163 596 349 612 377
person 0.017236799 99 -199 128 -121
person 0.017219216 459 157 471 178
person 0.017206568 321 126 337 144
person 0.017203897 871 139 889 162
person 0.017193807 559 743 580 812
person 0.01718066 605 -211 619 -162
person 0.017175967 938 389 996 555
person 0.017158452 510 164 531 184
person 0.017137349 321 743 342 812
person 0.01711138 29 486 42 515
person 0.017101165 715 -216 730 -198
person 0.017100804 455 25 471 42
person 0.017083332 361 743 382 812
person 0.017077513 1024 761 1030 804
person 0.01707527 772 141 789 163
person 0.01707071 351 -88 394 38
person 0.017063718 761 335 799 405
person 0.017048275 285 108 310 135
person 0.01702862 295 418 315 428
person 0.017025668 979 379 991 406
person 0.017017074 671 118 689 139
person 0.017004954 488 495 553 682
person 0.017000364 1025 38 1031 66
person 0.016971271 187 422 253 502
person 0.016968178 360 -75 389 15
person 0.016959963 281 743 302 812
person 0.016951665 715 118 732 139
person 0.016932946 0 197 5 229
person 0.016905218 415 263 518 385
person 0.016897319 898 615 905 632
person 0.016895132 91 507 164 676
person 0.016891483 323 613 333 640
person 0.016890936 400 743 421 812
person 0.01688761 202 743 223 812
person 0.016878208 253 65 278 96
person 0.016875867 771 96 789 116
person 0.016866455 1023 710 1031 783
person 0.016863063 855 368 917 544
person 0.01685136 279 417 320 462
person 0.016850956 123 743 144 813
person 0.01684899 242 743 263 812
person 0.016848072 676 34 686 44
person 0.016834613 601 699 624 762
person 0.016833933 0 781 8 827
person 0.016827265 333 -205 362 -129
person 0.016815169 694 712 713 778
person 0.016810747 1024 196 1030 225
person 0.016803883 784 342 809 404
person 0.016789323 999 24 1029 97
person 0.016787278 754 -215 767 -208
person 0.01678206 0 446 5 481
person 0.016746212 641 435 650 463
person 0.016740158 321 440 341 459
person 0.016725283 1020 258 1034 284
person 0.016684938 760 615 767 631
person 0.01668353 752 119 769 140
person 0.016653182 519 743 540 813
person 0.016645906 583 609 592 638
person 0.016638992 53 -78 77 13
person 0.016637206 440 743 461 813
person 0.01662136 1020 237 1034 264
person 0.016620964 613 120 632 140
person 0.016610445 621 611 630 638
person 0.016608762 423 88 439 105
person 0.016596625 134 -210 149 -162
person 0.016579745 370 454 388 475
person 0.01656304 249 -18 319 136
person 0.016559163 179 377 205 399
person 0.016556283 350 6 384 80
person 0.016543655 712 264 753 325
person 0.016541848 44 743 65 813
person 0.016540995 1022 409 1030 477
person 0.01653328 479 743 500 813
person 0.01653014 42 528 62 555
person 0.016529053 783 70 794 87
person 0.016496135 83 52 105 83
person 0.016457923 1024 85 1031 97
person 0.016416071 641 699 664 761
person 0.016397225 236 -119 264 -30
person 0.016390935 954 104 970 123
person 0.016385648 478 -216 493 -196
person 0.016379977 94 -97 113 -47
person 0.016377749 498 -216 513 -196
person 0.016372548 971 140 989 162
person 0.016369332 654 370 671 397
person 0.016361779 106 613 115 640
person 0.01635472 919 703 939 751
person 0.016354006 201 -216 216 -196
person 0.01635281 458 -216 473 -196
person 0.016350847 240 -216 255 -196
person 0.016350463 221 -216 235 -196
person 0.016349973 260 -216 275 -196
person 0.016348185 280 -216 295 -196
person 0.016347772 300 -216 315 -196
person 0.016347708 320 -216 334 -196
person 0.016346835 339 -216 354 -196
person 0.01634636 518 -216 533 -196
person 0.016345907 359 -216 374 -196
person 0.016345102 538 -216 552 -196
person 0.016344167 379 -216 394 -196
person 0.016343523 399 -216 414 -196
person 0.01633756 181 -216 196 -196
person 0.016336987 419 -216 434 -196
person 0.01632192 438 -216 453 -196
person 0.016300818 873 410 904 500
person 0.016288567 192 393 215 411
person 0.016285839 557 -216 572 -196
person 0.016284999 503 69 516 81
person 0.016254883 -4 351 8 378
person 0.01624813 667 370 683 396
person 0.016245326 459 137 550 273
person 0.016239876 800 700 823 760
person 0.016237136 955 744 976 812
person 0.01620164 487 -207 515 -131
person 0.016187731 169 720 200 814
person 0.01617148 161 -216 176 -196
person 0.016163386 577 -216 592 -197
person 0.016124412 909 155 929 178
person 0.016104855 591 155 602 176
person 0.016084978 812 101 830 121
person 0.01607009 314 420 337 439
person 0.016068408 965 356 978 382
person 0.016017977 0 664 8 743
person 0.016015682 252 512 273 536
person 0.016012782 640 415 649 444
person 0.015961586 987 152 1004 175
person 0.015948156 731 180 749 203
person 0.015941152 457 383 466 400
person 0.015934445 1024 105 1031 118
person 0.015928209 932 -216 947 -198
person 0.015925584 448 263 554 388
person 0.015908735 0 461 7 557
person 0.01589987 553 145 642 284
person 0.015884224 312 177 415 305
person 0.015868556 1023 373 1030 405
person 0.015855879 633 158 652 179
person 0.015830511 84 -91 141 68
person 0.015827376 877 615 884 632
person 0.015822683 891 712 911 778
person 0.015799414 1020 199 1034 223
person 0.015785612 833 99 850 119
person 0.01577355 1020 138 1034 162
person 0.015764765 56 -103 76 -41
person 0.015764661 851 180 869 203
person 0.015764069 55 526 76 552
person 0.01576057 854 158 872 181
person 0.015757693 -2 222 13 249
person 0.015750796 133 125 151 144
person 0.015740028 397 178 416 199
person 0.015725171 169 98 193 127
person 0.015718367 831 139 849 161
person 0.01570665 732 119 751 140
person 0.01569159 366 -212 380 -164
person 0.015691472 607 377 625 407
person 0.01567864 141 -216 156 -197
person 0.015669944 336 136 370 179
person 0.015649429 655 399 667 421
person 0.015648143 597 -216 612 -197
person 0.01564592 720 700 743 761
person 0.015644398 57 450 72 477
person 0.015640743 1 217 9 252
person 0.015621767 1023 323 1029 336
person 0.015614825 558 411 567 437
person 0.015604428 760 700 783 761
person 0.015598476 877 210 904 248
person 0.01559483 641 51 678 116
person 0.015562266 375 531 385 554
person 0.015561324 660 611 669 639
person 0.015544889 575 267 637 347
person 0.015529541 690 142 707 163
person 0.015511039 949 140 967 162
person 0.0154984165 286 302 400 435
person 0.015495093 898 -201 906 -167
person 0.015489391 406 -212 420 -164
person 0.015481045 1024 430 1030 466
person 0.0154747795 674 159 693 181
person 0.015470226 1024 136 1030 163
person 0.015461013 536 5 550 24
person 0.015427971 378 102 395 119
person 0.015423196 840 211 868 247
person 0.015421034 696 391 712 420
person 0.015368667 167 673 208 778
person 0.015364252 637 370 653 399
person 0.0153491255 1024 411 1030 447
person 0.015321994 676 143 694 163
person 0.0153175555 258 38 280 69
person 0.015315952 565 -212 579 -163
person 0.015305764 1025 20 1031 48
person 0.015285705 955 401 977 463
person 0.015268519 1019 30 1030 68
person 0.015254766 0 356 18 423
person 0.015251778 916 566 930 595
person 0.015242114 831 158 849 181
person 0.015236604 394 570 414 596
person 0.015233048 535 398 542 411
person 0.015226555 63 379 150 549
person 0.015223645 774 119 792 141
person 0.0152209075 686 -86 703 -41
person 0.015214327 563 397 571 415
person 0.0152058 681 700 703 761
person 0.0151997935 326 -212 340 -164
person 0.015187423 102 -206 114 -161
person 0.015184272 640 97 653 110
person 0.015164326 1025 271 1031 304
person 0.015155739 1023 155 1030 182
person 0.015142122 695 -216 711 -198
person 0.015121955 971 713 990 781
person 0.015105715 617 -216 632 -197
person 0.015046508 65 -205 75 -160
person 0.015046211 791 161 808 183
person 0.015041301 1024 591 1030 625
person 0.015040715 757 452 772 474
person 0.015034429 536 392 544 421
person 0.015031733 268 295 295 316
person 0.015023623 1023 -85 1030 -47
person 0.014987509 84 743 104 814
person 0.01497331 851 137 868 159
person 0.014965204 91 393 112 415
person 0.014960221 566 -206 596 -131
person 0.014959005 1014 -216 1033 -157
person 0.014944453 334 178 352 201
person 0.0149346 0 385 6 420
person 0.014931254 250 81 307 168
person 0.014930513 588 111 623 153
person 0.014922729 877 593 886 628
person 0.014916765 445 -212 459 -163
person 0.014907126 637 -137 650 -91
person 0.014889436 121 -216 136 -197
person 0.014885169 647 -85 666 -40
person 0.014877908 542 611 551 640
person 0.014866841 407 103 496 233
person 0.01484813 483 28 513 73
person 0.0148314545 0 -169 5 -129
person 0.014828968 652 159 671 181
person 0.014821744 58 -40 81 17
person 0.014821437 301 463 315 474
person 0.014821139 301 601 311 617
person 0.014813273 0 103 6 131
person 0.014807081 55 139 79 168
person 0.014783858 800 214 829 250
person 0.0147831775 916 632 926 661
person 0.01475401 659 435 670 464
person 0.014747274 734 -215 747 -208
person 0.014707875 1004 110 1032 160
person 0.014705609 436 372 453 395
person 0.014683723 246 726 278 817
person 0.014678633 513 197 533 215
person 0.014667335 885 22 907 54
person 0.014658248 0 624 8 704
person 0.014656161 995 134 1006 154
person 0.014647775 953 -134 971 -73
person 0.014636218 847 414 872 475
person 0.014636211 724 723 753 819
person 0.0146309715 102 30 123 66
person 0.0146280015 995 337 1003 354
person 0.0146223325 932 -215 945 -208
person 0.014615608 971 100 986 119
person 0.014612066 641 611 650 638
person 0.014588787 62 -216 77 -199
person 0.0145865455 557 434 570 461
person 0.014566006 873 200 891 224
person 0.014564588 308 320 382 392
person 0.014561407 188 373 215 396
person 0.014548699 630 142 668 185
person 0.014507001 -3 -218 13 -150
person 0.014499818 104 81 158 168
person 0.014499088 307 380 345 426
person 0.014482208 1020 218 1034 244
person 0.014479486 895 64 911 81
person 0.014467841 168 -212 183 -163
person 0.0144568635 515 711 532 736
person 0.014451397 557 434 568 448
person 0.014450372 495 711 512 736
person 0.014447424 555 107 640 232
person 0.014444173 287 -212 301 -164
person 0.014432353 348 140 359 158
person 0.014419459 485 -212 499 -163
person 0.014403928 330 444 348 462
person 0.0144033125 322 452 343 472
person 0.014392181 443 700 465 762
person 0.014390836 441 595 451 624
person 0.014376632 525 -212 539 -163
person 0.014374672 459 602 468 617
person 0.014356316 475 711 492 736
person 0.014350378 136 106 157 127
person 0.0143456105 583 394 590 413
person 0.01434406 1024 610 1030 643
person 0.014305671 535 711 552 736
person 0.014275088 141 325 161 344
person 0.014264799 737 632 747 660
person 0.0142593095 314 138 331 157
person 0.014256406 -1 347 5 382
person 0.014247624 102 -216 117 -197
person 0.014243801 952 -215 964 -208
person 0.014234484 674 -138 692 -89
person 0.014225815 857 594 866 627
person 0.014221288 688 372 704 397
person 0.014210965 207 -212 222 -164
person 0.014202116 443 614 450 631
person 0.0141889695 456 711 472 736
person 0.014174198 636 -216 651 -197
person 0.014165379 807 -211 837 -137
person 0.014154908 1023 -183 1030 -147
person 0.014154277 1023 -104 1030 -67
person 0.014153311 312 511 336 536
person 0.014147438 401 613 409 630
person 0.014133433 832 178 849 201
person 0.014130224 691 179 709 202
person 0.014127214 654 711 673 778
person 0.014111755 117 433 140 457
person 0.014072218 247 -212 261 -164
person 0.014069916 952 -216 967 -199
person 0.014059839 422 602 430 617
person 0.014054691 14 189 102 313
person 0.0140447505 1019 157 1034 181
person 0.01403095 577 431 587 456
person 0.014014783 576 434 586 448
person 0.014006774 319 616 340 660
person 0.013998413 441 601 450 617
person 0.0139963785 436 711 452 736
person 0.013961158 832 120 850 141
person 0.013960587 341 94 424 230
person 0.013959851 555 711 571 736
person 0.013948869 969 357 976 375
person 0.013942357 676 -216 691 -197
person 0.013923653 274 338 295 348
person 0.013911559 736 96 748 114
person 0.01390147 722 606 736 675
person 0.013891316 817 595 825 627
person 0.0138898855 359 103 375 120
person 0.013887012 731 159 749 182
person 0.013875048 759 29 773 48
person 0.013866028 882 666 919 783
person 0.013848323 773 158 790 181
person 0.013846735 820 -202 828 -167
person 0.01384594 100 -145 119 -80
person 0.01382479 541 412 550 437
person 0.013821852 329 35 351 67
person 0.013817868 1021 -61 1030 -6
person 0.013808015 325 726 357 815
person 0.013800751 850 402 879 493
person 0.0137839 646 -202 676 -128
person 0.013781341 1000 544 1023 641
person 0.013768844 484 725 515 819
person 0.013765969 936 634 946 661
person 0.013762461 598 -136 611 -91
person 0.0137594445 794 195 811 219
person 0.013757671 416 711 433 736
person 0.01375573 656 -216 671 -197
person 0.013755594 456 277 475 298
person 0.013731086 671 217 708 264
person 0.01372944 1025 290 1030 324
person 0.013726643 651 140 670 160
person 0.013720261 719 -202 749 -126
person 0.013712198 896 632 906 659
person 0.013710882 931 82 946 99
person 0.013698281 500 288 584 440
person 0.013698243 871 156 888 178
person 0.013691107 -4 200 8 225
person 0.013649046 294 181 311 203
person 0.013622149 477 598 498 662
person 0.013596487 813 198 830 221
person 0.013594779 141 601 150 616
person 0.013576491 800 -202 808 -167
person 0.013565358 857 38 872 57
person 0.013554268 975 164 992 186
person 0.013542101 700 35 709 45
person 0.01353686 642 402 650 421
person 0.013519423 720 611 729 638
person 0.013516059 812 120 829 141
person 0.013516028 792 120 809 140
person 0.013511108 -3 -203 8 -175
person 0.013504215 238 711 254 737
person 0.013498937 720 -85 739 -40
person 0.013484823 258 711 274 737
person 0.013480395 812 139 829 161
person 0.013471311 983 282 1004 327
person 0.013471076 715 -215 728 -208
person 0.013470937 414 277 432 296
person 0.013469149 183 91 239 180
person 0.01346538 396 711 413 737
person 0.013461516 218 711 235 737
person 0.013456294 564 723 594 819
person 0.013448471 109 -6 157 101
person 0.013422741 575 711 591 737
person 0.0134200575 277 711 294 737
person 0.013414723 198 711 215 737
person 0.013405003 679 410 689 439
person 0.013401931 50 609 58 637
person 0.013394474 714 179 732 201
person 0.013390543 736 348 756 376
person 0.013370136 561 611 570 641
person 0.013360289 410 651 454 748
person 0.013347591 817 632 828 658
person 0.01334373 1023 -144 1030 -107
person 0.013328615 1016 719 1031 794
person 0.013272602 365 -113 393 -24
person 0.013269923 -1 -164 12 -85
person 0.013261545 297 711 314 737
person 0.013260997 898 -210 929 -138
person 0.013255513 178 711 195 737
person 0.013236803 35 435 49 462
person 0.01322915 244 700 267 762
person 0.013217516 532 184 551 203
person 0.01320883 275 462 294 479
person 0.013208532 274 181 312 225
person 0.013204915 783 178 818 224
person 0.013203692 678 178 715 222
person 0.013174516 812 179 829 202
person 0.013171157 377 711 393 737
person 0.013165178 716 632 729 662
person 0.013161313 731 138 749 161
person 0.013158921 577 141 588 161
person 0.013157732 901 117 912 136
person 0.013138121 1015 688 1032 754
person 0.013124829 791 78 802 91
person 0.013117567 1023 -164 1030 -127
person 0.0131147895 674 327 694 356
person 0.013100899 191 7 239 113
person 0.013079098 680 611 689 639
person 0.013078143 475 197 497 215
person 0.013073917 317 711 334 737
person 0.013068934 574 18 609 84
person 0.0130686015 568 50 599 94
person 0.013061279 -5 57 8 83
person 0.013051508 557 415 566 429
person 0.01305146 1023 -124 1030 -87
person 0.013044748 182 242 202 264
person 0.0129978005 708 335 729 363
person 0.012985021 909 -145 938 -69
person 0.012981166 969 122 985 142
person 0.012967321 357 711 373 737
person 0.012963796 999 -133 1039 -25
person 0.0129631795 297 381 314 391
person 0.012958184 607 -24 628 9
person 0.012947813 337 711 353 737
person 0.012947259 311 108 325 124
person 0.0129449675 617 631 629 660
person 0.012943396 637 632 649 661
person 0.012933268 262 602 271 617
person 0.012921915 403 699 426 762
person 0.012894125 412 548 433 573
person 0.012879027 180 398 203 417
person 0.0128765125 455 71 487 114
person 0.012867921 1023 391 1030 425
person 0.012867042 714 -141 728 -92
person 0.012863246 578 415 587 435
person 0.01286169 460 594 469 626
person 0.012861199 774 175 792 199
person 0.012860194 991 106 1007 127
person 0.012854226 324 700 347 761
person 0.012842795 879 -202 887 -167
person 0.012842433 520 375 529 406
person 0.012836559 594 711 611 737
person 0.012819917 381 632 390 660
person 0.0128098 458 26 468 39
person 0.012801506 197 -87 241 33
person 0.012800735 797 220 832 266
person 0.012773478 500 594 510 627
person 0.012759243 159 711 175 737
person 0.012753206 174 253 203 274
person 0.012751111 838 66 849 77
person 0.012742633 193 475 216 499
person 0.012740665 138 358 160 379
person 0.012739022 -4 451 8 477
person 0.012736456 405 726 436 817
person 0.0127227735 1014 651 1033 712
person 0.012721492 644 723 673 821
person 0.012720767 -1 329 4 362
person 0.012717684 480 601 489 618
person 0.012682768 831 196 849 220
person 0.012681895 769 395 794 453
person 0.012681876 231 507 321 666
person 0.012676838 2 266 11 302
person 0.012675096 924 -180 938 -126
person 0.01267367 738 452 752 478
person 0.012661641 293 506 375 671
person 0.012658983 920 117 932 130
person 0.012655795 0 -149 5 -109
person 0.012655193 672 179 690 201
person 0.012638568 491 660 527 786
person 0.012637741 269 33 298 80
person 0.012636701 840 -202 847 -168
person 0.012627791 255 281 277 301
person 0.012608346 545 383 552 399
person 0.012594279 289 510 312 533
person 0.012587277 768 349 792 378
person 0.012575158 205 614 213 630
person 0.012559844 751 180 769 203
person 0.012556953 274 413 392 543
person 0.012555185 716 217 752 263
person 0.012540137 416 329 439 357
person 0.0125320265 798 -149 826 -69
person 0.012531607 0 -127 8 -51
person 0.012525756 256 -42 281 14
person 0.012514844 553 648 573 713
person 0.012509004 245 614 253 631
person 0.012505795 951 -208 972 -152
person 0.01250029 360 635 373 664
person 0.012489658 700 610 709 638
person 0.012483278 1015 -143 1031 -77
person 0.01248128 201 605 221 652
person 0.012463896 712 159 730 181
person 0.012461889 272 46 304 92
person 0.012456502 321 546 349 592
person 0.01245519 883 -186 896 -136
person 0.012453123 430 -80 459 12
person 0.012451383 -3 -182 8 -155
person 0.012449683 657 631 669 661
person 0.012444846 791 140 808 161
person 0.012424358 956 -60 969 -15
person 0.012418205 -1 370 13 397
person 0.012418076 950 159 967 181
person 0.012410898 553 180 572 199
person 0.012372149 736 476 752 502
person 0.012355555 1023 -65 1030 -27
person 0.012349057 691 120 708 140
person 0.012344557 833 357 891 538
person 0.012339017 53 292 87 345
person 0.012336402 780 444 791 460
person 0.012302512 812 -89 824 -46
person 0.012300114 183 601 192 615
person 0.01227959 571 652 604 793
person 0.0122740725 242 521 263 543
person 0.012268784 277 179 294 201
person 0.012268045 82 -216 97 -198
person 0.012265457 613 197 632 217
person 0.012243341 420 566 438 594
person 0.012236231 274 284 297 304
person 0.012230389 258 -79 274 -55
person 0.012228205 848 429 872 455
person 0.012221509 614 711 631 737
person 0.012206736 605 -53 624 -13
person 0.012204574 48 240 65 266
person 0.012199401 740 611 749 638
person 0.012198213 811 158 829 180
person 0.012187512 306 250 344 297
person 0.012184091 555 240 651 387
person 0.012160309 675 81 686 96
person 0.012155029 716 179 754 223
person 0.012153775 659 411 668 440
person 0.012116881 756 215 784 250
person 0.01211279 766 -57 781 -16
person 0.012102592 798 23 812 45
person 0.012100203 696 632 709 661
person 0.012099804 651 179 670 201
person 0.012099291 -4 170 13 202
person 0.012097547 327 653 374 745
person 0.012065727 953 480 975 546
person 0.012064636 0 425 5 460
person 0.012051423 0 642 5 682
person 0.012043313 89 698 110 762
person 0.012041696 439 105 454 116
person 0.012040736 58 522 81 595
person 0.012036506 0 407 5 442
person 0.012029648 977 500 1017 631
person 0.012023188 633 180 652 201
person 0.012002114 303 88 319 105
person 0.011999349 614 711 633 778
person 0.011996985 5 280 26 344
person 0.011996607 677 632 689 661
person 0.01199332 556 82 568 94
person 0.011981769 695 -215 708 -208
person 0.01197954 993 599 1001 617
person 0.01197379 211 509 232 531
person 0.011969526 225 166 319 302
person 0.011964621 521 593 531 627
person 0.011938606 994 351 1005 374
person 0.011936638 159 459 193 496
person 0.011933 165 603 179 657
person 0.011915937 952 -173 971 -114
person 0.011890195 188 519 251 606
person 0.011844222 144 146 155 161
person 0.011832597 859 -202 867 -168
person 0.011824855 1022 40 1034 64
person 0.011821701 651 316 670 344
person 0.011821556 678 144 713 187
person 0.011817184 284 700 307 762
person 0.011817061 752 139 769 161
person 0.011815147 819 69 830 80
person 0.011795216 331 -22 401 136
person 0.01178842 242 602 251 616
person 0.011786327 58 710 76 780
person 0.01178546 340 -5 390 101
person 0.011777521 679 436 690 463
person 0.011769681 513 -79 542 7
person 0.011753387 320 633 333 662
person 0.0117355045 712 138 730 160
person 0.011734084 672 -56 702 17
person 0.011732166 221 386 242 403
person 0.011722018 316 160 333 181
person 0.011717722 182 433 202 455
person 0.011709685 76 546 96 611
person 0.011700407 972 83 988 100
person 0.011696013 64 146 149 286
person 0.011695208 587 56 620 100
person 0.011693842 416 314 438 338
person 0.011693296 441 514 462 540
person 0.011691152 798 -139 809 -95
person 0.011688421 784 565 803 594
person 0.0116836345 869 375 885 402
person 0.011680436 45 187 59 208
person 0.011679423 634 710 651 736
person 0.0116736395 0 760 5 804
person 0.011669024 0 662 5 702
person 0.01166212 539 414 549 429
person 0.011655378 591 159 603 169
person 0.011653862 717 672 729 700
person 0.01164649 1 364 9 401
person 0.011640858 0 485 5 521
person 0.01163979 307 102 321 118
person 0.011625398 363 699 386 761
person 0.011619203 139 711 155 737
person 0.0116164265 59 -141 77 -75
person 0.0116079105 511 182 524 193
person 0.011605154 0 -85 13 -9
person 0.011599271 278 -79 295 -55
person 0.011594193 503 -91 546 29
person 0.011592607 407 -19 479 140
person 0.011553601 795 672 809 699
person 0.011550987 44 724 59 752
person 0.011547541 311 481 333 499
person 0.0115257865 346 611 355 637
person 0.011519351 1023 630 1030 662
person 0.01151409 786 401 811 462
person 0.011512994 6 376 21 469
person 0.0114871925 251 530 272 553
person 0.011483391 815 672 829 698
person 0.011481015 0 623 5 662
person 0.011453551 451 112 540 231
person 0.0114401635 795 547 815 573
person 0.011435236 239 66 321 211
person 0.011419195 711 416 733 475
person 0.0114156585 22 410 35 440
person 0.011413771 280 608 301 654
person 0.011399178 205 700 228 762
person 0.011399042 0 118 5 134
person 0.011398199 501 411 513 438
person 0.011397603 940 537 955 564
person 0.011391588 102 -182 115 -129
person 0.011387538 723 513 768 633
person 0.01138574 834 673 848 697
person 0.011381968 374 535 386 546
person 0.01136683 837 631 847 657
person 0.011354572 1021 21 1034 46
person 0.011353731 1016 620 1032 664
person 0.011348295 601 -149 628 -65
person 0.011342106 356 480 377 501
person 0.011330471 302 595 312 624
person 0.011324645 756 671 769 700
person 0.011323866 62 -216 75 -209
person 0.011309254 53 269 82 295
person 0.011306422 789 351 808 378
person 0.011300667 238 -79 254 -55
person 0.011299511 516 316 573 402
person 0.01129843 263 595 272 625
person 0.011284307 954 81 970 98
person 0.011277765 812 321 887 471
person 0.01127381 736 671 749 700
person 0.011236887 1025 744 1031 784
person 0.011231955 0 603 5 643
person 0.011223713 737 297 815 454
person 0.011223697 245 651 294 743
person 0.011222925 421 518 441 542
person 0.011220645 502 6 511 19
person 0.011219808 513 335 533 362
person 0.011210449 125 612 135 640
person 0.011208292 66 315 105 382
person 0.011206861 780 -202 789 -167
person 0.011203601 -1 54 4 87
person 0.011199121 783 94 817 138
person 0.011196182 0 584 5 622
person 0.01119557 140 372 161 395
person 0.011195015 0 -42 7 19
person 0.011192508 114 419 133 441
person 0.011191005 575 711 593 779
person 0.011187168 494 334 517 361
person 0.011185903 -4 490 9 516
person 0.011171355 334 458 346 468
person 0.011166463 241 607 261 654
person 0.011155974 459 489 479 517
person 0.011155364 316 181 333 203
person 0.011152283 991 611 1001 637
person 0.011144997 24 366 38 394
person 0.011143919 76 683 139 839
person 0.011092965 867 684 932 832
person 0.011082718 147 149 233 298
person 0.011079844 931 713 950 780
person 0.011078296 905 19 939 85
person 0.011075983 0 -129 5 -89
person 0.011074694 633 -141 653 -80
person 0.0110695455 1020 275 1035 300
person 0.0110618435 248 109 257 123
person 0.011061426 717 429 727 454
person 0.011046497 776 672 789 699
person 0.011039295 0 52 8 99
person 0.011031878 260 83 273 99
person 0.01102921 914 64 930 82
person 0.011016802 503 453 517 483
person 0.011008503 0 17 5 50
person 0.011008493 854 673 868 696
person 0.011006385 -1 271 15 299
person 0.011001553 97 271 122 293
person 0.011001456 207 443 243 488
person 0.011000895 696 434 707 464
person 0.0109909745 654 710 670 736
person 0.010972837 724 -140 752 -60
person 0.010971813 310 429 341 463
person 0.010967152 -4 105 9 129
person 0.010964747 874 673 888 697
person 0.010929531 583 158 599 171
person 0.010909935 46 513 58 525
person 0.010899988 539 9 547 22
person 0.010894931 953 26 969 46
person 0.010894515 113 242 131 263
person 0.010880485 478 -215 491 -208
person 0.010877561 497 -215 511 -208
person 0.0108629335 517 -215 531 -208
person 0.010861519 537 -215 550 -208
person 0.010860352 458 -215 471 -208
person 0.010859751 857 64 868 75
person 0.010853818 200 -215 214 -208
person 0.010852906 251 452 282 484
person 0.010851591 180 -215 194 -208
person 0.010850982 240 -215 253 -208
person 0.010850823 220 -215 233 -208
person 0.010850511 260 -215 273 -208
person 0.010849471 280 -215 293 -208
person 0.010849143 299 -215 313 -208
person 0.010848857 319 -215 332 -208
person 0.010848852 971 337 985 359
person 0.010848065 339 -215 352 -208
person 0.010847501 557 -215 570 -208
person 0.010847071 359 -215 372 -208
person 0.010845681 379 -215 392 -208
person 0.010845303 398 -215 412 -208
person 0.010841808 418 -215 431 -208
person 0.010837939 438 -215 451 -208
person 0.010832863 503 506 518 533
person 0.010823343 918 -200 926 -167
person 0.0108163925 697 672 710 700
person 0.010815172 779 511 822 631
person 0.010813877 76 362 90 373
person 0.010811194 111 428 146 475
person 0.010789758 232 315 257 333
person 0.010789051 119 122 139 144
person 0.01078732 711 254 745 306
person 0.010786169 0 702 5 741
person 0.010778088 577 -215 590 -208
person 0.010764573 161 -215 174 -208
person 0.010762791 0 682 5 722
person 0.010760638 970 27 985 48
person 0.010750594 455 311 482 337
person 0.010750568 117 448 139 472
person 0.0107474895 78 539 96 563
person 0.010744758 306 90 315 104
person 0.010743926 1022 338 1028 354
person 0.01072429 622 399 631 428
person 0.01071542 592 647 612 712
person 0.010711353 876 387 894 417
person 0.010701403 676 -215 689 -208
person 0.010688871 516 -79 531 -55
person 0.010688275 664 -135 692 -55
person 0.010679702 1023 599 1030 612
person 0.010660202 882 334 959 474
person 0.010651375 758 600 766 616
person 0.010649803 598 632 610 661
person 0.010644654 719 -200 730 -168
person 0.010644513 163 264 184 284
person 0.010644488 147 681 217 832
person 0.010641822 815 368 834 396
person 0.010637756 1025 65 1031 79
person 0.010635664 152 146 166 164
person 0.010633085 1023 360 1029 377
person 0.010625948 53 372 70 394
person 0.010623388 44 705 58 734
person 0.010620367 496 -79 512 -57
person 0.01061422 720 -184 733 -132
person 0.010604145 739 -200 750 -168
person 0.010599868 1021 -26 1030 21
person 0.010598353 696 333 717 362
person 0.010585725 750 159 768 181
person 0.010582325 359 -98 373 -73
person 0.010570947 181 693 195 719
person 0.010563788 112 282 134 304
person 0.010553053 44 196 60 222
person 0.010550916 892 652 905 678
person 0.010550694 849 371 869 400
person 0.010546871 201 693 215 719
person 0.010535014 221 693 235 719
person 0.010531023 596 -215 610 -208
person 0.010515056 521 3 535 21
person 0.010505951 950 -101 968 -37
person 0.0105056735 141 -215 154 -208
person 0.010505426 240 231 260 258
person 0.010500153 240 693 254 719
person 0.0104977805 340 634 353 663
person 0.010496389 535 711 554 779
person 0.010496195 678 -183 695 -132
person 0.010492294 1014 446 1031 516
person 0.0104893 918 -139 931 -89
person 0.010475253 161 693 175 719
person 0.010465712 890 180 908 202
person 0.010460456 957 708 1004 824
person 0.010453232 260 693 274 719
person 0.010453033 871 180 888 202
person 0.010446935 778 602 787 617
person 0.01044421 722 94 757 137
person 0.010423963 444 20 475 67
person 0.010422871 21 766 35 797
person 0.0104199555 0 -3 5 31
person 0.010415871 616 -215 630 -208
person 0.010411826 832 652 846 677
person 0.010394532 339 -98 353 -73
person 0.010394159 759 42 769 52
person 0.010382159 81 375 93 387
person 0.010377334 288 430 315 451
person 0.010372766 577 693 591 719
person 0.010366121 813 652 826 677
person 0.010364615 404 61 418 80
person 0.010352077 423 595 431 624
person 0.010347247 674 710 690 736
person 0.010341344 882 -52 912 20
person 0.010339613 557 693 571 719
person 0.010333647 280 693 294 719
person 0.010333442 162 602 170 616
person 0.010326101 972 271 995 314
person 0.010322613 603 435 612 464
person 0.010315308 438 693 453 719
person 0.010313405 1024 725 1031 762
person 0.010301545 642 -183 654 -136
person 0.0102954265 129 464 164 513
person 0.010288301 -3 708 9 734
person 0.010281822 973 220 990 246
person 0.010276892 1021 433 1033 462
person 0.010276694 419 693 433 719
person 0.010276088 957 318 966 331
person 0.010271834 558 -136 571 -92
person 0.0102627445 319 -98 334 -73
person 0.010253972 479 144 496 156
person 0.010252555 608 271 713 390
person 0.010250605 538 434 550 448
person 0.010245632 656 -215 669 -208
person 0.010242248 412 254 432 273
person 0.010242108 299 363 314 372
person 0.010238184 216 478 238 498
person 0.010234943 597 693 611 719
person 0.010233894 468 528 489 556
person 0.010231157 257 311 288 332
person 0.010230915 759 -200 770 -167
person 0.010228095 312 495 333 515
person 0.010216777 454 399 462 422
person 0.010215094 458 693 472 719
person 0.010208042 -3 389 10 416
person 0.010201368 537 693 552 719
person 0.010201002 732 329 751 356
person 0.010200852 555 136 567 156
person 0.010196871 829 369 848 398
person 0.01018577 417 -1 468 109
person 0.010167959 701 419 711 447
person 0.0101527665 93 68 170 212
person 0.010144402 300 693 314 719
person 0.010144283 301 127 316 144
person 0.010138587 636 -215 649 -208
person 0.010133462 495 711 514 779
person 0.010131966 119 -140 137 -91
person 0.0101301735 476 -80 494 -58
person 0.010120586 538 436 552 463
person 0.010107261 122 -93 141 -43
person 0.010103473 278 376 295 386
person 0.010094655 478 693 492 719
person 0.0100913765 302 680 374 827
person 0.01008972 661 614 668 631
person 0.010089597 59 -58 81 -4
person 0.010068795 436 195 458 215
person 0.010066885 25 432 40 461
person 0.0100655975 398 -118 425 -25
person 0.010064723 223 602 232 616
person 0.010060349 141 693 155 719
person 0.0100575425 872 652 886 677
person 0.010055587 881 182 937 263
person 0.010049109 1021 414 1033 443
person 0.010045961 784 679 850 832
person 0.010044936 996 319 1011 340
person 0.0100422185 429 11 463 87
person 0.010039138 297 141 314 161
person 0.010028003 121 -215 134 -208
person 0.010026342 518 693 532 719
person 0.010023082 749 349 770 377
person 0.010019907 0 504 5 543
person 0.010017056 852 652 866 677
person 0.01001202 399 693 413 719
person 0.010010446 498 693 512 719
person 0.010000471 91 174 100 190
