person 0.7681518 874 183 893 210
person 0.76628274 852 159 869 181
person 0.766064 1066 207 1084 235
person 0.7551135 343 195 363 220
person 0.753369 922 275 955 315
person 0.75313735 836 223 864 258
person 0.7419956 769 187 789 216
person 0.73922503 429 187 448 211
person 0.73583454 691 178 710 202
person 0.73527676 1018 203 1036 229
person 0.7349121 593 246 624 283
person 0.7302316 983 190 1002 215
person 0.72945243 818 172 836 197
person 0.7261959 1054 162 1071 185
person 0.7206348 259 229 280 253
person 0.72048116 637 173 656 197
person 0.71970284 974 229 1001 264
person 0.71766233 932 179 950 204
person 0.71517825 891 161 909 186
person 0.7142072 424 216 445 242
person 0.7060004 1007 280 1039 323
person 0.70407903 778 158 796 181
person 0.702362 912 143 929 164
person 0.6997831 493 171 511 193
person 0.6983277 659 157 676 179
person 0.69782835 1082 182 1099 208
person 0.696172 1087 249 1113 286
person 0.69506913 624 160 641 180
person 0.6930053 701 159 718 180
person 0.69267744 640 224 668 255
person 0.69012415 765 298 810 350
person 0.69007564 1111 209 1128 235
person 0.68911 1040 239 1066 275
person 0.6829916 717 206 744 237
person 0.67655134 1097 298 1127 341
person 0.6704602 757 134 773 154
person 0.6677364 1136 174 1153 195
person 0.6658528 538 165 556 187
person 0.6650412 794 245 826 284
person 0.6587301 554 213 575 241
person 0.6568162 827 147 843 167
person 0.6502117 785 213 812 245
person 0.6421108 524 201 544 227
person 0.63640887 343 233 369 264
person 0.6284677 1123 236 1142 265
person 0.62809724 885 257 915 294
person 0.62581134 811 144 827 165
person 0.62235516 390 239 419 270
person 0.6160606 846 317 890 374
person 0.6131885 706 277 744 320
person 0.6114045 482 220 503 247
person 0.6107126 646 260 680 299
person 0.6105186 606 171 624 192
person 0.60135436 487 192 506 215
person 0.59718174 673 140 689 159
person 0.5959507 943 152 960 172
person 0.5925176 569 149 585 167
person 0.5901572 691 140 708 158
person 0.576036 998 217 1018 246
person 0.56661296 127 318 184 388
person 0.55323774 608 208 629 236
person 0.54890364 458 216 479 242
person 0.5386139 312 219 334 247
person 0.53385836 1009 178 1027 202
person 0.5301555 1136 214 1154 239
person 0.52608645 991 329 1025 374
person 0.51844376 467 163 484 186
person 0.50353825 726 146 743 165
person 0.50178766 740 129 756 147
person 0.49636546 920 169 938 193
person 0.49592277 1035 180 1053 206
person 0.48311746 556 178 575 201
person 0.46125636 1127 193 1144 218
person 0.4440459 723 162 741 182
person 0.43698454 942 170 961 196
person 0.36570856 1015 174 1032 197
person 0.35185036 570 204 592 230
person 0.3398438 798 140 815 160
person 0.23562288 981 172 999 193
person 0.19639549 379 245 408 277
person 0.18973845 731 142 744 162
person 0.18920772 1061 246 1081 276
person 0.14374259 1140 238 1159 265
person 0.12096596 1135 179 1151 203
person 0.109094694 567 193 590 218
person 0.107292674 819 210 839 239
person 0.09341797 573 167 594 189
person 0.0816895 770 163 790 186
person 0.058863048 834 167 853 191
person 0.057957985 694 141 705 155
person 0.051330287 743 131 754 145
person 0.03717521 675 142 686 155
person 0.033938885 813 142 824 159
person 0.032612797 1111 288 1133 318
person 0.028462907 830 207 852 236
person 0.027754253 545 181 576 213
person 0.025124615 639 217 663 245
person 0.022519836 571 190 601 221
person 0.020477194 759 137 770 151
person 0.01923809 801 141 812 155
person 0.018806934 669 226 703 260
person 0.016556703 604 178 623 202
person 0.012711626 982 322 1033 388
person 0.012201694 830 148 841 162
person 0.012150334 424 225 447 251
person 0.011496086 711 259 736 288
person 0.011469992 1039 203 1060 230
person 0.010975424 829 188 851 215
person 0.010488285 462 188 483 213
