person 0.6946037 362 137 392 170
person 0.68681866 159 186 187 224
person 0.67285365 206 172 237 213
person 0.6319363 304 133 335 169
person 0.62723815 683 171 735 234
person 0.57840335 569 145 608 196
person 0.5730724 481 132 524 184
person 0.5658556 601 158 652 222
person 0.562482 338 138 368 170
person 0.4520311 386 132 408 158
person 0.38985702 368 196 415 247
person 0.27030218 283 147 306 172
person 0.21647055 457 152 493 193
person 0.157513 467 121 491 148
person 0.09365376 686 191 740 259
person 0.090367146 280 153 311 187
person 0.01870795 495 151 528 192
person 0.018264685 370 167 412 208
person 0.017912889 244 187 278 222
person 0.016058551 308 123 330 148
person 0.015167637 365 174 416 226
person 0.010673221 550 252 611 322
