person 0.76704586 830 78 846 99
person 0.7564981 545 92 562 115
person 0.7559936 784 67 798 87
person 0.7391237 570 148 600 187
person 0.72805256 961 147 984 179
person 0.725928 575 93 592 115
person 0.72228837 857 129 880 159
person 0.7138133 814 71 828 91
person 0.71011615 880 169 907 206
person 0.7086916 614 86 630 107
person 0.706521 759 154 785 188
person 0.7012831 912 134 935 165
person 0.7005267 341 99 357 119
person 0.7000894 307 114 323 135
person 0.69913983 647 78 663 99
person 0.6991166 694 53 708 75
person 0.6980384 364 132 383 156
person 0.6928111 424 128 447 156
person 0.69221777 793 98 810 121
person 0.69160426 979 118 996 143
person 0.6905254 652 123 675 152
person 0.68807673 828 123 850 154
person 0.6863731 715 122 739 153
person 0.68624264 798 124 820 154
person 0.6842066 770 204 804 249
person 0.6812958 749 53 763 72
person 0.673361 949 179 975 216
person 0.6679625 515 93 531 114
person 0.66793257 410 104 427 125
person 0.66627187 821 160 845 193
person 0.66280466 627 177 655 214
person 0.6572136 836 226 871 272
person 0.65636873 464 87 480 108
person 0.6490557 515 76 529 93
person 0.64827436 491 73 505 90
person 0.6472811 588 78 603 97
person 0.6423491 693 173 727 218
person 0.640368 924 229 957 275
person 0.6377115 518 145 546 180
person 0.632959 748 113 770 142
person 0.6288638 655 60 670 79
person 0.62800336 320 120 337 142
person 0.62353617 744 96 760 118
person 0.6227216 335 130 353 153
person 0.61822426 691 89 707 110
person 0.61815363 450 74 465 91
person 0.6121816 623 67 637 86
person 0.6065679 371 101 388 122
person 0.6064518 553 67 567 86
person 0.606433 88 223 129 269
person 0.6048069 571 65 585 83
person 0.59613407 502 115 525 143
person 0.59243965 445 86 461 105
person 0.5847268 728 52 742 71
person 0.57685125 636 57 649 74
person 0.56463414 646 103 664 127
person 0.5430744 723 76 740 101
person 0.535398 608 57 622 74
person 0.52671707 722 59 737 79
person 0.5155369 397 108 414 129
person 0.5042688 755 80 770 101
person 0.49745303 435 108 453 130
person 0.485543 397 133 415 158
person 0.48399103 707 104 724 128
person 0.47630757 532 76 546 94
person 0.47530735 931 122 948 148
person 0.46537027 531 61 541 76
person 0.45674223 475 77 491 96
person 0.42239076 601 61 615 78
person 0.41921493 455 118 475 143
person 0.22250381 595 128 616 154
person 0.18374327 785 93 801 115
person 0.08875302 689 64 705 84
person 0.08228329 460 124 479 146
person 0.081995286 725 73 749 103
person 0.07901849 554 64 565 79
person 0.07643434 587 87 604 106
person 0.06145914 484 85 501 104
person 0.055897217 681 76 697 96
person 0.055183947 794 78 810 98
person 0.046661682 620 68 644 95
person 0.04646926 611 59 620 71
person 0.04298047 730 81 740 100
person 0.041756444 801 250 838 296
person 0.040758267 343 110 361 132
person 0.039775383 638 58 647 71
person 0.034854706 575 65 584 77
person 0.029535618 584 75 608 101
person 0.028618693 493 73 503 86
person 0.028364344 603 62 612 75
person 0.022269059 517 75 527 88
person 0.022068614 832 83 849 105
person 0.01970867 739 113 759 139
person 0.017750842 573 68 582 79
person 0.015973588 539 89 556 110
person 0.012972883 452 75 463 86
person 0.0129436515 374 106 385 124
person 0.011627265 433 100 452 121
person 0.011394251 477 77 488 89
person 0.010434888 565 113 584 137
