person 0.7105713 941 127 964 158
person 0.68743056 168 123 185 148
person 0.66097164 482 83 497 104
person 0.65718603 495 95 511 116
person 0.6442212 417 125 440 154
person 0.6303492 127 120 142 142
person 0.6208576 570 99 587 122
person 0.59806305 349 117 366 140
person 0.5946856 511 81 525 100
person 0.59070706 642 139 665 173
person 0.5867012 963 110 980 133
person 0.5783246 981 120 1004 150
person 0.5716457 114 134 131 160
person 0.5616372 144 145 167 175
person 0.5259967 444 81 459 100
person 0.52540267 300 109 315 128
person 0.4915823 925 105 941 127
person 0.48726714 913 134 932 161
person 0.4303985 315 113 330 131
person 0.3733003 196 229 233 272
person 0.35900977 281 119 296 136
person 0.28733072 995 167 1020 206
person 0.24387099 109 172 135 206
person 0.24293222 581 122 605 151
person 0.2276674 464 46 478 66
person 0.2133032 156 171 198 230
person 0.19473591 418 168 443 198
person 0.19083624 573 103 591 127
person 0.19067615 506 78 527 104
person 0.18299833 116 142 134 166
person 0.17085254 162 169 195 205
person 0.17056747 954 493 1007 588
person 0.16812882 639 30 653 48
person 0.16035938 30 285 66 351
person 0.15855742 298 130 314 149
person 0.1501937 418 117 440 144
person 0.14989819 993 125 1018 160
person 0.1375755 736 153 758 183
person 0.13611719 159 198 190 236
person 0.13598269 296 105 320 132
person 0.1338525 302 103 316 120
person 0.13255611 303 110 313 122
person 0.13216956 161 151 181 175
person 0.1320555 160 116 193 157
person 0.13008691 283 120 293 131
person 0.12967981 643 130 660 155
person 0.1293854 442 83 464 110
person 0.1267147 337 123 355 145
person 0.12611341 467 42 481 60
person 0.12168054 262 140 279 159
person 0.117671005 319 126 338 146
person 0.11414891 360 132 386 161
person 0.11200141 138 132 156 155
person 0.10936077 512 88 537 116
person 0.10755277 96 161 136 220
person 0.10696971 987 157 1023 219
person 0.103535786 1032 204 1042 264
person 0.10227689 943 108 961 131
person 0.0986963 542 88 559 108
person 0.09782577 318 114 328 126
person 0.09502712 456 72 473 90
person 0.09402807 1033 607 1042 673
person 0.09365817 905 125 933 169
person 0.09229484 516 85 526 102
person 0.09137878 641 32 650 44
person 0.08985081 374 496 389 521
person 0.08879376 356 118 366 137
person 0.088287465 83 424 98 452
person 0.08711802 259 137 284 163
person 0.08710975 635 58 650 76
person 0.08688047 470 44 478 56
person 0.086698405 447 81 457 94
person 0.08511651 596 110 620 138
person 0.084937945 978 218 1010 267
person 0.08437649 467 49 475 62
person 0.0835984 1023 207 1045 264
person 0.0823217 280 127 298 145
person 0.07994085 573 100 583 119
person 0.078848 484 85 494 96
person 0.07853158 133 120 148 141
person 0.0784412 405 127 425 151
person 0.078413956 211 134 237 160
person 0.07825076 428 86 445 106
person 0.078128725 294 129 319 156
person 0.07793492 439 133 465 162
person 0.07514531 962 130 982 154
person 0.07437627 513 83 522 96
person 0.073825404 497 111 515 132
person 0.07376049 170 123 181 140
person 0.07292408 457 87 475 107
person 0.07285562 564 90 594 132
person 0.072527125 905 111 923 134
person 0.07245338 647 161 674 197
person 0.07052196 638 61 647 72
person 0.070316166 346 107 376 148
person 0.06942242 174 267 241 345
person 0.06883859 906 439 923 461
person 0.067658715 356 127 374 150
person 0.067361504 185 283 231 328
person 0.066963315 263 166 289 195
person 0.065238714 304 106 314 116
person 0.06454525 749 80 763 98
person 0.06453377 710 93 724 113
person 0.064339325 163 174 189 196
person 0.06415695 172 172 196 194
person 0.064040765 430 81 445 99
person 0.06359286 595 128 623 160
person 0.062847726 0 102 10 144
person 0.06262835 984 164 1009 198
person 0.06246045 516 84 526 95
person 0.061618105 114 135 123 154
person 0.06094773 493 129 518 157
person 0.060821597 682 107 698 129
person 0.060079746 482 106 500 128
person 0.06004385 636 130 672 190
person 0.05995049 846 132 871 163
person 0.05979277 55 428 87 514
person 0.05938305 682 98 707 128
person 0.05922581 1032 567 1040 639
person 0.05886761 174 120 190 137
person 0.058866024 714 96 729 116
person 0.058323912 176 155 195 177
person 0.057101525 641 107 665 136
person 0.055488322 541 77 558 94
person 0.055484094 200 176 230 206
person 0.055232495 54 433 71 461
person 0.055036195 450 59 465 78
person 0.054963645 -4 -227 9 -203
person 0.054416046 689 132 715 162
person 0.053677313 462 36 483 64
person 0.053360127 1031 -225 1041 -178
person 0.053220116 966 233 1005 296
person 0.052825257 979 110 1013 175
person 0.05239036 918 97 949 140
person 0.0522422 435 156 454 178
person 0.051966466 642 157 681 215
person 0.05141692 1030 530 1038 605
person 0.05126858 497 88 508 111
person 0.050831914 43 492 89 607
person 0.050037555 627 72 643 91
person 0.049921464 162 287 258 431
person 0.04940548 120 109 151 150
person 0.04927502 404 115 423 137
person 0.048305858 0 -230 6 -202
person 0.048242893 940 417 993 515
person 0.04812243 535 140 561 169
person 0.047941767 1029 100 1041 138
person 0.047935728 137 147 217 279
person 0.0479319 417 153 437 176
person 0.047899116 1014 480 1025 561
person 0.04781868 -3 -218 18 -124
person 0.047790665 41 287 53 315
person 0.04778497 153 332 172 351
person 0.047594063 476 457 491 483
person 0.047582254 446 88 456 99
person 0.047504637 608 68 623 86
person 0.047224894 657 147 675 172
person 0.047070295 -4 -226 8 -220
person 0.046950568 356 42 370 59
person 0.04693892 178 305 244 382
person 0.04658972 1031 130 1046 154
person 0.046194106 0 145 5 175
person 0.046174396 577 117 609 159
person 0.04586224 973 238 997 275
person 0.045764465 1036 127 1042 157
person 0.045622148 156 242 255 379
person 0.04549022 724 89 749 119
person 0.045255814 377 133 396 155
person 0.045253534 287 237 326 281
person 0.045081113 568 78 584 97
person 0.044927683 318 377 336 395
person 0.0449176 645 76 662 95
person 0.04490316 1031 112 1046 136
person 0.044731323 596 131 615 154
person 0.04438673 514 75 530 104
person 0.04406566 1032 240 1041 299
person 0.044019643 413 160 456 217
person 0.043519475 111 131 126 162
person 0.043422777 -5 350 20 435
person 0.043215185 107 155 124 179
person 0.042728234 401 153 420 175
person 0.042591866 727 159 766 217
person 0.04255661 133 172 152 195
person 0.041647553 977 147 998 170
person 0.04137838 908 143 926 170
person 0.04131043 1032 90 1046 113
person 0.04113736 1031 56 1042 95
person 0.04105882 110 168 124 203
person 0.040697515 610 173 636 206
person 0.04059704 459 110 478 131
person 0.04051543 293 232 324 263
person 0.040478233 -6 182 20 258
person 0.040383082 423 129 434 148
person 0.0402941 1033 649 1042 706
person 0.040168367 158 376 250 535
person 0.04012791 559 134 579 156
person 0.04002108 1036 110 1042 137
person 0.039779034 898 164 924 198
person 0.03955043 132 123 170 188
person 0.03939197 129 124 139 136
person 0.039176695 0 305 8 378
person 0.038982313 439 111 459 133
person 0.038975447 159 349 180 370
person 0.03885218 0 107 7 137
person 0.03871984 211 96 236 122
person 0.038677394 932 394 1003 551
person 0.038357165 518 110 535 131
person 0.038315218 407 119 447 178
person 0.038291547 0 164 5 198
person 0.038242735 845 93 869 122
person 0.038211755 583 75 600 94
person 0.038195193 1036 89 1042 114
person 0.038143508 916 163 943 197
person 0.038124748 301 131 312 144
person 0.038112633 54 260 76 318
person 0.03804857 630 61 645 78
person 0.03795483 587 126 598 147
person 0.037827134 1030 -227 1042 -219
person 0.037478305 986 118 998 138
person 0.037034854 961 682 989 767
person 0.036916815 743 87 760 108
person 0.036895372 1020 -204 1047 -127
person 0.036821358 1032 -190 1041 -135
person 0.036672346 1029 -228 1044 -205
person 0.036619652 485 82 517 125
person 0.036542412 373 148 392 170
person 0.036457542 -2 109 11 134
person 0.036425915 817 131 841 161
person 0.036265485 995 117 1012 141
person 0.036162306 451 61 462 74
person 0.0360562 494 168 523 198
person 0.03601753 368 54 391 83
person 0.03582775 1032 277 1041 334
person 0.03575039 884 136 903 159
person 0.035459235 846 170 872 205
person 0.03543305 606 96 624 117
person 0.035298478 769 362 847 514
person 0.035242178 778 -17 799 19
person 0.03522172 744 73 766 101
person 0.035218436 763 132 788 163
person 0.03518831 910 164 950 223
person 0.035171755 568 66 592 93
person 0.034907937 487 168 529 224
person 0.034868527 1036 71 1042 97
person 0.034777433 63 468 137 621
person 0.034681227 667 69 684 87
person 0.03456418 277 174 308 204
person 0.034536496 621 322 713 471
person 0.034409367 1022 -136 1046 -44
person 0.034398247 809 178 848 238
person 0.03439184 567 161 607 218
person 0.034311812 0 -231 8 -180
person 0.034266062 679 69 695 87
person 0.034099814 436 170 465 202
person 0.03396486 -4 147 9 172
person 0.033931803 685 170 712 204
person 0.03386846 839 88 855 106
person 0.03371955 731 -15 753 17
person 0.033671796 680 94 697 113
person 0.03353865 45 425 63 454
person 0.03349752 173 287 216 331
person 0.033352762 623 57 646 84
person 0.033263482 973 56 994 86
person 0.03321363 732 147 762 190
person 0.03305877 638 55 662 83
person 0.032967873 966 -212 979 -172
person 0.03279324 269 234 339 304
person 0.03268177 43 -227 59 -211
person 0.032678228 570 167 599 200
person 0.032572024 917 135 929 156
person 0.032559272 603 31 619 49
person 0.032534905 820 94 844 123
person 0.0325227 37 401 103 535
person 0.03246346 632 63 642 75
person 0.032455463 -2 -150 15 -34
person 0.03237581 658 135 676 159
person 0.03222544 -4 168 8 194
person 0.0321707 422 72 445 99
person 0.03203935 618 90 635 110
person 0.032031577 578 148 597 169
person 0.032005966 25 -227 38 -220
person 0.032000985 1033 685 1042 747
person 0.031955656 928 109 938 120
person 0.031952087 272 356 294 374
person 0.03188624 1032 72 1046 96
person 0.031796902 66 463 82 491
person 0.031681966 623 150 642 173
person 0.031670514 739 162 755 188
person 0.031461377 382 116 400 137
person 0.031454664 925 116 962 180
person 0.031365916 900 93 916 113
person 0.031365655 644 87 660 107
person 0.031358045 0 129 7 156
person 0.031321246 148 316 165 336
person 0.0311203 241 254 282 297
person 0.031043202 0 181 6 217
person 0.030898534 24 -227 40 -211
person 0.030876832 369 386 384 407
person 0.030868478 301 146 320 166
person 0.030771788 929 60 952 92
person 0.030763157 248 100 274 126
person 0.030428674 171 248 207 282
person 0.030386342 751 82 760 94
person 0.030316932 117 130 129 149
person 0.030087655 477 42 492 58
person 0.030073773 631 33 646 52
person 0.03005172 160 -90 201 46
person 0.030026546 634 27 655 57
person 0.029804613 0 168 8 220
person 0.029650733 801 234 842 292
person 0.02962633 332 57 356 86
person 0.02958181 729 133 745 157
person 0.029131671 964 -77 991 13
person 0.029055674 77 484 95 510
person 0.02898385 974 485 1004 506
person 0.028948208 684 60 700 77
person 0.028893953 703 72 719 90
person 0.0287499 111 118 125 137
person 0.02873358 997 152 1017 176
person 0.028545631 827 90 844 109
person 0.028466493 321 183 350 213
person 0.028367827 815 170 840 204
person 0.028290752 979 99 996 120
person 0.028266205 364 150 383 172
person 0.028202772 330 239 400 310
person 0.028133288 405 98 423 117
person 0.028059023 7 259 88 375
person 0.028047996 0 200 5 238
person 0.028035928 841 80 857 98
person 0.027986446 783 -226 795 -219
person 0.027975548 347 97 362 116
person 0.027958779 764 96 788 126
person 0.027949229 803 -226 815 -219
person 0.02792579 660 61 676 78
person 0.02786749 941 97 957 117
person 0.027844096 275 333 297 351
person 0.027824663 318 146 336 166
person 0.027805338 823 -226 835 -219
person 0.027804013 897 711 928 799
person 0.02780289 359 44 366 57
person 0.027796041 724 75 741 93
person 0.027793292 661 167 680 191
person 0.027740443 538 110 557 131
person 0.027704053 144 297 164 316
person 0.027656464 843 -226 855 -219
person 0.027628575 351 118 363 132
person 0.027568446 780 380 838 474
person 0.027555725 150 150 161 172
person 0.027526492 767 169 793 203
person 0.02750246 -8 561 27 699
person 0.02742619 458 131 477 152
person 0.027409583 577 105 588 124
person 0.027409125 604 61 621 78
person 0.027307378 40 292 58 344
person 0.027274225 863 -226 875 -219
person 0.027160536 930 -216 945 -168
person 0.027128037 763 -226 775 -219
person 0.027109003 813 719 845 807
person 0.027096163 638 166 658 190
person 0.026983816 324 100 339 118
person 0.026944626 43 -227 57 -220
person 0.026943363 170 58 193 88
person 0.026865553 1000 -227 1013 -220
person 0.026695644 211 237 235 258
person 0.026507983 257 171 305 228
person 0.026403315 100 103 123 131
person 0.026396478 0 268 7 337
person 0.026357407 86 250 152 332
person 0.026277974 937 153 954 178
person 0.026236795 903 444 921 467
person 0.02615347 653 356 739 540
person 0.026122795 662 63 674 75
person 0.026086586 700 111 717 134
person 0.026082499 103 131 134 176
person 0.026056383 -3 185 9 212
person 0.026006969 0 88 6 116
person 0.025974682 238 290 280 334
person 0.025958326 74 467 92 494
person 0.025926976 420 203 447 235
person 0.025895515 1000 453 1010 515
person 0.025894655 366 169 393 199
person 0.025798198 647 77 659 89
person 0.025753273 0 140 9 181
person 0.025738208 57 66 78 98
person 0.025616223 348 41 362 58
person 0.025609702 23 106 38 129
person 0.025566688 883 -226 895 -219
person 0.025548147 743 -226 755 -219
person 0.025533237 268 120 285 136
person 0.025487423 878 111 896 132
person 0.025486285 783 -227 797 -205
person 0.025477128 1036 46 1042 74
person 0.025471248 347 172 393 230
person 0.025326127 763 -227 777 -205
person 0.025241546 804 -227 817 -205
person 0.025207264 918 164 935 187
person 0.025088755 878 154 896 177
person 0.025042709 481 44 489 56
person 0.024943048 258 163 293 206
person 0.024908502 824 -227 837 -205
person 0.024827085 266 96 306 159
person 0.024824096 628 73 641 86
person 0.024808535 743 -227 757 -206
person 0.02479334 962 99 979 120
person 0.024668675 844 -227 857 -205
person 0.024636531 670 71 681 83
person 0.024585444 54 91 77 121
person 0.02453545 78 453 95 481
person 0.02450334 294 61 318 90
person 0.02448762 -3 131 11 155
person 0.024473187 261 353 284 373
person 0.02441096 175 128 186 145
person 0.02439168 618 135 636 158
person 0.024372388 55 693 74 759
person 0.024311598 864 -227 877 -205
person 0.02424206 211 59 235 90
person 0.024206862 863 89 880 108
person 0.024161844 966 112 978 124
person 0.024052545 321 128 335 141
person 0.024050826 723 -227 737 -207
person 0.023930406 -5 654 13 778
person 0.023926606 681 71 692 82
person 0.02392365 721 110 737 132
person 0.023884522 37 173 51 200
person 0.023861133 735 134 751 157
person 0.023712387 516 173 546 205
person 0.02370902 0 240 4 278
person 0.02356952 66 418 80 443
person 0.023547385 413 111 446 152
person 0.023517275 999 -227 1015 -211
person 0.023247933 762 91 778 111
person 0.023244198 0 344 8 422
person 0.023167046 976 466 1003 489
person 0.023110494 723 -227 735 -219
person 0.023095325 636 344 699 434
person 0.023085915 883 -227 897 -205
person 0.023037726 501 70 532 111
person 0.023012381 913 133 923 154
person 0.022985347 222 109 238 125
person 0.02295774 881 94 898 113
person 0.022905068 149 328 166 348
person 0.022884136 805 74 821 92
person 0.022881033 947 132 959 153
person 0.022815997 0 -217 8 -142
person 0.022814816 609 22 617 34
person 0.022813084 686 57 710 86
person 0.022811618 687 62 697 73
person 0.022800086 208 245 236 267
person 0.022791795 149 94 203 183
person 0.022786565 200 235 226 255
person 0.022706484 284 316 304 334
person 0.022702454 418 189 440 212
person 0.022691354 702 -227 717 -208
person 0.022660945 1036 149 1041 179
person 0.022591934 897 -222 913 -168
person 0.022491347 765 79 780 97
person 0.022446327 856 203 881 237
person 0.022414707 0 220 4 260
person 0.02233936 903 -227 915 -219
person 0.022251649 58 265 72 311
person 0.022207648 78 325 91 352
person 0.02219713 759 112 776 133
person 0.022167562 1021 240 1044 298
person 0.022158885 966 -179 979 -135
person 0.022109397 27 139 42 160
person 0.022108737 97 710 126 807
person 0.022090403 41 303 55 333
person 0.021963727 436 70 466 111
person 0.021905947 821 77 837 95
person 0.021811128 261 377 306 423
person 0.021810874 960 147 980 171
person 0.021770177 188 318 235 365
person 0.021768406 0 281 5 319
person 0.021743877 432 83 443 95
person 0.021702692 77 140 159 278
person 0.021641523 541 134 559 156
person 0.021632927 0 260 5 300
person 0.021610357 363 97 379 116
person 0.021581123 0 1 5 36
person 0.021568634 431 263 499 336
person 0.021545937 -3 90 10 113
person 0.021529684 976 315 1030 404
person 0.021497015 400 395 414 418
person 0.021469574 480 129 499 150
person 0.021460779 982 -227 998 -211
person 0.021422798 497 270 566 346
person 0.021369057 -1 76 25 149
person 0.021305822 911 235 953 295
person 0.021286586 807 241 831 278
person 0.021285001 805 89 821 108
person 0.021281054 213 337 336 462
person 0.021195494 384 92 400 111
person 0.021186016 903 -227 917 -206
person 0.02117589 682 -227 697 -208
person 0.021127779 559 148 579 169
person 0.021105273 238 359 340 521
person 0.021084685 610 71 620 81
person 0.021074353 841 114 858 134
person 0.021059617 859 133 876 156
person 0.021025732 982 -227 995 -220
person 0.020977903 328 603 341 651
person 0.020927284 666 93 683 111
person 0.020874895 252 343 291 388
person 0.020783907 840 133 857 156
person 0.020771652 241 365 315 436
person 0.020754784 291 100 325 142
person 0.020746538 845 743 866 811
person 0.020726489 368 698 390 761
person 0.020682534 1032 786 1038 830
person 0.02067082 702 -227 715 -220
person 0.020598419 53 132 77 164
person 0.020588527 770 328 866 472
person 0.020588126 65 253 77 281
person 0.020575555 37 408 52 437
person 0.020573733 784 91 800 110
person 0.020539513 645 -214 673 -132
person 0.02053847 606 33 616 46
person 0.020522717 865 111 882 131
person 0.02048228 805 742 826 811
person 0.020480394 814 -19 834 19
person 0.020466987 575 100 586 112
person 0.020466562 524 -177 550 -90
person 0.020437755 480 56 497 76
person 0.020436198 885 742 906 811
person 0.020426044 408 698 430 761
person 0.020418886 821 93 858 155
person 0.02041701 620 113 638 134
person 0.02038312 1010 3 1038 85
person 0.020362737 364 -178 390 -93
person 0.020348886 633 35 643 48
person 0.020210296 863 78 879 96
person 0.020177558 730 722 762 810
person 0.02015424 172 -216 200 -138
person 0.020087095 171 718 203 810
person 0.020044057 -18 324 42 458
person 0.020029884 968 698 987 748
person 0.02001735 712 95 721 107
person 0.01998236 966 136 1041 280
person 0.019962218 525 60 540 78
person 0.019955344 196 474 214 486
person 0.019939417 598 153 617 174
person 0.019930562 1036 227 1042 257
person 0.019916717 126 209 154 246
person 0.019793332 448 698 470 761
person 0.019789223 765 742 786 811
person 0.019741395 767 -136 791 -85
person 0.019696042 47 373 59 401
person 0.019680899 497 87 537 147
person 0.019678088 824 109 841 129
person 0.019608017 260 366 286 385
person 0.019585688 786 75 802 93
person 0.019581003 1035 246 1041 276
person 0.019555265 509 483 526 508
person 0.019505175 336 152 355 171
person 0.019491686 79 503 102 529
person 0.019382983 702 60 717 77
person 0.019373357 517 134 536 155
person 0.019369032 355 131 391 173
person 0.019355975 80 137 96 156
person 0.019328034 48 321 57 351
person 0.019320536 328 698 350 761
person 0.01929125 398 170 419 193
person 0.019274274 1033 48 1045 73
person 0.019269291 110 -90 151 44
person 0.019246029 218 394 235 405
person 0.01921857 915 422 975 519
person 0.019203328 573 -212 601 -132
person 0.019179922 354 -206 383 -129
person 0.019177042 0 583 4 621
person 0.01917128 848 698 871 760
person 0.019150576 0 299 5 339
person 0.01914551 725 742 746 812
person 0.019122498 717 98 727 109
person 0.019108824 215 392 239 408
person 0.019074775 132 56 155 88
person 0.018996343 662 -227 677 -209
person 0.018957846 922 -227 937 -208
person 0.01894301 650 722 682 811
person 0.018936804 926 -61 954 19
person 0.01887143 255 334 279 352
person 0.018848475 683 129 700 154
person 0.018844182 508 58 523 77
person 0.018822942 1032 -151 1041 -93
person 0.0188196 732 326 829 475
person 0.018787397 891 55 914 86
person 0.018781096 727 150 744 176
person 0.018758778 494 -211 522 -131
person 0.018708225 705 73 716 85
person 0.018702488 685 742 706 812
person 0.018688232 647 130 657 150
person 0.018677436 248 218 351 354
person 0.018647647 496 286 596 435
person 0.018637616 914 429 931 452
person 0.018616427 101 506 125 533
person 0.018577846 -14 177 28 273
person 0.018573416 49 384 62 413
person 0.018556071 803 113 819 134
person 0.018540211 808 698 831 760
person 0.018509123 604 117 614 136
person 0.01843625 288 698 310 761
person 0.018385286 922 -227 935 -220
person 0.018358966 645 742 666 812
person 0.01834366 323 211 355 243
person 0.018343285 155 183 189 206
person 0.018297931 102 -209 130 -129
person 0.018263368 0 703 12 785
person 0.018260997 947 109 958 127
person 0.01820436 352 216 381 247
person 0.018199952 569 723 601 812
person 0.018196847 768 698 791 761
person 0.01818732 249 724 281 813
person 0.018140253 605 742 626 812
person 0.018057203 968 103 1019 193
person 0.01805322 727 77 738 88
person 0.018050442 605 209 633 246
person 0.018044136 1034 169 1040 201
person 0.018027319 467 466 486 493
person 0.018024677 565 742 586 812
person 0.018012654 439 171 458 193
person 0.018007148 601 -172 627 -84
person 0.018005613 486 31 508 60
person 0.017986016 214 509 238 530
person 0.01796515 224 135 242 153
person 0.017963601 822 151 839 176
person 0.017963476 727 -139 749 -84
person 0.017956402 0 -11 6 25
person 0.017918043 606 19 621 35
person 0.017899398 525 742 546 812
person 0.017887423 981 711 1011 803
person 0.017876545 248 63 272 93
person 0.017873574 684 155 701 178
person 0.01784582 682 -227 695 -220
person 0.017842662 254 134 289 177
person 0.01782474 698 472 784 612
person 0.017814597 206 111 222 127
person 0.017809536 460 285 476 305
person 0.0178072 543 91 556 102
person 0.01773634 786 349 851 437
person 0.017735966 0 -199 5 -159
person 0.017717425 485 742 506 812
person 0.017702412 409 725 441 814
person 0.017690228 847 -222 870 -169
person 0.017687427 331 83 387 170
person 0.0176599 488 698 510 761
person 0.01765178 0 -219 5 -181
person 0.017639356 861 710 881 777
person 0.017619636 804 128 821 151
person 0.017609065 295 336 316 354
person 0.01760701 38 272 50 301
person 0.017606962 697 151 714 176
person 0.017589223 663 112 680 133
person 0.017565103 774 391 793 416
person 0.017556591 1030 153 1046 175
person 0.017530642 805 210 832 248
person 0.017524632 643 -227 658 -209
person 0.017496388 164 742 186 812
person 0.017463155 445 742 466 812
person 0.01744945 999 492 1023 552
person 0.017420083 266 -211 295 -134
person 0.01741961 528 698 550 761
person 0.017331967 948 593 957 620
person 0.017324815 1035 760 1041 803
person 0.017294867 545 151 564 173
person 0.017283339 927 607 936 637
person 0.017240304 42 306 63 369
person 0.017227989 1018 98 1045 148
person 0.01721941 422 -207 450 -129
person 0.017212503 405 742 426 812
person 0.017158985 328 725 361 814
person 0.017156273 204 742 226 812
person 0.017088065 0 662 8 740
person 0.017066054 1035 569 1041 602
person 0.017058872 489 724 521 813
person 0.017057538 519 206 548 240
person 0.017056897 754 387 772 410
person 0.017018806 364 742 386 812
person 0.01700183 821 710 841 777
person 0.017000914 690 210 716 246
person 0.016977414 445 409 465 441
person 0.01696917 457 153 476 174
person 0.016961306 244 742 266 812
person 0.016955536 248 698 270 761
person 0.016935471 205 231 223 269
person 0.016928144 324 742 346 812
person 0.016918957 741 111 757 133
person 0.016913297 124 742 146 812
person 0.016900156 284 742 306 812
person 0.0168826 501 171 520 193
person 0.016851319 901 710 920 777
person 0.016848097 724 170 741 196
person 0.01684043 859 152 877 177
person 0.016798984 925 742 946 812
person 0.016794471 0 780 8 826
person 0.016794376 1035 28 1041 57
person 0.016787522 742 156 751 177
person 0.016779408 961 303 1043 459
person 0.016765088 888 699 911 760
person 0.016737137 941 436 965 461
person 0.016705314 431 208 460 240
person 0.016690189 265 140 276 152
person 0.0166826 423 -178 450 -94
person 0.01657635 61 281 75 311
person 0.016564079 271 368 295 387
person 0.016546767 239 94 256 111
person 0.016527867 119 -78 146 22
person 0.01644726 44 742 66 812
person 0.016403433 164 372 185 395
person 0.016402233 500 152 519 174
person 0.016397111 -4 5 9 32
person 0.016375337 220 96 237 113
person 0.016368857 243 -227 258 -208
person 0.016358286 521 483 541 509
person 0.016354773 223 -227 238 -208
person 0.016354758 263 -227 278 -208
person 0.016330397 328 118 363 160
person 0.01633003 203 -227 218 -208
person 0.016327335 270 123 282 133
person 0.016323306 283 -227 298 -208
person 0.016322609 323 -227 338 -208
person 0.016318358 303 -227 318 -208
person 0.016316002 183 -227 198 -208
person 0.016307388 343 -227 358 -208
person 0.016302982 157 334 168 345
person 0.016295856 1033 708 1042 782
person 0.016281486 363 -227 378 -208
person 0.016263647 1035 547 1041 581
person 0.016261632 383 -227 398 -208
person 0.016256081 915 515 934 541
person 0.016247557 73 503 144 679
person 0.01624086 842 90 853 102
person 0.016235871 403 -227 418 -208
person 0.01620871 906 607 916 637
person 0.01620773 197 507 221 527
person 0.016186388 965 743 986 812
person 0.016164584 423 -227 438 -208
person 0.016160544 688 698 711 761
person 0.016140843 163 -227 178 -208
person 0.016125116 940 168 959 189
person 0.016071748 929 701 949 751
person 0.016051462 169 184 200 206
person 0.01602662 954 409 976 435
person 0.016000705 443 -227 458 -208
person 0.01599134 0 579 7 666
person 0.015990296 955 -85 996 33
person 0.01597996 -4 205 8 232
person 0.015957572 942 -227 957 -209
person 0.015956657 286 100 302 118
person 0.015954038 568 698 590 761
person 0.01593197 430 351 444 373
person 0.015890986 782 150 799 175
person 0.01588411 882 201 907 237
person 0.015866233 463 -227 478 -208
person 0.015854064 0 -40 5 0
person 0.015842536 647 145 658 166
person 0.015719984 1031 513 1047 535
person 0.015711319 202 132 220 150
person 0.015711287 926 209 955 247
person 0.015701469 433 134 470 177
person 0.01570071 0 -55 8 7
person 0.015685331 911 1 942 72
person 0.015662855 784 111 801 132
person 0.01565555 981 712 1000 780
person 0.015653875 141 73 216 218
person 0.015648387 194 274 221 288
person 0.015646426 207 698 230 761
person 0.015641734 143 -227 158 -208
person 0.015625898 483 -227 498 -208
person 0.015603602 728 698 751 761
person 0.015588058 0 54 8 100
person 0.015572035 781 710 800 777
person 0.015567496 832 4 866 72
person 0.015537177 986 215 1002 256
person 0.015502119 701 171 718 197
person 0.015501551 -4 -34 8 -6
person 0.0154904965 728 -65 753 -31
person 0.015488735 108 497 125 522
person 0.015466922 0 65 5 95
person 0.0154279275 309 221 416 354
person 0.015406547 662 -227 675 -220
person 0.015405924 782 363 800 388
person 0.015394788 908 -212 916 -178
person 0.015384709 764 129 780 152
person 0.015367781 623 -227 638 -209
person 0.015343771 151 319 171 337
person 0.0152865965 421 120 433 137
person 0.015276428 503 -227 518 -208
person 0.015253527 -4 286 8 313
person 0.015247082 0 -92 13 -12
person 0.015227456 95 218 119 257
person 0.015226598 608 698 630 761
person 0.015221807 65 -216 76 -171
person 0.015220429 488 -152 498 -107
person 0.015212905 751 350 814 443
person 0.015203514 784 171 801 197
person 0.015183387 507 85 542 128
person 0.015173422 746 89 757 102
person 0.015147338 968 23 982 62
person 0.015135412 430 90 442 100
person 0.015117454 932 26 946 64
person 0.015094994 274 301 313 347
person 0.0150643755 460 90 473 102
person 0.015059736 946 214 1024 359
person 0.015054693 613 -220 628 -170
person 0.015048884 775 60 798 90
person 0.015018593 1036 509 1042 539
person 0.015009755 806 -219 829 -163
person 0.015009058 0 228 8 294
person 0.015003751 85 742 106 813
person 0.014996317 860 517 938 672
person 0.014962624 0 -180 5 -139
person 0.0149563905 303 361 324 378
person 0.01493919 135 -222 150 -172
person 0.014929963 1007 553 1054 671
person 0.014926206 688 484 705 510
person 0.014922203 1035 -75 1041 -37
person 0.014910537 515 304 580 386
person 0.01489541 1017 535 1038 597
person 0.014888499 35 147 51 170
person 0.014887533 0 189 7 251
person 0.014885589 -4 266 8 295
person 0.014865318 700 -14 714 19
person 0.014862748 123 -227 138 -208
person 0.014831063 569 205 605 253
person 0.014825435 894 167 928 212
person 0.014815465 1032 17 1041 67
person 0.014810273 620 25 628 37
person 0.014769689 1013 -147 1051 -25
person 0.014736691 -4 245 7 272
person 0.014718638 639 470 733 624
person 0.014713329 135 124 146 135
person 0.0147008505 810 56 834 87
person 0.014686545 103 -217 115 -172
person 0.014677433 523 -227 538 -208
person 0.014672118 131 458 223 616
person 0.01466404 588 22 596 34
person 0.014645106 942 -227 955 -220
person 0.014627858 483 173 502 195
person 0.014622292 40 140 56 158
person 0.014619764 317 359 335 377
person 0.014605208 883 78 898 96
person 0.014601427 1024 -227 1044 -168
person 0.014572892 590 105 625 148
person 0.01457127 63 -227 78 -210
person 0.014525705 179 272 202 287
person 0.01451204 71 223 168 362
person 0.014480207 1031 493 1046 515
person 0.01444103 43 291 51 305
person 0.014431024 424 33 440 53
person 0.014423451 435 195 454 215
person 0.014420616 -4 67 9 92
person 0.014410543 479 153 498 174
person 0.014398088 1034 234 1042 246
person 0.014394015 254 30 275 64
person 0.014390998 781 132 797 155
person 0.014387521 273 387 302 406
person 0.014384289 745 608 755 634
person 0.0143644465 732 243 774 304
person 0.0143458685 53 489 75 517
person 0.014334282 59 -110 77 -45
person 0.014330967 829 92 841 104
person 0.014312597 289 125 324 167
person 0.0142945405 -3 -229 13 -161
person 0.014289697 947 609 957 635
person 0.014283271 48 442 65 472
person 0.014251214 962 -227 975 -220
person 0.014246351 734 525 758 546
person 0.014242529 543 -227 558 -208
person 0.014224136 692 485 713 511
person 0.014220019 103 -227 118 -209
person 0.014208219 763 210 790 246
person 0.014205341 655 -221 670 -169
person 0.014192105 -3 96 17 150
person 0.014184083 648 698 670 761
person 0.014174885 915 418 932 440
person 0.014174258 1021 276 1043 335
person 0.014163281 840 150 858 175
person 0.014154854 741 710 760 777
person 0.014146707 968 664 982 704
person 0.014145816 321 710 337 735
person 0.014128252 353 35 374 63
person 0.014123496 65 140 82 158
person 0.014122686 176 122 188 131
person 0.014112591 301 710 317 735
person 0.014108027 845 64 868 94
person 0.014106171 682 95 695 106
person 0.014091298 729 -213 737 -179
person 0.014090727 227 82 237 96
person 0.014090072 765 -219 788 -162
person 0.01408835 388 139 479 278
person 0.014078069 846 605 855 635
person 0.01407472 962 -227 977 -210
person 0.014056257 341 710 358 735
person 0.014025839 995 514 1057 691
person 0.014017631 92 676 119 783
person 0.014017413 202 389 224 407
person 0.01401622 87 55 109 88
person 0.0139935305 281 710 297 735
person 0.013991281 603 -227 618 -209
person 0.013984401 205 131 242 173
person 0.013975988 1026 402 1035 459
person 0.013964341 494 204 522 237
person 0.013959503 617 22 631 38
person 0.013952785 955 390 973 411
person 0.0139431115 0 -138 8 -60
person 0.013935227 1035 209 1042 237
person 0.013918169 844 83 854 94
person 0.013916945 184 101 200 118
person 0.013869966 361 710 378 735
person 0.013844456 725 -223 754 -146
person 0.01384301 642 -227 656 -220
person 0.013842661 0 601 5 640
person 0.013826312 517 151 536 172
person 0.013804164 1034 -194 1041 -158
person 0.013796493 261 710 277 735
person 0.013788366 688 -223 702 -168
person 0.013784574 0 565 5 604
person 0.013782643 185 312 231 319
person 0.0137739265 644 -176 670 -89
person 0.013770165 247 83 256 96
person 0.013754728 378 436 392 459
person 0.013700923 475 246 585 378
person 0.013699448 405 429 428 460
person 0.013691415 698 -65 710 -25
person 0.013654292 563 -227 578 -208
person 0.013654016 415 27 438 57
person 0.01364316 640 22 655 39
person 0.01363756 727 -226 742 -167
person 0.013624552 241 710 257 735
person 0.013596493 381 710 398 735
person 0.013592932 803 369 823 397
person 0.013590919 375 431 399 461
person 0.013587716 798 171 815 197
person 0.013570497 807 77 818 88
person 0.013567534 761 190 778 215
person 0.013564422 1026 685 1043 754
person 0.013563343 1034 288 1040 318
person 0.013560753 583 -227 598 -209
person 0.013558157 570 81 581 91
person 0.013509571 501 393 596 546
person 0.013501972 -3 -214 8 -186
person 0.013497292 888 360 954 441
person 0.013489713 62 112 79 132
person 0.013481986 0 -175 12 -95
person 0.013480769 64 101 79 120
person 0.01346711 814 247 830 271
person 0.013457573 704 63 714 74
person 0.013454792 201 710 217 735
person 0.013454755 802 150 819 175
person 0.013454223 213 30 234 65
person 0.013443881 221 710 237 735
person 0.013441363 701 710 720 777
person 0.013440054 573 -220 587 -171
person 0.01342804 344 33 365 62
person 0.013423953 276 148 295 167
person 0.013398502 646 204 680 252
person 0.013391746 181 710 197 735
person 0.013386203 90 696 111 760
person 0.013365727 341 456 360 478
person 0.013357744 1027 717 1042 793
person 0.013344395 171 412 238 504
person 0.013333952 167 698 190 761
person 0.013315972 1034 -95 1041 -57
person 0.01331041 350 43 358 56
person 0.013306592 970 507 1005 525
person 0.013300094 0 -160 5 -119
person 0.013287847 -4 226 7 253
person 0.013282903 401 710 418 735
person 0.013279828 586 57 602 74
person 0.01326667 114 496 132 522
person 0.013237774 944 581 952 595
person 0.01322388 226 148 329 286
person 0.013221391 638 269 702 350
person 0.013207412 826 606 835 635
person 0.013205953 119 253 149 302
person 0.0131791355 0 24 5 56
person 0.013145938 841 171 859 196
person 0.013124167 247 601 261 649
person 0.013117702 161 710 177 735
person 0.01308297 335 332 412 402
person 0.013066726 58 26 78 62
person 0.01305879 476 468 572 617
person 0.013047769 0 481 5 519
person 0.013023193 919 522 936 548
person 0.013020575 0 44 5 76
person 0.01300625 915 545 932 576
person 0.012995524 273 172 294 193
person 0.012971314 1035 -56 1041 -17
person 0.012966908 661 709 680 777
person 0.012963648 207 378 220 387
person 0.012955945 155 230 180 245
person 0.012943504 321 68 402 214
person 0.012936605 45 417 67 479
person 0.012934303 765 151 781 176
person 0.012924262 374 508 392 538
person 0.0129126245 421 709 438 735
person 0.012885036 806 -135 832 -88
person 0.012865322 255 89 312 178
person 0.012857827 77 680 141 837
person 0.012842294 151 290 171 308
person 0.012840367 621 709 640 778
person 0.012838989 813 670 856 772
person 0.012838462 869 554 924 656
person 0.012811688 528 -153 539 -108
person 0.012809541 272 403 319 449
person 0.012797854 824 79 835 91
person 0.01279029 786 607 795 635
person 0.012789375 447 600 460 650
person 0.012786155 1035 -36 1041 2
person 0.012759446 623 510 706 675
person 0.012756942 163 351 177 364
person 0.012755818 749 -213 757 -179
person 0.0127551155 966 -138 976 -92
person 0.012742849 1000 96 1016 117
person 0.012737793 875 683 943 827
person 0.01272602 45 107 61 126
person 0.012693136 1034 253 1041 267
person 0.012690411 0 151 5 166
person 0.012687097 250 650 297 748
person 0.012685973 1034 -155 1041 -117
person 0.012684444 0 640 5 680
person 0.012659852 -3 -6 10 19
person 0.012658351 681 172 699 195
person 0.012654143 581 709 600 778
person 0.012653953 1034 -175 1041 -137
person 0.012647306 194 -13 224 70
person 0.012639111 1034 134 1042 146
person 0.012637664 886 606 895 636
person 0.012636801 612 20 635 51
person 0.012626679 522 309 616 458
person 0.012600993 0 134 7 149
person 0.012594618 788 461 819 510
person 0.012582555 441 709 458 735
person 0.012576211 577 526 601 550
person 0.012569559 340 127 353 140
person 0.01255262 725 608 735 634
person 0.012539227 448 -151 458 -108
person 0.012526764 541 709 560 778
person 0.012525396 759 363 779 387
person 0.012522807 767 82 778 93
person 0.012509199 800 190 817 215
person 0.012504076 957 364 975 387
person 0.012486495 684 133 719 177
person 0.012483421 705 608 716 634
person 0.012481729 -3 -193 8 -166
person 0.012470318 521 504 544 531
person 0.01246383 0 -140 5 -99
person 0.012456051 180 308 209 326
person 0.012435848 558 95 613 180
person 0.0124345375 705 509 791 677
person 0.012428835 903 26 916 61
person 0.012411598 866 605 875 636
person 0.012410377 760 387 818 494
person 0.012405142 620 170 638 191
person 0.012385942 1035 588 1041 621
person 0.012367064 -4 486 8 513
person 0.012356957 207 96 223 113
person 0.012352716 1034 -115 1041 -77
person 0.012341108 566 60 582 77
person 0.012331802 216 38 235 56
person 0.012327307 902 411 922 436
person 0.012324179 501 709 520 778
person 0.012305939 461 709 478 735
person 0.012293737 675 464 692 490
person 0.01229119 533 18 556 49
person 0.012278358 622 -227 636 -220
person 0.012261326 823 188 840 214
person 0.012247959 405 77 420 95
person 0.012237403 83 -227 98 -209
person 0.0122325085 519 406 534 433
person 0.012224894 103 -193 116 -139
person 0.012222355 961 -219 982 -163
person 0.012222212 888 675 932 771
person 0.012200907 862 168 880 192
person 0.012192179 193 354 230 363
person 0.012174057 75 314 89 341
person 0.012169424 849 591 857 621
person 0.012166496 928 590 937 622
person 0.012155069 962 -184 982 -125
person 0.01215484 386 79 402 99
person 0.0121406205 429 57 444 76
person 0.012138814 602 -69 618 -46
person 0.0121318 820 170 838 195
person 0.012129501 145 352 164 372
person 0.012128285 -4 47 9 72
person 0.012123716 -4 305 8 333
person 0.012122585 263 369 282 381
person 0.012119759 285 606 296 636
person 0.01211545 481 709 498 735
person 0.012114055 914 388 932 413
person 0.012101971 461 709 480 778
person 0.012088591 906 387 925 412
person 0.012073374 293 308 316 326
person 0.012056897 1034 -135 1041 -97
person 0.012042791 805 606 815 635
person 0.012037777 709 -213 717 -178
person 0.012037402 0 319 5 360
person 0.01203548 765 607 775 634
person 0.012034732 221 476 236 487
person 0.012033626 58 709 76 779
person 0.01203141 140 709 157 735
person 0.012016558 601 709 618 735
person 0.012007826 888 -213 896 -178
person 0.0120071415 1028 173 1044 196
person 0.012006672 581 709 598 735
person 0.0120006325 501 709 518 735
person 0.011998817 112 503 131 528
person 0.011986981 119 8 150 92
person 0.011986297 621 709 638 735
person 0.011981661 941 711 960 779
person 0.011970693 561 709 578 735
person 0.011953881 239 137 258 154
person 0.01195155 582 -69 598 -46
person 0.01194959 150 679 220 832
person 0.011944935 541 709 558 735
person 0.011944333 355 45 372 67
person 0.011942567 521 709 538 735
person 0.011932915 0 -120 5 -79
person 0.01192362 258 38 275 56
person 0.011919699 566 608 575 634
person 0.011911312 906 76 922 95
person 0.01190343 617 548 635 575
person 0.011894549 641 709 658 735
person 0.011891345 140 133 154 146
person 0.01188725 58 296 148 444
person 0.01188627 173 -45 236 128
person 0.011883508 897 103 928 147
person 0.011881028 204 607 217 636
person 0.011880727 791 680 861 829
person 0.011879119 0 461 7 545
person 0.01187382 994 228 1012 250
person 0.011863782 878 168 896 191
person 0.011854562 421 709 440 778
person 0.01185039 441 -69 457 -44
person 0.011829542 0 620 5 660
person 0.011828398 20 308 28 339
person 0.011826499 761 171 777 196
person 0.0118254945 245 211 286 254
person 0.011825256 782 188 799 214
person 0.01181233 204 467 298 612
person 0.011808056 1036 490 1042 518
person 0.011803777 802 217 836 266
person 0.011803366 933 -195 948 -134
person 0.011801515 524 608 537 636
person 0.011796172 1026 647 1044 711
person 0.011782778 0 418 7 508
person 0.011769893 471 457 485 482
person 0.011766827 45 487 63 515
person 0.011766599 0 341 5 379
person 0.011761354 789 78 799 89
person 0.011760751 30 146 43 168
person 0.011760418 67 302 79 336
person 0.011743041 288 602 300 649
person 0.011710044 661 709 678 735
person 0.011708311 459 172 478 193
person 0.011708134 859 21 873 55
person 0.011707113 1036 527 1042 558
person 0.011699441 769 -214 776 -179
person 0.011695555 128 697 150 761
person 0.011694024 841 174 876 220
person 0.011679319 57 442 70 468
person 0.011670433 -2 167 15 233
person 0.011663461 308 308 429 443
person 0.01166251 318 149 416 286
person 0.011659208 85 363 100 391
person 0.011648981 927 104 938 115
person 0.01163528 381 709 400 778
person 0.011629298 0 660 5 700
person 0.01162497 162 -89 177 -63
person 0.011624345 411 237 516 369
person 0.011621677 224 607 236 636
person 0.011620642 482 -88 496 -62
person 0.011619618 995 165 1017 189
person 0.011618239 386 87 471 224
person 0.011608262 1036 743 1042 783
person 0.0115974285 1031 231 1046 253
person 0.011579431 607 599 621 654
person 0.01157548 0 759 5 804
person 0.011558711 533 -221 547 -172
person 0.01155669 -1 171 5 187
person 0.011554833 966 609 977 632
person 0.011537184 840 -45 869 30
person 0.011535292 -4 27 9 52
person 0.011532095 0 361 5 398
person 0.01152564 681 709 698 735
person 0.011520675 678 95 712 140
person 0.011519123 142 -89 157 -63
person 0.011518977 512 176 550 220
person 0.011514807 935 548 950 575
person 0.011508274 47 504 62 532
person 0.011503089 264 334 306 381
person 0.011482618 244 82 260 97
person 0.011477087 181 709 200 778
person 0.011475031 0 -100 5 -60
person 0.011473544 247 498 266 516
person 0.011470386 163 650 212 754
person 0.011470174 301 295 324 312
person 0.011464808 729 203 755 240
person 0.011457995 47 212 59 241
person 0.011456094 354 269 381 301
person 0.011456035 341 709 360 778
person 0.011452515 145 295 160 311
person 0.011451926 326 104 337 114
person 0.011444663 1028 616 1044 662
person 0.0114384545 349 101 359 111
person 0.011437386 276 450 297 462
person 0.011435364 444 606 457 636
person 0.011424579 763 -64 790 -32
person 0.011423281 0 622 8 699
person 0.011413948 552 229 617 306
person 0.011412657 150 316 162 330
person 0.011391561 828 592 837 622
person 0.011384233 992 330 1019 387
person 0.011374833 840 187 858 212
person 0.011373675 966 515 997 575
person 0.011371328 1030 250 1045 273
person 0.011370303 179 289 206 308
person 0.011369565 238 652 257 700
person 0.011369236 43 361 64 424
person 0.011365431 182 -88 197 -63
person 0.011360098 333 651 379 746
person 0.011359047 44 722 60 751
person 0.0113546625 288 -151 299 -109
person 0.011346759 244 607 256 636
person 0.011343341 569 592 577 619
person 0.011339567 190 286 225 304
person 0.011323124 793 508 810 531
person 0.011321016 63 -227 76 -220
person 0.011316672 701 709 718 735
person 0.011311167 301 709 320 778
person 0.011297455 1027 180 1036 216
person 0.01129263 598 544 622 571
person 0.011288005 60 -152 77 -84
person 0.011282573 788 482 886 622
person 0.011277047 866 336 977 470
person 0.011274751 807 92 818 103
person 0.011266248 504 607 517 636
person 0.0112604285 0 493 7 601
person 0.011256607 221 709 240 778
person 0.011244916 0 379 8 467
person 0.011237501 264 606 276 636
person 0.0112355305 841 133 876 178
person 0.011230415 528 467 609 615
person 0.01122763 405 606 416 636
person 0.011226682 978 489 1000 501
person 0.01121416 721 709 738 735
person 0.01120899 544 608 557 636
person 0.011202798 249 591 257 620
person 0.011202158 382 132 393 152
person 0.011188835 407 600 420 649
person 0.011183271 261 709 280 778
person 0.0111577045 505 267 522 292
person 0.011152556 443 395 457 420
person 0.011143636 0 461 5 499
person 0.0111367805 170 -223 184 -174
person 0.011131085 801 709 818 735
person 0.011126524 464 606 477 636
person 0.011120755 959 81 1032 227
person 0.011113778 761 709 778 735
person 0.011104328 741 709 758 735
person 0.011100987 720 -101 745 -53
person 0.011092955 0 -80 5 -40
person 0.011090679 781 709 798 735
person 0.01108508 918 -50 933 -39
person 0.011039466 224 112 235 122
person 0.011039201 424 606 436 636
person 0.011034678 821 709 838 735
person 0.011031853 228 592 237 620
person 0.0110263545 302 -69 317 -44
person 0.011026273 821 368 843 399
person 0.011008093 888 595 896 612
person 0.011005165 288 103 299 115
person 0.0109894145 408 -150 419 -108
person 0.0109852115 510 61 520 73
person 0.010983208 1035 116 1042 128
person 0.010977719 322 378 332 389
person 0.0109690605 345 604 356 635
person 0.010969008 1034 217 1042 229
person 0.01096544 968 705 1016 821
person 0.0109627815 1035 94 1042 106
person 0.010954988 0 112 6 128
person 0.010951249 782 523 870 683
person 0.010946983 484 607 497 636
person 0.010946312 724 57 740 75
person 0.010945801 184 308 231 323
person 0.010926836 650 648 698 745
person 0.01092645 322 652 336 697
person 0.010923054 1035 4 1041 37
person 0.010922714 789 -214 796 -179
person 0.010918841 -4 588 8 615
person 0.010911592 601 130 611 152
person 0.010908864 431 314 500 386
person 0.010903469 200 279 218 286
person 0.010899598 488 128 523 170
person 0.010899274 585 608 597 636
person 0.010886149 498 255 529 305
person 0.010876483 243 -227 256 -220
person 0.010876433 585 19 599 34
person 0.01087518 -2 140 15 175
person 0.010872965 263 -227 276 -220
person 0.010871683 200 417 223 434
person 0.010866608 222 -227 236 -220
person 0.010865219 202 -88 217 -63
person 0.01085985 323 -227 336 -220
person 0.010858319 774 11 794 42
person 0.010856669 603 -227 616 -220
person 0.010856639 283 -227 296 -220
person 0.010856454 303 -227 316 -220
person 0.010851012 343 -227 356 -220
person 0.010847333 202 -227 216 -220
person 0.010844248 928 -212 936 -178
person 0.010841308 182 -227 196 -220
person 0.010839855 48 -8 74 77
person 0.010834677 363 -227 376 -220
person 0.010825774 684 608 697 636
person 0.0108226845 383 -227 396 -220
person 0.0108206635 958 454 993 504
person 0.010820266 916 131 931 146
person 0.010815158 661 188 679 211
person 0.0108104395 646 -211 658 -179
person 0.010809323 403 -227 416 -220
person 0.010807661 584 78 598 88
person 0.01080678 909 441 920 454
person 0.010788984 636 102 670 146
person 0.010777682 841 708 858 735
person 0.010771192 0 680 5 720
person 0.010770481 764 93 775 105
person 0.010769952 0 700 5 739
person 0.010766137 423 -227 436 -220
person 0.010762563 101 253 120 274
person 0.010757564 118 276 130 290
person 0.010754463 708 678 780 828
person 0.010746309 162 -227 176 -220
person 0.010737294 377 500 387 512
person 0.0107342815 44 570 55 603
person 0.0107270675 986 597 994 613
person 0.010719557 1032 30 1044 56
person 0.010716265 907 594 916 612
person 0.010713945 159 234 177 243
person 0.010713339 1022 49 1046 102
person 0.010712475 233 -82 276 55
person 0.010710509 -12 -166 31 -21
person 0.01070773 667 -211 678 -179
person 0.010703962 192 471 217 489
person 0.0106864255 362 382 387 410
person 0.010686042 460 484 484 510
person 0.010677395 527 63 537 74
person 0.0106772445 443 -227 456 -220
person 0.0106755765 627 678 700 828
person 0.010674771 646 90 657 101
person 0.010656427 109 85 189 227
person 0.010650395 554 504 574 530
person 0.010638901 605 607 617 636
person 0.01063886 786 93 797 105
person 0.0106379315 746 55 761 75
person 0.010627042 377 172 396 192
person 0.010622937 685 110 694 122
person 0.010617049 945 574 953 600
person 0.010616228 305 606 316 636
person 0.010612082 101 -156 119 -89
person 0.010610796 928 -210 958 -137
person 0.010605681 318 333 338 351
person 0.0106030535 157 -136 182 -33
person 0.010601183 688 -213 697 -178
person 0.010600794 463 -227 476 -220
person 0.010600183 440 157 451 175
person 0.010595564 866 92 877 103
person 0.010587289 281 474 298 486
person 0.01058597 925 75 941 96
person 0.010577397 542 54 557 71
person 0.010575183 883 482 978 623
person 0.0105704935 322 -69 337 -43
person 0.0105665345 664 607 677 636
person 0.010561103 1035 724 1042 761
person 0.010551898 478 191 497 213
person 0.010544478 281 653 296 696
person 0.010542727 889 589 898 623
person 0.010540652 367 592 379 623
person 0.0105371075 462 510 541 671
person 0.0105367 473 488 494 515
person 0.010536466 208 592 218 621
person 0.010533404 964 613 980 672
person 0.01053079 479 550 497 577
person 0.010526827 914 108 968 195
person 0.010521414 809 -214 816 -179
person 0.010508132 122 -89 137 -63
person 0.010503458 711 505 772 599
person 0.010503325 99 578 114 589
person 0.010502343 681 447 699 474
person 0.010496949 1034 606 1041 640
person 0.0104901455 65 -189 76 -133
person 0.010482476 142 -227 156 -220
person 0.010480236 164 606 176 636
person 0.010478402 48 109 58 123
person 0.010472939 483 -227 496 -220
person 0.010469882 561 -69 577 -46
person 0.010468261 227 678 299 829
person 0.010461102 44 704 58 733
person 0.010455663 196 496 218 514
person 0.010446995 572 650 618 745
person 0.010445511 423 691 437 717
person 0.010445393 989 456 1016 512
person 0.010438287 217 488 240 508
person 0.010430365 517 173 536 194
person 0.010430276 771 -187 789 -121
person 0.010425661 443 691 457 717
person 0.010415187 502 -88 516 -62
person 0.010412195 924 569 935 603
person 0.010410259 184 607 197 636
person 0.010403895 735 669 776 774
person 0.010398772 869 590 878 622
person 0.0103961015 97 467 113 494
person 0.01039258 176 174 192 184
person 0.010391447 264 188 287 212
person 0.010380513 199 219 223 236
person 0.010376287 734 9 755 40
person 0.010373035 463 691 477 717
person 0.0103720175 869 -214 876 -178
person 0.010369878 403 691 417 717
person 0.010368671 917 144 928 163
person 0.010362707 21 765 36 796
person 0.010358635 203 691 217 717
person 0.010358303 255 387 283 406
person 0.010351652 752 6 786 73
person 0.010345519 368 -150 379 -109
person 0.010345509 248 -152 259 -109
person 0.010336436 503 -227 516 -220
person 0.010328898 583 -227 596 -220
person 0.010322856 1035 264 1041 295
person 0.010318181 183 691 197 717
person 0.010311647 53 59 81 107
person 0.010300778 1031 473 1046 496
person 0.010293833 223 691 237 717
person 0.010290656 141 709 160 778
person 0.010289467 -14 639 28 762
person 0.010270934 483 691 497 717
person 0.010264861 319 -96 338 -58
person 0.010252956 1001 128 1011 150
person 0.010245212 -4 706 9 733
person 0.010244419 857 -18 869 19
person 0.01023329 113 122 122 134
person 0.010216039 617 98 696 224
person 0.010215012 866 81 876 92
person 0.010213266 383 691 397 717
person 0.010206829 95 -139 122 -42
person 0.0102035245 462 -88 476 -62
person 0.010179839 243 691 257 717
person 0.010173932 541 -69 557 -45
person 0.010172682 163 691 177 717
person 0.010168252 848 596 856 613
person 0.010160091 108 333 123 356
person 0.010159103 908 591 918 622
person 0.010158135 513 -187 554 -69
person 0.010154717 399 653 418 700
person 0.010150433 311 244 350 290
person 0.010150098 241 118 258 134
person 0.010139482 104 609 117 637
person 0.010137122 523 -227 536 -220
person 0.010136367 927 594 935 612
person 0.010134625 217 474 239 492
person 0.01012404 387 521 471 681
person 0.010116406 -4 506 8 533
person 0.010108134 543 -227 556 -220
person 0.010106126 503 690 517 717
person 0.010105319 120 147 131 160
person 0.010102239 668 95 680 106
person 0.010097143 0 500 5 540
person 0.010093769 490 -222 504 -173
person 0.010092035 328 -150 339 -109
person 0.010085058 562 580 575 593
person 0.010083821 365 605 376 635
person 0.010076036 679 9 714 76
person 0.010068615 581 151 594 163
person 0.010065052 829 -214 836 -178
person 0.010055429 862 708 878 735
person 0.010050684 342 -69 357 -43
person 0.01004761 359 169 379 189
person 0.010044722 128 -195 140 -146
person 0.0100445235 363 691 377 717
person 0.010040238 603 691 617 717
person 0.01004009 583 691 597 717
person 0.010035391 528 591 537 619
person 0.010033652 563 -227 576 -220
person 0.010031161 197 155 216 175
person 0.010028239 263 691 277 717
person 0.010026668 993 473 1012 495
person 0.010025793 983 147 994 169
person 0.010017056 523 690 537 717
person 0.010014535 101 709 119 779
person 0.010013713 408 592 417 621
person 0.010011089 122 -227 136 -220
person 0.010010508 563 690 577 717
