person 0.7449738 417 88 432 109
person 0.7368966 731 92 748 113
person 0.73650146 772 143 798 175
person 0.7335585 431 116 448 139
person 0.72942185 822 154 848 188
person 0.7293328 333 108 350 129
person 0.7286186 472 106 490 129
person 0.72737813 875 166 901 201
person 0.7248191 765 97 783 119
person 0.7154677 939 187 965 225
person 0.7031676 424 145 448 174
person 0.7026335 852 74 866 92
person 0.7018396 874 87 889 107
person 0.6962031 830 88 846 109
person 0.69231015 713 139 737 168
person 0.6920483 664 128 687 158
person 0.69100755 345 127 362 149
person 0.68390524 909 144 932 174
person 0.6808831 901 90 917 112
person 0.68035704 758 76 773 93
person 0.6759616 739 57 753 73
person 0.67538875 616 71 630 89
person 0.67184544 491 72 506 88
person 0.6694319 812 118 830 142
person 0.6679011 390 96 406 116
person 0.66746294 405 105 421 127
person 0.66733336 606 88 622 108
person 0.6649044 792 107 809 131
person 0.6648919 519 71 533 88
person 0.6625176 552 68 567 85
person 0.65757245 515 113 533 137
person 0.6548766 793 79 811 100
person 0.6410654 984 93 998 111
person 0.63737875 684 100 701 122
person 0.6372558 888 80 902 98
person 0.63482195 706 54 720 70
person 0.6344304 696 115 715 140
person 0.621632 951 83 965 102
person 0.6215641 650 68 665 86
person 0.6214455 920 86 935 106
person 0.6134426 389 137 407 162
person 0.60872686 440 78 454 96
person 0.6063043 685 75 700 93
person 0.6043067 824 77 839 96
person 0.60038304 950 112 965 132
person 0.59927285 543 99 560 120
person 0.59595174 880 125 899 149
person 0.595696 652 52 666 69
person 0.5947614 492 93 512 117
person 0.5890513 684 53 698 71
person 0.56177646 968 133 986 158
person 0.5597877 276 120 294 142
person 0.54025775 600 62 614 78
person 0.5389096 660 105 677 129
person 0.53423303 783 71 798 90
person 0.5289072 562 91 578 110
person 0.52792275 449 93 465 112
person 0.5272681 981 109 998 131
person 0.5266131 577 63 591 78
person 0.52071106 518 95 535 116
person 0.5149786 629 60 643 77
person 0.50798553 989 117 1004 137
person 0.50619435 880 106 897 129
person 0.49695975 568 139 605 179
person 0.47407964 599 142 624 172
person 0.46617818 376 106 392 127
person 0.4543588 711 73 726 91
person 0.44688448 795 136 815 161
person 0.44354814 917 127 935 149
person 0.42403913 731 125 749 148
person 0.3656472 569 117 594 144
person 0.35438696 640 87 656 107
person 0.34062365 591 74 606 92
person 0.27687982 653 97 671 120
person 0.23435993 880 84 895 102
person 0.2208594 959 169 978 196
person 0.20420687 729 95 753 123
person 0.17373401 879 114 902 144
person 0.15491734 556 110 575 131
person 0.1460858 794 87 811 105
person 0.1442809 733 78 749 95
person 0.12987968 677 97 696 121
person 0.12618923 367 131 386 154
person 0.10584364 523 68 536 85
person 0.09713908 601 89 624 116
person 0.09206895 338 116 356 138
person 0.08920532 654 54 663 65
person 0.075237885 540 65 554 80
person 0.07113122 632 61 641 73
person 0.06882022 946 109 969 139
person 0.067137845 497 104 515 127
person 0.055359446 552 65 563 81
person 0.05022876 607 109 626 130
person 0.04796237 847 86 864 108
person 0.044683285 568 74 584 92
person 0.042713374 822 77 845 102
person 0.042630386 783 77 807 102
person 0.036221605 708 56 718 67
person 0.035602007 773 136 794 160
person 0.028612047 942 99 958 119
person 0.026163125 687 55 695 67
person 0.02337605 493 73 503 84
person 0.021793485 377 104 387 122
person 0.02155494 499 166 531 197
person 0.020502828 564 160 605 203
person 0.019264974 754 76 777 101
person 0.01843932 603 173 633 206
person 0.018404515 582 128 605 153
person 0.018295217 741 57 751 69
person 0.01799054 820 88 838 110
person 0.0179107 611 74 635 99
person 0.016263006 554 71 564 82
person 0.015334445 786 65 801 82
person 0.014984363 847 73 870 99
person 0.014831344 718 91 737 113
person 0.01401178 547 69 571 93
person 0.011895816 521 72 530 85
person 0.011678245 618 73 628 84
person 0.011574008 597 90 616 110
person 0.011562012 682 73 706 99
person 0.010987498 588 72 614 99
person 0.010812623 512 71 537 97
person 0.010780081 362 146 381 169
person 0.010110645 683 72 693 92
person 0.010020323 532 110 551 132
