person 0.7686419 275 210 326 272
person 0.7390715 668 86 683 106
person 0.7378151 468 80 482 99
person 0.73568434 679 111 699 137
person 0.72377306 495 82 510 102
person 0.7186147 810 165 833 196
person 0.7159476 625 48 637 64
person 0.71114886 751 62 763 79
person 0.7109929 614 115 635 143
person 0.69791883 739 87 753 108
person 0.69671226 740 113 759 140
person 0.69625294 709 128 730 157
person 0.6953541 581 48 594 64
person 0.6929515 390 71 404 89
person 0.69191426 847 78 859 98
person 0.689661 589 77 603 97
person 0.6873278 780 81 793 102
person 0.6816819 767 66 779 84
person 0.6816446 560 62 573 78
person 0.68141705 527 69 541 86
person 0.67947066 275 102 290 122
person 0.6751787 676 59 689 76
person 0.67387736 640 78 655 99
person 0.673561 439 71 452 89
person 0.666537 287 86 301 103
person 0.66515464 451 63 463 79
person 0.66256386 718 64 732 82
person 0.66118526 576 69 590 88
person 0.658224 420 70 433 87
person 0.6566097 368 85 382 104
person 0.6551292 607 53 620 69
person 0.65203434 491 67 504 83
person 0.64460737 326 84 339 102
person 0.6349072 399 94 413 113
person 0.6329766 567 104 587 130
person 0.63108575 656 65 669 83
person 0.6308263 601 149 626 182
person 0.62860626 345 71 358 87
person 0.62788975 532 49 544 65
person 0.62713355 253 97 267 116
person 0.6268253 821 78 833 97
person 0.6264583 705 59 718 77
person 0.62266463 667 158 692 191
person 0.6073917 841 92 853 112
person 0.5999603 839 114 857 141
person 0.59888977 818 93 831 114
person 0.5987335 347 110 362 130
person 0.59427303 816 67 827 85
person 0.58920145 516 60 529 77
person 0.5867368 756 98 774 124
person 0.58397245 392 111 411 135
person 0.5824097 804 109 821 135
person 0.57828367 511 99 532 124
person 0.57399195 714 94 729 116
person 0.56669563 546 95 567 120
person 0.5384525 307 112 323 132
person 0.5267216 471 56 483 70
person 0.5209369 716 76 729 93
person 0.5131514 658 104 677 129
person 0.48329353 759 75 772 94
person 0.47774306 551 53 564 68
person 0.46837556 300 99 314 117
person 0.4480338 463 57 475 71
person 0.39932382 376 70 389 86
person 0.38943157 411 82 424 100
person 0.38273087 355 81 369 99
person 0.3621233 487 57 500 71
person 0.34979412 329 98 344 117
person 0.33279684 347 95 362 115
person 0.20971361 553 48 566 63
person 0.20041177 851 117 864 138
person 0.19838116 537 69 551 85
person 0.1762904 392 76 405 94
person 0.17471287 587 86 609 112
person 0.17135824 362 88 384 116
person 0.14705877 705 58 714 72
person 0.14276212 480 68 493 85
person 0.1406892 807 86 821 106
person 0.13267653 809 98 824 120
person 0.12437985 385 95 399 113
person 0.11799159 519 78 534 95
person 0.10665265 606 104 623 125
person 0.092328735 323 88 343 111
person 0.08134126 614 64 629 82
person 0.08085579 741 73 754 91
person 0.07532309 367 104 383 124
person 0.068645015 523 68 544 90
person 0.06647033 626 63 640 81
person 0.06458439 706 77 720 96
person 0.058608085 42 238 58 275
person 0.05632415 369 111 385 130
person 0.0555896 312 98 328 117
person 0.047473915 251 117 265 135
person 0.04431347 440 57 452 72
person 0.04177631 594 64 609 81
person 0.039725006 708 64 728 89
person 0.03900178 511 81 527 100
person 0.033004645 326 122 343 142
person 0.030997757 745 169 770 199
person 0.030903732 512 60 532 83
person 0.029671833 812 65 830 90
person 0.028045379 518 57 526 72
person 0.026782913 465 58 472 69
person 0.026031611 473 57 481 68
person 0.024192128 553 51 561 65
person 0.023519203 534 50 542 62
person 0.022774503 601 100 617 120
person 0.022012008 431 70 452 93
person 0.021566106 605 53 613 69
person 0.021534001 284 115 300 133
person 0.02053918 577 77 593 96
person 0.020286944 555 46 563 59
person 0.020126978 601 53 622 76
person 0.019557996 583 49 591 60
person 0.01860157 489 58 498 68
person 0.017031565 746 61 765 85
person 0.015722426 336 390 352 411
person 0.015345415 763 65 781 89
person 0.014007979 852 81 861 96
person 0.013528107 411 81 432 106
person 0.011243087 857 97 870 117
person 0.011171588 503 109 527 135
person 0.011019067 633 110 657 140
person 0.010590905 322 385 337 406
