person 0.54261535 962 189 977 214
person 0.54195905 924 82 938 100
person 0.39783707 969 165 982 187
person 0.26203892 944 263 967 299
person 0.26179323 955 219 976 251
person 0.23589115 978 135 991 155
person 0.21892662 970 151 984 174
person 0.19862236 618 33 633 50
person 0.18128133 947 91 961 110
person 0.17979929 160 269 196 316
person 0.15002817 91 155 114 185
person 0.14843945 643 34 659 52
person 0.1469043 927 88 935 100
person 0.14401028 497 34 513 56
person 0.13716272 152 266 210 343
person 0.13580306 927 84 936 96
person 0.11803841 950 93 958 105
person 0.11749186 958 193 973 217
person 0.11607687 595 36 609 53
person 0.109209605 980 136 988 150
person 0.109017044 621 34 630 46
person 0.10466355 618 36 627 48
person 0.10312262 57 169 79 202
person 0.09845709 906 226 928 257
person 0.09807799 1040 613 1049 675
person 0.09797958 983 135 993 153
person 0.09464521 920 77 940 106
person 0.093402795 1039 577 1047 640
person 0.08870565 646 36 656 48
person 0.081229806 50 162 85 227
person 0.08067264 87 243 128 308
person 0.07266928 972 151 982 164
person 0.07219774 1038 219 1049 259
person 0.07184434 575 32 589 50
person 0.07170481 972 169 979 182
person 0.07041607 945 257 964 281
person 0.06976037 302 89 326 119
person 0.06903503 875 248 901 281
person 0.067523524 164 278 204 328
person 0.06739626 597 37 606 50
person 0.06689727 977 118 991 137
person 0.06688213 961 509 1013 601
person 0.06377913 916 88 932 106
person 0.06342205 353 31 367 49
person 0.0629102 916 154 930 177
person 0.06223238 983 302 1007 336
person 0.06205492 1043 131 1049 159
person 0.061871916 1043 150 1049 180
person 0.061128154 1039 245 1049 288
person 0.061083224 1043 170 1049 200
person 0.06090772 479 32 497 53
person 0.060692094 639 52 656 70
person 0.060277574 1043 110 1049 138
person 0.060208194 55 -72 81 25
person 0.05994689 930 113 946 133
person 0.059488893 288 51 310 81
person 0.05873502 138 250 224 377
person 0.058199827 624 291 687 361
person 0.058165126 936 251 977 308
person 0.05583014 906 175 922 199
person 0.054997317 -4 -228 9 -205
person 0.054545797 915 80 932 97
person 0.053551566 1038 -227 1048 -179
person 0.05187292 362 510 391 560
person 0.051520463 0 130 10 181
person 0.051412206 1037 175 1048 213
person 0.051148348 1043 90 1049 118
person 0.04935062 588 272 653 346
person 0.04854815 290 75 326 141
person 0.04841702 -3 -220 18 -126
person 0.048373964 902 185 917 209
person 0.048317257 0 -231 6 -204
person 0.0481357 467 467 481 495
person 0.048123643 1040 655 1049 709
person 0.047984302 929 236 947 260
person 0.047533263 945 111 961 131
person 0.047277883 631 49 649 68
person 0.047057644 -4 -228 8 -221
person 0.046501216 979 120 988 132
person 0.046435602 1043 71 1049 98
person 0.045900848 1043 189 1049 219
person 0.045817543 1039 172 1052 198
person 0.04537653 615 26 634 61
person 0.044671245 94 212 123 248
person 0.044530913 -11 263 32 366
person 0.044229217 1038 319 1049 376
person 0.04398352 658 94 683 121
person 0.0439412 1039 417 1049 468
person 0.043526947 66 225 147 372
person 0.0428678 924 136 941 157
person 0.042782713 925 188 941 213
person 0.042033635 146 330 181 378
person 0.041982573 652 53 677 84
person 0.041934222 660 98 677 117
person 0.041723363 968 687 995 772
person 0.041254256 938 85 962 115
person 0.04100542 922 154 938 176
person 0.040892854 1039 152 1052 178
person 0.04003607 621 102 647 132
person 0.039820075 439 230 501 308
person 0.03981499 1032 248 1052 283
person 0.03980316 948 486 1024 625
person 0.039796356 1039 191 1052 217
person 0.039784092 236 432 299 513
person 0.039728932 960 227 970 247
person 0.039533783 1039 133 1052 158
person 0.039376426 1039 112 1052 136
person 0.039356094 199 -2 219 33
person 0.038989592 642 54 653 66
person 0.038825132 -3 -150 15 -35
person 0.038754504 640 29 660 63
person 0.038634337 693 91 719 119
person 0.03863334 25 75 56 151
person 0.03850757 1037 -228 1049 -221
person 0.038426768 87 156 119 201
person 0.038279936 926 254 946 279
person 0.038277134 953 158 969 180
person 0.03819873 968 98 984 117
person 0.03801629 1006 308 1029 346
person 0.03767863 1043 210 1049 240
person 0.0375558 946 292 974 330
person 0.037437253 1036 -229 1051 -206
person 0.03688715 1039 212 1052 239
person 0.036885124 0 42 7 101
person 0.036718905 954 172 970 195
person 0.036661778 1039 -191 1048 -136
person 0.0366499 411 365 432 401
person 0.036594447 578 35 586 47
person 0.036565874 838 172 863 203
person 0.03646719 56 218 79 251
person 0.036420777 222 406 315 546
person 0.03635079 592 54 609 72
person 0.036332816 844 174 861 197
person 0.036197342 96 162 111 193
person 0.03592265 208 333 234 367
person 0.03569962 1042 50 1048 77
person 0.035646006 660 70 677 88
person 0.035587505 0 201 8 256
person 0.035508625 422 302 444 337
person 0.035447728 504 57 528 88
person 0.03537135 951 81 967 98
person 0.035075177 804 348 848 403
person 0.034943752 918 91 929 103
person 0.034917455 606 54 624 73
person 0.034816902 0 -233 8 -181
person 0.034815267 723 133 750 163
person 0.034654137 0 106 9 153
person 0.034562144 806 71 823 87
person 0.034471 1028 -206 1054 -129
person 0.03421366 76 -81 119 44
person 0.034183748 84 165 124 230
person 0.034179177 1039 92 1052 116
person 0.03416754 1040 690 1049 751
person 0.034145027 952 135 968 155
person 0.033930518 1038 534 1047 601
person 0.03372572 676 135 704 166
person 0.033423238 439 128 467 160
person 0.033242207 308 417 342 469
person 0.033092983 965 192 974 206
person 0.03292964 501 36 510 49
person 0.032884005 972 -213 986 -174
person 0.032856118 625 52 648 81
person 0.032704074 44 -228 59 -212
person 0.032668103 0 188 6 219
person 0.032651596 498 55 515 76
person 0.03255593 925 176 942 199
person 0.032499664 683 71 701 88
person 0.03231117 339 52 363 82
person 0.03220567 530 178 561 214
person 0.03219001 461 93 488 122
person 0.032024194 493 177 522 211
person 0.031980388 25 -228 38 -222
person 0.031872734 364 32 382 52
person 0.031826466 908 112 925 132
person 0.0317662 41 56 64 95
person 0.031754173 317 434 348 486
person 0.03167273 849 74 866 90
person 0.031660184 888 114 905 134
person 0.03159454 536 140 565 172
person 0.031559303 87 52 110 87
person 0.03150437 477 90 504 119
person 0.031259004 -4 191 9 217
person 0.031145366 621 129 648 160
person 0.03113395 55 698 75 764
person 0.031133514 888 92 905 110
person 0.031025117 974 321 1012 382
person 0.03088993 25 -228 40 -213
person 0.030870484 850 243 895 301
person 0.03071824 1042 30 1048 57
person 0.030596133 889 75 905 91
person 0.030553252 1039 73 1052 97
person 0.03052198 732 96 759 124
person 0.030483881 948 113 959 126
person 0.030451776 194 86 230 152
person 0.030439705 -1 2 6 68
person 0.030419754 568 49 584 66
person 0.030417806 664 134 690 164
person 0.030188965 408 94 436 123
person 0.029949129 372 49 395 78
person 0.029945727 633 51 645 64
person 0.029920295 829 75 846 91
person 0.029903837 529 56 553 86
person 0.02984145 784 70 801 87
person 0.02975387 911 135 928 156
person 0.029704463 808 72 820 84
person 0.029694578 725 200 770 259
person 0.029600823 868 72 885 88
person 0.029533852 932 115 943 128
person 0.029406447 824 134 849 161
person 0.029363267 708 80 725 96
person 0.029300973 353 24 366 62
person 0.0292463 297 283 320 314
person 0.029152963 584 52 607 81
person 0.029074984 894 229 911 254
person 0.028908078 972 262 1012 325
person 0.028890466 764 139 792 168
person 0.028776962 854 135 880 163
person 0.028676081 409 54 432 82
person 0.028641483 88 286 175 456
person 0.028475376 571 604 584 658
person 0.028261136 512 70 528 90
person 0.028234407 815 98 841 125
person 0.02820937 164 277 187 302
person 0.028203148 734 236 780 294
person 0.028199255 924 275 944 299
person 0.028147463 914 433 929 452
person 0.028109133 169 155 210 215
person 0.02803512 502 18 517 36
person 0.028027525 666 60 684 77
person 0.02797334 257 174 282 204
person 0.027898828 1043 229 1049 261
person 0.027875116 693 66 719 96
person 0.02777307 977 341 1003 375
person 0.027770378 776 97 802 124
person 0.027750496 116 369 152 416
person 0.027718969 356 32 364 45
person 0.027703453 299 408 357 490
person 0.027628958 649 71 667 90
person 0.027620051 690 88 707 107
person 0.027612088 380 550 398 577
person 0.027598333 126 280 211 432
person 0.027411183 246 342 274 376
person 0.027388059 0 177 9 229
person 0.027374666 873 257 893 283
person 0.027201138 648 178 694 238
person 0.027088568 41 27 70 115
person 0.027059665 956 181 982 228
person 0.027030298 1036 142 1048 178
person 0.026992846 895 186 911 210
person 0.026988331 1007 -228 1020 -222
person 0.02697334 857 99 881 125
person 0.026973328 118 304 155 353
person 0.026967341 971 100 982 112
person 0.02695597 44 -228 57 -222
person 0.026887199 280 167 305 198
person 0.026832456 452 56 476 86
person 0.026779875 972 247 996 280
person 0.026670324 576 96 604 125
person 0.026643658 904 716 934 806
person 0.02660632 249 456 283 509
person 0.026491297 529 94 557 123
person 0.026443128 522 38 538 57
person 0.026382959 927 214 944 239
person 0.026271816 410 167 437 199
person 0.026214013 1039 379 1049 433
person 0.0261833 963 219 974 240
person 0.026096132 301 387 321 413
person 0.026041308 780 58 804 86
person 0.025968853 408 129 437 161
person 0.025965804 492 19 517 70
person 0.025807932 490 130 520 162
person 0.025736684 55 134 80 166
person 0.025705766 459 330 476 355
person 0.025694845 726 221 754 256
person 0.02561618 866 92 883 110
person 0.025604703 773 703 796 765
person 0.025601726 733 702 756 766
person 0.025575157 111 263 148 311
person 0.025574422 589 187 655 262
person 0.025530651 869 249 898 297
person 0.025452703 569 244 673 379
person 0.025201276 374 134 403 167
person 0.025160983 339 132 366 163
person 0.025159724 473 32 488 50
person 0.025099372 431 180 497 258
person 0.025097102 266 251 331 329
person 0.024964366 728 72 745 88
person 0.02493827 704 93 722 113
person 0.024923505 1043 370 1049 400
person 0.024848215 1018 196 1053 263
person 0.024764774 317 95 343 126
person 0.02471777 936 -217 950 -171
person 0.024703192 112 325 151 375
person 0.024699075 867 715 887 781
person 0.024450805 870 74 882 85
person 0.024389403 787 72 799 83
person 0.024359005 826 715 847 781
person 0.024330053 505 244 573 323
person 0.024287779 954 136 965 149
person 0.02428545 1041 6 1048 38
person 0.02426922 819 724 850 815
person 0.024229618 869 -228 881 -221
person 0.024225414 1030 -144 1052 -43
person 0.024101531 909 394 923 409
person 0.024069319 39 -95 92 56
person 0.024058614 814 703 837 765
person 0.024044018 1030 327 1051 369
person 0.024041919 298 329 322 360
person 0.02402839 688 56 705 73
person 0.023963634 167 176 193 204
person 0.023962464 174 275 198 298
person 0.023955574 904 215 922 239
person 0.023949783 765 74 783 91
person 0.023923062 982 432 1006 465
person 0.02391746 869 -229 883 -208
person 0.023880111 1039 52 1052 76
person 0.023874257 928 528 945 557
person 0.023815988 889 -228 901 -221
person 0.02375853 849 -229 863 -208
person 0.023753814 0 -218 8 -143
person 0.02367103 731 57 756 85
person 0.02366812 1006 -229 1022 -212
person 0.02366599 907 100 931 127
person 0.02364504 851 748 872 816
person 0.02361986 821 166 863 225
person 0.023603799 298 40 315 58
person 0.023570463 441 87 478 153
person 0.023519702 365 517 386 542
person 0.023499254 449 499 467 526
person 0.023477012 612 605 625 660
person 0.023459407 213 339 231 362
person 0.023448657 203 92 220 111
person 0.023363484 -2 135 15 173
person 0.023363234 810 748 832 816
person 0.023351064 376 164 404 197
person 0.023320906 279 363 342 439
person 0.023317505 287 387 370 528
person 0.023308495 626 96 643 117
person 0.023305884 666 92 705 157
person 0.023291659 295 55 314 76
person 0.02328321 853 -224 868 -173
person 0.023208063 453 171 483 205
person 0.023128642 25 369 97 518
person 0.023107216 693 702 715 766
person 0.023067966 1040 448 1049 503
person 0.023065586 625 114 643 137
person 0.023017311 422 213 516 353
person 0.02299452 975 703 994 753
person 0.022981968 251 212 277 244
person 0.022856543 889 -229 903 -207
person 0.02281682 84 -125 111 -29
person 0.022721007 686 72 698 83
person 0.02267697 0 166 6 198
person 0.022609724 829 91 845 109
person 0.022562439 574 131 602 162
person 0.022544773 891 748 913 817
person 0.022511693 482 166 548 242
person 0.022420425 828 -229 843 -209
person 0.022402888 662 106 679 128
person 0.022374922 900 -222 915 -172
person 0.022374162 848 -228 861 -221
person 0.022357183 601 73 618 92
person 0.022353431 277 177 320 237
person 0.022348022 287 274 312 305
person 0.0223168 648 601 667 666
person 0.022287829 1042 450 1049 483
person 0.022272289 711 82 722 92
person 0.022228839 735 169 763 202
person 0.022195412 891 77 903 88
person 0.022184284 848 92 866 109
person 0.022162713 1037 101 1048 138
person 0.021999303 770 748 792 817
person 0.021995828 818 172 845 203
person 0.021978226 481 33 494 47
person 0.021968618 367 191 412 250
person 0.021930743 854 703 878 765
person 0.021923723 -7 556 24 702
person 0.021891762 173 370 194 391
person 0.021879664 594 55 605 68
person 0.021876402 953 84 965 95
person 0.021808153 887 131 904 153
person 0.021775493 663 72 675 83
person 0.021731626 609 56 621 68
person 0.021721939 786 715 806 782
person 0.021713968 800 244 827 278
person 0.021665014 909 -228 921 -221
person 0.021559296 669 62 681 74
person 0.021544144 989 -229 1004 -212
person 0.021533113 602 92 641 158
person 0.021527914 815 -223 830 -172
person 0.0215246 815 57 839 86
person 0.021501148 625 72 642 91
person 0.0214937 982 119 997 139
person 0.021478616 807 91 824 109
person 0.02140982 866 113 883 133
person 0.02139444 523 74 542 94
person 0.021206966 379 96 406 125
person 0.021193337 891 177 909 200
person 0.021150222 989 -228 1002 -221
person 0.021075435 909 -229 923 -208
person 0.020998983 1037 61 1048 99
person 0.02099289 366 -89 405 62
person 0.020984197 1043 568 1048 603
person 0.020973805 764 176 792 209
person 0.020933868 35 330 49 359
person 0.020926077 246 51 270 81
person 0.020922432 650 93 668 113
person 0.02090972 505 21 513 33
person 0.02084761 931 203 974 264
person 0.020800706 136 306 200 392
person 0.020781165 928 142 953 172
person 0.020770159 654 203 690 252
person 0.020751672 369 96 407 165
person 0.020745816 808 -229 823 -210
person 0.020636851 531 604 544 659
person 0.020603478 907 715 927 782
person 0.02053854 730 747 751 817
person 0.020512555 172 724 203 818
person 0.02051083 652 702 675 766
person 0.02048104 1033 422 1051 461
person 0.020441195 905 249 925 274
person 0.020424832 586 73 604 92
person 0.020421918 98 715 126 815
person 0.020363487 615 201 653 250
person 0.020337358 1039 791 1045 835
person 0.020279935 248 246 274 277
person 0.020264883 899 356 945 413
person 0.020241892 1038 31 1051 56
person 0.0201397 205 92 216 108
person 0.0201266 688 601 707 666
person 0.020064522 1042 409 1048 441
person 0.020006368 86 136 103 157
person 0.019984713 827 147 844 169
person 0.019957596 495 80 533 146
person 0.019933758 828 -228 841 -221
person 0.019907523 484 221 589 364
person 0.019902296 891 152 908 175
person 0.019889748 864 215 889 247
person 0.019879352 0 106 5 139
person 0.019867506 586 28 606 63
person 0.019857677 810 58 827 74
person 0.019796161 790 57 807 74
person 0.019793408 490 604 504 657
person 0.01975253 -16 311 47 454
person 0.019744834 850 114 868 134
person 0.019689562 164 143 189 171
person 0.019662226 962 255 979 279
person 0.019660719 892 614 902 640
person 0.019649342 973 -180 985 -137
person 0.019628767 755 91 793 158
person 0.01961108 491 52 508 73
person 0.019545669 750 74 768 91
person 0.019528905 844 195 862 218
person 0.019517764 890 94 902 105
person 0.019513432 0 2 4 37
person 0.019414913 365 525 384 552
person 0.01937827 983 154 998 176
person 0.019305987 207 134 232 162
person 0.019222295 731 607 745 661
person 0.019218758 100 191 118 212
person 0.019212466 956 435 971 458
person 0.0191779 689 747 711 817
person 0.019158863 780 -221 795 -171
person 0.019144382 331 168 358 199
person 0.019143112 935 706 955 756
person 0.019138481 1039 -152 1048 -94
person 0.019110316 1020 95 1050 168
person 0.019106794 426 302 442 323
person 0.01906868 845 134 863 156
person 0.019046988 605 267 707 379
person 0.01902293 0 670 12 749
person 0.01894683 828 215 846 238
person 0.018919231 1042 430 1048 462
person 0.018899513 123 146 149 176
person 0.018891338 730 73 742 84
person 0.018877678 690 58 702 69
person 0.018868046 813 60 824 72
person 0.018850744 950 445 1007 534
person 0.018847926 929 -229 943 -209
person 0.018826645 612 702 634 766
person 0.018780774 737 -213 763 -130
person 0.018747294 136 401 171 450
person 0.018733041 210 45 234 78
person 0.018683076 870 226 888 250
person 0.018633282 0 223 5 257
person 0.018615268 120 -47 144 13
person 0.018541005 -4 170 10 194
person 0.018418774 988 716 1018 809
person 0.018386252 293 226 319 258
person 0.018346643 549 51 566 69
person 0.01834614 209 605 222 655
person 0.018340573 207 263 236 295
person 0.018309543 122 173 148 203
person 0.018307464 852 613 862 639
person 0.018292852 0 708 12 790
person 0.01829146 783 156 800 179
person 0.018263996 787 -229 803 -210
person 0.018252667 371 25 391 62
person 0.018228455 570 51 581 63
person 0.01822438 674 307 737 381
person 0.018166782 0 204 5 236
person 0.01814303 298 411 333 462
person 0.018139256 856 58 879 86
person 0.018131316 928 -228 941 -221
person 0.018104265 649 747 671 817
person 0.018075269 771 59 787 76
person 0.018070161 768 75 780 87
person 0.018039908 169 604 182 654
person 0.018038211 91 700 112 766
person 0.017998297 868 151 885 173
person 0.017972276 1042 115 1048 129
person 0.017964536 931 748 953 817
person 0.017929146 1042 391 1048 422
person 0.01789887 157 256 177 278
person 0.017883671 764 135 781 158
person 0.017870685 886 549 909 577
person 0.017796878 868 136 885 158
person 0.017796678 916 68 944 113
person 0.017781872 1042 136 1048 150
person 0.01777467 746 714 766 782
person 0.017750343 0 -201 5 -160
person 0.017736059 42 16 67 72
person 0.017658874 0 -221 5 -182
person 0.017638603 182 358 203 374
person 0.017610312 872 613 882 639
person 0.01759673 1043 350 1049 379
person 0.0174972 281 65 332 159
person 0.017458117 689 169 718 202
person 0.017456137 281 460 317 511
person 0.01745102 833 58 844 70
person 0.017432207 118 387 146 410
person 0.017432125 258 138 283 166
person 0.017420067 920 372 941 392
person 0.017419495 85 -49 111 13
person 0.017409656 -4 207 9 233
person 0.017387034 735 727 767 819
person 0.017376853 -3 654 13 786
person 0.01736868 284 45 314 93
person 0.01736135 811 612 821 640
person 0.01734434 367 747 388 817
person 0.0172815 609 747 630 817
person 0.017279929 407 747 429 817
person 0.017279817 793 59 804 71
person 0.017245056 912 613 922 640
person 0.01722128 327 747 348 817
person 0.017190069 788 92 805 110
person 0.017132893 102 -212 130 -132
person 0.017126182 233 366 261 399
person 0.017112605 601 92 619 114
person 0.017106367 545 38 562 57
person 0.01710587 660 -212 686 -130
person 0.01709231 843 217 861 240
person 0.01706954 951 429 974 460
person 0.017068487 808 -228 821 -221
person 0.017045373 572 702 594 767
person 0.017024366 448 747 469 818
person 0.017009338 1035 620 1051 667
person 0.017006246 164 366 203 412
person 0.016982108 -15 475 39 621
person 0.016955137 565 92 583 114
person 0.016954113 1042 765 1048 808
person 0.016946731 830 172 848 194
person 0.016913993 -4 227 9 253
person 0.016889766 525 25 546 62
person 0.016861822 1042 76 1048 90
person 0.016853588 568 747 590 818
person 0.016846208 960 193 970 209
person 0.016838582 286 747 308 817
person 0.016829781 0 786 8 832
person 0.016810227 488 747 509 818
person 0.016774775 770 612 780 640
person 0.016743558 263 -214 290 -134
person 0.016727293 528 747 550 818
person 0.01671888 355 -210 382 -129
person 0.016716307 812 -220 838 -138
person 0.016697867 1042 156 1048 170
person 0.016683117 767 93 785 111
person 0.016631084 45 385 60 413
person 0.016624238 176 -214 204 -137
person 0.016598135 295 379 328 428
person 0.016595738 303 79 323 99
person 0.01659545 165 747 187 818
person 0.016585873 1040 713 1049 787
person 0.016577313 738 -221 752 -171
person 0.016576488 249 605 262 656
person 0.016573837 846 152 864 174
person 0.016535474 927 137 938 150
person 0.01649768 253 100 278 130
person 0.016483234 971 748 993 817
person 0.01646914 246 747 267 818
person 0.016434373 957 422 972 441
person 0.016433017 729 54 746 71
person 0.016410714 826 112 844 132
person 0.01639298 486 -229 502 -209
person 0.016390143 507 -229 522 -209
person 0.016387822 988 717 1007 785
person 0.016382258 45 747 66 818
person 0.01636795 206 747 227 818
person 0.016367642 303 408 329 434
person 0.016364548 366 -229 381 -209
person 0.016363306 466 -229 481 -209
person 0.016362393 345 -229 360 -209
person 0.01636098 325 -229 340 -209
person 0.01636016 527 -229 542 -209
person 0.016359959 547 -229 562 -209
person 0.016359083 386 -229 401 -209
person 0.016358802 305 -229 320 -209
person 0.016357811 204 -229 219 -209
person 0.01635637 285 -229 300 -209
person 0.016355433 265 -229 280 -209
person 0.016354313 406 -229 421 -209
person 0.016354023 245 -229 260 -209
person 0.016352918 224 -229 240 -209
person 0.016345838 426 -229 441 -209
person 0.016345663 -3 149 10 176
person 0.016342258 184 -229 199 -209
person 0.016330374 526 202 565 250
person 0.016329953 446 -229 461 -209
person 0.016324364 1042 96 1048 110
person 0.016322533 567 -229 582 -209
person 0.016310884 250 729 282 819
person 0.016310869 803 491 894 631
person 0.016310692 289 703 312 766
person 0.016297447 768 -229 783 -210
person 0.016281668 830 55 847 72
person 0.01627494 316 396 336 419
person 0.016259467 646 511 665 541
person 0.016253535 650 169 680 204
person 0.016228743 805 113 822 133
person 0.016208064 37 347 50 376
person 0.016189257 587 -229 602 -209
person 0.016170114 585 113 603 136
person 0.01616488 164 -229 179 -209
person 0.016163843 763 207 792 240
person 0.016155805 125 747 146 818
person 0.016131125 132 382 154 398
person 0.016115246 561 74 579 92
person 0.016093977 806 221 834 257
person 0.016090013 382 535 403 560
person 0.016086467 748 54 765 71
person 0.016081847 790 612 800 640
person 0.01604394 1043 550 1048 584
person 0.016036859 670 38 686 55
person 0.016032396 651 73 664 85
person 0.015968462 329 703 352 766
person 0.01596345 531 702 554 766
person 0.015952025 411 730 443 820
person 0.015950138 469 464 478 486
person 0.015940413 47 319 60 345
person 0.015927961 896 706 916 756
person 0.015904317 307 112 327 135
person 0.015886081 948 -229 963 -210
person 0.015868109 586 92 603 114
person 0.015866606 607 -229 623 -209
person 0.015843056 209 703 231 767
person 0.015818696 95 676 120 790
person 0.015814524 955 156 967 173
person 0.015810791 481 89 500 111
person 0.015794357 707 53 725 69
person 0.015782176 450 244 485 295
person 0.0157554 909 557 926 585
person 0.015746212 136 -223 151 -174
person 0.015730958 128 604 141 657
person 0.015713286 208 179 235 206
person 0.01567042 491 702 513 766
person 0.01567031 915 412 931 431
person 0.015668642 643 657 662 706
person 0.015667422 607 175 639 210
person 0.015659481 627 -229 643 -209
person 0.015658466 144 -229 159 -209
person 0.01563898 116 363 193 527
person 0.015619194 434 -210 461 -128
person 0.015611471 654 728 685 820
person 0.015606024 56 -110 76 -44
person 0.015605894 120 374 145 398
person 0.015604831 786 114 803 134
person 0.01558634 0 323 5 358
person 0.015567526 492 729 523 820
person 0.015553342 182 715 198 740
person 0.015551232 249 703 271 767
person 0.015522872 869 94 880 105
person 0.015514204 728 93 745 112
person 0.015494205 0 243 5 277
person 0.015491935 314 411 336 434
person 0.015462043 605 113 623 135
person 0.015418833 66 -218 77 -172
person 0.015410126 850 55 867 72
person 0.015394239 922 399 940 418
person 0.015383727 865 175 882 197
person 0.01536944 1042 175 1048 190
person 0.015358713 350 50 365 69
person 0.015355302 370 703 393 766
person 0.015352822 710 55 722 66
person 0.015345422 639 302 673 354
person 0.015343706 945 288 965 310
person 0.015330347 563 656 582 705
person 0.015326131 202 715 219 740
person 0.015322404 659 514 678 542
person 0.015322252 25 -9 88 140
person 0.015311509 897 64 920 93
person 0.015306749 161 715 178 740
person 0.015299484 830 88 867 156
person 0.015294937 344 -48 403 138
person 0.015286008 78 94 104 128
person 0.015263938 201 -12 230 76
person 0.015260303 584 132 602 156
person 0.015258362 1004 477 1016 540
person 0.015248492 73 -7 119 119
person 0.015228895 1042 55 1048 70
person 0.015207569 1041 -75 1048 -37
person 0.015197968 971 112 993 139
person 0.0151536185 1042 249 1049 280
person 0.015140594 541 153 560 177
person 0.0151388105 911 230 922 251
person 0.015132455 592 -209 618 -128
person 0.015124576 104 -219 116 -173
person 0.01512437 853 57 863 69
person 0.015120926 653 284 747 425
person 0.0151169365 680 150 698 174
person 0.015112313 626 147 645 172
person 0.015109626 683 133 701 156
person 0.015070058 648 -229 663 -210
person 0.015039147 -4 110 9 136
person 0.0150182685 687 -70 701 -44
person 0.015006837 168 703 191 767
person 0.014997374 427 407 447 443
person 0.014975012 1029 216 1053 268
person 0.014962497 222 715 239 740
person 0.014957727 748 112 766 134
person 0.014954593 513 -209 540 -128
person 0.014945092 0 -181 5 -140
person 0.014929725 603 657 622 705
person 0.014929502 451 703 473 766
person 0.014929333 765 112 783 133
person 0.014923289 163 218 192 247
person 0.014912701 914 -214 922 -179
person 0.014911553 106 603 118 668
person 0.014910405 972 668 991 710
person 0.014873833 124 -229 139 -210
person 0.01486779 748 -229 763 -210
person 0.0148118595 831 613 841 639
person 0.014789541 573 729 604 821
person 0.014776895 168 370 189 387
person 0.014765576 82 10 112 102
person 0.014763113 0 -98 8 -20
person 0.014758994 989 388 1012 421
person 0.014746789 748 91 765 110
person 0.014688823 787 -228 801 -221
person 0.014685966 330 730 363 821
person 0.014673146 1031 -229 1051 -169
person 0.014644205 242 715 259 740
person 0.014637414 706 -70 720 -44
person 0.014634953 807 132 824 154
person 0.014610251 706 714 725 783
person 0.014607542 794 503 869 679
person 0.014596674 63 -229 79 -212
person 0.014593066 934 626 949 676
person 0.014590075 85 747 106 819
person 0.014579639 103 315 164 411
person 0.014576913 620 508 637 536
person 0.01457646 621 156 719 293
person 0.014559812 948 -228 961 -221
person 0.014554081 -1 109 15 146
person 0.0145363165 -3 -231 13 -162
person 0.01453424 122 44 147 79
person 0.0145325605 689 33 705 51
person 0.0145307705 684 657 703 706
person 0.014529386 932 613 942 640
person 0.014528758 971 622 988 673
person 0.0145077715 55 87 79 121
person 0.014495185 854 -214 863 -180
person 0.014489961 667 -70 681 -44
person 0.014469548 112 333 137 357
person 0.014453727 363 715 380 740
person 0.014453223 668 -229 683 -210
person 0.01443841 383 715 400 740
person 0.014437034 92 266 121 290
person 0.0144283185 918 156 927 170
person 0.0143854795 752 76 764 87
person 0.0143828085 523 657 541 705
person 0.014369445 290 134 317 164
person 0.014363449 343 715 360 740
person 0.014355674 1041 -195 1048 -159
person 0.0143545065 262 715 279 740
person 0.014321796 403 715 420 740
person 0.014300346 894 -214 902 -180
person 0.014295265 728 -229 744 -210
person 0.014294305 410 703 433 766
person 0.01429206 910 114 922 126
person 0.0142887635 201 90 226 120
person 0.014254129 767 151 785 176
person 0.014246412 103 -229 119 -210
person 0.014243387 37 382 85 490
person 0.014242328 1041 -95 1048 -57
person 0.01423496 462 345 481 373
person 0.014229949 968 -228 981 -221
person 0.014229607 344 510 366 532
person 0.014229299 323 715 339 740
person 0.014228149 160 285 187 309
person 0.014202917 282 714 299 740
person 0.014187138 830 193 848 216
person 0.0141701745 867 510 938 674
person 0.014164368 466 20 485 58
person 0.014163235 451 478 466 503
person 0.014151615 0 263 5 300
person 0.0141505115 303 715 319 740
person 0.01414446 423 715 440 740
person 0.014138225 525 59 541 79
person 0.014115412 700 10 721 47
person 0.014113774 731 57 743 68
person 0.014098759 926 401 936 414
person 0.0140655385 141 715 158 740
person 0.014050489 968 -229 984 -211
person 0.014046487 750 612 759 640
person 0.01404067 875 -214 883 -180
person 0.014010349 822 235 842 258
person 0.013988307 708 111 726 133
person 0.01398609 486 258 522 308
person 0.013985439 737 335 803 408
person 0.013982192 924 375 938 387
person 0.013978354 30 142 103 283
person 0.013977592 59 186 80 211
person 0.013948304 204 218 231 247
person 0.0139411185 444 714 460 740
person 0.013939032 93 246 116 269
person 0.013928046 74 116 126 209
person 0.013912986 411 20 431 58
person 0.013898713 333 235 401 314
person 0.013893184 708 -229 723 -210
person 0.013889546 161 -171 185 -77
person 0.013884839 935 421 1022 555
person 0.013880777 91 242 120 284
person 0.013876138 540 134 559 158
person 0.013870567 416 349 440 388
person 0.013832904 413 158 514 293
person 0.013820552 747 551 764 580
person 0.013819311 688 -229 703 -210
person 0.013816778 47 427 66 456
person 0.01381549 1042 469 1049 503
person 0.013808853 464 714 481 740
person 0.013769867 246 232 348 369
person 0.013765982 773 62 784 73
person 0.013742243 823 515 881 605
person 0.013701523 484 714 501 740
person 0.013698965 129 702 150 767
person 0.01367381 1042 376 1048 391
person 0.013649598 785 133 802 156
person 0.013647757 898 288 924 321
person 0.013637643 288 607 303 658
person 0.013632181 267 -32 330 147
person 0.013627385 948 716 967 784
person 0.01362725 425 298 522 450
person 0.013625713 959 257 1018 342
person 0.013621892 504 714 521 740
person 0.013603997 524 714 541 740
person 0.013599756 -5 6 8 32
person 0.013575954 482 657 501 705
person 0.013575706 1034 722 1049 799
person 0.013558532 -3 38 15 103
person 0.0135477455 544 714 561 740
person 0.013544783 118 277 142 298
person 0.013540903 991 194 1005 218
person 0.0135155 -3 -216 8 -187
person 0.01351039 50 170 66 195
person 0.013508286 700 -222 714 -172
person 0.01350736 0 604 5 645
person 0.013506985 79 470 97 494
person 0.013504284 808 211 826 235
person 0.013502505 565 714 581 740
person 0.013475139 138 393 166 413
person 0.013462258 -3 0 13 69
person 0.01345316 1033 690 1050 759
person 0.013449452 778 323 874 453
person 0.013423738 1043 529 1049 562
person 0.0134145655 726 114 744 136
person 0.013406106 585 714 601 740
person 0.013403236 889 215 906 239
person 0.013397418 96 227 119 249
person 0.013396907 0 564 5 604
person 0.013392489 646 -69 661 -43
person 0.013386468 264 -90 307 52
person 0.013385416 785 169 803 193
person 0.013384416 1039 453 1051 481
person 0.013364589 727 -70 741 -44
person 0.013362043 1041 34 1047 50
person 0.013353923 1041 -156 1048 -118
person 0.013346485 918 80 953 148
person 0.013346298 119 90 146 122
person 0.013335961 844 -50 861 -41
person 0.013334711 990 175 1005 198
person 0.013320479 0 146 6 179
person 0.013304475 545 76 562 95
person 0.013303923 1041 -115 1048 -78
person 0.013296439 443 323 507 405
person 0.013270458 1041 -176 1048 -138
person 0.013260665 566 175 598 209
person 0.013257416 851 94 863 105
person 0.013250364 54 416 72 442
person 0.013233995 605 714 622 740
person 0.01321213 -12 -167 31 -16
person 0.013194059 724 657 743 707
person 0.013192971 193 299 228 347
person 0.013159962 296 234 314 256
person 0.013159615 670 -49 728 138
person 0.013154823 824 -50 840 -40
person 0.013151499 0 584 5 624
person 0.013143835 1042 591 1048 626
person 0.013123668 768 -228 781 -221
person 0.0130909085 489 457 504 487
person 0.01308465 0 -161 5 -120
person 0.013080162 918 414 927 428
person 0.0130625935 844 529 861 556
person 0.013060867 831 93 843 104
person 0.013040236 628 21 643 39
person 0.013026601 571 164 673 298
person 0.013016679 768 554 784 582
person 0.013015209 587 -47 646 144
person 0.013009342 625 714 642 740
person 0.013000529 104 -194 117 -140
person 0.012983402 751 57 762 68
person 0.012970961 985 122 995 134
person 0.012966352 971 468 995 507
person 0.012956024 869 521 925 611
person 0.012934699 603 181 643 227
person 0.0129305115 566 203 604 251
person 0.012928862 806 194 824 217
person 0.012924372 921 519 939 546
person 0.012921221 922 557 939 587
person 0.012906815 464 150 565 289
person 0.012897512 0 -181 8 -100
person 0.0128737185 1032 385 1052 425
person 0.012867551 204 658 218 702
person 0.012854656 1020 -155 1056 -20
person 0.012850893 482 -92 522 69
person 0.01284143 1030 576 1048 639
person 0.012834512 0 303 5 340
person 0.012816156 1042 331 1049 360
person 0.012813329 270 52 341 201
person 0.01280965 307 613 320 642
person 0.012781473 670 152 689 175
person 0.012776877 324 272 347 303
person 0.012773732 645 714 662 740
person 0.012771616 358 87 413 185
person 0.012767288 602 133 620 155
person 0.012765298 1041 -135 1048 -98
person 0.012765058 1020 -1 1045 90
person 0.0127554815 655 84 710 178
person 0.012752174 970 77 986 95
person 0.012737366 324 286 347 318
person 0.012735063 956 172 967 188
person 0.012732678 39 368 56 399
person 0.01272979 571 569 586 642
person 0.012698648 525 41 534 53
person 0.012696226 1011 553 1056 674
person 0.012679048 870 55 886 73
person 0.012675186 368 53 386 73
person 0.012663615 770 605 784 663
person 0.012648884 0 644 5 685
person 0.012555982 330 348 355 381
person 0.0125401495 0 624 5 665
person 0.012536069 1038 8 1051 35
person 0.01252894 419 550 440 579
person 0.01252595 1023 568 1052 661
person 0.012515079 626 -69 641 -43
person 0.012497488 810 93 822 104
person 0.0124947 335 231 362 264
person 0.012484755 880 266 899 289
person 0.012480733 376 331 398 361
person 0.012478859 -3 -195 8 -167
person 0.012457054 665 714 685 783
person 0.012451957 78 167 98 192
person 0.012442679 403 94 421 115
person 0.012425581 665 714 682 740
person 0.012418485 562 179 601 225
person 0.012396365 258 331 360 469
person 0.012392127 834 -214 843 -180
person 0.012383494 103 219 123 240
person 0.012379796 281 656 300 704
person 0.012378415 314 427 343 451
person 0.012348465 995 378 1007 393
person 0.012343034 0 -139 8 -59
person 0.012319802 429 305 438 317
person 0.012271483 83 -229 99 -211
person 0.012270923 429 79 483 173
person 0.012265903 362 445 386 481
person 0.012259796 953 614 963 639
person 0.012238906 583 150 602 174
person 0.01222896 0 334 11 429
person 0.012227976 171 -225 185 -175
person 0.012221429 804 -50 820 -40
person 0.012211186 1032 652 1051 715
person 0.012210376 544 93 562 114
person 0.012201814 644 112 662 134
person 0.012197177 1038 533 1053 559
person 0.012194823 604 74 616 86
person 0.012194151 960 423 968 438
person 0.012188212 -2 332 23 427
person 0.012183322 807 152 825 174
person 0.012176013 746 132 764 156
person 0.012172423 726 -71 740 -59
person 0.012171431 642 134 660 156
person 0.012164547 123 217 150 248
person 0.012159054 683 114 701 136
person 0.012154194 422 328 440 357
person 0.012147742 705 213 800 352
person 0.012145001 766 198 784 221
person 0.012128577 1042 490 1049 523
person 0.012114735 932 578 944 639
person 0.012101777 24 -60 36 17
person 0.012100568 967 -221 989 -164
person 0.0120872315 102 -157 121 -90
person 0.012072156 890 115 902 127
person 0.012047875 686 714 702 740
person 0.012046161 403 131 442 176
person 0.012038078 0 283 5 320
person 0.012036467 405 -69 420 -44
person 0.012012244 287 613 299 642
person 0.012008805 673 41 683 53
person 0.012007176 328 613 343 662
person 0.012005421 59 713 77 784
person 0.0119848065 863 -50 882 -41
person 0.011984643 882 688 949 835
person 0.011972572 428 613 440 641
person 0.011958433 96 271 118 284
person 0.0119498605 955 468 972 494
person 0.011949608 748 -228 761 -221
person 0.011945313 337 547 358 575
person 0.01191564 448 613 460 642
person 0.011891613 0 664 5 705
person 0.011865582 122 655 136 702
person 0.011861669 379 519 399 541
person 0.011853115 0 -141 5 -100
person 0.011829397 668 129 687 152
person 0.011821423 409 612 419 640
person 0.011816578 631 24 640 36
person 0.011795911 959 309 978 332
person 0.011793593 627 74 639 85
person 0.011789409 911 230 996 368
person 0.0117828725 913 136 925 149
person 0.011779265 316 236 334 258
person 0.011768689 101 325 134 377
person 0.011761942 450 606 463 657
person 0.0117593035 176 252 196 273
person 0.011737425 46 34 62 59
person 0.011736595 183 -39 244 139
person 0.011723903 177 388 198 408
person 0.011720424 743 82 799 179
person 0.011714487 425 -69 440 -44
person 0.011713768 121 310 144 332
person 0.011708222 606 -69 621 -43
person 0.011669409 292 276 324 324
person 0.011665847 28 329 43 359
person 0.011664219 385 -69 400 -44
person 0.011660939 133 303 155 320
person 0.011654697 1005 187 1059 279
person 0.011652895 171 284 205 309
person 0.011652083 244 341 262 363
person 0.011649178 0 764 5 809
person 0.011618715 693 91 704 102
person 0.011616328 523 92 541 112
person 0.011577871 589 20 604 38
person 0.011567709 758 210 796 257
person 0.011551735 590 85 646 179
person 0.011540333 488 -50 547 142
person 0.011538212 968 -185 988 -125
person 0.011526607 0 544 5 584
person 0.01152539 1041 611 1048 645
person 0.011519219 244 424 284 474
person 0.011510064 113 346 138 369
person 0.011508446 933 668 953 713
person 0.011502416 315 215 418 356
person 0.0114882635 706 713 723 740
person 0.011485205 700 170 797 302
person 0.011470164 121 714 138 740
person 0.011457818 812 -213 824 -180
person 0.011442246 925 155 936 169
person 0.011431205 785 194 803 217
person 0.011427094 337 656 381 753
person 0.011426782 -1 194 6 208
person 0.011423438 212 472 300 617
person 0.011408628 0 524 5 564
person 0.011405895 420 -53 478 136
person 0.011395647 0 587 12 671
person 0.011392784 377 35 392 54
person 0.011383309 1042 356 1048 371
person 0.01137934 163 658 177 702
person 0.011377071 988 97 1004 116
person 0.011355557 0 23 4 59
person 0.011343983 445 -69 460 -44
person 0.011334991 883 -50 902 -41
person 0.011331156 747 -70 761 -46
person 0.011330039 63 -229 76 -222
person 0.011318342 646 549 662 576
person 0.011316513 553 279 588 331
person 0.0113038 625 714 644 783
person 0.011301157 343 714 362 783
person 0.011298536 917 435 925 448
person 0.011292098 -5 28 8 55
person 0.011291603 339 163 436 296
person 0.01129108 383 714 402 783
person 0.011288148 725 148 744 173
person 0.011268067 1039 513 1053 540
person 0.011259913 368 570 386 593
person 0.0112589905 227 98 237 112
person 0.011254755 -2 198 15 261
person 0.011253513 253 654 297 753
person 0.011210359 641 152 660 175
person 0.0112075005 166 -150 178 -106
person 0.011194523 774 -196 787 -143
person 0.011193474 45 727 60 756
person 0.011190804 799 528 817 555
person 0.011185523 369 138 408 183
person 0.011175549 745 -71 760 -60
person 0.0111682005 807 172 825 195
person 0.011165099 586 -69 601 -43
person 0.011158714 994 410 1009 433
person 0.011148518 735 508 806 692
person 0.0111351 159 142 174 160
person 0.011131867 744 -49 802 137
person 0.011114641 271 596 280 624
person 0.011113924 816 361 842 396
person 0.011108669 841 232 860 256
person 0.011108664 612 566 626 641
person 0.011106213 78 684 141 847
person 0.011090126 465 -69 480 -44
person 0.011082973 653 89 687 133
person 0.01108001 728 -228 741 -221
person 0.011078083 996 412 1005 429
person 0.011064457 485 -69 500 -44
person 0.011064227 320 41 336 58
person 0.011061212 303 714 322 783
person 0.011059063 1043 747 1049 789
person 0.011058485 1002 376 1018 398
person 0.011027774 186 360 199 371
person 0.011024447 327 614 340 642
person 0.011015488 655 -223 669 -174
person 0.011014817 664 98 674 110
person 0.0110075995 995 395 1004 411
person 0.010995651 684 247 720 298
person 0.010983902 709 32 725 50
person 0.010980618 939 -191 954 -138
person 0.010973873 347 15 371 69
person 0.010973453 726 713 743 740
person 0.01096604 662 314 694 364
person 0.010958291 294 485 327 535
person 0.010956668 -4 328 8 354
person 0.010951481 420 92 439 113
person 0.010949596 805 249 825 272
person 0.010928897 66 -190 77 -134
person 0.010928691 0 -13 5 23
person 0.010928274 798 513 817 540
person 0.0109238215 -3 182 15 222
person 0.010914185 466 91 486 113
person 0.0109131625 423 714 443 783
person 0.0109123895 552 53 563 65
person 0.010892351 506 -228 520 -221
person 0.010890898 486 -228 499 -221
person 0.010885172 1039 493 1052 520
person 0.010880342 546 -228 560 -221
person 0.010878608 526 -228 540 -221
person 0.010870908 466 -228 479 -221
person 0.0108673815 567 -228 580 -221
person 0.010861725 365 -228 379 -221
person 0.010861365 345 -228 358 -221
person 0.010860986 202 322 224 340
person 0.01086091 204 -228 217 -221
person 0.010860762 325 -228 338 -221
person 0.010859798 184 -228 197 -221
person 0.010859568 305 -228 318 -221
person 0.010858256 284 -228 298 -221
person 0.010857709 385 -228 399 -221
person 0.0108575085 264 -228 278 -221
person 0.010857136 244 -228 258 -221
person 0.010856532 224 -228 237 -221
person 0.010854928 405 -228 419 -221
person 0.010854319 870 322 973 455
person 0.010849994 426 -228 439 -221
person 0.010849897 321 655 340 702
person 0.01084855 267 612 279 642
person 0.010846443 446 -228 459 -221
person 0.010835905 1042 194 1048 209
person 0.010817306 0 685 5 725
person 0.010804654 293 324 326 371
person 0.0108024785 733 11 754 48
person 0.010795678 807 235 828 258
person 0.010789051 973 55 996 85
person 0.010788694 316 94 335 115
person 0.010782548 587 -228 600 -221
person 0.0107779 710 18 725 36
person 0.010775857 798 684 866 836
person 0.010774428 89 281 122 333
person 0.010773239 566 -69 580 -43
person 0.01077139 975 711 1023 827
person 0.010766254 506 -69 520 -44
person 0.010764746 164 -228 177 -221
person 0.010759684 167 651 213 760
person 0.010755036 1040 -114 1048 -52
person 0.010751081 616 130 653 175
person 0.010747464 994 490 1014 518
person 0.010747201 602 152 621 175
person 0.01074494 316 118 334 138
person 0.010743516 991 236 1006 261
person 0.010740034 93 293 118 317
person 0.010733972 490 438 500 463
person 0.010731031 464 714 483 783
person 0.010717979 792 -213 804 -180
person 0.010716442 441 548 461 577
person 0.010714597 873 58 883 70
person 0.010713708 719 242 756 291
person 0.010712848 717 311 822 454
person 0.010711616 1039 373 1052 397
person 0.010696669 290 297 392 440
person 0.010692567 0 307 8 402
person 0.010691518 730 34 746 52
person 0.010685956 0 705 5 745
person 0.010684913 262 714 281 783
person 0.010682428 526 -69 540 -44
person 0.010675275 934 -213 942 -179
person 0.010673443 895 677 936 779
person 0.010671086 890 55 906 73
person 0.010669409 784 -50 800 -40
person 0.010667769 318 81 335 99
person 0.010666789 -3 125 10 152
person 0.010656853 189 101 205 119
person 0.010653009 585 714 604 783
person 0.010650813 47 23 62 69
person 0.01064594 975 600 983 617
person 0.010639533 151 684 220 839
person 0.010639328 114 290 138 311
person 0.010638485 0 625 8 705
person 0.010637953 182 714 201 784
person 0.01062996 546 -69 560 -43
person 0.010618919 607 -228 620 -221
person 0.01061739 683 172 702 196
person 0.010615127 244 657 258 702
person 0.010614716 0 -121 5 -80
person 0.010605265 987 601 994 615
person 0.010600494 729 17 745 35
person 0.010590156 682 210 719 259
person 0.010587159 923 353 944 373
person 0.01058174 61 -152 79 -85
person 0.010580193 757 341 790 392
person 0.010574458 659 135 695 179
person 0.01056628 905 370 931 404
person 0.010566105 1039 433 1051 460
person 0.010565238 729 229 749 253
person 0.0105632795 0 388 8 468
person 0.010560788 456 93 493 137
person 0.010556583 627 -228 641 -221
person 0.010548738 27 307 39 335
person 0.010546125 504 714 523 783
person 0.010538201 208 -151 219 -107
person 0.010529995 222 714 241 784
person 0.010529563 814 -200 827 -146
person 0.010521016 347 133 364 156
person 0.010515562 515 264 549 314
person 0.010509665 321 539 353 594
person 0.010507964 904 -50 921 -40
person 0.010503845 135 326 163 349
person 0.010497215 143 -228 157 -221
person 0.01049163 988 216 1003 241
person 0.010482392 974 434 991 460
person 0.010480033 708 -228 721 -221
person 0.01047424 992 393 1008 415
person 0.010470978 544 714 563 783
person 0.010467095 206 40 237 88
person 0.010467076 345 63 424 217
person 0.010464133 211 -225 225 -176
person 0.010461215 -5 50 8 77
person 0.010447511 482 205 522 253
person 0.010442237 416 654 460 751
person 0.010434407 364 -70 380 -44
person 0.010433841 362 275 369 290
person 0.010414323 1042 397 1048 413
person 0.010412018 56 468 125 624
person 0.010410333 609 19 624 37
person 0.010404459 484 72 539 167
person 0.01040012 79 121 96 139
person 0.010396984 526 696 541 722
person 0.010396161 22 770 36 801
person 0.010395601 746 713 763 740
person 0.010395483 647 -228 661 -221
person 0.010393644 506 696 521 722
person 0.010382369 135 314 157 336
person 0.010379578 884 507 903 534
person 0.010377755 312 493 345 543
person 0.010374103 647 49 681 94
person 0.010372709 486 696 500 722
person 0.010370672 821 222 914 361
person 0.0103663225 285 469 306 490
person 0.010363475 19 236 34 262
person 0.010363359 184 77 236 173
person 0.01035557 592 24 600 36
person 0.010353763 547 696 561 722
person 0.010353142 254 470 279 498
person 0.010332687 1033 -156 1049 -87
person 0.010331673 368 557 387 582
person 0.010324961 466 696 480 722
person 0.010322009 531 564 546 642
person 0.010321419 567 696 581 722
person 0.010307614 779 241 813 291
person 0.010300442 921 419 938 438
person 0.010299809 587 696 601 722
person 0.010299081 287 486 374 622
person 0.0102917 647 695 662 722
person 0.010290312 153 348 177 367
person 0.010282278 627 695 641 722
person 0.010280972 668 695 682 722
person 0.010274633 735 -196 747 -146
person 0.010274129 390 -90 448 79
person 0.010269867 607 695 621 722
person 0.010264668 791 94 802 105
person 0.01026397 407 317 421 343
person 0.010263398 410 555 428 581
person 0.010263273 972 614 983 638
person 0.010260638 129 -196 141 -147
person 0.010260178 684 172 722 218
person 0.010257259 690 17 705 36
person 0.010255744 705 -70 719 -59
person 0.010254693 747 191 765 215
person 0.01025402 730 612 739 640
person 0.010249758 914 601 923 615
person 0.010243761 749 16 764 35
person 0.010241301 442 657 461 704
person 0.0102375215 290 595 300 624
person 0.010237396 0 122 6 154
person 0.010232131 502 58 512 71
person 0.010229476 589 75 600 87
person 0.010223539 0 -100 5 -60
person 0.010221459 1006 393 1015 414
person 0.010215046 667 -228 681 -221
person 0.01021225 742 172 759 196
person 0.010209541 446 696 460 722
person 0.010208968 44 708 59 738
person 0.010196443 60 654 79 721
person 0.010176783 1042 729 1049 766
person 0.010173153 645 538 661 566
person 0.010170574 1043 510 1049 543
person 0.010168578 1029 171 1053 224
person 0.010162456 264 696 279 722
person 0.010159085 892 634 902 663
person 0.010155043 244 696 259 722
person 0.010154732 809 674 822 703
person 0.010140669 505 95 523 116
person 0.010139961 -4 711 9 738
person 0.010132463 53 426 72 451
person 0.010127353 523 113 541 136
person 0.010126564 865 192 883 215
person 0.010108478 426 696 440 722
person 0.010107624 1038 554 1053 580
person 0.010103226 687 -228 701 -221
person 0.010101848 472 90 509 134
person 0.010097891 1038 270 1053 296
person 0.010094208 766 713 783 740
person 0.010085387 285 696 299 722
person 0.010066367 184 729 202 756
person 0.0100541385 749 36 766 54
person 0.010051984 981 329 1004 353
person 0.01004845 224 696 239 722
person 0.010045542 688 695 702 722
person 0.010025277 347 581 358 595
person 0.010021682 123 -228 137 -221
person 0.010018825 644 66 724 215
person 0.010018639 46 140 62 160
person 0.010006946 135 437 165 449
person 0.010006592 948 558 963 586
