person 0.57579935 927 84 941 102
person 0.3783108 964 193 979 219
person 0.2967747 970 169 984 191
person 0.28305814 946 268 969 305
person 0.24806337 959 222 979 254
person 0.20644844 948 96 963 115
person 0.17036474 972 151 986 173
person 0.14471044 930 86 938 98
person 0.14427583 977 138 991 159
person 0.13629681 93 157 114 189
person 0.12750371 901 180 922 209
person 0.12560143 951 97 960 110
person 0.11197964 928 94 945 114
person 0.101112 977 119 991 138
person 0.10021348 982 139 995 160
person 0.09677219 922 80 943 107
person 0.0929881 964 516 1017 608
person 0.09252676 1041 617 1050 680
person 0.08148299 936 259 978 316
person 0.0812357 876 256 901 288
person 0.07711598 1040 581 1048 646
person 0.07407661 665 109 681 131
person 0.07345721 979 138 988 152
person 0.07307575 239 377 258 400
person 0.06835536 985 306 1009 340
person 0.06766891 979 121 988 134
person 0.06746755 952 218 981 264
person 0.0654304 95 166 118 199
person 0.06402447 1044 134 1050 163
person 0.062058374 950 192 974 223
person 0.06167301 305 96 329 126
person 0.060982604 1039 220 1050 260
person 0.059745148 1044 113 1050 142
person 0.058739632 38 333 51 363
person 0.05826578 1044 154 1050 183
person 0.05797431 87 243 126 307
person 0.05624456 966 101 981 120
person 0.05499099 -4 -225 9 -201
person 0.05446987 1040 660 1050 714
person 0.05344816 948 260 968 284
person 0.052863397 1044 93 1050 121
person 0.052765187 1028 -205 1056 -132
person 0.05272276 975 154 983 167
person 0.05129409 508 73 533 99
person 0.051246338 1040 250 1050 294
person 0.051146336 1044 173 1050 203
person 0.05107756 602 -60 640 5
person 0.05090252 1039 -224 1050 -176
person 0.050321985 647 304 693 359
person 0.050105985 208 -70 237 19
person 0.0484372 985 141 993 154
person 0.048312392 0 -228 6 -200
person 0.048310917 469 472 483 499
person 0.04820717 291 82 330 146
person 0.04705621 -4 -224 8 -218
person 0.046677403 39 351 51 380
person 0.046482816 973 173 981 186
person 0.04629162 674 -60 714 6
person 0.046173755 514 76 530 96
person 0.046144202 588 282 652 351
person 0.046017487 952 495 1028 630
person 0.045535035 663 104 681 123
person 0.04544575 754 -60 793 6
person 0.045176763 1043 75 1050 101
person 0.045097157 418 93 445 121
person 0.044926435 441 133 469 163
person 0.044744693 -3 -216 18 -122
person 0.044533823 50 324 59 349
person 0.04422187 1038 181 1049 219
person 0.043999203 856 252 901 309
person 0.043982714 911 97 928 115
person 0.043591037 0 121 9 171
person 0.043521054 839 176 865 208
person 0.04346992 290 -67 320 18
person 0.043299705 479 95 507 123
person 0.0424448 1043 55 1049 81
person 0.042385302 1044 193 1050 224
person 0.042374164 61 172 82 204
person 0.04231405 290 54 314 83
person 0.0417928 968 103 979 115
person 0.041402325 692 95 718 123
person 0.04131817 1040 536 1048 606
person 0.041279953 385 332 406 364
person 0.041279104 916 438 931 457
person 0.040325567 901 364 945 421
person 0.039991938 1040 136 1053 161
person 0.039987475 946 115 962 135
person 0.039956853 945 92 967 120
person 0.039866082 229 373 266 418
person 0.039782993 495 181 526 216
person 0.039562754 911 81 928 97
person 0.039481226 357 34 372 52
person 0.03945696 648 197 696 253
person 0.039332394 534 182 567 217
person 0.039221413 1041 420 1050 472
person 0.039160617 622 40 640 57
person 0.03915213 1040 156 1053 182
person 0.038944203 953 85 969 102
person 0.038936388 972 -69 1005 4
person 0.038842764 540 33 565 61
person 0.03881709 45 496 92 614
person 0.038603313 974 325 1012 386
person 0.038393077 1040 175 1053 201
person 0.03821364 1038 -225 1050 -217
person 0.03813853 908 397 929 411
person 0.038101967 646 -38 672 -3
person 0.03788829 89 150 118 196
person 0.037805613 726 224 754 260
person 0.03771133 1040 115 1053 140
person 0.03764491 923 238 940 262
person 0.03758779 969 691 996 777
person 0.03745169 899 219 923 252
person 0.037254255 621 105 648 134
person 0.03721798 242 391 264 414
person 0.03710493 1037 -226 1052 -203
person 0.03701373 1040 196 1053 222
person 0.036913134 514 -61 551 8
person 0.036912348 415 131 443 162
person 0.0369056 969 151 990 181
person 0.03685393 96 232 121 269
person 0.036776334 448 97 476 126
person 0.0367028 61 -80 85 14
person 0.0366229 599 11 641 73
person 0.0364553 829 -62 867 6
person 0.03644762 721 211 768 266
person 0.036328774 610 -39 636 -3
person 0.036220804 887 95 904 112
person 0.035829883 410 172 437 204
person 0.03581582 516 6 557 69
person 0.035717007 199 305 225 340
person 0.035382193 54 40 83 121
person 0.035328988 690 -38 716 -3
person 0.035172362 732 607 747 665
person 0.035104662 726 240 771 297
person 0.034975074 422 308 445 344
person 0.034958612 502 41 518 59
person 0.034932494 675 6 718 68
person 0.03488622 623 135 651 166
person 0.034847263 0 -230 8 -178
person 0.034699287 1041 695 1050 755
person 0.034395184 930 118 947 138
person 0.034224406 752 7 795 70
person 0.034034703 1040 216 1053 242
person 0.03402058 492 132 522 164
person 0.034019414 498 33 522 62
person 0.033899765 1040 95 1053 119
person 0.033848956 311 101 338 131
person 0.03368681 595 195 645 250
person 0.033538017 1044 213 1050 244
person 0.03338905 0 191 5 224
person 0.033364028 663 135 690 165
person 0.033061568 565 97 593 126
person 0.03305752 770 150 798 180
person 0.03304026 1033 254 1053 289
person 0.033034015 306 394 326 420
person 0.03278639 109 -78 137 13
person 0.032727417 942 286 969 322
person 0.03269806 346 -68 379 10
person 0.032691397 44 -225 59 -209
person 0.032599088 677 138 705 168
person 0.032553915 584 58 610 86
person 0.032432877 356 11 394 78
person 0.032351032 972 -210 986 -170
person 0.032223575 1040 -188 1049 -131
person 0.032134008 357 32 381 63
person 0.031977464 25 -225 38 -218
person 0.031833276 211 273 236 305
person 0.031822782 1040 336 1050 392
person 0.031782832 420 1 459 67
person 0.03170273 975 269 1014 332
person 0.031664774 906 150 930 179
person 0.031425543 891 81 908 96
person 0.03138043 134 316 220 475
person 0.031164212 312 423 345 475
person 0.03104196 807 77 825 93
person 0.030909536 619 32 645 60
person 0.030903354 284 18 320 93
person 0.030885179 25 -225 40 -209
person 0.03086034 586 34 611 62
person 0.030779397 438 -64 474 8
person 0.030761166 409 58 435 85
person 0.030719595 41 371 56 402
person 0.030617038 -3 -145 15 -32
person 0.030561334 378 169 405 202
person 0.030483214 535 60 562 88
person 0.030468844 374 52 399 80
person 0.030440243 -5 271 19 360
person 0.030324828 955 174 971 198
person 0.030172376 652 61 681 89
person 0.03016605 829 7 871 70
person 0.030109964 -4 194 9 221
person 0.030062148 160 360 246 532
person 0.03000169 900 -219 916 -169
person 0.02989339 903 233 921 257
person 0.029641345 723 137 750 167
person 0.029608112 702 99 719 118
person 0.029600091 827 79 844 95
person 0.029563418 730 -38 756 -3
person 0.029542366 -1 86 25 165
person 0.029482268 547 38 563 56
person 0.029472629 850 78 867 94
person 0.029440343 343 134 369 164
person 0.02940165 481 40 498 58
person 0.029285323 1043 14 1049 41
person 0.029230548 769 -38 794 -3
person 0.029207299 148 340 208 426
person 0.029193778 221 328 247 361
person 0.029188085 1040 76 1053 100
person 0.029183757 202 -1 235 77
person 0.02908821 640 60 658 77
person 0.029025609 572 607 585 664
person 0.028993875 531 137 561 169
person 0.028966296 663 74 680 91
person 0.0289407 620 58 647 86
person 0.028834337 914 617 923 646
person 0.028810987 535 97 563 125
person 0.028693367 661 92 708 149
person 0.028667683 100 192 118 215
person 0.028626569 855 -221 870 -170
person 0.028604088 490 173 538 227
person 0.028544383 97 168 113 191
person 0.028499616 923 159 939 182
person 0.028429631 1038 27 1048 69
person 0.028396906 160 285 226 369
person 0.028359903 887 117 905 138
person 0.028336762 730 100 758 128
person 0.02825345 824 139 850 167
person 0.028185597 1043 35 1049 60
person 0.028135065 913 99 925 111
person 0.028066749 302 386 333 435
person 0.027952954 624 59 643 76
person 0.027819782 853 136 879 165
person 0.027791176 1037 145 1049 182
person 0.027775053 625 42 636 54
person 0.027734533 650 602 668 668
person 0.0277169 916 421 926 433
person 0.027703112 955 87 966 99
person 0.027685959 979 345 1006 380
person 0.027593667 277 169 301 201
person 0.02759081 904 721 935 810
person 0.027590176 463 336 480 360
person 0.027584163 1040 56 1053 79
person 0.027517496 894 618 903 645
person 0.027460719 934 618 944 645
person 0.027387666 627 78 645 95
person 0.02729979 692 94 709 111
person 0.027271986 572 -38 596 -3
person 0.027089743 955 618 964 643
person 0.027088623 80 0 111 80
person 0.027088553 162 349 183 373
person 0.027038828 1041 375 1050 431
person 0.027016426 647 76 666 92
person 0.027006144 709 83 726 99
person 0.026946604 44 -225 57 -218
person 0.026937848 908 116 925 136
person 0.026931765 1007 -225 1021 -218
person 0.026741374 775 170 803 202
person 0.026740184 952 162 968 184
person 0.026715754 643 62 655 73
person 0.026707416 871 96 889 113
person 0.02667272 412 89 456 147
person 0.026619444 693 606 706 663
person 0.02656988 926 139 943 161
person 0.026498413 1027 295 1040 349
person 0.026493208 89 137 104 159
person 0.02639477 870 76 887 91
person 0.026366957 532 607 545 664
person 0.026319494 521 79 539 98
person 0.026309047 903 -68 940 1
person 0.026291128 0 168 5 201
person 0.026265254 935 -213 950 -169
person 0.02598836 206 95 217 111
person 0.025879463 578 136 606 166
person 0.025819689 51 408 75 469
person 0.025788596 200 2 221 38
person 0.02578793 776 100 803 127
person 0.025740992 964 252 989 284
person 0.025661316 449 63 475 90
person 0.025649099 1014 -127 1045 -47
person 0.025565237 627 60 639 72
person 0.02555538 490 -38 514 -3
person 0.025548905 1041 452 1050 510
person 0.025426669 169 609 182 662
person 0.025421148 729 76 745 92
person 0.025404288 184 386 224 433
person 0.025339799 762 -113 798 -42
person 0.025323996 813 102 840 129
person 0.02525239 499 252 565 325
person 0.02522593 808 348 853 403
person 0.025224773 413 28 438 58
person 0.02514511 925 258 945 282
person 0.025099542 370 137 401 170
person 0.025053734 204 94 221 114
person 0.025036879 711 84 722 95
person 0.024991145 0 587 7 675
person 0.024929639 1040 236 1053 262
person 0.02492052 364 95 408 156
person 0.024888294 515 269 550 319
person 0.024823803 862 104 887 130
person 0.024782496 202 9 220 30
person 0.02477327 785 75 803 91
person 0.024620507 1018 201 1055 266
person 0.024597902 893 83 905 93
person 0.024543606 487 85 532 142
person 0.024493985 869 -224 882 -217
person 0.024475647 -7 569 26 710
person 0.024471011 828 171 873 227
person 0.024459925 -4 659 13 789
person 0.024401065 602 74 619 93
person 0.024370985 383 294 405 325
person 0.024332125 788 76 800 88
person 0.024311967 812 175 840 206
person 0.024125377 873 617 883 644
person 0.024121081 449 -115 480 -38
person 0.024114657 0 327 5 365
person 0.024084875 443 175 474 209
person 0.024027118 853 617 863 644
person 0.024005573 816 -220 831 -169
person 0.024003195 210 48 233 79
person 0.023994198 731 77 742 88
person 0.023981515 949 116 959 130
person 0.02395737 681 -114 717 -43
person 0.023932638 870 -225 884 -204
person 0.023914162 890 -224 902 -217
person 0.023825163 850 -225 864 -205
person 0.023741737 67 227 146 372
person 0.023732984 665 76 678 87
person 0.023715744 845 179 862 202
person 0.023704011 1044 233 1050 264
person 0.023644065 777 61 805 88
person 0.023643928 904 214 922 238
person 0.023639694 755 97 801 155
person 0.023621248 697 70 725 98
person 0.023606174 1007 -225 1023 -209
person 0.023593646 872 78 884 89
person 0.023585862 773 608 787 666
person 0.023553817 659 210 688 246
person 0.023541383 0 109 5 144
person 0.02352858 261 176 285 206
person 0.023472644 830 95 847 113
person 0.023452882 819 730 850 820
person 0.0233802 87 190 127 255
person 0.023363834 916 158 932 182
person 0.023336545 530 -38 554 -3
person 0.023304868 1005 480 1017 544
person 0.023247296 -6 181 20 264
person 0.023125015 506 21 521 37
person 0.023111507 1038 104 1049 141
person 0.023049276 1019 16 1051 88
person 0.023020577 963 260 980 283
person 0.022990221 0 -215 8 -139
person 0.022988124 55 702 75 769
person 0.02285741 849 -225 862 -217
person 0.022856964 808 -39 833 -2
person 0.02283994 890 -225 904 -204
person 0.022829616 888 106 913 133
person 0.022802802 1038 64 1049 102
person 0.022758843 849 95 866 112
person 0.022742977 613 608 625 663
person 0.022706863 417 369 433 398
person 0.02265841 829 -225 844 -205
person 0.02260524 0 397 8 478
person 0.022591824 906 190 917 209
person 0.022569722 831 98 875 157
person 0.022496302 774 707 797 770
person 0.022456154 785 161 802 184
person 0.02245269 967 196 976 211
person 0.022413667 608 61 626 78
person 0.0224083 976 708 995 757
person 0.02240622 492 609 504 661
person 0.022370659 766 139 783 162
person 0.022262342 1043 374 1049 404
person 0.02222479 1019 102 1054 168
person 0.022166258 893 180 911 206
person 0.022147976 304 293 326 322
person 0.022035142 1017 302 1040 343
person 0.02193865 668 64 686 80
person 0.021918539 594 41 610 59
person 0.02191115 961 231 970 251
person 0.021901045 856 62 882 88
person 0.021881115 732 174 760 207
person 0.021870738 0 266 4 303
person 0.021858485 858 216 884 248
person 0.021852067 185 161 226 220
person 0.021753756 193 89 232 153
person 0.021738647 895 190 912 215
person 0.021736082 814 62 841 88
person 0.021719627 734 707 756 770
person 0.02171101 687 77 705 93
person 0.021704586 358 176 423 252
person 0.02170046 731 61 759 87
person 0.021667726 919 17 958 82
person 0.021660475 40 389 86 491
person 0.021659227 487 -114 521 -40
person 0.02165306 809 95 826 112
person 0.021646334 909 -225 922 -217
person 0.021603428 509 22 518 35
person 0.02153448 272 166 316 224
person 0.021514745 990 -225 1005 -209
person 0.021499773 951 139 968 159
person 0.02144479 927 83 969 143
person 0.021422166 217 357 238 378
person 0.021367203 889 97 901 107
person 0.021317573 -4 171 8 197
person 0.021296473 851 752 873 821
person 0.021265678 951 447 1007 539
person 0.021241724 598 -114 633 -42
person 0.021233141 58 62 78 102
person 0.02120996 157 257 174 281
person 0.021106899 990 -225 1003 -218
person 0.021083945 0 226 5 262
person 0.02105597 809 -225 824 -206
person 0.021050073 337 57 363 86
person 0.02102366 910 -225 924 -205
person 0.02101855 415 353 439 394
person 0.020965634 209 608 222 661
person 0.020947844 308 75 326 95
person 0.020933049 892 752 913 821
person 0.020928696 961 427 969 443
person 0.020905048 943 32 966 61
person 0.020894153 348 31 369 63
person 0.020812195 650 77 662 88
person 0.020812025 682 317 725 374
person 0.020751998 255 252 279 283
person 0.020734558 568 252 671 382
person 0.020722061 811 752 833 821
person 0.020711426 256 402 279 424
person 0.0207083 756 211 783 245
person 0.020686291 919 440 927 453
person 0.020681148 335 -76 385 29
person 0.020679733 670 65 683 77
person 0.02065186 972 437 998 470
person 0.020596625 833 616 842 644
person 0.020594498 829 -225 842 -218
person 0.020570606 926 280 945 303
person 0.02054084 249 609 262 661
person 0.020534908 764 80 782 96
person 0.020528259 595 103 643 161
person 0.020510595 97 719 126 820
person 0.020484135 193 397 219 417
person 0.020452872 924 195 942 219
person 0.020432828 0 5 5 42
person 0.020414589 396 290 463 362
person 0.020364795 119 173 144 204
person 0.020359889 529 205 567 253
person 0.02035789 1040 795 1046 840
person 0.02032298 28 377 98 528
person 0.020315211 379 99 406 128
person 0.020250177 1043 59 1049 74
person 0.020236531 -1 306 5 346
person 0.020234637 970 116 992 143
person 0.020179875 776 23 804 51
person 0.020044874 817 24 843 53
person 0.020033643 323 295 346 325
person 0.019984322 927 219 944 243
person 0.01997442 816 -113 852 -41
person 0.019953964 315 398 333 422
person 0.019939097 0 346 5 387
person 0.019934881 814 707 837 770
person 0.019905867 813 616 822 644
person 0.019902779 893 62 917 88
person 0.019876223 895 608 902 623
person 0.019867469 896 175 926 221
person 0.019866731 361 35 369 49
person 0.019844798 1040 -148 1050 -91
person 0.019831609 855 31 880 59
person 0.019829538 492 265 527 313
person 0.019804634 393 159 461 232
person 0.01979762 925 405 940 417
person 0.019778812 782 -218 798 -168
person 0.019727176 953 608 961 624
person 0.019675402 927 419 935 432
person 0.01964348 868 117 886 137
person 0.019626526 593 59 610 78
person 0.01961571 771 752 792 822
person 0.019597495 505 42 515 56
person 0.019567294 957 185 984 232
person 0.019538704 911 138 928 161
person 0.01941963 629 79 641 90
person 0.019400584 0 430 8 514
person 0.019390764 523 43 540 60
person 0.019372279 199 334 221 357
person 0.01935541 365 512 393 565
person 0.019320913 985 121 1000 141
person 0.019268263 354 37 369 55
person 0.019226722 90 -51 113 10
person 0.019166222 0 207 5 241
person 0.019156877 56 136 78 169
person 0.019116784 0 591 4 630
person 0.01904954 322 -114 354 -34
person 0.019035446 913 418 930 435
person 0.018985366 788 -225 803 -207
person 0.018933592 964 230 973 252
person 0.018914824 0 350 8 424
person 0.018876689 167 365 208 412
person 0.01886609 750 75 768 91
person 0.018838396 611 41 629 59
person 0.018833635 926 196 970 255
person 0.018828297 166 146 180 165
person 0.018816264 561 285 595 335
person 0.018806623 929 -225 944 -206
person 0.018787805 565 97 583 119
person 0.018770216 479 229 582 375
person 0.018754005 694 707 716 771
person 0.018751852 602 180 634 214
person 0.018738844 752 76 765 88
person 0.018724777 767 81 779 92
person 0.018703429 152 252 178 286
person 0.018699456 643 41 660 57
person 0.018692235 298 413 322 439
person 0.018670673 789 97 806 115
person 0.018662492 655 173 684 206
person 0.018615965 410 610 424 659
person 0.018606959 94 681 120 796
person 0.018557077 689 77 702 88
person 0.018551547 994 618 1003 640
person 0.018547468 3 310 73 463
person 0.018537445 927 178 944 202
person 0.018527353 599 295 633 345
person 0.018511007 172 728 203 823
person 0.018508442 730 752 752 822
person 0.018502977 627 120 645 142
person 0.018497085 121 155 145 185
person 0.018460812 0 148 6 182
person 0.018409586 29 311 40 341
person 0.018381018 692 62 704 73
person 0.018372837 689 60 707 76
person 0.018371904 742 -217 757 -167
person 0.018353712 1043 395 1050 426
person 0.018347394 78 360 94 387
person 0.018347185 847 120 865 139
person 0.018333955 974 619 984 641
person 0.018298898 274 6 325 111
person 0.018293431 989 721 1018 813
person 0.018284734 806 118 823 138
person 0.018283334 688 174 716 207
person 0.018251138 945 290 966 312
person 0.018175894 330 610 344 662
person 0.01815134 888 134 905 157
person 0.01812704 697 20 725 48
person 0.018096747 929 -225 942 -218
person 0.01807337 643 24 671 54
person 0.018045675 90 -121 117 -29
person 0.018021464 -3 151 9 178
person 0.01801977 1043 140 1049 154
person 0.017998064 1043 80 1049 94
person 0.017996332 1039 36 1052 59
person 0.017988194 868 719 887 786
person 0.017985664 -18 255 39 384
person 0.017981283 452 21 477 50
person 0.017980274 964 223 975 243
person 0.017947752 -4 113 9 140
person 0.01794467 32 329 43 359
person 0.01793568 733 22 761 51
person 0.01788414 0 712 12 795
person 0.017876672 827 117 845 137
person 0.017871665 602 206 634 242
person 0.017870134 1043 119 1049 133
person 0.017865757 1043 414 1049 446
person 0.017864661 296 62 315 81
person 0.017861757 209 137 232 164
person 0.017854575 830 137 848 159
person 0.01776153 583 77 601 96
person 0.017746354 0 -197 5 -157
person 0.017738203 808 -225 822 -218
person 0.017727977 50 327 57 344
person 0.017725984 191 -94 249 68
person 0.017724747 913 607 921 622
person 0.017691487 106 604 119 677
person 0.017679028 627 94 645 112
person 0.017656988 0 -217 5 -179
person 0.017642984 48 389 63 419
person 0.017623069 788 117 805 137
person 0.017616987 172 -214 201 -137
person 0.017608974 141 261 248 395
person 0.017600415 618 167 724 298
person 0.017585292 0 670 8 750
person 0.017582342 -1 181 7 233
person 0.017551893 827 719 847 786
person 0.017545925 101 -90 143 32
person 0.017538736 938 144 964 174
person 0.017525773 768 -225 784 -207
person 0.01750481 811 -211 845 -139
person 0.01747797 0 246 4 283
person 0.017469507 154 336 189 384
person 0.017465293 936 710 956 761
person 0.017463319 165 -134 193 -44
person 0.01745846 1043 454 1050 488
person 0.017446801 690 751 712 822
person 0.017397173 655 99 691 142
person 0.017393472 1034 425 1052 464
person 0.017386805 95 138 111 159
person 0.017367786 711 59 723 71
person 0.017351218 1044 574 1049 612
person 0.017337311 1043 99 1049 113
person 0.017333867 649 97 667 115
person 0.01732759 503 -67 557 26
person 0.017310645 406 93 425 115
person 0.017305948 932 119 944 132
person 0.01729446 1032 343 1052 384
person 0.017280018 58 313 67 337
person 0.017266462 932 752 954 822
person 0.017218884 800 249 828 284
person 0.017213738 605 76 617 88
person 0.017197957 701 -218 716 -168
person 0.017092196 656 -219 671 -170
person 0.017055355 193 -13 241 98
person 0.017036283 137 -220 151 -170
person 0.017034886 880 269 898 292
person 0.016988821 1043 770 1049 813
person 0.016988646 845 133 863 156
person 0.016977556 -9 -155 21 -18
person 0.016974185 908 719 928 787
person 0.016968448 683 119 701 140
person 0.01694145 177 290 203 326
person 0.016936613 0 609 5 649
person 0.016935233 128 606 141 667
person 0.016924812 747 336 792 392
person 0.016880995 732 59 744 71
person 0.016857965 897 32 921 61
person 0.016849991 411 364 433 404
person 0.016843224 829 152 847 175
person 0.016823629 0 790 8 836
person 0.016801221 813 62 824 75
person 0.016788354 84 490 103 517
person 0.016779054 875 330 972 460
person 0.016778339 616 -220 631 -171
person 0.016732987 646 43 657 54
person 0.016729636 -4 9 8 37
person 0.01672515 82 478 99 505
person 0.01672007 933 606 941 623
person 0.016713627 768 156 786 180
person 0.016687363 788 171 806 196
person 0.016683921 472 468 481 490
person 0.016680215 650 751 671 822
person 0.016642675 85 3 105 45
person 0.016583852 -1 286 4 326
person 0.01656965 1041 718 1050 792
person 0.016550988 55 419 72 448
person 0.016549172 873 98 886 109
person 0.016527085 972 673 991 715
person 0.016490875 855 708 878 770
person 0.016475229 0 631 8 708
person 0.016467504 792 616 802 644
person 0.016449079 249 707 272 771
person 0.016381951 959 197 970 217
person 0.016374422 166 751 187 822
person 0.016361242 487 -225 502 -206
person 0.016354773 575 -221 589 -172
person 0.016347848 366 -225 381 -206
person 0.016346622 507 -225 522 -206
person 0.016346613 205 -225 220 -206
person 0.01634643 346 -225 361 -206
person 0.016345318 326 -225 341 -206
person 0.016344305 305 -225 320 -206
person 0.016343223 285 -225 300 -206
person 0.016342526 265 -225 280 -206
person 0.016341876 245 -225 260 -206
person 0.016341623 386 -225 401 -206
person 0.016341124 225 -225 240 -206
person 0.016336266 467 -225 482 -206
person 0.016334374 406 -225 421 -206
person 0.016332857 184 -225 199 -206
person 0.016324753 426 -225 442 -206
person 0.016308276 447 -225 462 -206
person 0.01629416 527 -225 542 -206
person 0.01628991 972 752 994 822
person 0.016287748 854 607 861 623
person 0.016264532 327 751 348 822
person 0.016261892 793 63 805 75
person 0.01625316 547 -225 563 -206
person 0.016237797 367 751 389 822
person 0.016220432 752 617 762 644
person 0.016208079 653 707 675 771
person 0.016188163 45 751 66 822
person 0.016182544 287 751 308 822
person 0.016171154 735 -104 758 -61
person 0.016169082 568 -225 583 -206
person 0.016159588 668 131 687 155
person 0.016151182 345 2 400 97
person 0.016144753 164 -225 179 -206
person 0.016143797 609 751 631 822
person 0.016118255 408 751 429 822
person 0.016106434 206 751 227 822
person 0.016078053 246 751 268 822
person 0.016068943 307 114 329 138
person 0.016063131 958 427 973 445
person 0.016042374 1041 -112 1050 -50
person 0.016017584 767 96 784 114
person 0.016006999 166 145 190 173
person 0.015998423 588 -225 603 -206
person 0.015997695 290 707 312 771
person 0.015981274 683 137 701 160
person 0.015980853 125 751 147 822
person 0.015959458 989 721 1008 790
person 0.01595853 448 751 469 822
person 0.015955571 1042 39 1048 54
person 0.015954735 1042 19 1048 34
person 0.015946463 748 -225 764 -207
person 0.015946366 364 58 382 79
person 0.015942926 250 734 282 826
person 0.015937869 699 -105 722 -61
person 0.015933545 612 707 635 771
person 0.015915656 833 60 844 73
person 0.015914239 102 -208 131 -128
person 0.015891038 288 391 374 539
person 0.015884507 949 -225 964 -207
person 0.01587686 569 751 590 822
person 0.01586825 488 751 510 822
person 0.015860977 748 115 765 136
person 0.015851809 321 438 352 491
person 0.015851244 534 -221 549 -172
person 0.01583862 655 -209 689 -138
person 0.01583257 1043 432 1049 465
person 0.015832435 -4 210 9 238
person 0.015823878 529 751 550 822
person 0.015814755 421 333 442 363
person 0.015810117 256 -216 287 -140
person 0.015809448 463 349 482 377
person 0.015806051 300 335 324 364
person 0.015802432 -4 332 8 359
person 0.0157824 1043 355 1050 384
person 0.015779102 330 707 353 771
person 0.015769279 1043 253 1050 284
person 0.015768614 787 719 807 787
person 0.015722824 -3 129 9 157
person 0.015706938 0 24 4 62
person 0.015703546 734 -207 769 -136
person 0.01570107 250 -116 281 -32
person 0.01569114 568 79 586 98
person 0.015681474 772 617 782 644
person 0.015668958 292 -221 306 -172
person 0.015663693 494 -221 508 -172
person 0.01565164 104 -215 116 -169
person 0.015639149 332 -221 347 -172
person 0.015638921 413 -221 428 -172
person 0.01563534 610 62 623 75
person 0.015630277 144 -225 159 -206
person 0.015627753 88 369 104 396
person 0.015616013 608 -225 623 -206
person 0.0156098865 453 -221 468 -172
person 0.01560177 136 32 157 69
person 0.015599464 1039 16 1052 39
person 0.015599171 373 -221 387 -172
person 0.01559193 901 -211 936 -141
person 0.015581402 970 -177 988 -131
person 0.015576956 559 182 591 217
person 0.015567249 572 707 594 771
person 0.015562631 1017 -215 1062 -117
person 0.015559842 209 707 231 771
person 0.015557941 628 151 647 176
person 0.015552106 66 -214 77 -168
person 0.015522845 611 267 722 382
person 0.015514883 765 117 783 137
person 0.015505299 327 277 350 307
person 0.015505119 78 169 96 192
person 0.01549336 984 155 999 178
person 0.015480708 602 96 620 115
person 0.01546592 735 733 767 825
person 0.015461673 299 412 361 496
person 0.015455099 788 -225 801 -218
person 0.015446117 846 198 864 223
person 0.015437671 873 609 881 624
person 0.015422873 317 417 338 441
person 0.0154059455 451 -37 473 -2
person 0.015388372 1043 159 1049 174
person 0.015388032 747 95 765 113
person 0.0153863495 289 21 314 55
person 0.015362867 120 223 145 255
person 0.015358383 237 366 256 386
person 0.015334315 171 181 196 209
person 0.015311443 38 361 61 421
person 0.015311335 645 118 663 139
person 0.01529741 252 -221 266 -172
person 0.015288482 915 -110 951 -37
person 0.015286101 628 -225 643 -206
person 0.015280036 1001 -135 1049 -28
person 0.015269193 577 -212 612 -140
person 0.01525397 918 71 947 114
person 0.015220936 898 291 925 325
person 0.015210825 495 459 506 486
person 0.0152023425 954 139 965 153
person 0.015184498 317 431 342 456
person 0.015183835 163 300 182 326
person 0.015170295 169 707 191 771
person 0.015164219 681 155 700 178
person 0.0151458215 249 58 275 89
person 0.015144826 260 141 285 170
person 0.015128397 1012 549 1058 671
person 0.015128136 148 255 181 304
person 0.015107906 0 126 6 160
person 0.015092313 411 735 443 826
person 0.015068643 915 -210 923 -176
person 0.0150319645 725 661 744 710
person 0.015026876 0 46 4 86
person 0.015025322 484 41 495 54
person 0.015017998 91 705 112 770
person 0.015008474 729 -225 744 -207
person 0.0149956 363 719 380 744
person 0.014990439 237 418 280 466
person 0.014988177 727 95 745 114
person 0.014963468 383 719 400 744
person 0.014941155 343 719 360 744
person 0.014934347 1042 615 1049 648
person 0.0149300145 565 167 672 298
person 0.0149259055 855 -211 864 -176
person 0.014919147 0 -178 5 -136
person 0.014908458 254 218 280 251
person 0.014862043 532 707 554 771
person 0.014859377 751 59 763 72
person 0.014858363 507 62 524 81
person 0.01485475 404 719 421 744
person 0.014852287 491 707 514 771
person 0.014847055 323 719 340 744
person 0.014845834 124 -225 139 -206
person 0.014844571 939 422 1022 561
person 0.014837119 428 -71 480 28
person 0.014829266 726 137 743 160
person 0.014816287 -4 352 8 380
person 0.014814359 244 662 258 706
person 0.014814254 790 61 808 77
person 0.014790938 183 -30 250 133
person 0.01479004 172 -221 186 -172
person 0.0147879645 990 20 1006 38
person 0.014777138 87 60 109 95
person 0.014774173 334 -216 367 -141
person 0.014754799 1032 28 1051 64
person 0.01474636 303 719 320 744
person 0.014743692 550 39 559 52
person 0.014723391 424 719 441 744
person 0.014683923 283 719 299 744
person 0.014678283 312 391 338 426
person 0.014671966 211 -221 226 -172
person 0.014668616 330 735 362 826
person 0.014660238 202 719 219 745
person 0.014648787 182 719 199 745
person 0.014648437 726 117 743 139
person 0.01464717 0 200 7 254
person 0.014627108 196 379 220 400
person 0.014623939 262 719 279 745
person 0.014622999 348 617 360 646
person 0.014615072 242 719 259 745
person 0.014610988 492 734 523 827
person 0.014610603 648 -225 663 -206
person 0.014608597 444 719 461 744
person 0.014600898 222 719 239 745
person 0.014590933 410 707 433 771
person 0.014585641 63 -225 79 -208
person 0.0145753985 464 719 481 744
person 0.014574044 -3 -227 13 -159
person 0.01457268 484 719 501 744
person 0.014564267 408 617 420 646
person 0.014562701 949 -225 962 -218
person 0.01455209 504 719 521 744
person 0.014538264 993 21 1002 36
person 0.01452127 447 327 508 408
person 0.0145149855 525 719 542 744
person 0.014503415 785 137 803 160
person 0.014501732 1036 624 1052 671
person 0.01449178 566 661 581 707
person 0.014489565 370 707 393 771
person 0.01447475 107 658 120 711
person 0.014463891 586 156 604 180
person 0.0144595895 810 60 828 77
person 0.014453875 140 376 174 426
person 0.014449224 895 -211 903 -176
person 0.0144481165 829 177 847 200
person 0.014438831 545 719 562 744
person 0.014436226 566 207 603 255
person 0.014432164 85 751 106 823
person 0.014423526 451 707 474 771
person 0.014411504 -4 29 8 57
person 0.014395441 270 -94 332 65
person 0.014382897 497 -213 531 -140
person 0.014369377 0 569 4 610
person 0.0143632805 -4 230 8 258
person 0.014349583 565 719 582 744
person 0.014340482 374 262 486 387
person 0.014335817 707 113 725 135
person 0.014334174 161 719 178 745
person 0.014330361 0 305 7 397
person 0.0142988395 492 52 507 72
person 0.0142791355 653 734 685 826
person 0.014250451 585 719 602 744
person 0.014248148 586 97 604 117
person 0.0142348325 969 -225 982 -218
person 0.014231721 550 58 567 77
person 0.014227526 103 -225 119 -207
person 0.014213382 774 65 785 77
person 0.01420275 1032 -225 1052 -166
person 0.014197057 512 456 522 485
person 0.014189638 807 135 824 158
person 0.014181662 173 359 197 382
person 0.0141805895 708 -225 724 -207
person 0.014178137 605 719 622 744
person 0.014171573 431 296 520 451
person 0.014150238 53 -91 91 29
person 0.014137978 833 97 844 108
person 0.01413213 0 -34 4 5
person 0.014126783 0 464 7 559
person 0.014123018 461 152 565 288
person 0.014121206 808 496 902 636
person 0.014101331 995 497 1016 525
person 0.01410019 768 -225 782 -218
person 0.014099382 254 105 280 134
person 0.014096485 729 57 747 74
person 0.014084768 957 441 972 464
person 0.014077067 804 219 833 254
person 0.014059436 626 719 642 744
person 0.014055656 668 -225 684 -206
person 0.0140477745 969 -225 985 -208
person 0.014034354 99 217 119 238
person 0.014009579 1043 474 1050 508
person 0.01400489 289 610 302 662
person 0.013998992 1033 -191 1051 -125
person 0.013994426 875 -211 883 -176
person 0.013994379 1042 -192 1049 -155
person 0.013989819 604 116 622 138
person 0.013971414 1030 218 1054 271
person 0.013965491 862 222 879 246
person 0.013942842 646 719 663 744
person 0.01394233 262 -17 334 138
person 0.013930326 728 -189 747 -137
person 0.013905872 748 58 766 75
person 0.013900699 573 734 604 827
person 0.013888737 889 154 907 178
person 0.013871447 868 135 886 158
person 0.01386033 176 315 199 341
person 0.013857762 203 94 227 123
person 0.013839958 845 221 864 245
person 0.013798121 173 674 209 791
person 0.013790564 324 -94 395 62
person 0.013786557 440 337 458 363
person 0.013776188 188 410 231 457
person 0.013762642 775 -105 797 -62
person 0.0137613285 208 393 303 552
person 0.013756403 906 182 918 203
person 0.013753125 257 413 278 435
person 0.01375099 708 57 726 74
person 0.013729065 409 -4 466 86
person 0.013716855 747 719 766 787
person 0.013715584 666 719 683 744
person 0.013713828 438 -127 485 -23
person 0.013711739 952 639 965 669
person 0.013710501 598 186 638 231
person 0.013709965 851 97 863 108
person 0.013699435 208 182 233 210
person 0.013699177 315 98 333 118
person 0.013684335 689 -225 704 -206
person 0.013679862 136 -50 160 10
person 0.013647422 866 523 936 682
person 0.013618241 0 628 5 669
person 0.013606134 517 79 526 90
person 0.013595898 321 660 340 707
person 0.013591398 289 273 314 304
person 0.0135793965 956 463 972 486
person 0.013576734 451 610 464 660
person 0.013576172 1024 563 1053 655
person 0.013573535 981 333 1002 356
person 0.013573452 0 -56 5 -15
person 0.013570502 971 623 987 676
person 0.013567579 526 661 540 706
person 0.013558795 1035 726 1050 803
person 0.013530461 0 366 5 407
person 0.013524799 566 61 583 79
person 0.013518845 751 21 761 34
person 0.013513282 -3 -212 8 -184
person 0.013504589 429 617 441 646
person 0.013489967 201 661 219 709
person 0.013489681 771 63 789 79
person 0.013467946 604 660 623 709
person 0.013456655 643 137 661 159
person 0.013438778 388 616 401 646
person 0.013433239 420 -214 454 -140
person 0.0134283295 853 60 864 73
person 0.013417998 64 -43 82 3
person 0.013414869 811 96 823 108
person 0.01340301 299 43 316 61
person 0.013400148 486 662 500 706
person 0.013385323 0 648 5 689
person 0.013378956 892 234 911 258
person 0.013369368 656 -106 678 -62
person 0.013367009 84 467 164 626
person 0.013353345 206 41 237 89
person 0.013352202 912 237 996 373
person 0.01334533 686 719 703 744
person 0.013343215 855 601 863 630
person 0.013333934 291 417 326 467
person 0.013324496 13 330 60 440
person 0.0133224195 907 688 936 786
person 0.013313711 769 -190 788 -137
person 0.013285333 218 366 286 444
person 0.0132844085 377 63 392 83
person 0.013252364 141 719 158 745
person 0.013242653 686 177 704 200
person 0.013228374 531 566 546 649
person 0.013206202 449 503 466 530
person 0.013175843 259 249 329 328
person 0.013175192 933 601 942 629
person 0.013173238 315 119 333 140
person 0.013146073 1043 596 1049 631
person 0.013139753 328 617 340 646
person 0.013133732 685 661 704 710
person 0.0131274965 553 267 586 318
person 0.013126503 1034 694 1051 763
person 0.013118999 973 59 998 88
person 0.013118259 -1 125 14 165
person 0.013118184 160 660 179 709
person 0.0131163765 972 81 988 98
person 0.013108453 0 548 6 659
person 0.0130831115 732 -87 813 58
person 0.013080575 992 101 1007 121
person 0.013073135 0 -8 5 28
person 0.0130727105 972 605 981 622
person 0.013071468 975 31 997 61
person 0.013052025 169 149 176 162
person 0.013048082 1032 65 1052 97
person 0.013042863 988 124 998 136
person 0.013042096 849 -39 873 -2
person 0.013025608 1043 493 1050 527
person 0.013024853 503 65 538 108
person 0.01300619 570 38 587 56
person 0.01299895 72 -15 117 100
person 0.012990393 85 124 103 144
person 0.012985393 682 214 719 263
person 0.0129794665 409 -37 430 -1
person 0.01297568 921 401 944 420
person 0.012973403 987 391 1011 425
person 0.012969257 828 220 846 243
person 0.012966394 0 -157 5 -116
person 0.01296216 731 617 743 646
person 0.012959805 991 0 1001 15
person 0.012936453 1042 -172 1049 -135
person 0.012928807 628 18 645 35
person 0.012922723 501 119 520 142
person 0.012920522 688 -190 706 -139
person 0.01291415 706 718 723 744
person 0.012895921 1043 334 1049 364
person 0.012890745 805 176 823 199
person 0.012889793 126 616 138 645
person 0.012882611 235 337 254 359
person 0.01285413 695 95 706 107
person 0.012851571 967 278 987 300
person 0.012847445 1042 -152 1049 -115
person 0.012840607 748 -225 762 -218
person 0.012831647 246 25 269 59
person 0.012825113 808 197 826 220
person 0.012813931 807 -88 886 59
person 0.012809342 693 574 706 645
person 0.012786914 846 157 863 180
person 0.012768489 375 521 394 545
person 0.012763405 923 416 939 434
person 0.012760383 830 58 847 75
person 0.012740683 0 -173 12 -92
person 0.012739304 744 134 762 158
person 0.012737925 668 113 677 125
person 0.012730551 990 180 1005 203
person 0.012718312 728 20 745 37
person 0.01268454 632 73 733 208
person 0.012665618 1043 178 1049 193
person 0.012665289 740 -141 760 -92
person 0.012649396 999 489 1021 535
person 0.012634225 402 661 421 708
person 0.01262196 669 156 688 178
person 0.012619725 366 455 391 494
person 0.012619304 612 570 627 646
person 0.012609825 365 -39 387 -2
person 0.012601936 791 98 803 110
person 0.01260034 1039 518 1054 545
person 0.01258633 368 617 380 646
person 0.012576935 693 178 798 302
person 0.012564369 601 136 619 159
person 0.012555676 543 137 562 161
person 0.012553689 973 20 983 35
person 0.012541755 375 143 480 278
person 0.012530581 896 711 916 761
person 0.012518421 -4 51 8 79
person 0.012516882 827 521 887 611
person 0.012512527 768 19 785 35
person 0.012502775 294 134 321 166
person 0.012496265 973 437 989 461
person 0.01249144 961 222 971 244
person 0.012488224 1041 -7 1048 23
person 0.012481604 91 139 100 154
person 0.0124786245 835 -211 844 -176
person 0.012476345 -3 -191 8 -164
person 0.012471775 727 718 743 744
person 0.012461149 705 98 716 111
person 0.012440142 666 102 678 115
person 0.012427839 221 324 239 345
person 0.012418948 109 413 189 556
person 0.012391789 652 -86 733 58
person 0.012383144 40 334 50 353
person 0.012366633 781 -142 801 -94
person 0.012359361 808 156 826 179
person 0.012334294 687 251 722 301
person 0.012333562 648 287 744 427
person 0.012329427 206 222 231 251
person 0.012320975 406 321 421 346
person 0.012320574 895 602 903 629
person 0.012312378 868 178 885 202
person 0.012291311 993 512 1015 539
person 0.012288314 370 610 384 659
person 0.012286977 906 372 935 409
person 0.01226915 526 44 536 57
person 0.012267029 883 -89 962 54
person 0.012265977 306 99 343 144
person 0.012264735 613 24 649 68
person 0.012261091 129 706 151 771
person 0.012259294 137 40 154 60
person 0.012257037 83 -225 99 -207
person 0.012249817 949 720 968 789
person 0.012244054 203 1 221 23
person 0.012237435 968 -217 990 -161
person 0.012227596 573 570 586 647
person 0.012206258 882 692 950 838
person 0.012197297 1033 656 1052 720
person 0.012186093 333 170 360 203
person 0.01218187 727 154 745 178
person 0.012177263 200 337 306 467
person 0.012173283 45 19 72 78
person 0.012160102 726 -15 816 125
person 0.012155664 789 18 805 34
person 0.012149276 648 -15 738 124
person 0.012146124 731 22 741 35
person 0.012129349 867 158 885 181
person 0.012126994 974 83 985 95
person 0.012098573 55 399 70 427
person 0.012085113 182 -86 199 -61
person 0.012073653 585 117 603 139
person 0.01207011 57 -107 76 -42
person 0.0120166605 368 522 388 547
person 0.0120138405 106 616 118 645
person 0.012012799 117 320 137 343
person 0.011991393 526 139 566 184
person 0.011984276 537 277 569 328
person 0.011982571 699 -141 720 -92
person 0.011981193 828 198 846 222
person 0.011980534 768 173 786 197
person 0.011977045 956 -91 1025 56
person 0.01197612 490 23 506 39
person 0.0119699715 580 -85 658 59
person 0.011963799 448 321 466 345
person 0.011958669 243 419 267 439
person 0.011952411 707 719 726 788
person 0.011950103 1005 192 1060 281
person 0.011945262 1040 496 1053 524
person 0.011944147 1043 380 1049 395
person 0.0119386185 698 216 793 353
person 0.01190218 1006 7 1056 106
person 0.011898456 -4 312 8 340
person 0.011893579 613 42 626 55
person 0.011892761 915 77 975 160
person 0.01189038 526 62 543 81
person 0.011890252 110 323 121 338
person 0.011884746 249 298 276 330
person 0.0118845105 0 669 5 709
person 0.011880911 747 718 764 744
person 0.011858819 745 176 763 200
person 0.011853869 453 483 467 508
person 0.011853573 202 -86 219 -62
person 0.011846124 48 143 63 165
person 0.011823484 0 -93 8 -20
person 0.011818627 809 17 826 33
person 0.011817547 573 -11 662 128
person 0.011814756 849 18 866 35
person 0.011814078 162 -86 179 -61
person 0.011809787 597 43 606 55
person 0.011809074 728 -225 742 -218
person 0.0118040955 829 17 846 34
person 0.011800708 631 21 642 33
person 0.011785971 851 58 867 75
person 0.0117724715 709 21 725 37
person 0.011765733 269 62 347 206
person 0.01176274 831 608 840 623
person 0.011734864 547 81 564 99
person 0.011726731 0 66 5 106
person 0.011722897 381 327 410 375
person 0.011720638 991 198 1006 222
person 0.011708063 474 95 512 138
person 0.0117059825 284 661 298 706
person 0.011701858 994 604 1001 620
person 0.011698973 1042 635 1049 669
person 0.01168999 0 -137 5 -96
person 0.011673568 659 -140 681 -92
person 0.011660335 741 501 809 692
person 0.011655839 642 156 660 178
person 0.011653071 767 718 784 744
person 0.011649437 932 638 943 668
person 0.011646923 535 25 569 69
person 0.011645392 239 232 346 374
person 0.011644656 0 768 5 813
person 0.01159698 17 237 31 265
person 0.0115819955 649 -191 667 -141
person 0.011573183 146 617 158 645
person 0.01156983 796 517 871 693
person 0.01156579 362 660 381 706
person 0.011551604 79 343 96 367
person 0.011550667 59 718 77 789
person 0.011547541 317 85 335 103
person 0.011547417 341 157 439 290
person 0.011530959 615 -106 637 -62
person 0.011520307 562 658 584 720
person 0.011514812 35 339 55 404
person 0.011514731 39 492 57 521
person 0.0115096625 308 617 320 646
person 0.011502259 662 657 701 760
person 0.011499223 664 521 681 550
person 0.011493876 56 166 86 215
person 0.011490495 990 39 1007 58
person 0.011480718 104 -191 117 -137
person 0.0114794895 449 618 461 646
person 0.011464705 869 18 886 35
person 0.011454043 787 718 804 744
person 0.011445213 -3 615 8 643
person 0.01144237 768 0 780 15
person 0.011437398 807 718 824 744
person 0.011416961 808 -192 826 -140
person 0.011413124 547 97 565 118
person 0.0113970125 93 244 120 289
person 0.011384103 45 732 60 761
person 0.011376899 331 -16 410 132
person 0.011341052 765 660 784 710
person 0.011333944 522 95 540 116
person 0.0113324 644 660 663 709
person 0.011323615 63 -225 76 -218
person 0.011319062 443 661 461 708
person 0.011304503 118 311 142 350
person 0.011298792 1003 321 1022 343
person 0.0112979505 163 309 185 336
person 0.01129599 450 250 485 298
person 0.011294174 828 718 845 744
person 0.011246358 349 601 359 627
person 0.011245955 -4 271 7 298
person 0.011240141 711 617 723 645
person 0.011239267 742 656 785 758
person 0.011238344 966 420 977 436
person 0.011235329 653 574 667 647
person 0.011228514 887 402 899 415
person 0.011205603 1034 382 1052 422
person 0.011198357 0 -77 5 -36
person 0.011195231 505 97 524 118
person 0.011181425 366 23 383 41
person 0.011177299 254 657 297 758
person 0.011173794 748 0 760 15
person 0.011151342 0 -136 8 -56
person 0.011143016 450 511 468 539
person 0.011138356 1033 -151 1051 -86
person 0.011134774 950 305 1031 449
person 0.011131604 595 61 606 74
person 0.011123744 1044 752 1050 793
person 0.011118857 114 264 148 314
person 0.011112043 813 -209 824 -176
person 0.011103034 602 156 620 179
person 0.011102197 352 25 385 71
person 0.011088196 119 659 138 709
person 0.011084364 385 71 480 208
person 0.011079859 927 239 936 259
person 0.011063314 190 107 200 121
person 0.011062458 890 19 906 36
person 0.011054146 142 -86 159 -61
person 0.011052484 99 140 108 154
person 0.011052224 690 19 706 36
person 0.011051874 1044 552 1049 590
person 0.01104843 581 25 616 69
person 0.011042235 65 492 84 519
person 0.011019727 427 305 444 326
person 0.011003753 848 718 865 744
person 0.01099281 -13 177 28 281
person 0.0109856315 492 25 502 37
person 0.010971322 793 -209 805 -176
person 0.0109698875 960 317 980 338
person 0.010952643 788 0 800 15
person 0.010945693 618 137 655 181
person 0.010942951 967 468 997 520
person 0.010935884 933 59 949 78
person 0.010918784 726 175 744 199
person 0.010917471 121 718 138 745
person 0.010915191 706 178 724 201
person 0.010904215 48 36 64 65
person 0.010896452 708 -225 722 -218
person 0.010894284 890 679 904 706
person 0.010888304 50 615 59 642
person 0.010884464 1043 -212 1049 -176
person 0.010874591 971 0 982 15
person 0.010868344 486 -225 500 -218
person 0.010862928 507 -225 520 -218
person 0.010854344 184 -225 197 -218
person 0.010854175 204 -225 218 -218
person 0.010851964 466 -225 480 -218
person 0.010850086 345 -225 359 -218
person 0.010849963 365 -225 379 -218
person 0.010849912 325 -225 339 -218
person 0.0108493995 305 -225 318 -218
person 0.010849348 244 -225 258 -218
person 0.010849282 224 -225 238 -218
person 0.010849242 285 -225 298 -218
person 0.0108490065 265 -225 278 -218
person 0.010845393 386 -225 399 -218
person 0.010840955 406 -225 419 -218
person 0.010836825 527 -225 540 -218
person 0.010835316 426 -225 439 -218
person 0.010830687 446 -225 460 -218
person 0.010818065 616 -142 637 -92
person 0.010817327 729 700 743 726
person 0.010814836 491 -88 568 60
person 0.010814468 1044 514 1050 548
person 0.010814193 547 -225 560 -218
person 0.01081292 769 97 781 109
person 0.010810695 1040 458 1052 485
person 0.010795648 792 620 800 637
person 0.010790312 562 112 579 134
person 0.010784954 0 689 5 729
person 0.01077455 0 709 5 749
person 0.010772401 749 700 763 726
person 0.010769814 567 -225 581 -218
person 0.010755168 769 700 783 726
person 0.010753641 804 -16 891 126
person 0.01075218 164 -225 177 -218
person 0.010734407 919 373 945 394
person 0.010714511 666 719 685 788
person 0.01070001 491 -14 575 128
person 0.010696064 488 207 527 255
person 0.010691291 78 689 141 850
person 0.010690796 57 221 79 256
person 0.010681883 167 617 179 646
person 0.010667496 894 220 927 267
person 0.010660484 587 -225 601 -218
person 0.010659387 1040 377 1053 402
person 0.010631897 654 309 683 348
person 0.010621704 0 90 5 125
person 0.010615688 829 230 922 367
person 0.010612347 935 -209 943 -176
person 0.010607527 651 518 667 547
person 0.010605316 25 373 38 403
person 0.010605279 789 700 803 726
person 0.01059288 708 700 723 726
person 0.010590946 809 699 824 726
person 0.010588907 491 570 505 648
person 0.010586809 975 715 1023 832
person 0.010579265 970 -137 990 -90
person 0.010575592 586 78 598 90
person 0.0105668735 952 21 963 35
person 0.010559931 658 135 695 179
person 0.010559652 -9 80 33 184
person 0.010547369 22 272 30 300
person 0.010542767 989 485 1017 531
person 0.010540902 798 688 866 839
person 0.010537471 1044 532 1050 568
person 0.010532538 1042 -132 1049 -95
person 0.010529607 891 58 908 75
person 0.010526419 88 126 99 140
person 0.010526314 773 -209 785 -177
person 0.010519418 224 98 234 113
person 0.010512501 344 22 373 70
person 0.010510106 290 58 307 78
person 0.010498717 807 218 826 240
person 0.010497349 1043 401 1049 417
person 0.010485706 222 -87 240 -62
person 0.0104826195 878 257 892 293
person 0.010481674 744 156 761 179
person 0.0104784565 143 -225 157 -218
person 0.010472095 871 58 887 76
person 0.010469269 607 -225 621 -218
person 0.010468883 622 512 638 541
person 0.010445023 933 628 946 679
person 0.010437193 356 39 365 52
person 0.010434924 913 602 923 630
person 0.010427437 442 98 481 142
person 0.010407205 809 0 820 15
person 0.0104032075 348 255 417 333
person 0.010403159 323 344 349 376
person 0.0104024615 44 713 59 742
person 0.010402392 22 775 36 806
person 0.010400945 336 74 427 211
person 0.010398103 363 280 371 296
person 0.010398005 628 -225 641 -218
person 0.010392585 650 178 689 224
person 0.010391133 724 75 825 211
person 0.010388084 910 117 923 129
person 0.010370569 86 616 98 645
person 0.010364895 688 700 703 727
person 0.010355326 0 -117 5 -77
person 0.01035261 1043 584 1048 599
person 0.010350763 365 142 405 187
person 0.010348545 43 575 54 611
person 0.010341409 318 240 336 261
person 0.010340876 908 254 928 278
person 0.010332785 320 453 348 479
person 0.010321434 606 254 644 304
person 0.010312563 -4 251 8 278
person 0.010301506 573 137 611 181
person 0.010288835 246 145 340 286
person 0.010285602 177 394 238 491
person 0.01028548 -1 198 5 213
person 0.010274933 218 405 240 421
person 0.010273677 609 -192 626 -142
person 0.010260919 868 717 885 744
person 0.01026013 668 700 683 727
person 0.010258968 -4 715 9 742
person 0.010251834 292 225 318 258
person 0.010235783 830 699 844 726
person 0.010226787 688 -225 702 -218
person 0.010225647 910 678 924 706
person 0.010215846 648 -225 661 -218
person 0.010212404 1043 733 1050 771
person 0.010212196 429 600 438 629
person 0.01020892 764 201 782 224
person 0.010201507 728 1 740 15
person 0.010200554 988 438 1004 464
person 0.010196669 608 700 622 727
person 0.01019128 912 21 922 35
person 0.010191136 588 700 602 727
person 0.010190257 224 700 239 727
person 0.010184943 648 700 662 727
person 0.010176947 628 700 642 727
person 0.010175953 425 79 443 97
person 0.010173144 245 700 259 727
person 0.01016365 506 -1 518 13
person 0.010153021 265 700 279 727
person 0.010150931 890 218 907 242
person 0.010147242 814 608 822 622
person 0.010146299 567 700 582 727
person 0.010144121 204 700 219 727
person 0.010142042 0 -97 5 -57
person 0.010136248 866 524 920 618
person 0.0101345 343 718 362 788
person 0.010132244 151 687 220 844
person 0.010127127 668 -225 682 -218
person 0.0101270275 264 -106 280 -80
person 0.010124919 446 700 461 727
person 0.010122836 182 719 201 788
person 0.010121274 285 700 299 727
person 0.010107548 466 700 481 727
person 0.010104948 752 -209 765 -177
person 0.010104657 99 301 112 315
person 0.010101367 547 700 562 727
person 0.0100971805 426 700 441 727
person 0.010082806 522 658 543 720
person 0.0100805415 260 383 279 405
person 0.010079918 646 17 663 33
person 0.010079695 184 700 199 727
person 0.010072551 -4 -28 8 0
person 0.010068757 305 700 319 727
person 0.0100652315 419 659 459 756
person 0.010063283 303 718 322 788
person 0.0100616645 487 700 501 727
person 0.010060272 1043 199 1049 213
person 0.010059679 337 660 378 757
person 0.010052012 0 548 4 592
person 0.0100472495 85 512 154 692
person 0.010045444 60 -149 78 -81
person 0.010044301 874 60 884 73
person 0.010039835 244 -106 259 -80
person 0.010039731 527 700 541 727
person 0.010034027 507 700 521 727
person 0.01003369 188 105 204 123
person 0.010033093 723 -214 776 -119
person 0.010031342 799 520 816 548
person 0.01002859 884 351 921 399
person 0.0100222295 771 172 807 218
person 0.010011708 406 700 420 727
person 0.010003601 325 700 340 727
person 0.010002766 123 -225 137 -218
person 0.0100005185 452 363 533 535
