person 0.68560743 869 134 894 165
person 0.628222 982 131 1006 162
person 0.62454605 945 130 969 161
person 0.58096296 431 110 454 140
person 0.5767159 808 65 821 86
person 0.5738923 696 60 711 78
person 0.54424715 819 73 834 93
person 0.54131126 622 119 646 148
person 0.44565147 687 71 702 91
person 0.43676835 666 68 680 86
person 0.39854443 597 48 611 68
person 0.37989065 955 119 973 142
person 0.2891292 657 60 668 76
person 0.26326722 955 130 973 156
person 0.25536594 599 50 608 63
person 0.23071 654 65 671 84
person 0.21181406 668 69 678 82
person 0.20272355 1012 216 1052 278
person 0.19460021 655 137 675 162
person 0.17311437 699 62 708 74
person 0.16498081 690 71 699 86
person 0.16471893 618 117 651 161
person 0.15833253 995 280 1038 350
person 0.13264433 672 62 686 78
person 0.1312609 118 280 175 366
person 0.1298737 776 77 793 96
person 0.12610878 1007 142 1034 173
person 0.12373769 600 50 615 69
person 0.12152283 821 74 832 87
person 0.12122414 33 274 72 344
person 0.116741955 810 67 819 82
person 0.113120325 603 52 613 65
person 0.11212006 568 27 580 45
person 0.111965 927 136 948 161
person 0.10963773 666 97 682 117
person 0.10673103 1080 634 1090 695
person 0.10473923 586 38 597 54
person 0.10244009 873 145 893 170
person 0.10216562 1006 158 1027 182
person 0.10106794 592 45 615 74
person 0.098905906 812 90 830 111
person 0.0987596 1000 196 1027 231
person 0.09349538 647 146 669 173
person 0.09313474 707 100 723 119
person 0.09043155 526 107 550 135
person 0.090063326 658 132 686 163
person 0.08879731 748 78 764 97
person 0.0881528 698 96 716 117
person 0.08714451 0 120 10 164
person 0.087142125 226 385 259 435
person 0.08697073 1019 141 1036 162
person 0.08678209 684 64 707 94
person 0.085834205 694 98 718 126
person 0.08450642 1080 221 1090 277
person 0.08092836 804 68 826 97
person 0.080676116 117 260 155 310
person 0.079191856 14 225 37 261
person 0.079135604 1022 153 1041 177
person 0.07695142 984 464 1057 625
person 0.07685665 776 87 794 107
person 0.07626958 1079 288 1089 357
person 0.07490595 1014 136 1032 160
person 0.07453352 1080 249 1089 312
person 0.07441704 865 90 882 109
person 0.074091114 585 66 601 85
person 0.073795535 840 77 857 96
person 0.072802395 988 393 1070 581
person 0.07239187 952 114 968 146
person 0.07107396 437 114 448 134
person 0.070666716 978 252 1057 393
person 0.069795206 246 411 278 464
person 0.06879822 650 59 674 86
person 0.068675265 713 76 731 95
person 0.06561035 742 95 758 115
person 0.065350525 797 88 815 108
person 0.06512119 741 74 758 93
person 0.06499676 874 81 890 98
person 0.06415032 0 268 8 321
person 0.06341562 706 106 722 128
person 0.06288967 749 87 766 107
person 0.06194342 875 88 893 107
person 0.061321624 360 40 375 58
person 0.061052766 986 294 1070 473
person 0.06059166 858 103 883 131
person 0.05965925 545 100 572 129
person 0.05939156 778 78 790 90
person 0.05903272 945 372 1030 546
person 0.05867737 889 105 914 135
person 0.058013897 834 87 852 107
person 0.057599414 0 291 9 369
person 0.056676432 1080 593 1088 666
person 0.05566934 727 97 752 126
person 0.05553683 840 131 859 154
person 0.05500436 -4 -241 10 -217
person 0.054976493 636 77 653 96
person 0.0549665 980 157 1000 181
person 0.054657567 988 136 999 157
person 0.054536063 363 43 372 55
person 0.054484986 801 132 828 163
person 0.054364424 1079 -240 1090 -190
person 0.053772416 0 115 7 143
person 0.05348848 507 81 524 99
person 0.05343574 0 127 7 156
person 0.053148802 51 493 94 627
person 0.052786477 866 78 883 96
person 0.052506868 876 139 888 160
person 0.051185083 102 258 187 398
person 0.05111692 610 129 637 160
person 0.050884023 101 259 135 310
person 0.050061777 260 206 284 240
person 0.049906053 938 150 961 175
person 0.04947625 43 274 67 318
person 0.049005367 -3 -231 19 -135
person 0.04888408 98 216 125 251
person 0.048767462 605 73 621 92
person 0.048506707 851 170 880 204
person 0.04832368 -1 -244 6 -216
person 0.04801619 879 116 897 138
person 0.04798584 960 150 980 174
person 0.047761057 251 325 273 349
person 0.04774779 546 68 562 84
person 0.047626466 -4 276 9 305
person 0.047614343 434 126 459 157
person 0.047543585 986 119 1004 140
person 0.0471717 1077 143 1089 185
person 0.04710838 517 132 544 162
person 0.047076132 862 122 901 185
person 0.047060285 -4 -241 8 -234
person 0.046809852 -2 299 16 373
person 0.046415716 12 247 94 387
person 0.046013765 1078 179 1089 228
person 0.04593749 249 199 272 232
person 0.04578143 381 40 396 58
person 0.045764327 572 55 589 73
person 0.045646876 1069 220 1093 278
person 0.044880364 129 298 169 350
person 0.04472944 385 211 427 273
person 0.044438183 699 106 716 128
person 0.04437875 808 93 834 123
person 0.044269346 606 108 632 137
person 0.044118006 157 -96 199 44
person 0.04406782 874 173 904 207
person 0.043930545 654 87 673 107
person 0.04344659 231 388 253 412
person 0.043017235 140 -81 168 18
person 0.042881623 360 46 376 68
person 0.042881534 612 117 632 141
person 0.04243928 638 61 650 74
person 0.042317614 809 65 818 77
person 0.04196428 772 87 797 117
person 0.041807428 45 277 63 304
person 0.041607562 902 134 922 158
person 0.041559402 652 116 672 140
person 0.041367225 1070 146 1092 179
person 0.04122994 380 517 397 541
person 0.04114751 711 136 739 167
person 0.040955253 826 365 913 538
person 0.040872607 489 481 501 513
person 0.040620476 247 338 271 364
person 0.040568087 760 136 787 167
person 0.040490367 920 170 951 206
person 0.040386446 153 378 190 428
person 0.040347673 964 369 1028 463
person 0.040323198 1084 110 1090 136
person 0.040307492 241 375 307 461
person 0.03991424 1006 245 1041 299
person 0.039911743 210 463 243 514
person 0.03972546 587 69 598 81
person 0.039695915 1067 292 1091 353
person 0.039521053 751 80 762 91
person 0.03951406 555 134 583 164
person 0.03938448 464 99 491 129
person 0.03911979 944 109 977 153
person 0.03911042 232 397 253 423
person 0.038985465 842 78 855 90
person 0.038971998 653 352 711 451
person 0.038951706 1080 677 1090 733
person 0.03869844 458 133 486 165
person 0.038413547 626 148 646 172
person 0.038199607 1078 -241 1090 -233
person 0.037915148 253 391 290 443
person 0.0375971 861 152 880 177
person 0.037493378 1084 131 1090 159
person 0.037460998 -3 129 11 154
person 0.0371565 920 151 941 174
person 0.037089888 1077 -242 1092 -218
person 0.037052043 250 358 270 384
person 0.03698422 1001 313 1064 421
person 0.036953356 74 515 124 631
person 0.036940996 807 180 836 213
person 0.036625512 -3 263 16 326
person 0.036544602 793 117 812 137
person 0.03648226 954 162 996 225
person 0.03641409 743 76 755 88
person 0.036312684 629 119 641 140
person 0.036250494 236 391 292 486
person 0.036093183 566 71 584 89
person 0.03604763 901 89 918 109
person 0.036005046 872 138 882 158
person 0.03591785 0 272 5 309
person 0.035849996 1079 -202 1089 -145
person 0.035671096 998 -91 1039 47
person 0.03563171 877 83 887 94
person 0.03560734 41 459 57 489
person 0.0355615 152 433 208 532
person 0.035413507 764 172 792 205
person 0.035130695 627 289 688 376
person 0.035035107 120 279 195 448
person 0.034978285 0 -246 8 -193
person 0.034843378 40 448 54 478
person 0.03468745 132 308 188 408
person 0.034638375 -3 -160 16 -46
person 0.03458672 631 92 649 115
person 0.034581885 1068 -220 1095 -140
person 0.03446926 898 156 918 179
person 0.034403473 667 111 687 133
person 0.03421206 1010 -226 1024 -185
person 0.034122422 812 61 826 80
person 0.033936866 194 357 230 405
person 0.03381806 1006 114 1024 134
person 0.03372226 1080 112 1094 135
person 0.033654843 959 132 970 152
person 0.033341296 1017 107 1043 136
person 0.033276282 642 325 719 479
person 0.03322738 1078 98 1090 138
person 0.033168614 252 380 275 404
person 0.033094216 461 115 479 138
person 0.03290311 1079 134 1094 157
person 0.032756533 737 57 753 75
person 0.032706343 45 -242 62 -225
person 0.03258721 -3 118 11 140
person 0.032472435 964 95 982 115
person 0.032337043 437 98 456 119
person 0.032325547 712 60 728 77
person 0.032140672 979 169 1007 201
person 0.03213999 1081 714 1090 776
person 0.032092065 1079 545 1087 627
person 0.032048844 683 172 711 205
person 0.031982515 26 -241 39 -235
person 0.03189404 836 -112 858 -71
person 0.031858142 1070 184 1092 221
person 0.03183234 -4 1 10 28
person 0.031805754 377 141 404 174
person 0.031787742 1077 59 1088 102
person 0.031687774 -6 571 27 726
person 0.031670075 838 116 857 137
person 0.031586006 863 181 905 243
person 0.0313098 1007 709 1036 798
person 0.031217832 659 36 674 56
person 0.031143975 949 134 962 155
person 0.031030094 922 116 941 137
person 0.03102138 638 75 651 91
person 0.031005727 -2 123 16 159
person 0.03093518 142 402 218 558
person 0.030893221 25 -241 42 -225
person 0.030847142 830 358 891 446
person 0.03079299 868 80 880 92
person 0.030533925 506 587 525 655
person 0.030287506 212 365 272 453
person 0.030215943 973 -229 988 -181
person 0.0302069 0 -2 6 33
person 0.030023819 592 94 610 115
person 0.029982688 582 31 605 64
person 0.029799843 458 135 476 158
person 0.02975953 1067 252 1090 313
person 0.029757755 1054 330 1065 409
person 0.029715726 605 90 622 111
person 0.029698897 547 57 564 75
person 0.029603206 57 721 78 789
person 0.029497758 294 191 317 225
person 0.029488217 900 113 919 133
person 0.029353041 635 16 650 35
person 0.029333187 433 115 442 135
person 0.029324839 804 726 827 792
person 0.029300105 378 45 402 75
person 0.029256431 814 -58 828 -22
person 0.029125413 203 316 229 341
person 0.029107975 846 726 869 791
person 0.029091235 343 627 356 676
person 0.028970372 1079 156 1094 181
person 0.028942922 641 168 669 201
person 0.028748702 592 592 611 660
person 0.028743066 548 70 559 81
person 0.02867727 562 23 585 53
person 0.02866857 959 121 971 133
person 0.028462697 1008 10 1018 25
person 0.028401263 612 40 623 53
person 0.02830631 651 298 715 378
person 0.028294966 225 366 302 526
person 0.028124508 607 150 627 175
person 0.02809816 340 137 367 170
person 0.028027518 941 120 980 187
person 0.02801753 548 110 566 132
person 0.028010473 168 294 236 373
person 0.027975975 775 73 798 101
person 0.027974801 1084 153 1090 183
person 0.027974756 380 96 406 126
person 0.027868066 585 113 604 136
person 0.027774911 1006 172 1025 195
person 0.02767333 769 172 812 232
person 0.02763885 861 -241 874 -233
person 0.027620383 540 292 602 380
person 0.027612234 0 120 7 135
person 0.027522013 955 121 966 139
person 0.027479764 1083 231 1089 266
person 0.027454125 882 -241 895 -233
person 0.027444193 947 93 966 114
person 0.027341187 122 222 154 257
person 0.027279805 506 87 524 108
person 0.02725721 1001 291 1030 333
person 0.027204316 201 432 235 482
person 0.027183767 903 -241 916 -233
person 0.027115013 559 56 584 85
person 0.027111202 384 43 392 55
person 0.026958583 45 -241 60 -235
person 0.026947254 426 91 465 154
person 0.026945615 421 129 439 154
person 0.026936367 1046 -241 1060 -234
person 0.026936041 87 188 130 252
person 0.02692718 878 173 897 196
person 0.026851583 669 96 680 112
person 0.026819663 840 -241 853 -233
person 0.026783641 939 -234 955 -181
person 0.02678282 566 92 583 112
person 0.026747085 780 57 795 77
person 0.026711483 165 452 200 508
person 0.026686147 941 246 987 312
person 0.02664897 595 20 605 33
person 0.026614958 251 406 274 431
person 0.026602322 307 407 338 461
person 0.026581598 901 79 918 97
person 0.026499556 778 89 791 102
person 0.026350373 817 110 835 130
person 0.026309144 836 156 855 179
person 0.026212702 883 68 907 99
person 0.02616382 762 626 776 679
person 0.026125975 991 185 1075 314
person 0.026118957 545 92 563 111
person 0.026100053 934 58 958 89
person 0.026028192 391 170 416 205
person 0.025889916 638 19 646 33
person 0.025854098 610 38 626 56
person 0.025799483 1084 91 1090 117
person 0.025761347 931 211 961 247
person 0.025739422 -10 397 47 556
person 0.025715375 762 726 785 792
person 0.025665669 887 726 911 791
person 0.025621759 924 -241 936 -233
person 0.025559748 665 155 684 178
person 0.025531344 738 109 756 131
person 0.02544531 76 523 95 550
person 0.025432618 1042 159 1059 182
person 0.02541886 292 142 318 174
person 0.025386715 304 108 318 129
person 0.025379226 -1 251 5 285
person 0.025375715 44 177 71 207
person 0.025320845 780 112 798 133
person 0.02530213 -16 326 49 471
person 0.025275845 591 621 611 688
person 0.025245406 710 99 721 113
person 0.025224183 11 206 45 275
person 0.025175365 841 -242 855 -219
person 0.025157303 819 -241 832 -233
person 0.025145348 938 743 970 834
person 0.025134906 322 409 361 487
person 0.025127668 505 72 531 100
person 0.02509025 1072 100 1093 132
person 0.025072468 862 -242 876 -218
person 0.024978016 244 351 277 401
person 0.024943385 1084 213 1090 247
person 0.024859982 484 75 502 95
person 0.024681138 819 -242 834 -220
person 0.024519056 883 -242 897 -218
person 0.024388634 661 39 671 53
person 0.024185194 358 32 378 64
person 0.024154564 903 -242 918 -218
person 0.024149692 45 479 62 510
person 0.024072466 826 428 856 488
person 0.02406961 101 515 120 541
person 0.024061188 838 71 863 100
person 0.024014222 30 438 42 469
person 0.024002522 942 -100 985 37
person 0.02399777 528 74 545 91
person 0.023966005 1079 174 1094 200
person 0.023910668 548 589 567 658
person 0.023908753 814 334 905 483
person 0.023899138 923 92 942 111
person 0.023857737 527 91 545 111
person 0.02376276 480 518 494 570
person 0.023753222 798 -242 813 -220
person 0.02375153 795 128 813 152
person 0.023737708 720 726 743 792
person 0.023734957 60 -118 81 -52
person 0.023714412 202 364 226 388
person 0.0236925 293 -222 322 -141
person 0.02363848 0 -231 8 -153
person 0.023611328 1046 -242 1062 -224
person 0.02354596 552 627 566 680
person 0.023501594 428 575 443 646
person 0.02348361 376 -218 406 -137
person 0.023428677 97 181 124 209
person 0.023418117 795 -113 817 -73
person 0.02337606 964 170 984 192
person 0.023326084 365 78 403 142
person 0.02329047 845 253 889 315
person 0.023216914 634 27 649 46
person 0.023203976 598 171 627 205
person 0.023197638 758 56 774 76
person 0.023185464 510 83 520 94
person 0.02317688 516 93 557 155
person 0.023063498 511 627 524 675
person 0.023055503 1013 727 1032 779
person 0.023049416 799 90 812 103
person 0.023020072 924 -242 938 -219
person 0.022976808 202 379 226 401
person 0.022913544 969 647 982 695
person 0.022911591 378 32 399 64
person 0.022773031 1026 172 1045 196
person 0.02275301 285 449 315 506
person 0.022748563 628 125 639 146
person 0.022725243 1084 172 1090 202
person 0.022689449 133 326 170 378
person 0.022677952 700 94 713 110
person 0.0226693 491 474 501 502
person 0.022651711 727 66 752 95
person 0.022638045 548 171 578 206
person 0.022544721 345 45 360 65
person 0.022487137 798 -241 811 -234
person 0.022439621 254 138 280 168
person 0.022421803 944 -241 957 -233
person 0.022383112 566 113 584 136
person 0.022374598 988 11 998 27
person 0.022334492 65 502 87 532
person 0.022316048 846 -60 859 -22
person 0.022249144 91 298 124 352
person 0.022242932 777 -242 792 -221
person 0.022197567 585 135 603 160
person 0.022127181 1015 54 1038 87
person 0.022112712 466 584 485 654
person 0.022080105 -5 254 8 282
person 0.022069478 0 148 7 178
person 0.022032872 701 162 745 221
person 0.02188925 714 63 726 74
person 0.021876186 1039 343 1067 404
person 0.02186 850 752 882 844
person 0.021786487 949 612 958 644
person 0.021782024 867 91 879 104
person 0.021768538 759 253 803 317
person 0.021736119 816 134 835 157
person 0.02173602 766 338 825 431
person 0.02172808 607 75 619 88
person 0.021699317 632 620 652 688
person 0.021644652 481 111 500 133
person 0.021603862 975 55 998 87
person 0.021578033 483 93 501 113
person 0.021560684 61 485 76 514
person 0.021535575 1027 -242 1044 -225
person 0.021519698 846 210 876 247
person 0.021440703 1084 70 1090 96
person 0.021359846 1079 217 1094 244
person 0.021349158 667 37 684 59
person 0.021335289 1019 464 1052 484
person 0.02127876 461 92 479 113
person 0.021242112 165 443 192 462
person 0.021209257 849 370 878 429
person 0.021207731 1084 193 1090 225
person 0.021206362 650 171 669 193
person 0.02118661 945 -242 959 -220
person 0.021171458 1079 235 1093 262
person 0.021163084 759 -235 789 -153
person 0.0211183 1028 -241 1041 -234
person 0.021101639 1026 195 1046 218
person 0.021010274 752 111 769 133
person 0.020959578 348 94 374 123
person 0.020924505 283 611 292 638
person 0.0209111 1080 92 1094 116
person 0.020876246 425 56 450 85
person 0.020833077 566 134 584 158
person 0.020826027 928 610 937 645
person 0.020780325 107 -224 136 -141
person 0.02073971 612 16 622 30
person 0.020717787 507 113 526 135
person 0.020686092 206 347 231 368
person 0.020668812 476 552 494 621
person 0.020663833 266 399 285 425
person 0.020614924 884 773 906 845
person 0.020606823 99 701 125 817
person 0.020601079 1079 196 1094 222
person 0.0205304 722 171 751 203
person 0.020525487 1080 818 1086 864
person 0.02051381 756 -242 771 -222
person 0.02051166 297 101 323 129
person 0.020503767 1002 -136 1027 -34
person 0.020482633 0 289 5 329
person 0.020459125 186 -227 216 -147
person 0.020448286 926 772 948 845
person 0.02042554 837 90 850 102
person 0.020422872 1009 644 1025 692
person 0.020385318 505 173 535 209
person 0.020359673 34 222 60 256
person 0.020358808 432 178 459 214
person 0.02035298 254 181 296 243
person 0.02031644 -1 87 5 117
person 0.020313447 592 17 608 34
person 0.0203071 342 727 366 792
person 0.02030323 681 -224 712 -142
person 0.020299964 426 726 450 793
person 0.020249577 968 215 999 255
person 0.020219123 507 620 526 686
person 0.020161798 760 -115 772 -74
person 0.020152107 744 96 755 109
person 0.020131648 1026 10 1036 25
person 0.020114804 900 176 920 197
person 0.020104496 889 -238 907 -183
person 0.020089757 678 726 701 793
person 0.020070622 546 -189 574 -102
person 0.020059507 752 90 763 102
person 0.020052243 424 98 442 119
person 0.020043874 688 94 728 156
person 0.020031681 594 726 617 793
person 0.019924128 636 29 646 43
person 0.019901691 776 -241 790 -234
person 0.01985105 186 163 229 223
person 0.019835984 929 727 953 791
person 0.019811602 842 772 864 845
person 0.019784322 1035 374 1062 434
person 0.019726263 1084 570 1090 602
person 0.019712215 510 726 533 793
person 0.019643417 638 21 663 54
person 0.01962251 467 60 493 88
person 0.019615827 972 729 992 782
person 0.01959964 549 59 561 71
person 0.019595683 -2 358 25 456
person 0.019587032 533 504 546 560
person 0.019579282 804 212 833 248
person 0.019579008 920 174 940 196
person 0.019575745 395 114 414 136
person 0.019556003 101 739 131 843
person 0.01951272 674 619 694 686
person 0.01950846 1084 549 1090 579
person 0.01950519 -4 295 9 323
person 0.01948634 312 371 338 411
person 0.019462174 636 726 659 793
person 0.019433673 -4 677 13 813
person 0.019377252 1011 -191 1024 -146
person 0.019376531 1066 496 1076 582
person 0.019372579 50 263 67 290
person 0.019368855 1016 484 1053 503
person 0.019325204 201 81 239 149
person 0.019316418 427 626 440 675
person 0.019310623 749 311 838 484
person 0.0192863 317 116 334 139
person 0.019271972 720 624 734 678
person 0.019237434 468 726 492 793
person 0.019132009 259 727 282 792
person 0.01912231 857 173 877 197
person 0.019015163 658 138 670 158
person 0.019001339 384 727 408 792
person 0.018994804 229 347 251 367
person 0.018991774 362 46 373 64
person 0.01897528 987 93 1003 111
person 0.018955944 643 11 658 32
person 0.01895515 965 -242 980 -221
person 0.018938545 352 170 377 205
person 0.018846292 499 507 513 538
person 0.018824762 970 615 979 645
person 0.018810956 800 772 822 845
person 0.018780362 226 574 245 601
person 0.018739125 552 726 575 793
person 0.018734368 0 732 13 817
person 0.018725807 938 16 959 55
person 0.018708754 465 620 484 687
person 0.018704182 1080 -162 1089 -101
person 0.018689653 486 475 503 523
person 0.018649962 527 555 544 612
person 0.01864538 841 395 904 503
person 0.018595954 816 156 835 179
person 0.018530801 0 132 6 148
person 0.018527102 87 503 108 533
person 0.018519606 515 281 603 451
person 0.018515885 784 350 814 412
person 0.01851134 878 590 887 626
person 0.018510109 878 90 891 102
person 0.018482815 265 326 284 348
person 0.01845185 300 727 324 792
person 0.018430658 965 -241 978 -234
person 0.018415995 179 748 211 845
person 0.018412948 154 424 191 475
person 0.018310605 470 629 482 676
person 0.018299105 130 182 157 211
person 0.018296925 653 373 725 553
person 0.018288389 900 592 910 627
person 0.01822243 400 537 415 565
person 0.01815566 531 112 543 131
person 0.018149426 -1 85 26 162
person 0.018106464 0 353 8 446
person 0.018105883 0 436 5 475
person 0.018065833 524 151 543 176
person 0.01806292 608 264 703 405
person 0.018036205 370 -193 398 -103
person 0.017995603 206 566 229 595
person 0.017921155 758 772 781 845
person 0.017879752 967 12 977 27
person 0.017873725 239 614 248 644
person 0.017863942 266 469 301 523
person 0.017842487 172 772 194 845
person 0.017839478 421 547 442 616
person 0.017830843 901 738 921 809
person 0.017810827 132 140 157 168
person 0.017771807 481 132 499 156
person 0.017758043 297 153 313 180
person 0.017755575 76 374 101 437
person 0.017751241 0 414 26 525
person 0.017748175 0 -213 5 -171
person 0.01771244 460 155 478 179
person 0.017703788 843 -156 865 -101
person 0.017701086 735 -242 750 -223
person 0.017689647 686 24 709 56
person 0.017685978 781 90 821 153
person 0.01767489 1033 90 1067 161
person 0.01767444 20 407 33 437
person 0.017660612 0 -233 5 -193
person 0.017656988 628 -187 656 -98
person 0.017631153 304 379 377 543
person 0.017584814 1025 442 1054 464
person 0.017561838 -9 -170 23 -33
person 0.017560562 804 628 817 676
person 0.017552618 193 328 283 480
person 0.017541029 693 172 712 197
person 0.017540378 234 97 251 118
person 0.017520603 942 172 963 193
person 0.0175038 1020 212 1040 259
person 0.017502455 0 395 5 433
person 0.017500855 1026 741 1057 837
person 0.017464628 908 609 916 645
person 0.017461838 214 772 236 845
person 0.01745657 0 689 8 771
person 0.01745111 1084 467 1090 496
person 0.017432649 970 635 980 664
person 0.017403752 94 724 116 791
person 0.017394375 1013 691 1027 730
person 0.017375356 850 112 908 200
person 0.017355355 1084 490 1090 518
person 0.01731179 256 772 278 845
person 0.017297437 975 300 1011 353
person 0.017273087 1083 49 1090 76
person 0.01726994 878 598 886 621
person 0.017266534 716 772 739 846
person 0.017256107 615 160 659 221
person 0.017240936 78 388 163 573
person 0.017235385 298 772 320 846
person 0.01723218 648 608 658 641
person 0.017226882 943 739 963 809
person 0.017225802 125 -12 157 76
person 0.017220749 130 772 152 845
person 0.017200414 23 417 36 449
person 0.017162684 339 772 362 846
person 0.017161235 210 441 229 465
person 0.017128509 1083 791 1089 836
person 0.017107345 266 343 287 369
person 0.017047498 657 590 671 621
person 0.017028086 968 773 990 846
person 0.017026689 104 258 125 284
person 0.017023122 381 772 404 846
person 0.017013215 927 568 940 599
person 0.016977057 0 598 8 695
person 0.01696374 739 59 750 71
person 0.01695335 1084 447 1090 476
person 0.016943196 103 514 165 710
person 0.01693987 756 -241 769 -234
person 0.01692728 754 134 772 158
person 0.016876657 0 545 7 676
person 0.016864581 674 772 697 846
person 0.01686337 423 772 445 846
person 0.016846163 985 16 998 61
person 0.016822707 137 298 167 320
person 0.01681601 0 812 8 860
person 0.016806263 286 96 324 163
person 0.016805286 0 457 5 497
person 0.016790118 502 133 521 157
person 0.016781548 712 134 730 158
person 0.016761936 178 338 216 388
person 0.016757268 194 303 231 353
person 0.016746197 846 -240 862 -181
person 0.016722273 448 -218 478 -136
person 0.016698917 46 772 69 846
person 0.016698634 423 619 442 687
person 0.016694691 382 91 400 112
person 0.016687483 465 772 487 846
person 0.016639303 633 772 655 846
person 0.016634608 258 615 268 646
person 0.016626757 -4 28 10 54
person 0.016617564 180 140 206 167
person 0.01661444 217 481 236 504
person 0.016591404 507 772 529 846
person 0.016582094 566 154 585 178
person 0.01657847 543 -1 579 68
person 0.016577337 438 -191 466 -103
person 0.016565958 229 329 250 349
person 0.016561259 381 524 398 551
person 0.016551377 600 -224 631 -142
person 0.01655018 591 772 613 846
person 0.016542204 549 772 571 846
person 0.016540071 201 302 223 325
person 0.016502231 271 390 292 414
person 0.016491199 556 323 631 479
person 0.016488586 220 140 245 169
person 0.016475135 95 143 121 171
person 0.01646267 923 77 940 94
person 0.016459072 186 344 209 364
person 0.016436078 859 738 879 809
person 0.016418235 63 336 82 360
person 0.016414393 1017 138 1028 156
person 0.016407102 1084 528 1090 557
person 0.01638524 506 -242 521 -221
person 0.016370399 1083 590 1089 624
person 0.016366292 422 -242 437 -221
person 0.016364558 212 -242 228 -221
person 0.016362576 485 -242 500 -221
person 0.0163622 338 -242 354 -221
person 0.016361862 0 352 5 393
person 0.016360696 359 -242 375 -221
person 0.016360335 401 -242 416 -221
person 0.016359523 317 -242 333 -221
person 0.016359422 233 -242 249 -221
person 0.016359253 443 -242 458 -221
person 0.016358148 254 -242 270 -221
person 0.016357098 275 -242 291 -221
person 0.016356245 380 -242 396 -221
person 0.016356193 296 -242 312 -221
person 0.016350439 526 -242 542 -221
person 0.01634669 191 -242 207 -221
person 0.016346551 260 753 293 848
person 0.016339032 464 -242 479 -221
person 0.016330184 175 726 199 792
person 0.016326537 176 104 201 132
person 0.016325442 133 625 146 686
person 0.01631064 217 726 241 792
person 0.016298754 -4 -9 10 17
person 0.016295077 1081 737 1090 814
person 0.016227722 920 590 932 628
person 0.01622588 301 627 316 678
person 0.016204225 1009 773 1031 845
person 0.01619813 762 -236 777 -182
person 0.01619535 547 -242 563 -221
person 0.016189728 568 -242 584 -222
person 0.016184207 554 29 570 48
person 0.016176783 170 -242 186 -221
person 0.016149744 338 620 359 686
person 0.016144335 48 283 63 333
person 0.016119193 0 604 5 646
person 0.016098306 753 678 772 728
person 0.016074447 585 155 604 179
person 0.016056463 585 677 604 729
person 0.016038453 1027 740 1046 812
person 0.016027959 48 501 65 531
person 0.015998064 763 754 795 848
person 0.015978025 571 18 587 36
person 0.015964273 715 173 733 199
person 0.01593733 985 -242 1001 -223
person 0.015932776 725 -234 741 -181
person 0.015932119 530 55 547 73
person 0.015914768 0 -147 9 -68
person 0.015914649 314 739 332 765
person 0.015899213 335 739 353 765
person 0.015895186 589 -242 605 -222
person 0.015889382 1084 508 1090 537
person 0.015884439 821 524 839 553
person 0.015883708 1022 468 1050 478
person 0.01586073 60 26 81 62
person 0.015844937 174 227 204 260
person 0.0158295 -1 -187 13 -104
person 0.015827822 294 739 311 765
person 0.015815645 815 65 824 76
person 0.015812358 1066 139 1094 191
person 0.015772728 868 608 876 645
person 0.015748667 356 739 374 765
person 0.015742999 374 114 392 137
person 0.015738565 -3 151 11 175
person 0.015728043 183 518 213 574
person 0.015703687 522 174 542 198
person 0.015680267 149 -242 165 -222
person 0.01566276 709 -183 737 -95
person 0.015662111 614 614 624 645
person 0.015654543 931 137 944 157
person 0.015652947 440 150 458 175
person 0.015616431 288 285 353 372
person 0.015610465 68 -230 80 -182
person 0.015585878 903 82 915 93
person 0.015585052 284 615 290 632
person 0.015580963 947 76 965 95
person 0.015555808 273 739 290 765
person 0.015545246 523 -222 553 -140
person 0.015538353 258 97 283 125
person 0.015535244 756 174 774 202
person 0.01550637 124 -109 180 66
person 0.015504318 949 616 957 635
person 0.015491331 0 -102 9 -30
person 0.0154900225 377 739 395 765
person 0.015487114 715 -242 731 -223
person 0.015466734 767 366 847 537
person 0.015462238 0 -43 5 -1
person 0.015457603 574 21 583 33
person 0.015445001 765 211 794 248
person 0.015438809 504 567 514 604
person 0.015430955 246 418 275 446
person 0.015417732 610 -242 626 -222
person 0.015385222 777 133 795 156
person 0.015376312 950 -226 958 -191
person 0.01536957 0 25 6 58
person 0.015315117 1023 118 1040 138
person 0.015313233 54 148 80 177
person 0.0153079415 888 214 918 251
person 0.015292496 597 610 605 641
person 0.01528992 178 182 206 210
person 0.015288305 609 13 625 31
person 0.015283746 438 198 456 223
person 0.015276514 602 100 660 184
person 0.015243981 89 772 110 847
person 0.015230346 252 739 269 765
person 0.015214483 1075 641 1092 686
person 0.015198901 968 690 989 736
person 0.015179073 398 739 416 765
person 0.015174271 0 373 5 411
person 0.015169868 1017 320 1058 398
person 0.015153264 108 -231 120 -184
person 0.015127731 650 739 667 765
person 0.015104083 670 739 688 765
person 0.015085099 1084 426 1090 456
person 0.015082881 976 -204 991 -145
person 0.015079397 833 574 848 603
person 0.015064433 62 -162 81 -93
person 0.01504402 629 739 646 765
person 0.015040001 1084 402 1089 433
person 0.015036435 123 299 154 321
person 0.015022436 594 -163 605 -118
person 0.015010285 142 -236 157 -185
person 0.0150014395 691 739 709 765
person 0.014989346 679 754 711 851
person 0.01497132 950 -12 982 76
person 0.01496282 0 -193 5 -150
person 0.014948658 734 136 752 160
person 0.014908248 268 517 301 572
person 0.014894576 128 -242 144 -222
person 0.014884409 608 739 625 765
person 0.014870683 122 261 146 286
person 0.014836813 56 69 79 102
person 0.014835787 -4 -38 8 -8
person 0.014835126 587 38 619 85
person 0.014833969 1083 27 1090 56
person 0.0148322685 1072 -242 1092 -180
person 0.014827517 419 739 437 765
person 0.014820178 712 739 730 765
person 0.014798432 165 -139 191 -33
person 0.014792439 834 175 853 199
person 0.014784595 144 267 257 397
person 0.014782179 438 176 457 200
person 0.0147649925 298 610 308 638
person 0.014762704 736 175 755 202
person 0.014759411 397 98 415 118
person 0.01474685 231 739 248 765
person 0.014745417 543 135 561 158
person 0.014742245 94 486 110 515
person 0.014706868 534 456 546 505
person 0.014693923 682 -234 697 -182
person 0.014666446 692 133 712 158
person 0.014640825 985 -241 999 -234
person 0.014619819 528 178 571 238
person 0.014608983 587 739 604 765
person 0.014599299 66 -242 82 -224
person 0.014592708 631 -242 647 -222
person 0.014576591 132 337 172 360
person 0.014556932 -3 -244 14 -173
person 0.014553636 733 739 751 765
person 0.014547051 1038 399 1060 421
person 0.0145451175 1083 116 1090 128
person 0.014520786 836 584 846 621
person 0.014497888 674 609 684 646
person 0.014479486 817 738 837 809
person 0.014467106 1059 -10 1086 86
person 0.014451471 1005 198 1024 221
person 0.014443697 0 414 5 453
person 0.014411153 468 490 481 520
person 0.014410869 566 739 583 765
person 0.014380052 804 -227 813 -191
person 0.014371025 470 173 496 207
person 0.014366216 440 738 458 765
person 0.01435371 530 76 542 87
person 0.01435336 843 56 859 76
person 0.014343077 1080 71 1093 95
person 0.014338513 819 193 838 219
person 0.014318323 210 739 227 765
person 0.014317947 504 177 523 201
person 0.01431775 -5 89 9 114
person 0.014305226 226 95 250 123
person 0.014280021 734 -241 748 -234
person 0.014276356 1006 -242 1020 -234
person 0.01426771 1012 506 1054 524
person 0.014264953 754 738 772 765
person 0.014256232 803 -238 818 -180
person 0.014255958 107 -242 123 -222
person 0.014250919 385 622 398 674
person 0.014249318 1031 426 1055 447
person 0.01424281 106 -166 126 -98
person 0.014241666 694 -242 710 -223
person 0.014237515 397 132 415 155
person 0.014236297 174 302 213 354
person 0.014214672 479 508 494 540
person 0.014202731 214 179 240 210
person 0.014182243 799 621 820 687
person 0.014180176 652 -242 668 -222
person 0.0141490875 299 59 323 89
person 0.014132224 545 739 563 765
person 0.014127274 631 26 669 97
person 0.014116054 673 -242 689 -222
person 0.01410454 97 -133 126 -36
person 0.01410218 109 85 149 154
person 0.0140898 1006 -242 1022 -224
person 0.014085801 461 738 479 765
person 0.01408259 846 608 855 645
person 0.014067469 1082 -207 1089 -169
person 0.014062702 774 -61 788 -24
person 0.014059086 0 581 5 622
person 0.014055523 844 -236 874 -156
person 0.014044967 420 202 463 264
person 0.0140397465 270 205 286 228
person 0.014004752 189 404 214 423
person 0.014002297 343 754 376 851
person 0.014000335 134 725 157 792
person 0.013987623 524 738 542 765
person 0.013938883 595 755 627 853
person 0.013905125 859 591 868 627
person 0.013904896 216 609 227 642
person 0.013903849 928 616 935 635
person 0.013878873 1045 31 1061 54
person 0.013878533 302 98 318 120
person 0.013859783 885 -159 906 -110
person 0.013858916 503 738 521 765
person 0.013848577 1022 209 1046 235
person 0.013844645 815 552 833 579
person 0.013832242 482 738 500 765
person 0.013828866 799 154 818 178
person 0.01381536 189 738 206 765
person 0.013804067 110 621 123 699
person 0.013796727 775 738 793 765
person 0.013779253 782 60 793 73
person 0.013747402 233 599 243 616
person 0.013743064 711 681 730 730
person 0.013725863 933 -210 946 -153
person 0.013678961 509 529 523 560
person 0.0136596365 943 591 954 626
person 0.013652815 1046 366 1056 438
person 0.013642365 544 154 562 178
person 0.013623078 504 490 517 520
person 0.013611108 190 320 216 341
person 0.013544222 588 340 606 365
person 0.013519296 900 599 908 622
person 0.013518673 45 588 57 627
person 0.013518152 -3 -228 8 -199
person 0.013511115 360 178 450 314
person 0.013501578 209 432 229 453
person 0.013464779 174 255 212 306
person 0.013445891 1074 746 1090 826
person 0.013423195 688 157 707 181
person 0.01340016 1079 553 1095 575
person 0.01337476 0 330 5 369
person 0.013369883 796 738 814 765
person 0.01335648 898 22 919 56
person 0.013347817 1007 96 1023 115
person 0.013330741 427 754 459 850
person 0.01331975 231 366 253 388
person 0.013312903 1083 381 1090 411
person 0.013311324 1009 160 1024 174
person 0.013308795 929 -160 939 -108
person 0.013290136 373 248 416 315
person 0.013286353 757 155 775 181
person 0.013284946 1022 144 1033 155
person 0.013256431 163 473 244 627
person 0.013197971 1083 1 1090 34
person 0.013193401 640 610 648 644
person 0.013185246 0 -171 5 -129
person 0.013165133 366 586 379 653
person 0.013163387 557 31 567 45
person 0.013163095 503 153 522 178
person 0.013161696 793 409 824 470
person 0.013158921 378 591 391 653
person 0.013153338 825 -227 834 -191
person 0.0131385345 879 193 900 213
person 0.0131211355 464 78 482 97
person 0.013115562 32 565 40 604
person 0.0131069105 168 738 185 765
person 0.013102229 464 509 478 540
person 0.01307415 99 -110 118 -58
person 0.013056393 340 88 356 108
person 0.013047327 816 177 835 201
person 0.013031298 119 270 153 298
person 0.013025897 1082 -166 1089 -127
person 0.013022519 552 -161 564 -118
person 0.01301913 -4 442 9 469
person 0.013018873 510 30 526 50
person 0.012997244 540 178 559 201
person 0.012994478 985 600 994 616
person 0.012987178 888 608 896 645
person 0.012982723 802 182 841 228
person 0.012957 628 119 642 131
person 0.012950214 323 483 373 585
person 0.012947283 839 505 862 529
person 0.012923089 1082 -187 1089 -148
person 0.012892274 604 500 620 531
person 0.012887735 531 304 587 405
person 0.012883768 185 387 211 405
person 0.012873027 128 425 162 480
person 0.01286981 -1 -18 23 72
person 0.012866855 159 424 182 445
person 0.012855316 675 14 689 35
person 0.012844785 782 390 838 495
person 0.012824897 543 680 563 730
person 0.0127947405 0 624 5 665
person 0.012791742 502 681 521 732
person 0.012767864 775 738 795 810
person 0.012767155 993 -147 1033 -16
person 0.012760726 774 155 792 180
person 0.012742855 817 738 835 765
person 0.0127273025 551 523 565 553
person 0.012702307 288 215 306 243
person 0.012700315 906 572 919 604
person 0.012675358 68 679 80 738
person 0.012673939 418 290 479 376
person 0.012672417 1078 494 1095 513
person 0.012670586 61 737 80 811
person 0.012668875 1079 532 1095 552
person 0.012666572 511 755 542 851
person 0.0126654925 288 452 308 474
person 0.012655299 255 601 265 620
person 0.012653977 541 374 558 390
person 0.012635444 1074 713 1091 785
person 0.012633994 1078 512 1095 531
person 0.012622156 769 -16 784 21
person 0.012605064 155 399 186 420
person 0.012601029 1019 488 1051 497
person 0.0125935795 711 156 730 181
person 0.012591896 964 -78 982 -56
person 0.01257976 924 636 938 684
person 0.012562097 726 399 746 422
person 0.012540338 628 174 648 195
person 0.012534617 149 593 161 662
person 0.012512999 -4 400 9 428
person 0.012511521 921 256 959 307
person 0.012505036 897 476 984 633
person 0.012502021 174 626 189 681
person 0.012492653 681 586 690 619
person 0.0124879945 1079 11 1088 70
person 0.012485277 129 676 150 730
person 0.0124850655 -3 -206 8 -178
person 0.012478742 348 47 356 62
person 0.012473736 714 -241 728 -234
person 0.012449202 108 -206 121 -150
person 0.012441395 2 182 15 224
person 0.012440798 268 255 368 401
person 0.012433694 417 155 436 178
person 0.012422815 391 222 416 268
person 0.012420755 761 60 772 72
person 0.012419563 1083 251 1089 286
person 0.012405721 459 175 478 198
person 0.012398688 137 443 160 467
person 0.012380164 191 597 203 614
person 0.012377045 679 57 711 104
person 0.012376859 982 400 1007 426
person 0.0123637505 169 -97 185 -70
person 0.012360892 716 399 739 423
person 0.012360182 1005 -234 1027 -174
person 0.012358756 872 3 906 79
person 0.012352344 916 224 1015 376
person 0.012348156 826 610 836 647
person 0.012347027 178 693 218 812
person 0.012346778 985 740 1004 811
person 0.012329002 0 665 5 708
person 0.012311862 991 34 1001 49
person 0.012308917 990 619 1001 644
person 0.012305103 1028 447 1050 458
person 0.012302843 246 310 266 330
person 0.0122965295 865 108 878 127
person 0.012293767 397 157 414 181
person 0.01228144 347 217 439 382
person 0.012275924 86 -242 102 -223
person 0.012273929 374 398 390 423
person 0.012253026 273 738 292 810
person 0.012249153 148 -97 164 -70
person 0.012245404 656 90 669 102
person 0.012210416 990 637 1001 663
person 0.012206287 110 679 124 730
person 0.012192795 838 738 856 764
person 0.012191376 759 175 797 222
person 0.012154869 839 88 924 231
person 0.012132663 503 193 523 218
person 0.012128411 507 24 531 54
person 0.0121279815 1011 33 1021 48
person 0.012126458 670 40 682 55
person 0.012125229 636 -165 647 -116
person 0.012110199 1030 32 1041 49
person 0.0120518375 1082 -145 1089 -106
person 0.012039086 0 -150 5 -108
person 0.012034216 799 60 830 106
person 0.012032261 864 53 880 74
person 0.012028695 948 12 957 28
person 0.012027262 60 322 79 345
person 0.012008488 0 644 5 687
person 0.011990697 709 110 719 122
person 0.011990184 824 573 841 602
person 0.011982666 1083 360 1089 391
person 0.011967141 59 326 85 386
person 0.0119643 529 93 542 105
person 0.011957678 356 738 376 810
person 0.01194708 189 738 209 810
person 0.011946304 671 175 690 197
person 0.0119420085 783 -227 792 -191
person 0.011931639 258 209 276 236
person 0.011930918 967 34 984 52
person 0.011927868 1025 155 1037 168
person 0.011921811 429 122 464 169
person 0.011900968 0 -66 5 -25
person 0.011893955 733 738 753 810
person 0.01188367 1048 137 1065 159
person 0.011882752 948 632 958 665
person 0.011872041 524 425 537 479
person 0.011870083 340 15 355 35
person 0.011868205 0 560 5 605
person 0.011865493 336 115 353 137
person 0.011842391 204 405 226 425
person 0.011839824 929 -227 937 -191
person 0.011835763 1083 137 1090 150
person 0.011829648 647 15 655 29
person 0.011829492 314 738 334 810
person 0.01182793 -4 463 9 491
person 0.011822732 1047 11 1057 32
person 0.011798428 440 738 460 810
person 0.01179107 147 738 164 765
person 0.011776278 643 -235 657 -184
person 0.011775341 187 528 212 552
person 0.011770791 0 686 5 729
person 0.011766943 794 678 814 729
person 0.011764874 846 -206 866 -140
person 0.011762984 134 316 168 334
person 0.011741291 231 738 251 810
person 0.011690419 989 33 1005 51
person 0.011680407 846 -228 854 -191
person 0.011678553 1083 -82 1090 -44
person 0.011671395 1007 336 1048 391
person 0.011663956 221 215 250 249
person 0.011662274 797 363 829 423
person 0.011651786 267 690 306 814
person 0.011631887 0 790 5 837
person 0.01162457 1082 611 1089 646
person 0.01161219 835 195 855 218
person 0.0116060125 914 711 986 861
person 0.011599871 921 598 930 622
person 0.011582794 859 737 877 764
person 0.011580578 685 333 708 363
person 0.011578968 965 75 982 93
person 0.011578667 0 647 8 728
person 0.011566607 482 738 502 810
person 0.01156264 398 738 418 810
person 0.011548027 934 -45 999 126
person 0.011546596 26 142 41 161
person 0.0115262205 796 177 815 202
person 0.011510265 1083 -42 1089 -1
person 0.0115047 930 108 986 202
person 0.011482054 439 682 479 788
person 0.011479288 144 360 172 378
person 0.011474794 187 543 212 571
person 0.011472095 163 462 200 486
person 0.011465904 376 131 394 155
person 0.011465694 46 752 63 782
person 0.011431642 212 602 223 619
person 0.011429061 801 -158 821 -99
person 0.0114163635 178 111 193 132
person 0.011411328 406 283 495 458
person 0.01139764 980 350 1012 406
person 0.011392028 903 92 915 103
person 0.011390336 115 -28 163 100
person 0.011372341 691 738 711 810
person 0.011369119 200 -19 231 71
person 0.011363976 942 -77 959 -66
person 0.01135795 315 312 338 349
person 0.011332084 66 -242 79 -234
person 0.011326668 23 86 43 111
person 0.011317884 524 738 544 810
person 0.011309637 693 -241 707 -234
person 0.0112807425 510 57 526 76
person 0.0112505695 797 253 832 305
person 0.011245033 1084 773 1090 815
person 0.011244661 548 94 560 105
person 0.0112380525 293 486 319 510
person 0.011226238 1082 -103 1089 -65
person 0.01122437 0 -87 5 -46
person 0.0112129925 696 608 707 642
person 0.0112059675 1006 -196 1027 -134
person 0.011200243 216 628 231 678
person 0.011195416 511 133 549 178
person 0.011193933 849 249 878 289
person 0.011180407 70 521 89 551
person 0.01117665 943 -76 961 -57
person 0.011147724 1082 -124 1089 -85
person 0.011146442 0 478 5 519
person 0.01113928 378 156 395 181
person 0.011134302 880 737 898 764
person 0.01112065 191 -96 206 -70
person 0.011117981 311 464 383 629
person 0.011105039 169 448 188 457
person 0.011081714 1034 415 1062 475
person 0.011080899 1079 574 1094 598
person 0.0110657355 550 612 560 645
person 0.01105104 481 176 500 200
person 0.011046231 55 90 79 121
person 0.011037035 0 -129 5 -87
person 0.011021074 522 683 561 787
person 0.011014126 537 334 570 362
person 0.011007407 645 53 678 99
person 0.010994594 649 738 669 810
person 0.010984741 1078 472 1095 491
person 0.010971399 481 154 499 178
person 0.010962626 178 -238 193 -186
person 0.010961893 820 591 836 623
person 0.0109535875 487 78 499 90
person 0.0109295985 678 -163 689 -116
person 0.010922182 68 -201 80 -144
person 0.010902061 632 148 642 172
person 0.0108979065 970 -225 979 -190
person 0.010895229 698 7 736 77
person 0.010889747 505 -241 519 -234
person 0.01088414 566 738 586 810
person 0.01087594 628 566 648 595
person 0.010871284 484 -241 498 -234
person 0.010867895 0 707 6 749
person 0.010866654 526 -241 540 -234
person 0.010864476 421 -241 435 -234
person 0.010862549 212 -241 226 -234
person 0.010860864 400 -241 414 -234
person 0.010860781 337 -241 352 -234
person 0.010860573 442 -241 456 -234
person 0.010860141 358 -241 372 -234
person 0.01085989 191 -241 205 -234
person 0.0108592035 317 -241 331 -234
person 0.0108582815 233 -241 247 -234
person 0.010858073 379 -241 393 -234
person 0.010857397 254 -241 268 -234
person 0.010857003 889 -206 909 -145
person 0.010856761 296 -241 310 -234
person 0.010856741 275 -241 289 -234
person 0.01085479 609 -76 625 -51
person 0.010853464 463 -241 477 -234
person 0.010846514 315 134 332 158
person 0.0108429175 166 678 186 729
person 0.010841845 799 192 818 218
person 0.010841338 837 593 844 616
person 0.010837253 608 738 627 810
person 0.010829559 0 728 6 770
person 0.010829491 946 33 963 52
person 0.010828618 259 630 273 677
person 0.010813746 634 589 645 627
person 0.01081223 299 209 324 245
person 0.0108098285 568 -241 582 -234
person 0.010806 151 610 160 641
person 0.010804023 547 -241 561 -234
person 0.010798377 250 678 270 727
person 0.010795077 267 476 346 635
person 0.010792389 0 568 12 666
person 0.010788144 44 560 54 601
person 0.01078533 289 186 321 236
person 0.010771242 444 78 462 97
person 0.010770805 819 718 834 745
person 0.010770464 170 -241 184 -234
person 0.010768641 630 -76 646 -50
person 0.010750416 886 253 922 304
person 0.010750177 147 738 167 810
person 0.010748641 673 -241 687 -234
person 0.010738303 339 78 356 98
person 0.010729082 853 692 895 807
person 0.010724073 357 71 375 92
person 0.010722667 0 364 14 451
person 0.010718201 157 -150 197 -16
person 0.010713212 420 -109 440 -71
person 0.010707912 0 -108 5 -67
person 0.010698132 57 299 78 325
person 0.010691896 62 450 76 477
person 0.010690187 589 -241 603 -234
person 0.010685337 760 -225 772 -190
person 0.010680947 239 618 247 636
person 0.010678912 964 -231 996 -154
person 0.010677626 1046 75 1062 98
person 0.010675149 184 18 204 56
person 0.010671313 727 491 801 641
person 0.010670114 106 737 125 810
person 0.010661606 562 527 576 558
person 0.010657397 959 259 986 298
person 0.010655822 245 316 279 364
person 0.010652822 717 384 738 408
person 0.010652782 64 -91 86 -26
person 0.010650401 798 719 813 746
person 0.010648345 -4 47 10 72
person 0.010643826 508 90 521 102
person 0.010624972 178 -51 243 127
person 0.010616924 179 53 203 86
person 0.010609294 1082 630 1089 666
person 0.010598622 673 334 695 362
person 0.010595018 592 -70 623 14
person 0.010592809 46 732 61 763
person 0.010590156 78 347 107 403
person 0.010587533 462 -104 480 -65
person 0.01058544 65 101 82 120
person 0.010583148 447 -5 483 64
person 0.01058201 590 79 675 225
person 0.010572893 840 718 855 745
person 0.010563798 0 310 6 354
person 0.010551754 339 156 356 183
person 0.010548712 847 337 879 396
person 0.010547085 610 -241 624 -234
person 0.010546871 410 537 441 629
person 0.010542821 334 675 353 726
person 0.010540498 1048 31 1058 49
person 0.010525024 1048 92 1064 115
person 0.010523692 925 80 937 91
person 0.010519309 1083 556 1090 569
person 0.010514842 439 363 455 391
person 0.010514019 1038 423 1060 446
person 0.0105096 149 -241 163 -234
person 0.010505559 568 613 578 646
person 0.0105052125 771 679 812 785
person 0.010500163 966 593 978 628
person 0.010492685 125 317 153 336
person 0.010486394 1015 510 1052 518
person 0.010460198 510 -161 521 -117
person 0.010459107 859 194 879 216
person 0.010449055 842 463 937 629
person 0.010447931 -4 420 9 448
person 0.010447876 648 615 657 633
person 0.010441489 563 176 583 200
person 0.01043451 651 -241 666 -234
person 0.010425464 448 513 461 544
person 0.01040524 92 424 152 543
person 0.010401618 77 370 97 392
person 0.010398859 185 571 207 601
person 0.010397196 22 796 37 829
person 0.010385922 985 379 1007 403
person 0.010380151 867 -228 875 -191
person 0.010370359 358 117 375 138
person 0.01036821 501 178 540 226
person 0.010365877 418 681 437 731
person 0.010363359 90 725 136 863
person 0.010343044 627 677 646 727
person 0.01034257 1083 753 1090 792
person 0.01031687 -4 735 9 763
person 0.010313642 687 376 711 402
person 0.010312358 426 21 450 52
person 0.010310281 901 737 919 764
person 0.010309201 1040 381 1060 402
person 0.010308111 631 -241 645 -234
person 0.010307633 543 174 583 221
person 0.010286946 533 58 544 70
person 0.010286558 -4 358 9 387
person 0.010285291 732 155 750 180
person 0.01027391 460 682 479 732
person 0.010271782 335 -108 356 -71
person 0.010264368 1079 51 1093 75
person 0.010262469 1082 239 1089 254
person 0.010261176 177 102 192 121
person 0.010254925 259 63 284 93
person 0.0102523705 777 719 792 746
person 0.010236024 504 -96 519 -69
person 0.010234845 583 212 618 264
person 0.0102316 97 300 122 321
person 0.010229794 651 150 666 165
person 0.010228524 157 707 229 868
person 0.010220089 825 615 834 635
person 0.010219332 1083 -63 1090 -22
person 0.010218147 687 683 723 817
person 0.010217336 270 -193 297 -95
person 0.010196698 805 -17 820 21
person 0.010194975 879 -113 899 -69
person 0.010192405 1082 475 1090 487
person 0.010177249 366 6 399 84
person 0.010164096 909 -228 917 -191
person 0.010157607 100 233 121 259
person 0.010146371 0 -7 8 46
person 0.010140879 584 177 603 200
person 0.0101324925 191 719 206 746
person 0.010124154 463 719 478 746
person 0.010122515 484 719 499 746
person 0.010098792 1083 577 1089 591
person 0.010084768 176 612 186 642
person 0.010081098 297 329 384 477
person 0.010080537 840 298 873 355
person 0.0100755235 505 719 520 746
person 0.010075389 170 719 185 747
person 0.010070721 314 154 330 181
person 0.010066238 297 80 313 100
person 0.0100642005 1083 96 1090 110
person 0.010060481 134 -208 147 -156
person 0.010057366 756 719 771 746
person 0.010043381 0 44 6 76
person 0.010034206 128 -241 142 -234
person 0.010032146 740 -225 752 -191
person 0.010029585 597 -236 611 -185
person 0.010021544 377 -108 398 -73
person 0.010019903 296 753 314 781
person 0.010019297 1067 51 1092 108
person 0.010016431 1082 454 1090 467
person 0.010008061 550 211 586 263
person 0.010005868 317 753 335 781
person 0.010003422 1032 603 1040 615
person 0.01000202 -4 -60 9 -32
