person 0.6805135 536 49 550 66
person 0.6744116 528 94 548 119
person 0.6487076 569 111 589 137
person 0.6398497 307 85 322 103
person 0.63082075 662 160 699 211
person 0.63054454 578 93 598 117
person 0.6143277 574 72 588 92
person 0.6022097 350 88 365 107
person 0.6021059 474 75 493 99
person 0.579195 527 123 555 162
person 0.56348264 372 97 391 119
person 0.4733361 807 105 820 125
person 0.21110913 475 69 488 85
person 0.113823526 526 52 539 68
person 0.030416436 310 89 325 106
person 0.024801055 304 89 319 107
person 0.018912617 529 113 547 135
person 0.012119376 546 62 560 77
