person 0.5352402 393 110 419 139
person 0.49959055 456 120 474 142
person 0.41615415 189 193 223 237
person 0.20188658 440 116 458 137
person 0.14249025 31 193 70 256
person 0.13891979 38 242 94 328
person 0.13433306 395 108 414 126
person 0.13314615 31 51 65 117
person 0.12927917 875 -73 924 24
person 0.12370567 177 183 234 251
person 0.11943775 449 111 482 151
person 0.11167215 46 493 92 607
person 0.111353084 665 -62 702 7
person 0.105867505 812 -64 849 10
person 0.1057144 432 105 450 123
person 0.10508769 972 265 1008 337
person 0.10133755 943 -72 991 25
person 0.10079741 733 -63 770 8
person 0.09717972 353 -61 388 7
person 0.09114868 399 134 430 165
person 0.090567544 415 119 436 138
person 0.08702375 28 227 106 363
person 0.08626246 435 -63 471 8
person 0.08367594 94 -41 120 9
person 0.08353916 588 -62 626 7
person 0.08280495 39 31 61 66
person 0.08227928 470 -62 505 8
person 0.07976677 109 -60 140 13
person 0.07725864 297 387 320 413
person 0.07683262 204 -60 237 10
person 0.07464664 635 22 649 39
person 0.0733685 410 137 431 157
person 0.07074228 992 205 1020 258
person 0.07034968 981 493 1019 620
person 0.07021352 952 416 981 511
person 0.069914006 1020 651 1030 704
person 0.06817196 713 83 756 137
person 0.06612394 1020 605 1029 669
person 0.064924724 42 77 78 143
person 0.0648907 0 232 8 297
person 0.06371581 446 130 474 159
person 0.06319397 205 132 230 158
person 0.061647363 867 -87 936 52
person 0.0588246 0 146 9 196
person 0.054977 -4 -217 9 -194
person 0.054367866 1008 -197 1037 -126
person 0.05376463 260 -61 295 10
person 0.05358665 0 163 8 215
person 0.053462237 819 2 861 68
person 0.05294989 13 172 92 301
person 0.052516073 351 212 414 279
person 0.05139364 1019 -216 1029 -169
person 0.05053151 381 115 400 135
person 0.049733263 393 136 413 158
person 0.049552593 724 6 767 70
person 0.04949978 -4 -207 19 -119
person 0.049333975 511 12 551 75
person 0.04913177 478 118 497 137
person 0.049000125 39 486 54 514
person 0.048497003 494 112 521 141
person 0.048305415 0 -220 6 -193
person 0.047890153 638 23 646 36
person 0.04718811 753 -40 783 7
person 0.047074676 0 282 8 355
person 0.0470514 -4 -216 8 -210
person 0.046799183 472 88 490 104
person 0.046517074 310 395 331 418
person 0.04611855 502 116 519 136
person 0.045513347 680 601 692 654
person 0.04546979 452 142 471 163
person 0.04538479 303 410 336 458
person 0.045351353 452 101 471 119
person 0.045114573 93 164 109 183
person 0.04491673 308 408 329 432
person 0.044848967 1021 21 1029 78
person 0.04472146 416 105 436 123
person 0.044714995 794 -87 866 56
person 0.04459188 714 -40 744 7
person 0.044294167 792 -40 822 7
person 0.04353761 901 0 940 69
person 0.04325831 664 22 707 86
person 0.042994462 1004 203 1017 256
person 0.042669967 951 237 1025 378
person 0.042567294 388 102 430 158
person 0.042543896 45 504 61 531
person 0.042448647 1021 687 1030 745
person 0.041820392 1018 176 1028 230
person 0.04177525 674 -40 705 7
person 0.041462693 370 529 391 554
person 0.041246403 111 87 150 148
person 0.041138865 295 373 313 397
person 0.041003264 137 397 225 543
person 0.040933073 36 189 61 222
person 0.040914677 578 9 621 71
person 0.040884778 208 445 229 467
person 0.04078874 190 6 228 72
person 0.040721405 550 35 566 53
person 0.040720508 162 166 251 291
person 0.0407002 96 174 112 196
person 0.04069864 -4 -142 15 -45
person 0.04040503 437 4 477 68
person 0.039906226 641 602 653 651
person 0.03974424 36 475 50 503
person 0.03936017 636 -40 666 7
person 0.03934928 346 12 386 75
person 0.03893264 718 92 748 124
person 0.038778193 469 141 487 161
person 0.03835077 97 194 113 217
person 0.038120724 1018 -217 1030 -209
person 0.038020674 592 19 607 36
person 0.03796203 948 -115 981 -36
person 0.037908625 54 289 116 364
person 0.037866507 94 176 118 206
person 0.03782304 799 697 821 759
person 0.037697732 117 -42 145 9
person 0.03767671 715 -89 787 55
person 0.037351783 0 107 9 158
person 0.037293423 400 113 411 131
person 0.037259404 0 491 7 597
person 0.037000265 1018 -218 1032 -195
person 0.036874793 717 -110 752 -36
person 0.036757223 760 697 782 759
person 0.036685042 485 135 513 163
person 0.036389437 887 -210 902 -162
person 0.036273528 55 512 72 538
person 0.03597212 175 330 237 407
person 0.035843458 0 -221 8 -171
person 0.03562062 443 117 455 130
person 0.035482343 38 185 55 206
person 0.03543804 276 16 316 81
person 0.03526857 832 -41 861 8
person 0.03525067 244 145 272 172
person 0.03517582 472 93 490 110
person 0.035148412 842 -213 858 -163
person 0.034955133 288 420 323 467
person 0.03473512 1003 471 1015 538
person 0.03471781 160 305 252 454
person 0.03471159 839 698 861 758
person 0.03464043 396 -41 424 7
person 0.03452884 455 25 479 56
person 0.034355447 799 -213 814 -164
person 0.034311682 505 175 530 206
person 0.034193415 954 -202 968 -163
person 0.034110878 953 675 976 772
person 0.0339772 1021 437 1029 513
person 0.033899266 244 404 339 550
person 0.033863537 361 178 391 209
person 0.03385803 600 -40 630 7
person 0.033650234 211 132 227 150
person 0.033403456 325 136 353 163
person 0.033319864 78 14 115 82
person 0.03324874 401 72 429 101
person 0.033184286 360 138 389 166
person 0.032952853 297 458 382 620
person 0.032804165 646 -86 719 56
person 0.0326479 43 -217 58 -201
person 0.032473393 34 61 61 102
person 0.032387394 276 147 305 175
person 0.032239858 1020 328 1028 395
person 0.031967547 24 -217 37 -210
person 0.031959936 937 386 993 555
person 0.031918786 192 314 211 336
person 0.031662077 359 -36 383 2
person 0.031661317 873 -41 901 8
person 0.031598296 654 -107 690 -34
person 0.03153379 578 350 591 378
person 0.031531252 431 135 451 153
person 0.031495307 1020 -180 1029 -125
person 0.03147578 390 557 409 581
person 0.03147146 356 57 382 85
person 0.031384967 720 697 742 759
person 0.031384025 280 171 309 200
person 0.031238604 957 698 976 747
person 0.031114494 533 41 551 59
person 0.031036232 719 602 732 657
person 0.03086802 24 -217 40 -201
person 0.030779181 88 160 130 219
person 0.03070758 90 157 114 187
person 0.030559912 1020 363 1028 439
person 0.030489631 791 -105 827 -31
person 0.030337019 808 529 823 553
person 0.03032411 936 608 946 635
person 0.030054055 975 610 984 633
person 0.030051678 352 115 370 132
person 0.030030336 821 100 867 155
person 0.029967463 477 30 502 60
person 0.029957997 918 -205 932 -162
person 0.029835831 975 20 983 33
person 0.029693011 529 32 554 61
person 0.029647414 524 97 551 124
person 0.029636346 196 107 222 136
person 0.0294505 459 118 471 134
person 0.029422067 680 697 702 760
person 0.029340865 236 251 304 326
person 0.02933901 311 437 348 485
person 0.029332474 261 106 277 123
person 0.029315332 995 -42 1006 12
person 0.029108802 457 86 477 103
person 0.0289667 400 -106 434 -31
person 0.028862223 197 -109 229 -34
person 0.02877099 903 101 947 158
person 0.028726177 284 398 363 547
person 0.028722884 462 286 519 366
person 0.028707117 794 395 817 457
person 0.028614286 157 139 183 166
person 0.028575642 972 19 987 36
person 0.028510623 991 2 1025 75
person 0.02849785 602 605 613 650
person 0.028478352 530 78 549 95
person 0.028444497 678 72 706 101
person 0.028408797 26 466 39 494
person 0.028348925 93 -100 113 -53
person 0.02828962 40 444 51 473
person 0.02826575 540 65 557 82
person 0.028235972 474 -108 507 -33
person 0.028090889 667 90 713 145
person 0.027962692 47 258 82 310
person 0.027832268 0 10 4 44
person 0.027786382 977 203 1030 286
person 0.027606362 758 604 771 657
person 0.02747264 184 108 227 166
person 0.027437817 435 107 447 117
person 0.02743503 833 -216 845 -209
person 0.027428592 853 -216 865 -209
person 0.027367456 985 -43 1008 13
person 0.027365662 28 484 41 513
person 0.027365275 511 156 537 185
person 0.027087027 -5 557 28 697
person 0.02703343 197 194 214 231
person 0.026918925 43 -217 56 -211
person 0.026911445 988 -217 1001 -210
person 0.026878018 180 238 250 315
person 0.02687609 774 20 784 32
person 0.026864525 751 650 769 699
person 0.026770966 878 698 901 758
person 0.02668151 563 564 574 612
person 0.026664598 595 21 603 33
person 0.026662542 56 477 69 502
person 0.026545528 972 599 981 615
person 0.026470756 -3 155 10 180
person 0.026351478 974 85 1011 146
person 0.026347827 -2 234 17 297
person 0.02615406 551 331 566 358
person 0.02612607 813 -216 826 -209
person 0.026108595 553 37 562 49
person 0.026065422 409 171 436 200
person 0.026060257 574 -108 609 -34
person 0.026038721 446 -37 470 4
person 0.0259925 318 -41 348 7
person 0.02591168 952 19 962 33
person 0.025867378 225 609 234 637
person 0.025829423 629 16 655 47
person 0.025816755 169 221 199 254
person 0.025811167 262 93 305 150
person 0.025631547 442 70 469 99
person 0.025570631 912 -42 940 9
person 0.02555931 999 540 1012 618
person 0.025547478 954 623 967 670
person 0.025537498 85 -115 116 -36
person 0.025535302 29 -86 55 -4
person 0.02545334 797 9 834 54
person 0.02541967 83 52 107 84
person 0.025413174 760 -212 775 -162
person 0.025376724 873 -216 885 -209
person 0.025371883 835 9 871 55
person 0.02523623 887 714 915 803
person 0.025222687 150 427 214 517
person 0.025170458 834 -217 847 -195
person 0.025063192 172 446 196 469
person 0.025029372 186 608 194 637
person 0.024972018 814 -217 827 -196
person 0.024914837 305 610 313 636
person 0.02490719 294 427 317 452
person 0.02488358 1020 49 1029 101
person 0.02487393 641 697 662 760
person 0.024830077 711 650 729 699
person 0.024730895 854 -217 867 -195
person 0.024717357 758 9 794 54
person 0.024636762 793 20 804 32
person 0.024620047 800 545 814 572
person 0.024576819 351 87 396 143
person 0.024551518 -2 407 69 538
person 0.02450586 874 9 909 56
person 0.024493285 95 376 113 394
person 0.02437488 1004 356 1034 445
person 0.02434755 569 -86 643 59
person 0.02430724 379 107 397 124
person 0.024296857 -4 650 13 778
person 0.024280807 204 440 225 464
person 0.024278363 1005 183 1030 238
person 0.02426761 244 440 282 484
person 0.024263257 520 81 538 97
person 0.024201838 673 650 690 698
person 0.024199434 492 93 536 148
person 0.024166172 794 -217 808 -197
person 0.024099855 0 -207 8 -133
person 0.024066126 982 262 1005 310
person 0.024049131 -12 316 51 454
person 0.024011092 562 604 574 648
person 0.023956193 340 -107 373 -32
person 0.023918746 932 19 948 36
person 0.023917977 956 609 965 634
person 0.023909792 249 102 275 129
person 0.023900056 638 41 656 60
person 0.023884082 242 -108 275 -33
person 0.023814218 518 165 535 185
person 0.023787096 -1 151 15 188
person 0.023709364 11 26 85 145
person 0.023696337 178 192 206 220
person 0.023693217 437 87 456 104
person 0.023689283 217 230 320 369
person 0.02368763 251 152 269 174
person 0.023661938 206 608 214 637
person 0.02358452 988 -217 1003 -201
person 0.023581786 335 -86 405 58
person 0.023557596 0 -81 8 -20
person 0.023552181 326 63 352 90
person 0.02353261 601 697 623 761
person 0.02350952 295 75 320 102
person 0.023508765 337 207 430 348
person 0.023472575 194 95 214 114
person 0.023445943 305 87 320 104
person 0.02342324 814 20 824 33
person 0.023408208 644 62 672 91
person 0.023372287 398 111 410 120
person 0.023305489 794 -217 806 -209
person 0.023297474 219 466 240 492
person 0.023290427 130 477 218 612
person 0.023272347 281 173 299 196
person 0.023220528 550 97 565 116
person 0.023208557 875 -105 911 -31
person 0.023189913 873 -217 887 -196
person 0.023186652 242 176 273 205
person 0.022930363 230 162 298 233
person 0.022927288 313 427 337 449
person 0.022893 576 22 592 38
person 0.022887073 979 -6 1030 94
person 0.022866825 589 97 635 151
person 0.022865266 535 330 552 355
person 0.022827873 -3 160 16 219
person 0.022825152 416 -89 486 57
person 0.022819443 285 609 294 637
person 0.022774583 1021 402 1029 474
person 0.022768524 243 56 267 84
person 0.02270716 545 98 572 126
person 0.0226903 990 522 1015 585
person 0.02264434 174 439 194 461
person 0.022643661 -4 14 8 40
person 0.022632321 245 608 254 637
person 0.02259081 1023 15 1029 42
person 0.022557806 400 30 425 61
person 0.02252306 1014 130 1025 181
person 0.022510156 561 698 583 761
person 0.022495713 530 94 547 112
person 0.022444056 956 666 971 706
person 0.02242364 0 577 7 670
person 0.022403585 0 536 6 631
person 0.02236491 934 594 944 622
person 0.022284772 266 463 306 509
person 0.022273915 773 -217 788 -198
person 0.022127451 0 152 6 182
person 0.022111235 90 -51 113 -3
person 0.02206853 892 -217 904 -209
person 0.022028474 913 20 923 33
person 0.022013906 212 457 248 502
person 0.021945398 917 608 926 637
person 0.021869743 66 306 100 355
person 0.021822037 322 105 349 132
person 0.021793406 365 30 390 61
person 0.021717329 373 521 393 542
person 0.021671902 58 -101 76 -55
person 0.021667935 259 446 341 610
person 0.021630257 910 19 927 36
person 0.02161153 -1 8 7 56
person 0.021605644 166 609 175 636
person 0.021554364 771 19 788 35
person 0.021550596 1023 609 1029 640
person 0.021544121 56 497 70 523
person 0.021525282 918 8 951 56
person 0.021497954 971 -217 986 -201
person 0.021445703 265 609 274 637
person 0.02143987 455 -87 521 54
person 0.021422137 380 554 402 579
person 0.021417985 146 609 155 637
person 0.021398375 415 279 432 304
person 0.02138924 834 20 845 33
person 0.021368623 457 267 474 295
person 0.021352425 87 253 122 301
person 0.021325722 877 -29 957 116
person 0.021268414 362 233 408 295
person 0.021261457 754 20 765 33
person 0.021214256 289 100 316 126
person 0.021128625 414 138 428 150
person 0.021096759 835 741 856 809
person 0.021088326 971 -217 984 -210
person 0.021088252 893 -217 906 -197
person 0.021087086 -3 173 9 199
person 0.021078445 992 598 1000 613
person 0.020980507 839 414 862 475
person 0.02097974 674 66 710 109
person 0.0209733 496 155 514 177
person 0.02097032 559 140 588 169
person 0.020958183 853 19 864 33
person 0.02095158 474 78 500 106
person 0.020923514 563 27 590 57
person 0.020912824 476 -36 499 3
person 0.020865558 261 434 325 523
person 0.020863978 875 741 896 809
person 0.020834196 374 135 393 155
person 0.020812724 243 -41 273 8
person 0.020776877 612 61 638 89
person 0.020710638 241 427 274 464
person 0.020662703 0 444 5 480
person 0.020635305 428 172 455 202
person 0.020630684 720 11 756 55
person 0.02062519 162 213 263 361
person 0.020615034 561 -41 590 7
person 0.020608123 873 19 884 33
person 0.02060221 989 252 1001 314
person 0.020594604 423 609 432 641
person 0.020579016 330 452 352 473
person 0.020557769 395 151 415 172
person 0.020546775 729 -210 744 -161
person 0.020492507 953 599 962 618
person 0.020486422 796 741 817 809
person 0.02048505 508 115 525 135
person 0.02048009 754 -217 768 -199
person 0.02047386 700 -19 788 119
person 0.02045108 673 16 701 49
person 0.02039068 100 -140 118 -90
person 0.020382678 894 20 905 33
person 0.020256622 773 -217 786 -210
person 0.020254735 295 419 353 513
person 0.020247798 413 151 432 173
person 0.020246126 118 155 144 183
person 0.02017902 21 328 33 397
person 0.020156372 355 57 372 76
person 0.020143917 189 194 219 216
person 0.02013524 559 557 576 622
person 0.020056315 527 62 555 90
person 0.019991154 603 97 630 125
person 0.019980922 1020 784 1026 827
person 0.019975359 659 23 674 39
person 0.019928401 803 721 832 810
person 0.019918121 293 33 316 63
person 0.019868173 203 120 221 138
person 0.01986156 125 609 134 637
person 0.01984484 103 499 166 663
person 0.01973146 521 698 544 760
person 0.019611133 758 392 782 454
person 0.019597972 794 -25 878 117
person 0.019589158 756 741 777 810
person 0.019539684 1020 98 1029 147
person 0.019480465 1022 -108 1030 -44
person 0.019458946 551 67 568 83
person 0.01943291 790 567 804 596
person 0.019427419 791 314 811 341
person 0.019420374 573 42 590 60
person 0.019375984 579 23 588 36
person 0.0193655 515 98 534 116
person 0.019274864 970 712 998 803
person 0.019257896 640 393 649 423
person 0.019215845 896 608 905 638
person 0.019214291 22 447 31 478
person 0.019208217 560 521 571 576
person 0.019198824 38 269 133 380
person 0.019191695 100 -36 115 3
person 0.019153299 557 75 576 92
person 0.019134138 737 20 747 33
person 0.019096887 -9 -152 22 -32
person 0.019043202 77 359 92 371
person 0.01904159 0 -126 8 -55
person 0.01900076 851 709 870 775
person 0.018979305 0 111 5 142
person 0.018969445 321 132 339 152
person 0.018959044 -4 33 9 59
person 0.018958706 500 87 517 103
person 0.018951675 996 533 1020 636
person 0.01894683 492 142 510 163
person 0.018941866 327 177 357 207
person 0.018926509 496 174 521 206
person 0.018914953 590 16 616 46
person 0.018902272 38 101 56 116
person 0.018880656 598 598 616 661
person 0.018873911 593 349 609 376
person 0.018873492 808 463 827 507
person 0.0188498 912 -217 926 -198
person 0.018844394 601 566 612 616
person 0.018799843 661 24 670 37
person 0.018791547 951 -43 978 11
person 0.018773079 1022 596 1029 607
person 0.018735457 598 137 628 167
person 0.018729772 536 42 547 56
person 0.018719569 527 561 540 620
person 0.018714512 339 122 357 140
person 0.018688 85 671 124 781
person 0.01864641 892 670 918 778
person 0.01862352 716 741 738 810
person 0.018611822 311 447 343 473
person 0.018580541 812 708 831 775
person 0.018520664 0 132 5 159
person 0.018518575 96 166 106 177
person 0.018510412 790 649 809 699
person 0.018495055 97 708 125 809
person 0.018483613 354 104 372 120
person 0.018423634 280 -41 311 8
person 0.018414939 433 180 450 199
person 0.018412072 54 693 73 758
person 0.0183288 686 135 715 166
person 0.018309074 623 391 631 424
person 0.018287925 272 396 292 416
person 0.018242173 121 446 141 472
person 0.018198594 911 -217 924 -210
person 0.018195927 0 482 5 520
person 0.018188832 250 446 278 470
person 0.018180642 500 388 510 415
person 0.018130777 687 -209 702 -161
person 0.018095883 909 361 943 441
person 0.018089287 336 135 355 156
person 0.018027788 293 179 310 201
person 0.018022276 324 610 333 636
person 0.017999472 -1 327 5 360
person 0.017910147 905 179 950 238
person 0.017909711 229 415 252 435
person 0.0179082 734 -217 749 -199
person 0.017831493 117 175 143 203
person 0.01780133 129 -100 150 -54
person 0.01779883 99 378 110 389
person 0.017797897 331 468 357 491
person 0.017763868 976 501 1027 682
person 0.0177287 0 -190 5 -150
person 0.01768143 677 741 698 810
person 0.0176556 517 330 532 358
person 0.01765263 0 -209 5 -172
person 0.017593242 -1 463 5 499
person 0.017592436 273 459 295 479
person 0.017585663 0 703 12 783
person 0.01758162 400 741 421 810
person 0.017554665 360 741 381 810
person 0.017534865 -1 -165 12 -88
person 0.017529847 -5 191 9 217
person 0.017518656 0 -3 5 31
person 0.017475571 830 175 874 229
person 0.017461445 188 347 222 370
person 0.01745505 240 452 264 474
person 0.01744953 684 96 713 126
person 0.017435541 -5 55 9 81
person 0.017358048 19 434 28 465
person 0.017355127 524 24 558 69
person 0.01735394 597 305 614 334
person 0.017353404 645 -210 660 -162
person 0.017331708 389 280 471 438
person 0.01730556 475 89 486 100
person 0.01729434 465 479 477 505
person 0.017294195 321 741 342 810
person 0.017282497 0 30 5 63
person 0.01727694 205 435 233 469
person 0.017276771 522 64 538 81
person 0.017261485 170 718 201 811
person 0.01726138 439 741 460 810
person 0.017220136 162 741 183 810
person 0.017207203 772 708 791 775
person 0.017201843 191 328 215 351
person 0.017185694 105 490 121 516
person 0.017176878 688 63 779 191
person 0.017158067 719 -200 753 -128
person 0.017144209 -1 -85 13 -15
person 0.01714139 914 741 936 810
person 0.017100396 637 741 658 810
person 0.017074287 460 492 475 522
person 0.017031485 753 -217 766 -210
person 0.01702823 476 36 493 56
person 0.017021757 324 32 349 62
person 0.01701445 891 709 910 776
person 0.016990606 547 274 605 357
person 0.016985118 56 523 78 551
person 0.016980248 479 741 500 810
person 0.016976077 98 -201 130 -126
person 0.016970238 321 599 330 612
person 0.016949942 794 -209 827 -139
person 0.01691764 -1 348 25 436
person 0.016881531 523 606 534 649
person 0.01688116 52 233 71 256
person 0.016860984 447 262 533 391
person 0.016845798 972 5 984 18
person 0.01682885 605 -212 620 -164
person 0.016821349 0 779 8 824
person 0.016810374 281 741 302 810
person 0.016808193 1023 758 1029 801
person 0.016805869 59 -20 80 18
person 0.01679926 647 44 663 62
person 0.016797747 497 99 516 117
person 0.01679766 182 599 191 615
person 0.01679214 816 566 831 595
person 0.016780077 543 66 554 78
person 0.016773611 39 207 61 234
person 0.016763154 640 398 647 417
person 0.016753271 482 698 504 760
person 0.016750954 0 288 18 352
person 0.01674395 202 741 223 810
person 0.01674176 58 -140 77 -78
person 0.016741037 999 -207 1042 -110
person 0.016728688 598 741 619 810
person 0.016724264 627 137 657 169
person 0.016723873 519 741 540 810
person 0.016722688 522 82 535 93
person 0.01667818 123 741 144 810
person 0.016673114 37 58 61 83
person 0.016670112 21 57 95 199
person 0.016634366 682 177 711 209
person 0.016611582 558 741 579 810
person 0.016609052 242 741 263 810
person 0.016596135 166 669 207 776
person 0.0165717 393 569 413 595
person 0.01656119 636 651 649 697
person 0.016549343 579 68 595 84
person 0.016536146 563 -205 597 -133
person 0.016531449 719 422 739 473
person 0.016522644 621 296 659 361
person 0.016511165 535 22 553 39
person 0.016500846 1010 18 1032 75
person 0.01649144 1021 -142 1030 -85
person 0.016484054 274 361 339 436
person 0.016461728 251 436 275 458
person 0.016419105 564 -213 578 -165
person 0.016395433 442 697 465 759
person 0.016395265 239 -87 312 60
person 0.016382573 94 262 116 284
person 0.016378485 417 119 433 131
person 0.016376643 640 368 649 398
person 0.016340058 478 -217 492 -198
person 0.016333928 398 -217 413 -198
person 0.016331509 418 -217 433 -198
person 0.016330458 240 -217 255 -198
person 0.016329356 458 -217 473 -198
person 0.016329324 201 -217 215 -198
person 0.01632928 220 -217 235 -198
person 0.016327854 260 -217 275 -198
person 0.016326644 497 -217 512 -198
person 0.016325817 379 -217 394 -198
person 0.016324898 319 -217 334 -198
person 0.016323665 339 -217 354 -198
person 0.016322985 280 -217 295 -198
person 0.016322533 300 -217 314 -198
person 0.016320359 438 -217 453 -198
person 0.016319724 359 -217 374 -198
person 0.016315231 840 575 853 602
person 0.01631236 181 -217 196 -198
person 0.016302064 44 741 65 810
person 0.016279995 250 331 356 463
person 0.016277332 517 -217 532 -198
person 0.01624169 638 -8 728 129
person 0.016240928 642 -202 676 -130
person 0.016240425 254 391 276 413
person 0.016237272 537 -217 552 -198
person 0.016236397 991 17 1006 37
person 0.016171966 135 -211 149 -163
person 0.01617038 594 709 611 734
person 0.016168233 539 525 551 554
person 0.016153047 56 512 107 617
person 0.016152373 554 709 571 734
person 0.016150283 614 710 630 734
person 0.016147373 715 -217 730 -199
person 0.016132522 320 125 338 143
person 0.016124269 557 -217 572 -198
person 0.016123384 161 -217 176 -198
person 0.01611285 633 709 650 734
person 0.01610116 574 709 591 734
person 0.016090354 534 709 551 734
person 0.016086444 722 724 751 815
person 0.016081516 0 662 8 740
person 0.016049935 138 485 162 511
person 0.016038146 480 272 499 301
person 0.0160275 954 741 975 810
person 0.015994558 -4 488 8 514
person 0.01599218 918 700 938 749
person 0.015989643 653 709 670 734
person 0.015943995 965 -28 1036 132
person 0.015940748 1023 589 1029 618
person 0.01591801 524 -213 539 -165
person 0.015900675 170 -203 203 -130
person 0.015897438 1022 628 1029 660
person 0.015885357 577 -217 591 -198
person 0.01588449 106 609 115 636
person 0.015883151 515 709 531 734
person 0.01586913 931 -217 946 -199
person 0.01586396 92 -84 156 64
person 0.0158608 246 723 278 812
person 0.01584525 351 516 374 538
person 0.015844388 404 725 436 815
person 0.015838448 402 607 413 638
person 0.015812099 0 383 8 469
person 0.015790021 560 61 588 89
person 0.015759844 614 20 631 38
person 0.01571128 132 -141 152 -91
person 0.015706023 485 457 496 486
person 0.015692458 811 367 828 396
person 0.015677853 990 609 1000 634
person 0.015604779 141 -217 156 -198
person 0.015600474 495 709 512 734
person 0.015599412 813 552 830 579
person 0.015576173 452 153 472 173
person 0.015568549 899 371 962 542
person 0.015558006 419 88 437 105
person 0.015549962 76 536 94 561
person 0.015544909 158 233 179 254
person 0.015538257 673 709 690 734
person 0.015533342 475 96 487 106
person 0.015531016 118 434 139 458
person 0.015520659 897 -202 905 -169
person 0.015502438 65 -206 75 -161
person 0.015480695 484 -213 499 -165
person 0.015464316 0 52 12 115
person 0.015453349 644 97 672 125
person 0.015447062 596 655 609 699
person 0.015419775 1022 707 1030 780
person 0.015400658 102 -207 114 -163
person 0.015395425 734 19 750 35
person 0.015391276 -4 468 8 494
person 0.015389591 714 20 724 32
person 0.015385323 241 473 263 493
person 0.015377523 706 134 736 166
person 0.01536993 596 -217 611 -198
person 0.015361062 96 269 118 290
person 0.015316476 677 19 687 31
person 0.015280889 911 402 954 521
person 0.015257803 832 351 866 430
person 0.015256664 105 238 124 261
person 0.0152530335 662 544 684 646
person 0.015204022 454 103 468 114
person 0.015201158 120 160 137 180
person 0.015197611 445 -213 459 -165
person 0.015197032 199 128 236 170
person 0.015175959 475 709 492 734
person 0.015175253 723 170 768 224
person 0.015173309 630 138 648 158
person 0.015161342 473 157 491 178
person 0.01515682 155 141 172 161
person 0.015105126 963 182 990 216
person 0.015075877 632 647 652 709
person 0.015073442 246 230 275 263
person 0.015066696 970 711 989 778
person 0.015056171 733 708 751 776
person 0.015048466 831 368 849 397
person 0.015046756 693 709 710 734
person 0.015042954 277 162 296 183
person 0.015023305 405 -213 420 -165
person 0.0149970725 480 201 547 270
person 0.014942291 -1 112 15 149
person 0.014928205 -3 -219 13 -152
person 0.01488654 366 -213 380 -165
person 0.014880899 616 -217 631 -198
person 0.014880619 558 597 576 659
person 0.014863914 286 -213 301 -165
person 0.014862378 397 139 410 152
person 0.014841818 170 103 196 130
person 0.014841712 84 741 104 811
person 0.014835712 326 -213 340 -165
person 0.014833984 556 657 570 700
person 0.014818911 121 -217 136 -198
person 0.014815389 483 725 514 814
person 0.014810656 0 422 6 461
person 0.0148015665 247 -213 261 -165
person 0.014779353 -4 330 8 357
person 0.014778179 0 -171 5 -130
person 0.014772708 197 300 217 321
person 0.014766999 131 450 149 472
person 0.014745673 249 -204 282 -131
person 0.014743636 455 709 472 734
person 0.014722698 141 336 163 359
person 0.014693255 424 221 450 257
person 0.014649607 0 170 6 201
person 0.014647872 952 -170 969 -125
person 0.01463395 550 171 578 204
person 0.014629803 790 348 806 376
person 0.014608426 235 499 321 667
person 0.014599389 1024 312 1029 343
person 0.014592455 879 447 903 507
person 0.014581181 489 109 526 151
person 0.014569771 616 353 630 380
person 0.014557486 62 -217 77 -200
person 0.014556947 403 697 425 759
person 0.014540265 931 -217 944 -210
person 0.014527131 501 368 511 399
person 0.01451972 695 -217 710 -199
person 0.014496664 642 726 671 818
person 0.014486755 713 709 729 734
person 0.014479798 436 709 452 734
person 0.014474084 257 709 274 734
person 0.014473995 321 -15 405 127
person 0.014470778 277 709 294 734
person 0.0144621935 508 275 574 436
person 0.014440487 168 -213 183 -165
person 0.014435574 325 725 357 815
person 0.0144288605 173 188 210 231
person 0.014424556 620 62 638 79
person 0.014406995 837 603 852 654
person 0.014399204 328 -204 361 -131
person 0.01439233 207 -213 222 -165
person 0.014392274 487 -205 520 -133
person 0.014383904 406 -205 440 -131
person 0.014378274 238 709 254 734
person 0.014376821 733 -217 747 -210
person 0.014365278 297 709 314 734
person 0.014346022 616 375 625 407
person 0.014338445 1012 -217 1032 -159
person 0.014318989 382 564 401 588
person 0.014301259 722 77 751 107
person 0.014287709 0 622 8 702
person 0.014282063 416 709 432 734
person 0.014265556 317 709 333 734
person 0.014264384 799 -203 807 -169
person 0.014236143 953 6 964 19
person 0.014236109 1014 686 1031 752
person 0.014232316 396 709 413 734
person 0.014224959 951 -217 963 -210
person 0.014216295 285 612 292 628
person 0.014198018 101 -217 116 -199
person 0.014197932 256 117 274 136
person 0.0141952485 218 709 234 734
person 0.014187923 416 288 433 310
person 0.014179582 337 709 353 734
person 0.0141723 501 374 509 390
person 0.0141713405 639 57 676 101
person 0.014169714 810 658 844 782
person 0.014167004 376 709 393 734
person 0.014139772 1024 291 1029 323
person 0.014123131 356 709 373 734
person 0.014117701 1022 321 1029 332
person 0.014110721 363 697 386 759
person 0.014101721 243 154 262 175
person 0.0140828015 1023 428 1029 464
person 0.014079366 553 -15 641 124
person 0.014053177 774 314 792 339
person 0.014048408 1022 411 1029 444
person 0.014046719 0 350 7 433
person 0.014036585 951 -217 966 -200
person 0.014031701 76 16 101 55
person 0.014022271 636 -217 651 -198
person 0.014000093 1022 -2 1028 28
person 0.013986013 198 709 215 734
person 0.013979426 282 368 300 391
person 0.013975179 82 373 94 387
person 0.013967304 774 6 786 18
person 0.013956275 489 39 504 58
person 0.013953223 212 243 248 288
person 0.013925349 1022 -184 1029 -148
person 0.013868584 596 413 609 439
person 0.013862161 732 709 749 734
person 0.01386003 0 461 7 551
person 0.013844345 794 6 806 18
person 0.013842015 392 164 462 235
person 0.013838995 640 42 652 55
person 0.013828626 1022 615 1028 630
person 0.013816373 622 396 629 414
person 0.013796546 240 386 267 420
person 0.013782928 932 630 945 659
person 0.013741468 263 108 273 120
person 0.01373891 1013 -183 1031 -119
person 0.013734101 1004 137 1025 174
person 0.0137321325 641 177 687 232
person 0.013729853 754 5 766 18
person 0.013728761 1013 647 1031 709
person 0.013728181 344 506 375 555
person 0.013725063 253 145 271 164
person 0.013704655 769 349 789 377
person 0.0137042105 1023 37 1030 64
person 0.013703894 724 111 748 131
person 0.0136952475 933 -146 1000 2
person 0.013685043 500 445 510 475
person 0.0136693595 592 650 612 711
person 0.013667547 675 -217 690 -199
person 0.0136544015 366 80 454 210
person 0.01363327 515 526 525 561
person 0.013628116 696 19 706 31
person 0.013617026 562 725 592 817
person 0.013609392 352 500 373 520
person 0.013608254 656 -217 671 -199
person 0.013607492 186 612 193 628
person 0.0136000365 160 249 197 294
person 0.013582924 178 709 195 734
person 0.013574174 434 138 447 148
person 0.013565748 432 155 451 174
person 0.013565275 441 377 450 393
person 0.013562181 752 709 769 734
person 0.013556429 220 252 240 270
person 0.0135273235 893 -204 928 -136
person 0.013526663 915 563 928 593
person 0.013523831 304 99 320 117
person 0.013523374 95 396 115 417
person 0.013518534 553 543 562 577
person 0.013510015 606 174 635 206
person 0.013495824 -3 -205 8 -177
person 0.013490335 484 229 514 278
person 0.013486256 693 708 712 776
person 0.013480985 152 -40 182 10
person 0.013446017 616 21 627 34
person 0.013428703 59 144 151 277
person 0.013413897 37 527 56 554
person 0.013409178 484 -12 566 128
person 0.013408206 236 337 256 360
person 0.013397178 421 374 429 387
person 0.013393133 0 602 5 640
person 0.013390757 961 174 1043 318
person 0.013385341 846 428 868 454
person 0.013363903 -4 134 9 157
person 0.013360262 246 647 297 743
person 0.013359094 595 362 607 404
person 0.013345557 531 243 618 394
person 0.013329198 854 6 865 19
person 0.013328264 273 467 299 491
person 0.013293894 113 469 134 492
person 0.01329131 914 614 927 663
person 0.013282734 0 403 5 443
person 0.013281178 517 412 530 438
person 0.013278054 222 504 233 516
person 0.013276698 873 6 885 19
person 0.013274812 772 709 789 734
person 0.0132696405 840 585 850 619
person 0.013256687 792 709 809 734
person 0.013253456 166 -100 189 -54
person 0.013242988 799 606 811 656
person 0.013239474 202 601 211 616
person 0.013238833 310 86 325 103
person 0.013237537 213 145 316 278
person 0.013236342 655 433 665 463
person 0.013222915 323 698 346 759
person 0.013218722 183 591 193 623
person 0.013211677 797 366 814 395
person 0.013189204 0 187 5 222
person 0.013182893 292 380 325 427
person 0.013158252 581 387 590 417
person 0.013157169 834 6 845 18
person 0.0131364325 814 6 825 18
person 0.013112847 333 440 354 460
person 0.013077467 397 537 417 560
person 0.013068221 878 -203 886 -169
person 0.013066787 54 250 77 272
person 0.01306225 -3 449 8 475
person 0.013049046 244 698 267 759
person 0.013043944 849 369 866 397
person 0.013038843 504 118 515 130
person 0.013013316 961 80 1016 163
person 0.012998828 637 176 667 208
person 0.012990528 385 114 396 132
person 0.012982552 675 17 691 33
person 0.012981391 637 410 647 441
person 0.012971948 912 593 923 624
person 0.0129687255 -4 4 15 64
person 0.012964478 353 136 371 156
person 0.012950172 162 599 171 614
person 0.012939893 499 363 511 431
person 0.012923539 158 709 175 734
person 0.012908097 921 432 944 494
person 0.012902558 685 77 703 97
person 0.012891808 812 708 829 733
person 0.01288978 837 604 846 637
person 0.01288941 1022 -165 1029 -128
person 0.012878366 399 87 417 105
person 0.012866279 714 -217 727 -210
person 0.012851221 0 -31 4 6
person 0.012849792 525 365 533 396
person 0.012836999 1015 716 1030 792
person 0.012822651 724 92 747 113
person 0.0128172925 251 411 273 432
person 0.012805545 308 89 316 102
person 0.012798578 552 652 572 712
person 0.012783579 456 257 474 285
person 0.012763621 675 -182 693 -132
person 0.012754041 85 149 117 195
person 0.012731228 318 651 332 697
person 0.012726255 275 169 314 211
person 0.012707821 483 606 494 651
person 0.012706726 217 500 237 517
person 0.01270346 63 104 76 117
person 0.012697601 283 698 307 759
person 0.012677023 99 366 110 375
person 0.0126760695 500 393 508 408
person 0.012667258 990 318 1003 331
person 0.012655376 486 377 493 392
person 0.012626192 1022 -145 1029 -109
person 0.012617503 533 96 543 108
person 0.012605093 715 -182 733 -131
person 0.012600182 16 435 47 525
person 0.0125877755 554 69 565 80
person 0.012586928 698 -145 773 -1
person 0.012581353 106 467 122 490
person 0.012575715 539 286 556 315
person 0.012570322 949 -209 971 -154
person 0.012567416 413 -20 494 121
person 0.012558413 873 416 894 476
person 0.01255025 428 277 491 359
person 0.012544076 205 698 228 759
person 0.012537681 516 411 528 425
person 0.012520206 564 349 573 386
person 0.012517666 728 84 749 103
person 0.012511337 819 -204 827 -169
person 0.012508334 301 600 310 614
person 0.012506897 0 -151 5 -111
person 0.0125059355 363 220 401 269
person 0.012505859 830 650 848 700
person 0.012498448 302 65 320 84
person 0.012487482 251 469 279 491
person 0.012484666 580 355 588 369
person 0.012468193 876 606 885 638
person 0.012460931 981 281 1003 325
person 0.012428952 712 18 728 34
person 0.012418456 -3 -184 8 -157
person 0.0124161765 396 65 433 109
person 0.012399582 225 612 233 629
person 0.012389047 215 131 225 141
person 0.012388795 62 -67 82 -25
person 0.012388714 94 363 113 378
person 0.01238017 831 708 848 733
person 0.012376543 814 429 831 457
person 0.012364838 575 413 588 438
person 0.012362585 -2 227 15 268
person 0.012360799 724 544 747 648
person 0.012357882 251 -9 333 131
person 0.01235577 221 409 244 428
person 0.012336083 893 6 905 19
person 0.012335706 590 297 607 325
person 0.012307097 196 88 215 105
person 0.012305242 251 351 272 378
person 0.012304263 1022 20 1028 35
person 0.012297573 347 525 380 549
person 0.012292522 983 271 1006 293
person 0.012291949 36 437 49 466
person 0.012285733 1013 440 1029 513
person 0.012266422 405 166 441 210
person 0.012227452 82 -217 97 -200
person 0.0121958675 1022 330 1028 361
person 0.012194351 153 256 174 275
person 0.012177998 0 384 5 423
person 0.0121508725 56 376 71 397
person 0.012150134 0 502 5 541
person 0.012142383 103 510 122 537
person 0.012131514 576 44 586 56
person 0.01210951 1007 -87 1021 8
person 0.012107132 59 -9 134 130
person 0.01210652 0 582 5 620
person 0.012095832 551 29 568 44
person 0.012089497 653 708 672 777
person 0.012075831 402 614 411 632
person 0.012074488 1024 55 1030 81
person 0.012065965 121 507 141 532
person 0.012028538 241 139 258 158
person 0.012027239 633 311 652 340
person 0.012008116 627 61 644 79
person 0.012000791 265 612 272 628
person 0.012000519 79 371 98 390
person 0.012000316 780 -203 788 -169
person 0.011999766 136 468 157 494
person 0.011991466 913 7 925 19
person 0.011934512 -5 250 9 276
person 0.011920239 735 6 746 18
person 0.01191916 575 432 589 453
person 0.011888885 931 710 950 778
person 0.011868388 400 586 416 613
person 0.011858707 200 71 226 100
person 0.011855919 -4 0 8 26
person 0.011849234 -2 58 23 116
person 0.011845638 356 179 374 202
person 0.011843356 506 151 542 194
person 0.011808257 -1 -34 7 19
person 0.011802844 616 382 623 401
person 0.011801537 148 679 217 830
person 0.011797133 694 17 710 33
person 0.011793416 0 363 5 402
person 0.011789782 87 134 103 153
person 0.01178882 1023 113 1029 139
person 0.011788653 579 371 587 408
person 0.011783677 44 722 59 750
person 0.011775062 334 510 361 533
person 0.011754323 519 303 567 409
person 0.011732503 933 6 944 19
person 0.011727992 505 261 530 323
person 0.011718793 577 336 591 362
person 0.011710965 239 125 256 142
person 0.011696023 0 51 5 85
person 0.011682258 614 708 632 777
person 0.011678911 347 610 355 636
person 0.011664099 0 757 5 802
person 0.0116635 618 310 635 340
person 0.011658454 536 411 549 435
person 0.011656433 77 679 139 839
person 0.011654526 134 511 158 534
person 0.011647439 103 288 138 336
person 0.0116374735 574 708 593 777
person 0.011632194 245 611 253 628
person 0.011630631 1022 646 1029 680
person 0.011612862 566 167 612 221
person 0.011610499 0 286 7 322
person 0.011596231 965 354 981 378
person 0.011594045 184 -85 252 61
person 0.011578596 629 153 647 173
person 0.011577499 139 708 155 734
person 0.011550759 993 18 1002 33
person 0.011538435 99 177 108 190
person 0.0115194265 839 -204 847 -169
person 0.0115152635 695 -217 708 -210
person 0.011513857 974 317 992 329
person 0.011509891 114 490 135 512
person 0.011507183 102 629 114 658
person 0.0114968885 1024 270 1030 299
person 0.011491145 381 630 391 658
person 0.011488297 513 654 531 700
person 0.011472501 858 -204 866 -169
person 0.011470759 1024 250 1030 279
person 0.011459993 535 708 553 777
person 0.0114265075 160 457 184 480
person 0.011414792 324 67 420 202
person 0.011405595 338 489 361 509
person 0.011401488 1020 575 1030 585
person 0.011396861 487 372 494 398
person 0.011392408 533 431 547 443
person 0.011392264 275 142 293 162
person 0.011389342 76 -125 122 -20
person 0.011381963 524 66 535 78
person 0.011359888 445 497 459 524
person 0.011351034 572 296 591 326
person 0.011333404 555 411 569 435
person 0.011326915 53 279 85 331
person 0.011317734 24 425 39 524
person 0.01130654 62 -217 75 -210
person 0.011303795 386 515 451 698
person 0.011298658 914 629 924 658
person 0.011294069 206 612 213 628
person 0.01128527 0 660 5 699
person 0.011276862 636 -183 654 -134
person 0.0112662595 572 157 591 178
person 0.0112566175 99 -182 116 -130
person 0.011255599 57 708 75 777
person 0.011241322 851 708 868 733
person 0.011239542 95 409 184 553
person 0.01123518 166 465 199 492
person 0.011230696 351 51 387 94
person 0.011228318 685 -101 707 -57
person 0.011226021 176 516 194 527
person 0.01122357 676 511 689 539
person 0.011207991 -4 115 9 138
person 0.011205698 480 120 493 131
person 0.011205683 377 277 389 292
person 0.011203332 1024 96 1030 121
person 0.011177351 968 354 978 372
person 0.011171971 122 629 134 658
person 0.011166284 731 654 764 785
person 0.011164789 367 215 397 252
person 0.011141502 573 431 588 443
person 0.011130487 288 25 320 70
person 0.011127888 752 348 771 377
person 0.011110603 636 559 647 618
person 0.011108418 500 274 518 303
person 0.011097726 0 620 5 660
person 0.011096403 407 243 506 389
person 0.011094504 476 66 493 84
person 0.011089346 0 640 5 680
person 0.011078893 794 690 808 716
person 0.011052233 754 321 788 397
person 0.011046518 557 157 575 178
person 0.011038243 595 374 605 397
person 0.011019363 44 703 58 732
person 0.011017705 419 108 433 117
person 0.011012225 814 690 828 716
person 0.010996113 867 374 883 401
person 0.010992965 517 394 526 407
person 0.010978376 74 536 96 603
person 0.010975715 981 308 1043 479
person 0.0109700225 126 34 150 67
person 0.010967135 421 517 439 542
person 0.010966521 418 371 433 394
person 0.010956115 833 690 847 715
person 0.010945476 632 431 645 459
person 0.0109419655 655 5 666 18
person 0.010941229 772 -138 849 1
person 0.010936559 1024 741 1030 782
person 0.010931109 197 410 222 430
person 0.010921946 495 709 514 777
person 0.010920679 473 143 485 155
person 0.010920318 1022 300 1030 312
person 0.010909704 678 431 688 459
person 0.010902847 509 274 525 304
person 0.010897624 59 378 68 390
person 0.010897495 168 -16 247 127
person 0.010871689 443 609 451 639
person 0.010868591 328 647 374 741
person 0.010859829 0 -50 4 -11
person 0.010856234 316 394 326 416
person 0.010853045 477 -217 490 -210
person 0.010846985 497 -217 510 -210
person 0.010845373 457 -217 471 -210
person 0.010843542 398 -217 411 -210
person 0.010842703 418 -217 431 -210
person 0.010839369 200 -217 213 -210
person 0.01083893 240 -217 253 -210
person 0.010838583 220 -217 233 -210
person 0.010838352 378 -217 391 -210
person 0.010838276 438 -217 451 -210
person 0.010837586 259 -217 273 -210
person 0.010836491 180 -217 194 -210
person 0.010835924 319 -217 332 -210
person 0.010835342 339 -217 352 -210
person 0.010834662 279 -217 293 -210
person 0.010834545 299 -217 312 -210
person 0.010833956 358 -217 372 -210
person 0.01083361 574 656 610 757
person 0.010831765 518 599 537 660
person 0.010831117 1023 -204 1029 -169
person 0.010829338 0 700 5 738
person 0.010828449 873 75 969 209
person 0.010826882 517 -217 530 -210
person 0.010825942 240 348 261 371
person 0.010822675 355 137 394 179
person 0.010820495 892 669 906 696
person 0.010816408 774 690 788 716
person 0.010807452 537 -217 550 -210
person 0.010803427 142 600 151 616
person 0.010803064 1021 351 1028 380
person 0.0107994275 100 211 119 234
person 0.010798449 595 544 616 649
person 0.010789631 0 -131 5 -91
person 0.010779583 560 77 573 88
person 0.0107705975 633 432 642 447
person 0.0107650105 203 593 212 624
person 0.010763837 972 404 986 433
person 0.010763384 1011 103 1032 138
person 0.010756157 792 325 808 353
person 0.010751247 720 518 744 614
person 0.010746577 738 -201 750 -169
person 0.0107454825 858 605 867 639
person 0.010743992 556 -217 570 -210
person 0.0107410075 215 135 224 146
person 0.010738343 83 65 166 206
person 0.010735774 758 -201 769 -169
person 0.01073305 161 -217 174 -210
person 0.010730499 650 45 660 57
person 0.010721179 480 134 518 177
person 0.010720836 1019 17 1032 40
person 0.010702836 469 236 486 262
person 0.010699576 158 -139 179 -90
person 0.010693439 231 254 249 273
person 0.010684358 641 374 648 391
person 0.010682725 787 290 828 354
person 0.0106824385 1008 49 1031 105
person 0.010665313 754 690 768 716
person 0.010649706 917 -202 925 -169
person 0.0106392875 723 -101 746 -57
person 0.010633778 320 135 359 176
person 0.01062831 339 104 356 120
person 0.010621022 643 -102 669 -47
person 0.010612638 319 610 339 652
person 0.010612032 455 709 474 776
person 0.010606341 0 680 5 719
person 0.010599083 355 157 373 178
person 0.010597538 107 263 145 310
person 0.010597083 576 -217 589 -210
person 0.010593404 974 389 987 419
person 0.010586709 302 388 334 436
person 0.010577548 636 412 645 431
person 0.010572269 89 696 110 759
person 0.010561844 525 371 531 390
person 0.010558456 715 6 726 19
person 0.010556793 48 607 57 634
person 0.010554597 856 -139 933 3
person 0.010551813 255 261 287 310
person 0.010547339 719 463 737 510
person 0.010523851 224 677 295 826
person 0.010516897 191 477 214 499
person 0.010512973 95 228 122 261
person 0.010512278 537 393 547 406
person 0.010510354 754 -185 772 -134
person 0.010509903 539 390 548 418
person 0.010507414 675 -217 688 -210
person 0.010502571 964 222 998 273
person 0.010501358 734 690 749 716
person 0.010500782 172 513 198 532
person 0.010488106 271 147 310 189
person 0.01047551 986 275 999 332
person 0.010473192 35 146 51 163
person 0.010470479 348 600 355 614
person 0.010462499 655 -120 670 -95
person 0.0104568675 141 -217 154 -210
person 0.010449163 0 -71 5 -31
person 0.010446718 404 307 460 396
person 0.0104326885 241 -138 262 -90
person 0.010429951 21 764 35 794
person 0.010426182 719 175 750 208
person 0.010420953 617 38 635 55
person 0.0104192225 382 612 392 640
person 0.010418289 314 506 341 528
person 0.010405574 237 431 260 453
person 0.010401976 734 346 752 375
person 0.010400415 81 516 97 540
person 0.010399119 -4 508 8 534
person 0.010398467 552 118 570 139
person 0.010392633 597 136 614 157
person 0.010389 339 632 352 661
person 0.010377041 376 709 395 776
person 0.010376909 38 478 48 492
person 0.01037564 680 414 690 444
person 0.01037403 0 246 5 280
person 0.0103704715 -3 705 9 732
person 0.010369913 161 691 175 717
person 0.010366494 887 386 903 416
person 0.010350743 176 36 199 67
person 0.0103440005 181 691 195 717
person 0.010343937 672 514 697 613
person 0.0103419 165 697 188 759
person 0.010341101 596 -217 609 -210
person 0.0103387395 875 385 892 415
person 0.010330219 85 597 94 611
person 0.0103197675 844 453 868 480
person 0.010317878 416 709 435 776
person 0.010314159 285 479 323 527
person 0.010309896 866 681 931 830
person 0.010307503 993 338 1002 352
person 0.0103068175 201 -138 222 -89
person 0.010304551 745 113 765 132
person 0.01029914 715 691 729 716
person 0.010289617 922 176 950 209
person 0.010285811 716 470 729 499
person 0.010284864 140 388 161 410
person 0.010282283 518 390 527 417
person 0.010277377 596 -46 622 -2
person 0.010275525 79 109 104 143
person 0.010271045 0 343 5 380
person 0.010265132 437 64 474 107
person 0.010259635 616 -217 629 -210
person 0.0102591375 28 413 39 443
person 0.010256655 537 448 547 473
person 0.010247572 538 512 549 578
person 0.01024364 51 95 78 134
person 0.010241944 808 349 830 410
person 0.010238947 236 25 261 56
person 0.010238106 476 295 494 320
person 0.010234822 407 648 448 746
person 0.0102303885 300 393 317 404
person 0.010227814 337 156 354 177
person 0.010227492 957 704 1002 822
person 0.0102205435 438 691 452 717
person 0.010199326 200 691 215 717
person 0.010192969 596 723 614 749
person 0.010186226 537 723 554 749
person 0.010184348 309 493 345 540
person 0.0101783825 556 723 574 749
person 0.010175448 955 631 965 657
person 0.010169255 418 690 432 717
person 0.010166721 288 511 319 533
person 0.010160038 1020 39 1033 62
person 0.010157013 718 -201 730 -170
person 0.010154391 297 709 316 776
person 0.010151304 655 -217 668 -210
person 0.010150145 576 723 594 749
person 0.010149063 1010 327 1029 392
person 0.010147821 553 100 562 111
person 0.010145413 510 137 528 159
person 0.010144479 616 723 633 749
person 0.01013852 749 133 788 179
person 0.0101308515 634 178 652 199
person 0.010129336 1022 278 1030 289
person 0.0101252785 607 55 643 99
person 0.0101240445 525 -39 556 10
person 0.010123906 1020 57 1034 79
person 0.010117037 517 723 534 749
person 0.010116004 222 600 231 616
person 0.010114564 1023 133 1029 158
person 0.010113298 452 293 471 317
person 0.0101113515 -13 639 28 760
person 0.0101075955 695 6 706 19
person 0.01010451 635 723 653 749
person 0.010100461 371 146 478 284
person 0.010099836 869 656 888 703
person 0.010093446 642 -137 663 -88
person 0.010082541 497 723 515 749
person 0.010072471 280 691 294 717
person 0.010069566 257 709 276 777
person 0.010069214 337 709 356 776
person 0.010064016 499 429 510 459
person 0.010061176 633 -143 710 0
person 0.010055567 655 723 673 749
person 0.010055064 382 -142 455 0
person 0.010052088 534 433 548 456
person 0.010047625 635 -120 650 -95
person 0.0100466665 299 691 313 717
person 0.010039844 220 691 234 717
person 0.010038115 635 -217 649 -210
person 0.010032156 578 382 585 400
person 0.010030797 554 431 569 443
person 0.0100296885 636 69 737 200
person 0.0100290775 -5 73 9 98
person 0.010027341 460 235 477 261
person 0.010023417 141 691 155 717
person 0.010017547 697 449 710 479
person 0.010016966 536 453 546 465
person 0.010005038 260 691 274 717
person 0.010004636 675 -121 689 -95
