person 0.74015653 503 156 531 189
person 0.7284975 572 147 599 179
person 0.70726496 798 116 823 147
person 0.7020756 418 151 443 181
person 0.6994156 285 139 302 161
person 0.6992151 750 147 777 182
person 0.6955499 394 112 411 134
person 0.68680596 632 132 657 162
person 0.6766374 539 97 557 118
person 0.6744574 965 151 990 184
person 0.6698481 728 44 743 66
person 0.6661624 816 153 843 189
person 0.6613909 355 119 372 139
person 0.6577994 792 49 808 71
person 0.6500418 626 174 655 208
person 0.6472339 740 113 764 142
person 0.64099807 842 91 859 114
person 0.6395361 653 69 669 89
person 0.63891184 308 140 326 162
person 0.6382605 673 49 689 69
person 0.63689303 707 58 723 77
person 0.63618636 448 111 465 134
person 0.6314175 703 177 733 214
person 0.6282223 688 131 713 163
person 0.6250902 729 88 747 112
person 0.62150955 742 66 758 88
person 0.6176735 838 56 853 76
person 0.61682665 542 71 557 90
person 0.6123364 333 131 350 151
person 0.61160904 805 69 822 93
person 0.6102965 597 80 613 102
person 0.60730404 917 112 939 142
person 0.60487324 467 91 483 111
person 0.6025363 875 68 890 90
person 0.59952843 890 95 907 118
person 0.5990651 900 76 916 100
person 0.5961068 496 78 512 99
person 0.5855761 637 106 656 130
person 0.577937 426 90 441 110
person 0.57786983 956 66 971 87
person 0.5667077 475 70 489 88
person 0.56646675 772 58 788 80
person 0.5563592 692 88 709 110
person 0.5465707 348 142 372 169
person 0.5428664 984 80 1000 100
person 0.5427739 28 289 85 364
person 0.54063976 557 67 572 86
person 0.53830105 636 56 652 76
person 0.53079474 977 97 993 120
person 0.5284101 613 59 627 77
person 0.5261087 694 106 719 134
person 0.523337 448 86 463 105
person 0.5109791 784 92 802 117
person 0.5086666 585 56 599 73
person 0.50063175 845 66 861 86
person 0.49710846 931 93 947 117
person 0.4885643 611 74 626 93
person 0.48734415 408 100 426 122
person 0.46714392 380 113 397 132
person 0.46355832 322 123 338 141
person 0.45817596 501 86 517 105
person 0.44675496 470 114 487 136
person 0.43844104 942 84 958 107
person 0.43668517 483 128 501 152
person 0.41775885 872 95 889 117
person 0.40895694 784 64 801 86
person 0.40600237 328 148 346 170
person 0.38141602 660 45 675 65
person 0.36426264 919 61 933 83
person 0.35429347 585 73 601 94
person 0.35079217 574 87 593 109
person 0.3126127 593 133 612 158
person 0.29494667 525 87 541 106
person 0.2860754 801 71 824 101
person 0.23915976 510 72 528 91
person 0.20573965 565 102 583 124
person 0.19854504 451 84 466 102
person 0.17052379 260 149 279 169
person 0.1661125 752 61 778 92
person 0.16149476 805 84 822 107
person 0.1461983 556 63 571 80
person 0.13795622 642 76 659 95
person 0.13490249 590 54 604 72
person 0.12305975 857 61 872 82
person 0.11805172 650 67 673 95
person 0.112660885 632 42 647 61
person 0.1105367 729 69 746 90
person 0.10949756 568 105 588 129
person 0.10447496 394 158 420 186
person 0.10092407 435 108 454 129
person 0.09426131 664 93 681 114
person 0.09390885 486 107 503 126
person 0.07677369 683 87 706 115
person 0.07411555 721 45 746 76
person 0.061303772 659 44 670 60
person 0.053000357 477 72 486 84
person 0.05023374 610 70 635 99
person 0.04667812 587 57 596 70
person 0.04440239 582 126 602 150
person 0.038128726 838 59 861 88
person 0.036759816 824 69 842 89
person 0.03522725 498 71 511 89
person 0.035069518 506 63 520 80
person 0.03212388 485 100 510 128
person 0.031068912 974 105 992 129
person 0.029696118 413 97 439 126
person 0.02528806 694 68 711 89
person 0.02472566 553 145 583 177
person 0.023674538 769 73 786 97
person 0.023207018 512 69 525 84
person 0.020944256 540 69 565 95
person 0.020928504 639 93 659 116
person 0.020574741 638 50 650 70
person 0.019353505 273 144 290 164
person 0.018936401 910 95 929 118
person 0.018462582 306 149 325 172
person 0.016775122 439 84 454 102
person 0.016565181 593 56 601 69
person 0.013554483 409 171 442 205
person 0.013073048 662 48 672 61
person 0.010489314 544 73 554 85
person 0.010261626 558 70 569 81
