person 0.78889513 808 151 830 182
person 0.72821367 534 80 550 100
person 0.71119446 559 93 575 116
person 0.70931625 152 135 177 167
person 0.6852825 905 163 928 197
person 0.67859554 202 113 227 145
person 0.6634093 632 121 651 144
person 0.659318 90 234 134 297
person 0.6402877 669 122 692 150
person 0.62891644 965 93 980 114
person 0.6202233 338 112 357 136
person 0.6147855 723 121 745 150
person 0.60356313 911 106 927 129
person 0.60286015 411 107 429 129
person 0.6004844 946 106 963 128
person 0.5931057 225 114 249 144
person 0.5921006 451 106 469 130
person 0.58377206 383 127 407 155
person 0.5744784 940 127 961 158
person 0.57185 901 128 918 153
person 0.5679183 482 73 497 91
person 0.56742847 493 87 509 107
person 0.5632239 741 76 756 96
person 0.55829316 441 84 457 103
person 0.5562801 126 128 149 156
person 0.5374654 587 59 600 76
person 0.5089275 662 57 676 74
person 0.50356305 385 105 403 127
person 0.48387253 472 97 488 116
person 0.4782719 487 77 504 95
person 0.47026977 627 60 638 75
person 0.42866167 150 172 190 231
person 0.39458293 606 73 620 90
person 0.38984242 450 92 471 114
person 0.36679637 950 102 966 124
person 0.32431042 219 165 261 221
person 0.31413168 974 150 995 181
person 0.31088307 668 115 689 138
person 0.261375 662 58 671 70
person 0.25996986 590 115 607 136
person 0.25570324 735 74 755 102
person 0.24648818 209 158 244 202
person 0.24530475 631 101 648 121
person 0.24326685 211 128 241 164
person 0.24256209 589 60 598 72
person 0.21748672 421 84 437 101
person 0.21437047 665 59 674 70
person 0.203029 927 151 944 175
person 0.19470625 620 60 634 77
person 0.19110046 208 138 244 182
person 0.1880641 287 128 314 156
person 0.18705933 628 73 644 90
person 0.18410689 490 90 512 115
person 0.18046783 312 140 339 168
person 0.17854516 481 73 502 99
person 0.17844884 939 170 962 201
person 0.17170185 702 94 718 115
person 0.15846065 884 135 910 167
person 0.14968538 225 125 254 157
person 0.14869127 99 498 115 524
person 0.13831483 664 74 680 92
person 0.1382716 598 71 614 89
person 0.1327496 554 75 570 94
person 0.13263857 973 147 990 172
person 0.13033901 279 136 298 158
person 0.12666099 608 74 618 86
person 0.12606241 931 108 949 132
person 0.123691164 626 112 656 152
person 0.1226985 563 133 587 160
person 0.12151815 332 105 364 145
person 0.1166943 661 54 681 82
person 0.11410981 130 129 140 149
person 0.1137555 710 81 727 99
person 0.11127853 149 198 185 245
person 0.110821106 484 74 494 86
person 0.10751171 895 122 924 164
person 0.10709813 831 166 857 198
person 0.10674823 93 215 133 260
person 0.10525741 516 81 533 98
person 0.10524461 490 77 502 88
person 0.1036146 433 114 454 136
person 0.10305423 72 222 152 332
person 0.101851605 566 116 584 137
person 0.101385236 802 164 827 194
person 0.09887912 529 88 546 110
person 0.098390594 975 162 996 198
person 0.097168356 697 94 713 114
person 0.095612116 834 134 860 164
person 0.095487595 1015 604 1024 664
person 0.09216823 655 73 671 91
person 0.09099239 594 99 611 118
person 0.09091713 897 155 934 211
person 0.09001656 94 190 139 254
person 0.08973715 653 57 675 84
person 0.087447844 928 135 946 159
person 0.0862826 959 108 976 132
person 0.083999544 635 42 649 59
person 0.08325902 607 121 625 141
person 0.08266894 225 167 257 201
person 0.08258792 886 108 908 136
person 0.08251268 572 81 589 99
person 0.081783414 744 78 753 90
person 0.081712954 285 114 313 143
person 0.08166902 607 93 626 113
person 0.08095542 213 124 236 150
person 0.08066819 1012 101 1023 140
person 0.08038318 106 222 143 268
person 0.08030172 732 90 750 111
person 0.07999736 746 109 770 138
person 0.07947726 643 116 661 138
person 0.079391204 439 131 468 160
person 0.07891887 598 131 624 159
person 0.07882562 151 126 189 188
person 0.07826046 348 136 367 157
person 0.07739716 743 93 760 113
person 0.07722594 840 203 867 235
person 0.07610594 483 66 497 82
person 0.07551941 133 130 143 150
person 0.075329974 740 79 750 91
person 0.07522832 882 165 909 197
person 0.0752281 415 108 426 127
person 0.07470967 388 107 400 124
person 0.07398928 969 138 986 161
person 0.073082484 746 130 773 161
person 0.07307869 228 125 247 148
person 0.07301143 205 124 223 149
person 0.07169071 669 100 688 119
person 0.071300864 510 94 528 114
person 0.071265474 687 134 706 156
person 0.07122389 488 64 504 81
person 0.07107969 136 -74 161 12
person 0.07038588 863 204 890 237
person 0.06971193 526 96 550 123
person 0.06932565 1018 93 1024 118
person 0.06901553 310 140 329 160
person 0.06857564 349 116 368 137
person 0.06693522 580 57 594 74
person 0.06691117 134 147 208 275
person 0.0668187 942 98 970 141
person 0.066086516 315 147 334 167
person 0.06594129 403 99 436 140
person 0.06586513 719 166 747 197
person 0.06503108 333 137 353 159
person 0.064673305 927 460 998 610
person 0.06408975 904 99 933 142
person 0.063763626 945 132 955 151
person 0.06279131 688 74 705 92
person 0.0625641 1015 219 1024 267
person 0.06245013 906 154 926 177
person 0.062021095 472 132 500 160
person 0.061997462 623 42 632 57
person 0.0618774 649 98 667 117
person 0.061591193 444 99 475 139
person 0.06104437 645 130 666 153
person 0.060993735 1014 94 1027 117
person 0.060037304 304 380 329 410
person 0.05947823 1014 567 1022 630
person 0.058664043 411 130 431 151
person 0.058560643 710 111 729 133
person 0.058132533 454 108 465 127
person 0.058014628 151 166 175 191
person 0.057872195 490 108 508 129
person 0.05771093 342 43 356 59
person 0.05748147 566 93 576 111
person 0.0570956 695 63 711 80
person 0.057049166 941 153 961 177
person 0.056535784 133 147 151 172
person 0.056262385 927 167 947 191
person 0.05560152 833 102 857 130
person 0.055502314 682 113 701 135
person 0.055291124 553 113 571 135
person 0.055276867 419 77 435 107
person 0.055004768 174 118 191 138
person 0.054989986 -4 -219 9 -196
person 0.054894105 473 109 491 130
person 0.05476348 1014 113 1028 136
person 0.054605797 1013 -217 1023 -171
person 0.054509453 447 85 460 100
person 0.05381891 319 116 338 136
person 0.053721257 796 104 821 133
person 0.053491667 344 44 352 57
person 0.05326326 596 64 620 92
person 0.05278122 375 98 407 140
person 0.052541588 968 95 977 107
person 0.052265756 552 84 582 124
person 0.051696274 814 172 854 230
person 0.05162583 443 86 454 97
person 0.05139184 475 94 486 110
person 0.051246908 729 126 739 145
person 0.05124524 342 114 353 132
person 0.05091763 904 130 915 150
person 0.05080906 74 504 90 529
person 0.050685596 289 148 309 169
person 0.05068361 553 65 569 81
person 0.05065195 774 78 790 96
person 0.050624155 358 57 381 85
person 0.05061626 134 170 163 201
person 0.05014777 1018 111 1024 137
person 0.05004633 293 123 312 142
person 0.049895357 -3 -210 18 -120
person 0.04976841 826 153 845 176
person 0.049638268 1015 644 1024 696
person 0.04900282 334 53 357 82
person 0.04894974 159 253 226 328
person 0.048931763 788 153 807 178
person 0.04866512 249 234 316 301
person 0.048314102 0 -222 6 -195
person 0.04831219 510 113 529 134
person 0.04825557 636 122 647 141
person 0.048196528 536 62 552 79
person 0.048089597 674 127 685 145
person 0.047949947 162 111 186 140
person 0.04753113 799 134 836 192
person 0.047243338 1 165 33 233
person 0.04716383 -6 244 23 318
person 0.047059085 -4 -218 8 -212
person 0.04681245 -10 395 26 516
person 0.046074282 748 120 765 141
person 0.046004698 759 174 786 205
person 0.04593596 1018 74 1024 99
person 0.0458056 497 91 506 103
person 0.04572407 278 55 301 83
person 0.04557248 1015 242 1024 297
person 0.045351177 90 137 115 165
person 0.045058433 717 108 754 167
person 0.044828035 672 113 686 132
person 0.044595487 923 395 1003 558
person 0.043861154 -2 -137 15 -33
person 0.04364764 551 77 575 104
person 0.04362024 225 101 265 165
person 0.04339464 718 158 758 215
person 0.04309537 949 -79 976 5
person 0.042485632 526 33 541 52
person 0.0424273 640 167 668 197
person 0.042422034 520 136 548 165
person 0.042300064 1014 134 1028 157
person 0.042239845 869 139 887 161
person 0.041766454 451 93 469 105
person 0.04154902 674 168 702 199
person 0.041488186 125 116 148 145
person 0.041360974 924 100 940 120
person 0.041306682 93 525 110 551
person 0.041267924 0 178 10 219
person 0.041177113 115 317 178 402
person 0.041158702 423 86 434 97
person 0.040907763 1003 -196 1029 -121
person 0.040895384 786 76 802 94
person 0.04081926 340 52 355 71
person 0.040759582 120 117 159 181
person 0.040720027 1018 131 1024 159
person 0.040638447 883 152 901 176
person 0.04060566 158 -74 187 14
person 0.040498696 729 361 805 524
person 0.04034159 350 154 369 175
person 0.040244788 901 204 927 238
person 0.040222462 735 66 762 109
person 0.040171444 727 149 745 171
person 0.039830204 103 288 186 435
person 0.039650496 979 138 996 160
person 0.03952073 555 77 568 87
person 0.039277505 57 467 72 493
person 0.03902986 381 113 421 171
person 0.038708705 213 149 236 173
person 0.03858821 1003 -128 1028 -39
person 0.03843681 866 152 885 176
person 0.038402602 401 167 429 197
person 0.038391963 913 104 925 122
person 0.038252216 767 94 783 114
person 0.038249698 1014 76 1027 98
person 0.038247935 412 103 425 120
person 0.03808398 785 171 804 193
person 0.037989173 870 387 960 547
person 0.037979748 364 113 406 173
person 0.037962582 1013 -219 1024 -211
person 0.037754886 445 90 455 102
person 0.037338242 128 124 142 142
person 0.037324525 582 60 592 71
person 0.03715244 536 78 547 93
person 0.036957618 248 56 270 84
person 0.036850505 529 113 548 133
person 0.0368249 1012 -220 1026 -197
person 0.036782153 0 107 5 136
person 0.036752176 710 61 726 78
person 0.036701027 394 154 415 174
person 0.036675293 0 132 9 171
person 0.036620155 1014 -182 1023 -128
person 0.03661741 969 168 989 192
person 0.0365262 1013 154 1027 178
person 0.036524516 697 66 708 77
person 0.036478017 709 133 728 155
person 0.036302473 518 61 533 77
person 0.03628138 1008 222 1026 259
person 0.03616566 133 124 148 142
person 0.036098078 589 131 608 152
person 0.036063973 429 132 449 153
person 0.03602857 1018 151 1023 181
person 0.036016326 253 138 272 158
person 0.03582468 1013 64 1024 102
person 0.03581497 203 56 228 85
person 0.0355726 954 203 980 238
person 0.03554613 666 150 685 170
person 0.035501607 768 115 786 137
person 0.035405327 39 84 61 114
person 0.0353918 0 -223 8 -173
person 0.035290856 712 82 725 93
person 0.035226244 883 95 900 114
person 0.03521041 361 171 391 203
person 0.034996547 745 132 764 154
person 0.03451733 556 135 576 156
person 0.034426853 567 147 585 167
person 0.03440542 37 75 58 106
person 0.03425873 1015 678 1024 737
person 0.034258444 450 133 469 154
person 0.034172628 95 181 123 210
person 0.034090925 204 150 278 265
person 0.03391293 308 175 340 207
person 0.033892952 413 155 433 174
person 0.03376036 949 -204 962 -165
person 0.03371854 806 139 825 162
person 0.033607334 457 62 473 80
person 0.03336132 162 118 178 138
person 0.033160925 945 676 973 757
person 0.032678097 629 148 650 169
person 0.0326766 338 17 353 36
person 0.032673188 42 -219 58 -203
person 0.032486197 93 230 123 249
person 0.03214518 386 105 396 121
person 0.03212533 370 151 388 172
person 0.031987436 649 109 688 167
person 0.031979 24 -219 37 -212
person 0.03196042 598 170 626 201
person 0.031403787 490 67 502 77
person 0.031179357 0 360 5 393
person 0.031047488 0 131 6 159
person 0.030946895 -2 179 16 213
person 0.030885927 24 -219 39 -204
person 0.030765723 353 98 370 116
person 0.030612355 735 61 750 79
person 0.03056506 609 314 700 459
person 0.030550962 390 131 402 150
person 0.030512152 113 546 129 572
person 0.030322786 827 91 844 109
person 0.03030121 648 152 667 173
person 0.030299962 159 139 169 160
person 0.03007672 36 439 99 582
person 0.029681506 -4 228 9 251
person 0.029543364 0 225 5 253
person 0.029530864 944 160 979 223
person 0.029489767 642 158 685 213
person 0.02945699 359 496 376 516
person 0.029431233 756 350 845 509
person 0.029356861 232 117 242 138
person 0.029320864 203 604 212 628
person 0.029136408 949 110 960 122
person 0.029114472 824 134 843 157
person 0.029099377 562 169 593 200
person 0.028932013 223 589 231 605
person 0.028872892 170 323 238 395
person 0.02877673 -3 188 10 211
person 0.028764777 980 117 996 140
person 0.028333787 914 -208 928 -162
person 0.028293405 222 605 232 628
person 0.028233157 225 197 262 243
person 0.028177343 892 127 929 188
person 0.02817545 54 685 73 750
person 0.027876465 769 -218 781 -211
person 0.027839692 787 206 818 242
person 0.027680632 207 116 218 137
person 0.027644247 0 186 6 213
person 0.027617827 789 -218 801 -211
person 0.027608545 233 154 256 174
person 0.02749595 527 69 557 110
person 0.027493963 953 103 964 114
person 0.027457325 846 92 863 111
person 0.02744674 485 68 494 79
person 0.02743647 809 -218 821 -211
person 0.02741716 936 298 1019 465
person 0.027395746 750 -218 762 -211
person 0.027330693 829 -218 840 -211
person 0.027282808 881 705 911 790
person 0.027148558 802 62 826 90
person 0.027131232 848 -218 860 -211
person 0.027058478 584 106 616 147
person 0.027003694 843 174 862 197
person 0.026981795 338 37 358 66
person 0.026934465 42 -219 56 -213
person 0.026896775 983 -219 995 -212
person 0.026811577 305 376 321 394
person 0.026733583 336 147 356 167
person 0.02671447 865 115 883 136
person 0.026648648 94 243 127 284
person 0.026588378 384 131 395 150
person 0.026579645 865 95 883 114
person 0.026526773 609 149 629 170
person 0.026479157 764 134 782 156
person 0.02644907 84 95 107 124
person 0.026417522 295 130 308 149
person 0.02640954 807 75 824 92
person 0.026324816 136 329 159 338
person 0.026278656 241 590 249 606
person 0.026250118 223 446 261 490
person 0.02615042 690 75 703 86
person 0.026053898 192 482 219 502
person 0.025919035 316 252 389 322
person 0.0259057 730 -218 742 -211
person 0.025871145 790 96 807 115
person 0.02580758 828 81 844 98
person 0.02575307 686 156 704 177
person 0.025637941 868 -218 880 -211
person 0.025606502 843 154 862 177
person 0.02556616 557 130 592 171
person 0.025542932 121 15 154 89
person 0.025512213 514 -170 541 -88
person 0.02540575 931 152 941 171
person 0.025365783 789 130 808 153
person 0.025336063 747 63 763 81
person 0.02532089 655 44 670 60
person 0.025311012 788 118 805 139
person 0.02523385 844 132 862 155
person 0.025197342 1018 54 1024 80
person 0.02515161 750 -219 764 -197
person 0.025146665 149 185 183 207
person 0.025060756 338 102 356 121
person 0.025048539 465 183 511 237
person 0.025031274 770 -219 783 -197
person 0.024938079 730 -219 744 -198
person 0.024911245 241 603 251 628
person 0.024899244 941 115 973 181
person 0.024690155 790 -219 803 -197
person 0.024679651 332 176 381 231
person 0.024657113 671 43 686 60
person 0.024632022 174 151 193 175
person 0.024614211 74 165 162 304
person 0.02447658 810 92 827 110
person 0.024435272 23 77 56 141
person 0.02442819 81 517 100 546
person 0.024405329 809 -219 823 -197
person 0.024301654 -3 363 9 390
person 0.024277216 232 462 255 480
person 0.02426297 169 173 190 197
person 0.024233727 829 -219 842 -197
person 0.024164164 0 -209 7 -136
person 0.024162339 753 -131 776 -81
person 0.02415859 882 -213 898 -161
person 0.024118202 471 173 502 204
person 0.02406454 711 -219 725 -199
person 0.024059406 849 -219 862 -197
person 0.024017865 -13 345 28 447
person 0.023905275 713 589 728 646
person 0.023772415 -4 133 9 157
person 0.02369034 191 466 214 484
person 0.023673683 0 341 5 375
person 0.023612829 597 42 612 60
person 0.023564674 982 -219 998 -203
person 0.023529768 768 153 787 175
person 0.023522455 741 382 796 483
person 0.02347033 963 483 988 504
person 0.023440141 705 94 716 107
person 0.02340555 279 -167 305 -83
person 0.02338285 574 83 587 94
person 0.023380786 709 153 728 174
person 0.023310628 439 169 469 199
person 0.023300799 201 591 209 608
person 0.023294268 410 163 456 217
person 0.02329413 951 310 1007 408
person 0.023255719 210 490 233 506
person 0.023239912 657 47 667 58
person 0.023200879 798 712 829 799
person 0.023199517 943 186 961 206
person 0.023075424 755 689 777 751
person 0.023068704 558 689 580 752
person 0.023035124 627 342 688 422
person 0.023026759 -8 554 26 684
person 0.023021854 843 206 860 226
person 0.023018239 985 97 1001 117
person 0.023013366 0 216 8 261
person 0.02298704 868 -219 882 -198
person 0.022943653 181 603 194 631
person 0.022921003 849 82 865 99
person 0.022873465 240 564 253 577
person 0.022834662 710 -219 723 -211
person 0.022730967 559 34 574 53
person 0.02272899 188 502 220 524
person 0.02267303 128 -86 166 34
person 0.022667779 218 326 291 396
person 0.02260771 470 136 488 156
person 0.022603082 1005 244 1027 301
person 0.022581518 33 216 49 237
person 0.022575544 168 -210 195 -133
person 0.022548856 18 344 32 371
person 0.022548106 914 64 936 94
person 0.022494024 777 80 787 91
person 0.022453902 887 -219 899 -211
person 0.022443121 57 -102 76 -41
person 0.02240095 562 28 569 40
person 0.022374807 -4 210 9 233
person 0.022325609 805 -16 819 18
person 0.022315672 0 207 6 235
person 0.022249088 972 296 998 352
person 0.022213416 245 33 266 63
person 0.022157094 846 115 864 135
person 0.022100873 597 689 619 752
person 0.022006733 117 155 135 180
person 0.021999411 161 386 267 535
person 0.021970924 690 -219 704 -200
person 0.021952672 519 689 541 752
person 0.021948598 952 690 970 739
person 0.021921948 967 84 981 102
person 0.021884967 85 462 100 485
person 0.021871014 228 117 239 138
person 0.021850225 34 374 49 398
person 0.021849465 571 164 616 218
person 0.021789057 104 539 120 566
person 0.021729505 440 690 462 752
person 0.021680634 899 197 918 218
person 0.021515137 965 -219 980 -203
person 0.021511102 529 135 546 156
person 0.021507636 713 63 724 74
person 0.021490712 340 19 349 32
person 0.021485804 794 690 817 751
person 0.021447701 843 196 861 217
person 0.021433495 429 154 447 173
person 0.021423187 283 173 320 216
person 0.021367662 744 152 762 174
person 0.021337932 221 100 238 119
person 0.021225408 950 -172 962 -129
person 0.021188606 181 459 223 503
person 0.02118848 887 -219 901 -199
person 0.0210987 401 690 423 752
person 0.021098565 397 79 414 97
person 0.02108747 965 -219 978 -212
person 0.021078445 1014 56 1027 79
person 0.02102378 931 602 940 627
person 0.021016542 156 -126 182 -34
person 0.020960625 958 71 979 101
person 0.02094278 479 690 501 752
person 0.020908607 924 194 944 214
person 0.02088133 827 115 844 135
person 0.020810857 91 182 128 225
person 0.020810833 40 187 56 208
person 0.02079167 276 148 296 169
person 0.02078182 558 595 571 651
person 0.020774644 867 82 882 99
person 0.020739786 257 118 276 140
person 0.020738693 976 148 986 169
person 0.02071298 788 78 800 89
person 0.020705532 538 65 549 76
person 0.020699281 435 73 465 113
person 0.020671332 807 113 824 134
person 0.020639414 163 602 173 629
person 0.020616034 1014 776 1020 819
person 0.020575108 52 356 140 517
person 0.020571515 830 734 851 801
person 0.020543614 634 -203 662 -124
person 0.020534674 459 459 476 485
person 0.020457247 95 704 124 799
person 0.020411968 599 45 610 57
person 0.020385796 361 690 383 752
person 0.020360162 870 734 891 801
person 0.020340761 87 -120 114 -33
person 0.020259319 137 310 151 318
person 0.020255221 227 216 330 345
person 0.020254344 201 34 222 66
person 0.020248197 274 119 294 139
person 0.020246658 834 690 856 751
person 0.02023367 441 62 456 80
person 0.020180138 484 86 517 126
person 0.02017064 671 -219 685 -201
person 0.020149836 561 94 573 108
person 0.020144133 750 212 780 245
person 0.020139504 254 502 276 522
person 0.020113435 529 35 539 48
person 0.020090114 863 169 883 193
person 0.020051062 791 734 812 801
person 0.02004976 40 459 56 488
person 0.020038363 956 502 987 521
person 0.02000966 941 -87 981 24
person 0.01998065 676 690 698 752
person 0.019968143 102 500 112 521
person 0.019907746 675 591 687 650
person 0.019880487 -8 -147 22 -20
person 0.0198799 485 38 501 56
person 0.019808972 211 506 237 526
person 0.01974064 35 441 49 469
person 0.019733645 556 100 596 159
person 0.019707572 620 281 689 354
person 0.019699356 100 -202 128 -125
person 0.019645432 690 -219 703 -212
person 0.019625606 45 136 70 164
person 0.019624386 63 482 80 510
person 0.019609166 490 135 509 154
person 0.019598307 765 -14 779 18
person 0.019596163 275 212 313 257
person 0.019525798 715 689 737 751
person 0.019461123 145 305 253 440
person 0.01940957 199 203 235 248
person 0.019396506 489 97 531 155
person 0.019310512 418 260 489 330
person 0.019308306 762 548 781 574
person 0.01929658 624 26 638 44
person 0.01925396 428 -199 456 -123
person 0.019238869 476 66 507 108
person 0.019218884 161 243 200 288
person 0.019183924 752 733 773 802
person 0.019144613 1017 97 1024 110
person 0.019074654 509 136 527 157
person 0.019072833 0 658 12 735
person 0.019034991 -4 110 8 133
person 0.019019006 1018 245 1024 276
person 0.01901076 980 149 989 170
person 0.018989582 145 -92 201 57
person 0.018969592 521 41 536 58
person 0.01895636 906 -219 921 -200
person 0.018925995 929 593 936 609
person 0.018885182 346 -201 374 -125
person 0.01888008 35 181 61 209
person 0.018874843 449 34 471 63
person 0.018868063 183 593 191 608
person 0.018819338 946 171 956 196
person 0.01879168 1014 20 1023 67
person 0.018769197 190 309 213 330
person 0.018748395 589 -166 615 -82
person 0.018742962 1001 521 1011 592
person 0.01873788 733 602 742 628
person 0.018708754 -3 133 15 165
person 0.018699039 913 693 932 742
person 0.018696927 994 2 1021 81
person 0.018666191 828 137 865 179
person 0.018645646 827 190 846 211
person 0.018635653 339 -171 367 -88
person 0.018573586 634 100 646 113
person 0.018558322 34 -92 58 -1
person 0.01850262 895 111 907 129
person 0.018494034 433 -169 461 -86
person 0.018475777 1018 487 1024 514
person 0.018448945 906 -219 919 -212
person 0.018426707 832 -214 855 -163
person 0.018341715 0 695 12 775
person 0.018331865 322 691 344 752
person 0.018315028 712 733 733 802
person 0.01827448 173 136 192 157
person 0.018271625 258 -204 286 -128
person 0.01823973 1014 -144 1023 -87
person 0.018189168 279 733 300 802
person 0.018173827 521 31 544 61
person 0.018161418 963 704 993 793
person 0.018160766 240 733 261 802
person 0.018140571 555 67 567 78
person 0.018085422 580 42 594 59
person 0.018075619 0 97 9 140
person 0.018073805 201 733 222 802
person 0.018072808 161 733 182 802
person 0.01801573 593 116 604 128
person 0.017996127 319 733 340 802
person 0.017984947 948 655 967 697
person 0.017921668 514 172 544 202
person 0.017914485 261 602 271 628
person 0.017906148 562 -203 590 -125
person 0.017877776 898 506 914 530
person 0.017875783 752 602 761 629
person 0.017857058 136 226 241 355
person 0.017856305 637 690 659 752
person 0.017776161 832 62 856 91
person 0.017744824 0 -192 5 -152
person 0.017710764 1018 561 1023 593
person 0.017701467 358 733 379 802
person 0.017696105 136 503 158 525
person 0.01766009 199 499 242 546
person 0.017656377 0 -211 5 -174
person 0.017638076 1003 98 1028 147
person 0.017632095 673 733 694 802
person 0.017621832 -4 345 9 372
person 0.01757313 343 53 351 68
person 0.017466864 717 715 748 803
person 0.017463565 651 -219 666 -201
person 0.017447243 38 392 53 417
person 0.017422656 398 733 418 802
person 0.017386733 55 472 138 616
person 0.017372597 1018 208 1024 238
person 0.017370595 1018 505 1024 532
person 0.017337272 492 -198 520 -121
person 0.017307669 1017 227 1023 258
person 0.017303249 635 34 657 62
person 0.017277226 355 56 371 75
person 0.017261613 911 601 920 629
person 0.017257482 437 733 458 802
person 0.017253269 1018 263 1024 294
person 0.017253228 783 186 800 209
person 0.017251344 1018 542 1024 572
person 0.017247852 283 137 293 155
person 0.017236985 1017 751 1023 793
person 0.017234594 634 733 654 802
person 0.017230814 476 733 497 802
person 0.017226448 416 350 431 373
person 0.017222896 122 733 143 802
person 0.017213253 915 -66 943 10
person 0.017213164 170 58 193 87
person 0.017206946 516 733 536 802
person 0.017199457 0 166 7 194
person 0.017180646 866 208 886 229
person 0.017170472 -1 113 4 128
person 0.017141333 555 733 576 802
person 0.017135968 573 26 581 39
person 0.017130284 312 450 334 468
person 0.01712708 869 60 892 90
person 0.017125484 168 711 199 802
person 0.01708889 -10 640 19 772
person 0.017088633 1018 168 1023 198
person 0.01707716 594 733 615 802
person 0.017060312 261 573 273 588
person 0.017042043 922 31 936 65
person 0.017031519 339 392 355 412
person 0.01699595 610 34 632 64
person 0.016986735 133 326 162 342
person 0.016928677 772 600 781 629
person 0.016894976 244 716 276 802
person 0.01687793 970 267 1008 331
person 0.01684658 606 24 620 43
person 0.016830483 89 688 109 751
person 0.01681081 131 348 160 358
person 0.016794195 0 771 8 816
person 0.016789008 909 734 930 802
person 0.016744561 761 392 780 416
person 0.016736157 461 199 496 245
person 0.01673553 105 243 136 279
person 0.016726688 709 324 809 473
person 0.01672178 551 151 571 173
person 0.016703889 801 234 844 290
person 0.016682388 676 -214 690 -163
person 0.016678799 295 376 328 421
person 0.016645532 200 101 217 120
person 0.016636051 595 99 608 112
person 0.016629077 804 190 824 211
person 0.016616482 948 592 956 607
person 0.016610874 846 702 865 767
person 0.0166092 472 153 490 174
person 0.016607812 44 733 65 803
person 0.016597709 362 88 441 216
person 0.016537588 180 450 266 603
person 0.016505212 792 599 801 629
person 0.016492521 -3 218 15 253
person 0.01649233 670 -219 683 -212
person 0.016467558 132 96 210 224
person 0.016446942 1018 524 1024 553
person 0.01642267 115 558 131 585
person 0.016399909 282 691 305 752
person 0.016388422 317 -219 332 -200
person 0.016388398 1016 700 1024 773
person 0.016384402 337 -219 352 -200
person 0.016384164 873 691 895 751
person 0.016365087 357 -219 372 -200
person 0.01635838 219 -219 234 -200
person 0.016356682 199 -219 214 -200
person 0.016356222 298 -219 313 -200
person 0.016355257 239 -219 253 -200
person 0.016346835 148 210 183 230
person 0.01634675 623 348 713 523
person 0.016345356 258 -219 273 -200
person 0.016338747 559 26 573 41
person 0.01633638 376 -219 391 -200
person 0.016330626 180 -219 194 -200
person 0.016325142 278 -219 293 -200
person 0.016325012 594 588 612 653
person 0.016320549 396 -219 411 -200
person 0.01631214 416 -219 431 -200
person 0.016296698 886 702 905 768
person 0.016279867 40 432 54 459
person 0.016256364 741 385 759 409
person 0.016249532 813 154 825 176
person 0.016242223 777 354 841 437
person 0.016229993 633 586 652 651
person 0.016226543 436 -219 450 -200
person 0.016219953 994 -139 1032 -20
person 0.016213395 -2 251 13 276
person 0.016203716 234 101 251 120
person 0.016192758 412 70 442 112
person 0.016181352 541 29 549 40
person 0.016159566 58 -144 76 -79
person 0.016149584 767 173 786 196
person 0.0161442 455 -219 470 -200
person 0.016143624 160 -219 175 -200
person 0.016139336 520 63 531 74
person 0.016131464 1017 -89 1023 -52
person 0.01612762 453 42 470 61
person 0.016103502 638 715 669 805
person 0.016081719 353 384 369 404
person 0.016051915 948 734 969 802
person 0.01604254 519 -145 529 -102
person 0.016038483 883 191 903 211
person 0.016025493 199 335 221 355
person 0.016022056 593 131 630 171
person 0.01601999 570 23 584 41
person 0.015969068 0 -131 8 -56
person 0.015961353 926 -219 940 -201
person 0.01595961 475 -219 490 -200
person 0.015940687 237 212 252 221
person 0.015897036 145 599 154 629
person 0.015896304 712 -218 740 -142
person 0.01588122 356 499 376 525
person 0.015859006 953 241 986 290
person 0.015854117 1017 -70 1023 -32
person 0.015853938 64 -208 75 -164
person 0.015804775 928 79 943 98
person 0.01580218 107 231 135 251
person 0.015797086 793 60 808 78
person 0.015750749 39 253 70 305
person 0.015708847 55 32 75 65
person 0.015702339 538 26 552 41
person 0.015679391 549 644 567 692
person 0.01566368 123 287 160 332
person 0.015663598 495 -219 509 -200
person 0.015654843 208 422 275 496
person 0.015630035 140 -219 155 -200
person 0.01560396 885 414 948 518
person 0.015600561 632 -219 647 -201
person 0.015594156 224 566 236 580
person 0.015593826 656 49 685 93
person 0.015587751 715 206 744 240
person 0.015587152 1017 79 1024 92
person 0.015585007 644 -212 659 -162
person 0.015573915 230 447 258 468
person 0.015562886 -1 -167 12 -90
person 0.015544122 -4 169 10 193
person 0.015542859 133 -214 148 -165
person 0.015532305 492 154 511 175
person 0.015513411 20 403 32 432
person 0.015496648 53 -63 75 0
person 0.015468789 807 701 826 768
person 0.015440455 314 417 343 450
person 0.015424646 388 107 401 117
person 0.015414062 101 -209 113 -165
person 0.015398156 0 379 6 413
person 0.015361417 892 -204 900 -171
person 0.015353629 891 601 900 630
person 0.015352476 261 592 269 610
person 0.0153128095 44 477 59 506
person 0.015307467 335 702 351 726
person 0.015304636 964 703 983 771
person 0.015257165 689 468 769 608
person 0.015249287 315 702 332 726
person 0.01524489 401 717 432 806
person 0.015232233 195 151 215 173
person 0.015227348 514 -219 529 -200
person 0.01522348 559 716 590 806
person 0.015209969 674 46 684 57
person 0.015200159 73 494 90 517
person 0.015171635 83 733 104 803
person 0.015142236 197 305 312 437
person 0.015133977 1018 190 1023 221
person 0.015119917 789 123 843 204
person 0.015118548 354 702 371 726
person 0.015107063 204 294 222 313
person 0.015100316 176 463 201 483
person 0.015092271 195 344 218 366
person 0.015078661 981 294 992 350
person 0.015069038 791 -130 817 -84
person 0.01504508 0 -10 5 26
person 0.015022641 958 30 971 66
person 0.015009594 209 166 240 187
person 0.014995775 16 235 33 257
person 0.014976159 295 702 312 726
person 0.014958568 0 -173 5 -133
person 0.014950835 0 93 5 123
person 0.014937765 1018 467 1024 494
person 0.014904235 534 -219 549 -200
person 0.014894808 871 243 906 289
person 0.014870472 81 236 102 254
person 0.014863811 1007 -219 1026 -161
person 0.014862567 218 161 234 200
person 0.014847997 792 -211 815 -157
person 0.014846853 121 -219 135 -201
person 0.014845437 115 533 132 555
person 0.014836918 480 716 510 805
person 0.014763834 687 175 706 195
person 0.014757468 588 154 608 173
person 0.014743084 374 702 391 726
person 0.01473593 0 535 5 574
person 0.014735375 1014 248 1027 274
person 0.014672799 926 -219 938 -212
person 0.014667817 -3 -221 13 -154
person 0.014664468 957 262 1013 351
person 0.014615202 604 -212 618 -163
person 0.0145943 322 718 354 805
person 0.014580072 0 145 5 174
person 0.014566636 62 -219 77 -202
person 0.014559895 171 24 192 58
person 0.014534014 570 135 581 154
person 0.014514592 227 167 260 186
person 0.01451069 282 -145 293 -102
person 0.014491344 276 702 292 726
person 0.014480309 209 76 286 214
person 0.014474547 737 64 747 75
person 0.014456138 885 81 901 100
person 0.014451493 -1 240 19 299
person 0.014444464 530 152 550 173
person 0.014401024 780 507 797 529
person 0.014379552 707 102 761 185
person 0.0143697085 567 412 581 440
person 0.014360451 1013 172 1027 195
person 0.014359993 492 170 511 191
person 0.014299565 612 -219 627 -201
person 0.014297718 945 -219 958 -212
person 0.014269058 909 80 924 100
person 0.014255757 187 16 221 89
person 0.014250639 812 599 821 629
person 0.0142442435 322 -144 333 -102
person 0.014231225 553 -219 568 -201
person 0.014229782 237 232 249 242
person 0.014225099 0 -90 13 -16
person 0.01422435 394 702 410 726
person 0.014212695 101 -219 116 -201
person 0.014206497 236 488 259 502
person 0.014167949 723 -11 737 20
person 0.014164839 810 77 821 88
person 0.014143056 946 612 962 662
person 0.014129738 173 102 189 121
person 0.014124438 730 352 794 437
person 0.014109606 475 39 492 59
person 0.014105661 945 -219 960 -202
person 0.014094835 1017 -31 1023 7
person 0.014091496 1013 508 1029 528
person 0.014070705 609 28 617 40
person 0.0140679665 472 175 491 196
person 0.014067872 165 102 181 120
person 0.014062663 628 29 635 41
person 0.014039336 716 -205 724 -172
person 0.0140377 128 345 162 363
person 0.014030884 714 -217 728 -161
person 0.014028938 1 248 9 278
person 0.014017361 1013 267 1027 292
person 0.014015726 297 230 410 359
person 0.014013439 484 254 557 327
person 0.014006786 881 27 900 61
person 0.013980089 268 3 303 73
person 0.0139746275 714 603 723 628
person 0.013971599 129 368 162 377
person 0.013959143 651 -219 664 -212
person 0.013949151 361 207 391 239
person 0.01392675 851 450 942 612
person 0.013900281 1016 -187 1023 -151
person 0.013893211 949 79 963 98
person 0.0138808815 400 594 413 643
person 0.013844483 746 96 758 107
person 0.013829353 772 61 787 78
person 0.013811066 256 702 273 726
person 0.013803697 573 -219 588 -201
person 0.013798194 335 701 354 768
person 0.013771744 767 701 786 768
person 0.013769964 178 -83 194 -59
person 0.013741803 743 360 760 385
person 0.013732998 99 -148 118 -83
person 0.013716776 679 208 709 241
person 0.013689529 723 -60 734 -21
person 0.013679837 81 499 159 668
person 0.013676535 29 211 63 258
person 0.013674934 198 -83 214 -59
person 0.013662122 630 701 646 726
person 0.013653064 593 -219 608 -201
person 0.013639248 787 238 822 284
person 0.013630776 742 133 777 176
person 0.013628647 610 701 627 726
person 0.013626839 414 701 430 726
person 0.013600933 756 -58 780 -23
person 0.013596826 281 -81 324 45
person 0.013589217 510 645 528 693
person 0.013583542 877 234 920 292
person 0.013583517 84 453 99 474
person 0.013577608 832 599 841 630
person 0.013570955 33 29 63 105
person 0.013555766 295 701 314 768
person 0.013539101 231 363 263 395
person 0.013538013 97 216 118 237
person 0.013521797 0 320 5 352
person 0.0135182785 158 -83 174 -59
person 0.013513334 -3 -207 8 -179
person 0.013510168 318 19 334 36
person 0.013481308 0 283 5 313
person 0.0134751955 178 487 201 505
person 0.013468491 705 250 770 324
person 0.013448972 727 170 747 191
person 0.0134480735 1017 -53 1023 -13
person 0.013442969 917 -187 931 -128
person 0.013442432 831 83 842 94
person 0.013439971 788 369 807 397
person 0.013429353 415 56 431 75
person 0.0134288985 461 231 575 369
person 0.013428451 244 693 264 743
person 0.01341918 650 701 666 726
person 0.013413007 633 -166 659 -79
person 0.013412106 34 256 52 277
person 0.013403716 1013 490 1028 510
person 0.013403582 591 701 607 726
person 0.013376106 45 355 61 377
person 0.013372444 92 -96 110 -47
person 0.01333542 0 554 5 594
person 0.013320228 0 -34 5 3
person 0.013316424 233 530 256 548
person 0.013308889 757 -221 772 -160
person 0.013299036 509 153 528 174
person 0.01327874 190 455 212 472
person 0.013273395 559 -147 569 -101
person 0.013272027 741 106 774 149
person 0.013270272 218 -83 233 -58
person 0.013258863 1009 709 1024 784
person 0.013241581 933 112 946 124
person 0.013241032 374 701 393 768
person 0.01323633 0 -153 5 -113
person 0.0132356575 965 591 972 607
person 0.01318882 158 701 174 727
person 0.013185898 872 600 881 629
person 0.013176718 562 36 570 50
person 0.013172254 1008 678 1025 745
person 0.013160154 712 -136 733 -80
person 0.013153016 153 540 177 566
person 0.013147905 236 701 253 726
person 0.013139184 571 701 587 726
person 0.013133317 433 701 450 726
person 0.013129437 121 482 143 503
person 0.013126552 599 255 710 385
person 0.01312628 452 154 472 174
person 0.013106226 1017 581 1023 614
person 0.013102901 603 335 621 359
person 0.013101557 467 131 506 172
person 0.0130946655 669 173 689 193
person 0.013081375 1012 309 1022 377
person 0.013079314 515 591 533 656
person 0.013069912 129 58 153 89
person 0.013060914 455 24 471 41
person 0.013057578 160 168 180 211
person 0.013043642 746 -92 772 -47
person 0.013040248 127 576 137 609
person 0.013034806 842 -16 855 19
person 0.013001214 78 74 100 105
person 0.012998596 973 138 983 158
person 0.012980609 338 75 354 95
person 0.012970948 729 122 741 135
person 0.01296977 440 596 452 643
person 0.012969385 90 672 118 771
person 0.012946022 290 -71 319 18
person 0.012919505 1016 -108 1023 -72
person 0.012902527 0 593 5 634
person 0.012890667 124 310 136 319
person 0.012890253 102 -185 114 -133
person 0.01288192 551 701 568 726
person 0.012872113 178 701 194 727
person 0.012867358 949 -132 960 -87
person 0.012864154 669 701 686 726
person 0.0128558185 363 437 378 455
person 0.012853489 746 645 765 694
person 0.0128514925 1016 -148 1023 -111
person 0.012849563 254 154 275 172
person 0.012837707 1017 116 1024 129
person 0.012824793 867 353 884 378
person 0.012771983 753 594 768 647
person 0.012762918 1016 -168 1023 -131
person 0.012754 453 701 469 726
person 0.012740431 0 6 5 42
person 0.012738764 0 574 5 613
person 0.012733326 207 408 247 452
person 0.0127312755 1017 31 1024 59
person 0.012726152 -22 234 48 353
person 0.01272554 256 701 275 768
person 0.01272187 319 431 339 450
person 0.0127167795 734 92 748 104
person 0.0127038555 1018 287 1023 318
person 0.012699292 196 487 216 496
person 0.012682838 532 701 548 726
person 0.012673103 910 520 926 547
person 0.012666458 144 587 154 616
person 0.012666063 234 545 257 567
person 0.012665017 975 505 1038 681
person 0.012662475 138 701 154 727
person 0.012649909 238 -83 253 -58
person 0.012643227 353 136 363 155
person 0.0126412045 0 516 5 555
person 0.012636337 217 701 233 727
person 0.012624997 0 578 12 659
person 0.012612098 197 701 213 727
person 0.012595607 835 173 846 194
person 0.012579588 0 613 5 653
person 0.0125764245 473 701 489 726
person 0.01256247 881 104 913 147
person 0.012558153 0 633 5 673
person 0.01255214 316 96 332 113
person 0.012550427 830 94 841 104
person 0.012546144 876 135 953 270
person 0.012545157 512 701 528 726
person 0.012535336 728 701 747 768
person 0.012529378 965 568 977 579
person 0.012521132 411 171 430 190
person 0.012508045 492 701 509 726
person 0.012494181 699 96 710 107
person 0.012493129 413 701 432 768
person 0.012492683 859 676 926 817
person 0.012490471 582 45 591 57
person 0.012485912 -3 -186 8 -159
person 0.012452381 396 237 508 365
person 0.012435872 182 423 251 506
person 0.01243418 -1 276 8 349
person 0.012433734 138 521 157 543
person 0.012433313 131 325 169 371
person 0.012418328 945 -212 965 -156
person 0.012418234 837 337 947 470
person 0.01241379 374 36 396 64
person 0.01239145 632 -219 645 -212
person 0.012381084 -3 -5 9 21
person 0.012363861 1010 612 1025 656
person 0.012363361 378 141 479 275
person 0.012311177 864 198 883 219
person 0.012295352 0 -133 5 -93
person 0.012267011 886 352 904 377
person 0.012265573 117 544 126 571
person 0.012261859 48 123 56 137
person 0.012235563 36 233 54 254
person 0.012234819 81 -219 96 -202
person 0.012233667 138 294 150 302
person 0.012220065 228 403 259 433
person 0.012214575 689 701 705 726
person 0.012208547 816 13 849 80
person 0.012206304 139 -83 154 -58
person 0.012196861 60 353 77 373
person 0.012191967 226 118 240 130
person 0.012179133 181 219 194 228
person 0.012173691 736 -206 743 -171
person 0.012168547 183 604 191 625
person 0.012152584 1016 -128 1023 -91
person 0.01213516 259 95 276 113
person 0.012112276 117 328 132 340
person 0.012111061 57 700 75 770
person 0.012108448 0 241 9 295
person 0.01207466 775 582 783 616
person 0.012068905 453 701 471 768
person 0.012062283 258 -83 272 -58
person 0.012061469 950 604 959 626
person 0.012048454 1014 230 1027 255
person 0.012042484 707 645 725 693
person 0.0120412195 118 509 137 531
person 0.011985907 900 14 932 83
person 0.0119629465 909 612 922 660
person 0.011944283 577 256 647 328
person 0.011935788 84 691 128 817
person 0.011911576 1015 -109 1023 -44
person 0.0119040515 689 701 708 769
person 0.011896388 757 -180 775 -117
person 0.011896158 945 -177 965 -118
person 0.011895709 772 500 792 525
person 0.011888314 661 362 682 385
person 0.01188194 0 653 5 692
person 0.011881856 203 691 226 752
person 0.011880636 126 689 147 752
person 0.011872444 1017 -8 1023 26
person 0.011865655 477 30 500 59
person 0.011862776 793 584 802 617
person 0.011858707 192 364 216 387
person 0.0118577005 392 644 411 691
person 0.011856131 167 186 192 207
person 0.01184708 431 315 499 387
person 0.011846488 961 -50 974 12
person 0.011825863 492 701 511 768
person 0.011814078 97 84 180 224
person 0.011786592 562 -213 576 -165
person 0.011781501 889 134 901 154
person 0.01177361 693 602 705 630
person 0.011766754 947 190 957 201
person 0.011764275 277 95 295 113
person 0.011744744 597 -144 608 -100
person 0.011742923 873 -206 880 -171
person 0.011736904 0 -46 7 20
person 0.011734864 769 96 781 107
person 0.011726224 1007 640 1025 702
person 0.011724201 290 31 312 62
person 0.011720577 512 96 526 107
person 0.011709707 932 353 946 375
person 0.011707913 292 168 311 188
person 0.011697507 -3 383 9 410
person 0.011687209 412 290 515 433
person 0.011681652 638 103 694 184
person 0.011670378 589 644 607 692
person 0.0116701415 217 701 236 768
person 0.011664633 925 703 944 770
person 0.011628998 318 150 330 162
person 0.011619213 709 701 725 726
person 0.011610777 0 -114 5 -74
person 0.011609979 22 256 40 279
person 0.011590504 0 532 7 619
person 0.011576637 395 168 414 187
person 0.011569508 531 701 550 768
person 0.011569329 0 750 5 794
person 0.011566907 417 130 426 150
person 0.011561642 167 -215 181 -167
person 0.011546966 671 150 681 169
person 0.011545833 696 -206 705 -171
person 0.011541626 1013 528 1029 548
person 0.011534199 746 174 764 194
person 0.011533955 801 661 842 763
person 0.011512538 64 -181 75 -127
person 0.01150471 321 21 330 33
person 0.01149154 1018 734 1024 774
person 0.011475671 649 701 668 769
person 0.011461901 174 428 195 445
person 0.011453497 177 701 196 769
person 0.01145083 691 135 702 154
person 0.011445671 164 585 174 612
person 0.011439911 880 117 936 203
person 0.011429653 164 690 187 752
person 0.011429173 460 65 470 76
person 0.011427908 192 249 230 294
person 0.011415815 169 405 188 421
person 0.011393472 517 33 553 100
person 0.0113931075 571 701 589 769
person 0.011380106 133 21 154 56
person 0.011379183 97 530 108 542
person 0.011370931 311 466 333 486
person 0.011365598 -4 10 9 37
person 0.011364103 810 59 826 78
person 0.011338434 59 643 77 707
person 0.011334795 851 85 862 95
person 0.011319447 64 379 127 470
person 0.011316724 448 480 473 505
person 0.011315862 61 -219 75 -212
person 0.011315407 362 -143 373 -102
person 0.011313139 439 159 537 287
person 0.0113051385 214 491 230 501
person 0.0112954 695 38 709 56
person 0.011294265 610 701 629 769
person 0.011274055 111 2 159 109
person 0.011271269 148 -136 188 -16
person 0.011262802 910 657 930 700
person 0.011247736 489 294 590 444
person 0.011236876 12 71 63 158
person 0.011231432 102 497 113 510
person 0.011219247 671 101 685 112
person 0.011207668 796 -55 820 -19
person 0.011192941 138 408 152 419
person 0.011191911 612 -219 625 -212
person 0.011167274 479 -144 490 -102
person 0.0111593995 44 714 59 742
person 0.011159146 544 315 560 337
person 0.011158999 243 -145 253 -102
person 0.011158253 133 387 157 398
person 0.011149686 796 -178 816 -119
person 0.011145217 787 701 804 726
person 0.011142428 807 700 824 726
person 0.011139655 135 489 157 509
person 0.011137416 728 700 745 726
person 0.011130559 0 614 8 692
person 0.011128224 382 41 396 59
person 0.011126425 111 174 129 198
person 0.011116471 150 212 183 222
person 0.011115832 -4 -29 8 -3
person 0.011114837 147 672 216 822
person 0.01110781 807 369 828 400
person 0.011105154 242 52 275 96
person 0.0111008715 315 -64 332 -41
person 0.011080377 209 314 230 332
person 0.011067374 643 639 683 738
person 0.011063314 828 -47 857 26
person 0.011058777 39 413 53 440
person 0.011055966 303 151 409 282
person 0.01105486 750 67 761 78
person 0.011051264 748 700 764 726
person 0.011043278 768 700 784 726
person 0.011040012 313 169 333 189
person 0.011030365 -1 231 5 245
person 0.011026043 314 141 325 157
person 0.011021136 216 475 240 491
person 0.01102098 35 77 64 124
person 0.011018428 126 -187 138 -139
person 0.011016725 960 506 985 515
person 0.011013358 -3 282 16 347
person 0.011007865 1017 9 1023 40
person 0.010994412 466 454 480 478
person 0.01099042 398 600 410 629
person 0.010988025 56 499 75 530
person 0.01097983 523 43 533 55
person 0.010957944 330 453 349 471
person 0.010937214 829 245 865 292
person 0.01093446 755 -206 763 -171
person 0.010929454 912 -204 920 -171
person 0.010922935 198 53 233 97
person 0.010921169 141 -41 160 2
person 0.010914037 321 206 359 252
person 0.010909271 758 13 779 45
person 0.010905363 1017 137 1024 149
person 0.010905325 910 -206 940 -134
person 0.010902785 357 426 383 456
person 0.010902678 431 644 450 692
person 0.010889753 337 -219 350 -212
person 0.010889573 317 -219 330 -212
person 0.010879675 0 -94 5 -55
person 0.010876396 777 672 845 818
person 0.010874267 356 -219 370 -212
person 0.01086913 297 -219 310 -212
person 0.010864163 164 590 172 606
person 0.01085735 219 -219 232 -212
person 0.01085735 827 700 843 726
person 0.010857003 199 -219 212 -212
person 0.010855691 238 -219 251 -212
person 0.010854175 376 -219 389 -212
person 0.010851027 258 -219 271 -212
person 0.010849017 298 344 369 416
person 0.010848602 179 -219 192 -212
person 0.010847717 396 -219 409 -212
person 0.010845241 415 -219 429 -212
person 0.010844974 278 -219 291 -212
person 0.010842274 556 28 578 57
person 0.010811379 435 -219 448 -212
person 0.010809726 0 672 5 712
person 0.010809691 966 487 984 498
person 0.010809634 941 241 1026 389
person 0.01079604 1017 473 1024 486
person 0.010780265 277 -82 292 -57
person 0.010769134 455 -219 468 -212
person 0.010750253 476 92 538 175
person 0.010747338 160 -219 173 -212
person 0.010734793 666 327 687 354
person 0.010731092 120 111 153 154
person 0.01070011 928 624 941 653
person 0.010690867 813 94 824 105
person 0.010682288 -4 286 9 310
person 0.01067594 770 362 788 389
person 0.0106756175 0 692 5 731
person 0.010672144 118 701 134 727
person 0.0106610125 649 172 668 191
person 0.010656471 474 -219 488 -212
person 0.010654857 408 32 430 61
person 0.010653772 328 646 373 740
person 0.010650983 951 699 998 810
person 0.0106499875 644 363 676 386
person 0.010643168 761 555 777 582
person 0.010640909 633 205 671 251
person 0.01063124 475 683 489 709
person 0.010625238 909 592 916 608
person 0.010622822 186 335 226 381
person 0.010616234 479 593 492 645
person 0.010606661 714 35 729 54
person 0.010601293 494 683 508 709
person 0.010599913 173 407 184 417
person 0.010598778 1017 157 1023 170
person 0.010594678 436 589 455 652
person 0.010592115 504 -181 545 -68
person 0.010585101 493 112 506 123
person 0.010583438 269 -176 309 -60
person 0.010580652 455 683 469 709
person 0.010579704 280 601 292 630
person 0.010579229 867 663 881 688
person 0.010560693 514 683 528 709
person 0.010559622 691 683 705 709
person 0.01055164 534 683 547 709
person 0.010551459 0 -74 5 -35
person 0.01055027 73 541 91 570
person 0.010548105 222 670 293 819
person 0.010533468 159 567 174 584
person 0.010530825 279 315 392 446
person 0.010524751 722 20 744 50
person 0.010523663 950 497 987 583
person 0.010514019 78 507 88 520
person 0.010512164 785 549 804 576
person 0.010502393 175 4 226 109
person 0.010501179 328 467 347 487
person 0.010500654 553 683 567 709
person 0.0104826 430 393 446 418
person 0.010479875 494 -219 507 -212
person 0.010477364 -4 96 9 120
person 0.01047504 140 -219 153 -212
person 0.010464779 708 173 727 193
person 0.010463412 675 -204 686 -171
person 0.010462745 1017 715 1024 752
person 0.010451397 435 683 449 709
person 0.010428279 269 245 306 291
person 0.010411826 1017 550 1024 562
person 0.010399443 215 215 227 224
person 0.010396611 324 115 334 133
person 0.010393522 100 595 114 655
person 0.010387264 632 416 642 430
person 0.010385967 85 134 120 176
person 0.010382238 1017 569 1023 583
person 0.010378642 382 24 396 42
person 0.010371219 592 -219 606 -212
person 0.010358689 671 683 685 709
person 0.010356299 21 756 35 786
person 0.010355898 573 683 587 709
person 0.010339925 792 98 804 109
person 0.010337691 567 640 605 740
person 0.010330015 628 173 648 191
person 0.010327499 83 523 98 537
person 0.010316403 248 456 268 473
person 0.01031158 353 116 364 134
person 0.010296452 514 -219 527 -212
person 0.010286675 1017 59 1023 74
person 0.010284466 240 365 261 385
person 0.010281656 232 404 256 423
person 0.01027858 655 -204 667 -172
person 0.010275549 295 98 313 116
person 0.010273803 379 600 390 630
person 0.010272761 732 149 741 169
person 0.01026728 772 605 779 621
person 0.010266935 963 195 982 216
person 0.010257075 533 -219 547 -212
person 0.010256799 505 23 559 118
person 0.01024987 1013 291 1027 315
person 0.010243998 471 645 489 694
person 0.010242916 989 78 1004 97
person 0.010237009 0 398 5 434
person 0.010235164 -13 149 58 286
person 0.010234377 415 683 430 709
person 0.010226517 0 262 5 291
person 0.010222478 925 372 942 397
person 0.0102220625 409 646 451 741
person 0.010214834 174 444 198 463
person 0.010214521 351 45 367 62
person 0.010209272 208 359 247 405
person 0.0102052735 180 683 193 709
person 0.01019356 141 323 183 369
person 0.0101840915 43 695 57 724
person 0.010177106 570 173 589 193
person 0.010175209 775 -206 783 -171
person 0.010174738 1017 493 1024 505
person 0.0101740165 849 95 860 105
person 0.010159823 160 683 174 709
person 0.01015871 931 105 980 195
person 0.0101579195 723 480 743 505
person 0.0101515725 163 -14 236 137
person 0.010149743 573 -219 586 -212
person 0.010145442 281 433 300 451
person 0.010144781 825 210 844 229
person 0.01013728 730 40 766 105
person 0.010127635 546 498 561 525
person 0.010125894 -3 698 8 724
person 0.010119005 593 683 607 709
person 0.010118025 354 47 365 60
person 0.010115934 233 126 243 147
person 0.010103259 553 -219 566 -212
person 0.0100964615 847 700 863 726
person 0.010096428 275 384 385 525
person 0.010085963 652 683 666 709
person 0.0100760935 636 -145 647 -100
person 0.010071386 295 -64 312 -41
person 0.010070269 336 -64 352 -40
person 0.010068938 1014 211 1027 236
person 0.010056408 355 -64 371 -40
person 0.010051273 720 640 763 738
person 0.010043461 681 26 704 56
person 0.010034476 992 -206 1034 -107
person 0.010033296 887 662 901 689
person 0.010032785 853 -206 861 -171
person 0.010028523 529 173 548 194
person 0.010027809 857 360 926 444
person 0.010024042 890 591 898 606
person 0.010008202 139 701 157 769
person 0.01000118 120 -219 133 -212
