person 0.7926152 840 166 865 200
person 0.7724484 705 147 731 178
person 0.77153283 790 211 826 257
person 0.76035064 671 186 700 221
person 0.7527367 606 138 632 169
person 0.7281508 498 94 514 117
person 0.7277205 874 136 896 166
person 0.7184123 799 145 824 174
person 0.7168317 754 178 783 212
person 0.68419653 618 79 635 99
person 0.6762832 913 169 936 203
person 0.64537257 786 108 804 130
person 0.64098567 352 107 369 128
person 0.63568467 710 88 728 110
person 0.6313375 543 102 562 125
person 0.6283062 454 97 470 118
person 0.62583274 433 119 450 140
person 0.6236406 898 212 932 257
person 0.62346685 398 115 415 137
person 0.6218534 555 139 580 167
person 0.6125512 816 128 835 152
person 0.6103444 748 121 772 148
person 0.59299845 806 68 820 86
person 0.5925706 929 148 945 174
person 0.5896704 733 93 751 116
person 0.57800454 880 68 893 86
person 0.5743913 531 175 560 207
person 0.5740277 853 68 866 84
person 0.56781214 916 75 929 93
person 0.5663868 570 54 584 71
person 0.5653448 842 75 856 92
person 0.56363577 471 95 487 116
person 0.55296993 382 106 399 126
person 0.5337471 663 88 681 108
person 0.52843803 406 95 422 113
person 0.52171576 944 84 957 103
person 0.51519656 485 167 512 196
person 0.51440275 510 66 524 84
person 0.5099078 651 73 667 92
person 0.50532186 451 79 466 97
person 0.49740458 586 69 602 90
person 0.49094993 273 143 291 167
person 0.43413913 662 111 681 134
person 0.431962 565 99 582 120
person 0.40325454 378 144 396 167
person 0.4017436 568 96 585 117
person 0.39520743 533 65 547 84
person 0.3462155 525 131 550 159
person 0.33007917 425 109 441 129
person 0.31789103 471 80 485 97
person 0.29579094 154 262 192 309
person 0.27623168 609 133 632 155
person 0.27103257 918 76 927 89
person 0.25083977 573 111 594 133
person 0.24252522 634 75 652 94
person 0.24063742 554 102 575 125
person 0.24050273 430 122 453 149
person 0.23773493 697 92 722 119
person 0.23496827 413 96 423 112
person 0.2317901 142 253 203 322
person 0.23122327 527 60 541 78
person 0.22911051 748 164 789 217
person 0.22608873 882 69 891 82
person 0.22379597 565 71 581 90
person 0.2226054 612 92 631 114
person 0.22077367 855 69 864 81
person 0.2202342 533 62 544 78
person 0.21413875 606 94 634 122
person 0.20991652 891 178 919 211
person 0.1984231 590 62 604 79
person 0.19098105 946 85 954 97
person 0.18325575 572 56 582 67
person 0.17883466 453 81 463 92
person 0.17808653 276 140 293 160
person 0.17460516 913 238 954 294
person 0.15997055 569 57 579 69
person 0.15859808 963 133 977 156
person 0.15782695 947 483 1000 588
person 0.15535624 852 249 887 293
person 0.15373336 449 79 459 94
person 0.15311652 506 74 522 92
person 0.15292507 447 74 469 100
person 0.15096006 69 228 111 287
person 0.15048173 733 102 752 125
person 0.14996608 513 69 522 80
person 0.14806339 473 81 483 93
person 0.14733091 348 110 364 129
person 0.14637259 841 146 870 178
person 0.14314213 -1 279 30 351
person 0.13978766 444 98 462 117
person 0.13759129 842 69 864 96
person 0.13682601 938 83 959 111
person 0.13331486 921 152 939 178
person 0.13253184 663 178 706 230
person 0.1323773 810 71 819 82
person 0.13190953 613 106 634 124
person 0.12833668 860 87 877 106
person 0.12773122 871 85 886 103
person 0.1275492 803 63 824 91
person 0.12395953 797 175 828 208
person 0.12369875 396 126 415 148
person 0.12070527 915 88 932 108
person 0.11997301 623 52 638 69
person 0.119636595 527 62 550 89
person 0.11948327 453 105 471 126
person 0.11735696 593 97 612 118
person 0.11694001 951 86 965 105
person 0.11672972 631 60 649 76
person 0.116082065 535 68 544 80
person 0.115796655 818 87 837 106
person 0.114036925 644 125 674 154
person 0.113245316 574 62 597 91
person 0.112381496 529 62 538 74
person 0.112284765 794 132 815 155
person 0.11195721 607 169 637 200
person 0.111848705 698 106 718 127
person 0.11085628 516 91 534 112
person 0.10867425 597 105 616 124
person 0.108181104 922 142 952 184
person 0.10784161 356 130 375 150
person 0.10782677 552 167 583 199
person 0.10683068 633 94 652 114
person 0.10647303 673 198 703 231
person 0.10613626 489 138 517 169
person 0.1044523 408 96 419 108
person 0.103356026 672 76 690 94
person 0.10318946 0 350 7 423
person 0.10314924 902 89 917 106
person 0.102808796 881 64 892 78
person 0.10185044 1025 605 1034 668
person 0.1000915 904 72 915 88
person 0.099335045 251 278 279 310
person 0.09912144 374 136 393 157
person 0.09787552 712 110 732 132
person 0.09750866 311 151 339 178
person 0.09639057 58 209 117 280
person 0.09635724 653 61 669 77
person 0.09471363 877 65 897 93
person 0.09365191 592 64 602 75
person 0.09338611 791 96 810 116
person 0.09331664 498 70 520 97
person 0.092726566 780 202 834 268
person 0.09112752 496 112 515 134
person 0.09041668 776 104 809 146
person 0.09028028 912 74 932 102
person 0.08926484 654 75 665 86
person 0.08918487 2 279 16 345
person 0.089060925 343 107 367 133
person 0.08824906 131 235 216 363
person 0.08814925 572 136 593 156
person 0.08808737 932 150 942 170
person 0.08752646 508 60 521 77
person 0.08726817 833 134 853 157
person 0.08672222 775 530 790 555
person 0.08623638 42 493 90 598
person 0.08587092 851 132 870 155
person 0.08575588 795 238 840 298
person 0.0856081 780 98 799 119
person 0.08544979 702 150 723 173
person 0.084305175 142 307 207 383
person 0.08334553 814 117 832 138
person 0.083138935 620 286 665 344
person 0.08310882 631 210 663 243
person 0.082472466 509 111 528 133
person 0.082449436 1028 90 1034 115
person 0.08234106 276 145 287 164
person 0.08227851 600 138 622 159
person 0.08203055 1028 108 1034 135
person 0.081337005 655 102 687 143
person 0.0812533 0 316 8 395
person 0.08013648 671 90 682 108
person 0.07998868 849 155 869 179
person 0.07855956 604 144 624 166
person 0.0783177 385 108 396 120
person 0.07827209 915 181 933 205
person 0.0777304 68 212 109 258
person 0.077127576 774 133 795 155
person 0.07696897 726 73 750 102
person 0.07674666 918 251 949 288
person 0.075731546 543 21 551 33
person 0.074971154 435 124 447 141
person 0.07449296 805 63 819 79
person 0.074450396 525 40 533 53
person 0.07394094 355 103 371 119
person 0.07392416 590 68 604 84
person 0.07383312 718 243 763 302
person 0.07371957 834 90 851 108
person 0.07356043 472 109 490 129
person 0.0733124 677 72 700 99
person 0.07300504 1024 216 1034 262
person 0.072826006 960 117 975 137
person 0.07239449 637 168 669 200
person 0.07226082 709 167 739 197
person 0.0713362 812 352 855 411
person 0.071042344 523 39 537 56
person 0.071008466 708 122 747 184
person 0.070711166 939 354 996 442
person 0.070099205 266 135 298 177
person 0.06994916 779 73 797 90
person 0.06987723 1028 70 1034 96
person 0.06912918 595 203 628 235
person 0.068904914 752 204 791 247
person 0.067922994 508 186 527 207
person 0.06697965 724 87 758 127
person 0.06688075 844 209 875 243
person 0.06680107 417 129 437 151
person 0.06661249 325 166 352 194
person 0.066603154 716 -82 763 46
person 0.06651386 888 201 941 271
person 0.06622742 850 101 875 128
person 0.066102244 897 152 916 177
person 0.065927796 20 388 40 453
person 0.06565175 714 130 735 152
person 0.06534798 539 34 550 48
person 0.06517561 851 64 865 79
person 0.06515946 129 288 218 425
person 0.065067306 936 163 955 188
person 0.06500525 453 130 472 150
person 0.064607956 531 149 554 171
person 0.064520374 839 157 858 180
person 0.0644009 474 90 485 110
person 0.064366125 545 100 557 119
person 0.06418751 1028 128 1034 154
person 0.063709065 225 347 262 390
person 0.0634527 537 94 567 135
person 0.0634468 385 102 397 118
person 0.06320487 754 96 772 116
person 0.06310563 36 314 53 338
person 0.062934875 763 239 802 282
person 0.06291939 787 109 797 128
person 0.06290988 391 107 423 147
person 0.062691644 947 82 961 99
person 0.06266198 960 144 976 168
person 0.062580176 263 138 287 165
person 0.06250268 797 122 836 185
person 0.06182643 956 166 982 198
person 0.061280083 259 276 326 343
person 0.061166182 634 108 655 127
person 0.061019532 953 89 964 101
person 0.06071503 597 121 638 180
person 0.060509548 17 299 71 389
person 0.06043056 370 136 404 177
person 0.060270373 736 79 755 97
person 0.0600534 625 54 636 65
person 0.059831034 381 146 392 164
person 0.059653934 771 66 793 94
person 0.05951484 797 -83 844 44
person 0.059158146 457 92 468 111
person 0.05882098 714 78 732 97
person 0.05879174 756 173 781 195
person 0.05842313 635 -86 683 43
person 0.058233853 0 289 24 335
person 0.05741144 281 289 318 335
person 0.057347193 851 352 910 432
person 0.05711131 936 111 952 131
person 0.056729842 736 151 758 174
person 0.056679472 881 107 906 136
person 0.05654328 1023 177 1034 218
person 0.056466717 235 359 254 384
person 0.056244113 754 151 775 172
person 0.056075618 625 345 684 419
person 0.05600789 670 131 690 152
person 0.055794463 893 172 911 198
person 0.055668022 1028 50 1034 77
person 0.055603497 303 423 336 468
person 0.055574518 659 127 680 149
person 0.055492714 636 74 650 87
person 0.055402584 917 112 934 134
person 0.055351473 774 154 794 177
person 0.05525049 1024 110 1037 133
person 0.05518591 50 157 90 219
person 0.055171862 840 401 896 492
person 0.05516058 557 207 587 239
person 0.05498618 -4 -225 9 -201
person 0.0549518 292 153 311 174
person 0.054864056 672 60 689 76
person 0.054838967 427 111 438 123
person 0.054714337 397 149 416 169
person 0.05409518 37 439 51 466
person 0.05360806 1023 -223 1033 -176
person 0.053268854 572 147 593 168
person 0.05324744 1022 135 1034 172
person 0.053214144 1025 645 1034 700
person 0.053056743 76 168 104 197
person 0.05276465 1018 219 1037 255
person 0.052730046 976 149 993 173
person 0.052086264 339 131 357 151
person 0.05204279 1024 91 1037 114
person 0.052029658 634 62 647 72
person 0.051863994 203 130 218 147
person 0.051786058 757 70 774 86
person 0.051711705 302 413 322 436
person 0.051559426 72 206 106 242
person 0.051216915 933 188 952 212
person 0.05106262 1024 129 1037 153
person 0.050897177 191 91 208 111
person 0.050766982 7 284 85 419
person 0.050156303 344 99 377 140
person 0.050026458 425 109 456 149
person 0.049823288 387 179 415 210
person 0.049780823 552 167 575 189
person 0.04940698 314 157 331 177
person 0.049257137 940 392 1020 555
person 0.048787083 510 63 519 74
person 0.04831482 0 -228 6 -200
person 0.0482682 351 208 398 262
person 0.048262842 665 112 676 131
person 0.04756497 38 481 53 508
person 0.0475098 524 166 571 219
person 0.047105234 239 402 258 425
person 0.047063395 -4 -224 8 -218
person 0.04681485 299 423 322 449
person 0.046726935 950 207 979 241
person 0.046571966 -3 -215 19 -126
person 0.04645673 723 206 755 238
person 0.04640239 416 282 479 351
person 0.04603072 655 63 667 73
person 0.045903515 182 90 205 120
person 0.045881122 697 78 714 96
person 0.045738157 722 247 755 280
person 0.045713 355 110 367 121
person 0.045601103 473 130 493 149
person 0.04556284 1028 146 1034 174
person 0.045548357 1 244 14 308
person 0.045393866 1028 31 1034 58
person 0.045152724 741 330 785 389
person 0.045101367 1013 -204 1039 -131
person 0.045054503 421 80 439 97
person 0.044939157 820 130 831 149
person 0.044710014 738 127 759 149
person 0.04465135 616 21 624 33
person 0.044504747 490 33 504 51
person 0.04445654 932 136 949 159
person 0.044330817 853 66 863 76
person 0.043990407 523 144 542 166
person 0.043852754 485 600 496 646
person 0.04334867 634 153 656 174
person 0.043185923 882 -81 927 44
person 0.043148935 666 90 678 102
person 0.04298685 1024 564 1032 638
person 0.042816646 122 355 181 437
person 0.042765338 956 424 1013 528
person 0.04276031 812 62 827 78
person 0.04275538 949 84 959 95
person 0.042598788 1017 180 1036 212
person 0.04228105 50 208 130 336
person 0.04226047 465 -87 511 48
person 0.042117827 877 114 895 135
person 0.042098995 926 332 1010 467
person 0.042067353 311 429 330 451
person 0.04204766 565 21 572 33
person 0.04194307 1022 101 1034 137
person 0.04191833 1024 239 1034 294
person 0.0418964 578 283 642 352
person 0.04161422 522 202 553 236
person 0.041593004 1024 72 1037 95
person 0.041490357 618 32 635 49
person 0.041319605 281 318 311 354
person 0.041289933 494 126 514 147
person 0.041285463 422 -90 468 43
person 0.04117181 1000 195 1036 259
person 0.04112459 294 392 314 413
person 0.041078277 0 487 7 593
person 0.041061804 769 173 792 195
person 0.041048925 498 187 521 211
person 0.04086058 221 221 248 250
person 0.040831406 802 693 825 754
person 0.040787686 633 135 655 154
person 0.040647056 -14 259 57 377
person 0.04054478 842 59 857 75
person 0.040539738 274 166 302 194
person 0.040506262 763 693 785 754
person 0.040369764 489 86 522 127
person 0.040367644 830 374 904 515
person 0.04033633 956 233 995 296
person 0.04032712 813 172 834 195
person 0.04023884 611 67 641 108
person 0.040209908 696 134 715 155
person 0.040050954 832 117 850 136
person 0.040022153 1024 148 1037 173
person 0.03974975 918 131 935 155
person 0.039697293 408 363 416 375
person 0.03961416 -7 554 27 688
person 0.039574534 567 -86 615 44
person 0.039418012 583 37 598 54
person 0.039293323 176 77 217 137
person 0.03917007 989 106 1002 127
person 0.039158642 253 171 279 199
person 0.03909664 316 133 335 153
person 0.03899045 493 35 502 47
person 0.038848184 723 693 745 755
person 0.03867871 285 420 303 446
person 0.038473953 309 441 336 467
person 0.038292937 631 242 671 287
person 0.0382332 199 130 223 158
person 0.03818209 483 57 499 74
person 0.038080998 366 170 397 201
person 0.03805811 -3 -145 16 -42
person 0.03790559 238 430 260 456
person 0.03786457 475 36 492 54
person 0.037786823 541 19 554 35
person 0.037739225 805 278 842 325
person 0.03762892 706 93 718 111
person 0.037605565 976 112 992 133
person 0.037602086 371 545 389 571
person 0.037591916 1022 -225 1034 -217
person 0.037573118 -1 323 16 389
person 0.037550084 155 320 202 367
person 0.03752348 233 49 256 77
person 0.037401397 673 152 694 173
person 0.037376128 906 385 961 478
person 0.037225045 954 676 982 761
person 0.03720654 120 253 158 298
person 0.036882304 107 293 142 340
person 0.03661775 554 192 577 212
person 0.03653586 159 159 205 215
person 0.036420014 1022 -226 1036 -203
person 0.03640536 1024 211 1038 237
person 0.03638183 45 498 60 526
person 0.03632689 36 322 53 346
person 0.03623189 409 62 432 89
person 0.036221597 947 250 975 284
person 0.035816047 840 182 862 207
person 0.03581231 695 171 716 193
person 0.03566858 613 19 627 35
person 0.03557254 1024 189 1037 215
person 0.035570305 363 174 381 195
person 0.03549811 246 112 261 129
person 0.035430245 350 113 361 124
person 0.03540941 522 19 531 32
person 0.03540398 320 117 338 134
person 0.035347153 958 -210 971 -171
person 0.035313267 619 415 628 432
person 0.035311773 1025 681 1034 741
person 0.03518488 1024 -188 1033 -133
person 0.035133474 642 63 674 105
person 0.03508762 0 -229 8 -179
person 0.034949213 446 170 475 198
person 0.034706578 844 62 855 73
person 0.034534715 873 89 884 100
person 0.034450535 904 90 915 102
person 0.034412395 374 168 395 188
person 0.03436489 237 391 256 415
person 0.034172095 524 596 536 646
person 0.03407799 561 407 571 434
person 0.033980213 620 75 632 93
person 0.03397253 308 436 341 484
person 0.033897784 853 109 871 130
person 0.033690978 784 341 819 392
person 0.033610336 346 100 362 115
person 0.03349868 36 431 51 459
person 0.03330005 291 98 316 125
person 0.033231203 807 66 816 76
person 0.03317548 319 226 389 297
person 0.033133272 191 0 212 32
person 0.033115104 892 134 910 157
person 0.03308543 69 401 84 427
person 0.033055887 796 244 826 278
person 0.03302685 923 -213 937 -168
person 0.033003755 111 326 137 347
person 0.032947883 441 57 457 75
person 0.03291432 -3 304 24 328
person 0.032800466 659 432 668 449
person 0.03275676 893 112 910 132
person 0.03270631 969 134 981 153
person 0.03270555 43 -225 58 -209
person 0.03268667 579 18 587 31
person 0.032671507 907 217 923 253
person 0.032557454 643 692 665 755
person 0.03253978 562 36 573 49
person 0.03249139 571 97 583 109
person 0.032324392 92 -37 114 3
person 0.032286752 402 80 419 98
person 0.032249995 22 403 36 431
person 0.03214984 465 287 533 358
person 0.03214778 346 -89 393 44
person 0.032081053 582 407 592 433
person 0.032036114 891 -217 905 -169
person 0.031992894 24 -225 37 -218
person 0.031880397 407 365 415 380
person 0.031750213 250 164 296 221
person 0.031648878 1024 169 1037 194
person 0.031569507 691 87 726 129
person 0.03154517 1024 52 1037 75
person 0.03149388 977 98 992 116
person 0.031476345 585 39 596 51
person 0.031408362 564 594 576 648
person 0.03135099 189 88 213 117
person 0.03129614 874 117 910 182
person 0.031223096 0 370 70 526
person 0.031168096 406 360 420 378
person 0.031078419 360 147 380 168
person 0.030990047 435 114 448 133
person 0.030895479 24 -225 40 -209
person 0.030792622 631 -16 683 99
person 0.03077155 0 217 9 267
person 0.030552583 212 332 281 401
person 0.030507933 295 138 314 157
person 0.03048213 277 411 313 457
person 0.030479755 1028 166 1034 195
person 0.030438747 891 361 971 517
person 0.03038475 680 241 720 286
person 0.030365521 54 129 78 158
person 0.03028365 318 168 338 191
person 0.030249843 614 170 634 190
person 0.030230539 183 -6 218 62
person 0.029892134 604 693 625 755
person 0.029883517 1028 187 1034 216
person 0.029740121 56 507 72 534
person 0.029697854 842 693 864 754
person 0.029592566 260 448 281 474
person 0.029569473 400 108 413 130
person 0.029555472 683 693 705 755
person 0.0294675 415 148 434 167
person 0.029316777 1027 225 1033 254
person 0.02924588 692 57 709 73
person 0.029245147 500 91 511 109
person 0.029224196 623 428 631 453
person 0.029157747 666 109 709 170
person 0.029069431 252 211 281 242
person 0.028814135 226 127 242 144
person 0.028803008 0 252 26 309
person 0.028754715 0 181 8 224
person 0.028694497 933 203 952 226
person 0.028687593 144 140 166 168
person 0.028672252 493 155 514 176
person 0.028660515 490 205 519 237
person 0.028625859 695 211 716 231
person 0.028574266 673 177 694 198
person 0.028461913 481 593 499 656
person 0.028414534 -4 403 8 429
person 0.028402489 311 416 328 436
person 0.02829059 501 391 509 408
person 0.02825345 147 370 239 521
person 0.02825023 1028 208 1034 238
person 0.028190592 326 52 349 79
person 0.02816284 731 172 752 194
person 0.028072808 2 272 21 296
person 0.028066266 806 214 828 236
person 0.02794778 755 124 766 143
person 0.02790686 788 321 877 455
person 0.027884504 240 440 259 463
person 0.027726993 251 427 269 451
person 0.027644623 119 -35 141 1
person 0.02761788 59 383 76 409
person 0.02760841 231 419 268 466
person 0.027541496 817 -224 829 -217
person 0.027537506 906 212 930 235
person 0.02748839 600 592 617 658
person 0.027469017 0 352 15 422
person 0.02745446 75 431 134 525
person 0.027408661 1024 33 1037 56
person 0.027391316 166 169 192 197
person 0.027322806 837 -224 849 -217
person 0.0273205 73 405 90 428
person 0.027320037 255 411 273 434
person 0.027260395 1022 62 1033 100
person 0.027188541 950 167 968 190
person 0.027170883 369 62 393 90
person 0.027130106 838 -141 850 -104
person 0.027116913 856 -224 868 -217
person 0.026996361 724 -43 793 116
person 0.02697779 797 -224 809 -217
person 0.026966665 796 213 821 233
person 0.02695932 43 -225 56 -218
person 0.026884336 1027 94 1034 108
person 0.026875665 358 106 369 115
person 0.026827626 844 -220 859 -170
person 0.026768599 992 -225 1005 -218
person 0.026729243 194 114 212 131
person 0.026637975 206 132 215 144
person 0.026615985 292 372 311 390
person 0.026591035 0 130 9 177
person 0.026574772 564 693 586 756
person 0.026504451 653 151 674 171
person 0.026472876 29 479 42 508
person 0.026465936 0 573 7 663
person 0.0263636 0 418 6 453
person 0.026332848 152 264 188 286
person 0.026282724 831 282 867 330
person 0.026222946 58 167 85 197
person 0.026220834 840 330 923 456
person 0.026103903 1027 75 1033 89
person 0.026098678 33 314 59 369
person 0.026054392 0 438 5 474
person 0.026021978 591 0 641 114
person 0.025942273 695 192 717 214
person 0.025926318 -4 189 9 213
person 0.025920082 118 31 140 64
person 0.025886718 889 215 972 347
person 0.025873601 307 113 322 130
person 0.025811074 57 -102 75 -55
person 0.025804238 60 408 147 536
person 0.025770579 195 93 205 105
person 0.02574149 1025 276 1034 339
person 0.025703568 634 647 652 696
person 0.025635205 898 225 922 250
person 0.025633391 876 -224 888 -217
person 0.025606286 777 -224 789 -217
person 0.02560157 147 140 163 158
person 0.02558822 877 278 913 324
person 0.025586342 642 19 650 32
person 0.025502555 353 521 374 547
person 0.025474127 954 105 978 133
person 0.02546561 610 317 696 446
person 0.025327664 -1 399 5 433
person 0.02528082 436 373 443 392
person 0.025254041 423 372 432 390
person 0.025186999 1027 113 1034 126
person 0.025115239 312 488 335 509
person 0.025103806 0 534 6 628
person 0.025092185 797 -225 811 -203
person 0.02498762 91 288 128 334
person 0.02495745 890 708 920 796
person 0.024942063 601 240 640 286
person 0.024913123 436 146 455 166
person 0.024912583 318 461 341 484
person 0.024897918 205 248 235 279
person 0.0248925 639 594 657 660
person 0.0248758 817 -225 831 -203
person 0.024875138 357 214 389 248
person 0.024874654 904 223 929 246
person 0.024854276 674 78 688 88
person 0.024759363 1013 245 1037 300
person 0.024752583 990 100 1004 120
person 0.024745591 777 -225 791 -204
person 0.024723282 442 65 474 107
person 0.024701996 713 90 726 102
person 0.024652636 106 331 193 454
person 0.024597485 462 60 479 77
person 0.024574546 722 600 735 657
person 0.024573246 567 98 579 114
person 0.024547612 595 647 613 695
person 0.024536563 605 37 620 53
person 0.02447238 682 451 692 471
person 0.024408426 879 138 890 159
person 0.024366178 1028 561 1033 593
person 0.02434381 837 -225 850 -203
person 0.024326885 90 -99 108 -53
person 0.024268644 873 179 957 298
person 0.024268316 390 209 421 240
person 0.024259381 639 128 680 169
person 0.024256147 28 419 41 447
person 0.024194514 279 143 291 153
person 0.024168061 469 372 475 388
person 0.024139676 714 645 732 696
person 0.024128923 524 693 546 756
person 0.024107656 519 99 561 159
person 0.02406961 0 -215 8 -141
person 0.024056055 857 -225 870 -203
person 0.024050137 0 454 7 548
person 0.024045993 194 424 219 447
person 0.023993304 -5 650 13 773
person 0.023953239 540 405 550 430
person 0.02394042 713 187 735 208
person 0.023925237 484 387 494 414
person 0.023909688 757 -225 771 -205
person 0.023881324 752 286 791 332
person 0.023736775 0 187 5 216
person 0.02369349 87 -56 117 23
person 0.023687575 535 133 547 152
person 0.023618454 724 146 810 272
person 0.023601532 134 383 163 403
person 0.023566658 455 151 475 171
person 0.023560848 539 407 549 421
person 0.023497656 494 -37 562 124
person 0.023452815 992 -225 1007 -209
person 0.023447609 562 144 573 162
person 0.023411613 1027 55 1033 70
person 0.02340902 641 431 650 453
person 0.023403384 91 671 118 777
person 0.023378232 235 252 345 371
person 0.023367517 242 100 267 126
person 0.023342296 982 359 1008 415
person 0.023225013 761 -220 776 -170
person 0.023222296 815 65 826 75
person 0.023217203 0 340 5 373
person 0.023197016 38 471 53 499
person 0.023192436 282 286 303 308
person 0.02317994 137 409 168 433
person 0.023174742 543 389 551 406
person 0.023135008 757 -225 769 -217
person 0.02307209 -4 423 9 449
person 0.023046352 215 444 237 468
person 0.023046099 916 289 930 300
person 0.02304423 421 359 431 373
person 0.023043346 44 104 81 168
person 0.022978919 877 -225 890 -203
person 0.022943696 200 289 236 335
person 0.022917584 563 163 612 218
person 0.022846123 443 59 454 72
person 0.0228157 895 207 917 232
person 0.022787405 768 179 849 293
person 0.022775007 538 214 549 224
person 0.022771519 633 173 654 193
person 0.022744207 638 153 729 280
person 0.0227179 54 688 73 753
person 0.022652745 255 276 275 297
person 0.022641584 813 -41 877 126
person 0.022641132 415 -37 484 124
person 0.022570113 737 -225 751 -206
person 0.022481361 719 453 731 471
person 0.022459753 896 -225 908 -217
person 0.022411061 723 -220 738 -169
person 0.02237872 966 464 1000 483
person 0.022371043 157 213 188 243
person 0.02231629 838 737 860 805
person 0.022296224 736 91 749 106
person 0.022278192 285 604 298 653
person 0.022258524 1028 468 1034 496
person 0.022253092 206 171 233 199
person 0.022193095 484 693 506 756
person 0.02216324 799 737 820 805
person 0.022134643 707 -123 753 -16
person 0.02212688 48 62 70 95
person 0.022030272 750 525 793 641
person 0.022002885 -8 -155 23 -29
person 0.021999002 674 646 692 696
person 0.02191071 780 75 794 85
person 0.021870922 198 306 297 438
person 0.021835966 601 91 639 132
person 0.02180381 871 166 890 190
person 0.021792147 601 409 610 430
person 0.021777729 511 177 532 199
person 0.021764053 18 444 31 473
person 0.02175246 759 737 780 805
person 0.021743821 838 60 868 103
person 0.021720702 779 58 795 74
person 0.021717029 689 -219 704 -168
person 0.021669257 760 60 776 77
person 0.02165799 716 57 733 74
person 0.021640342 400 122 418 154
person 0.021634413 674 62 686 72
person 0.021594608 183 1 206 35
person 0.021565562 558 646 573 694
person 0.021545818 878 737 900 805
person 0.021543935 7 391 55 498
person 0.021509448 24 447 44 519
person 0.021492548 641 -2 676 80
person 0.02149206 -2 -97 19 -4
person 0.02149016 556 95 592 136
person 0.021450218 951 297 986 345
person 0.021443425 523 389 532 406
person 0.021440823 324 -37 395 123
person 0.02143335 975 -225 990 -209
person 0.021429079 18 390 32 417
person 0.021422332 719 737 741 805
person 0.021390652 288 370 317 402
person 0.021379745 479 152 498 173
person 0.02131246 122 348 142 369
person 0.021294644 36 339 59 369
person 0.021293974 632 -123 679 -16
person 0.02122207 0 379 5 415
person 0.021202764 222 501 242 525
person 0.02119485 198 117 209 129
person 0.02118011 896 -225 910 -204
person 0.021153519 661 17 670 30
person 0.021137934 700 454 710 470
person 0.021135388 101 -148 118 -98
person 0.02111901 1028 9 1034 38
person 0.021096596 789 110 801 122
person 0.021091644 1022 519 1030 600
person 0.021049302 96 704 124 802
person 0.021047032 515 207 535 225
person 0.02103544 605 17 613 30
person 0.020991301 596 256 689 373
person 0.02097266 790 174 811 197
person 0.020962048 717 -225 732 -206
person 0.020959007 975 -225 988 -218
person 0.020930475 394 257 501 376
person 0.020927787 6 269 15 297
person 0.02088366 595 169 615 189
person 0.020821748 -5 336 10 346
person 0.020756315 737 -225 749 -218
person 0.020744087 29 142 112 279
person 0.020702321 1028 447 1034 475
person 0.020685835 680 737 701 806
person 0.020672372 299 90 316 107
person 0.020652564 74 3 109 75
person 0.020641979 919 173 931 196
person 0.020611683 485 260 519 307
person 0.02059814 600 15 636 96
person 0.020590119 571 -213 601 -139
person 0.02055357 75 55 96 87
person 0.020438012 973 164 990 187
person 0.020409392 615 132 628 149
person 0.020365177 261 460 283 485
person 0.02036363 440 34 457 52
person 0.020290831 484 142 522 184
person 0.020258807 487 283 573 430
person 0.02023847 479 370 487 389
person 0.020235756 248 113 307 195
person 0.02023083 294 293 315 314
person 0.020204969 753 646 772 696
person 0.02018003 477 188 496 210
person 0.020169977 287 61 312 89
person 0.02015853 820 89 834 101
person 0.020143423 167 133 192 162
person 0.020130396 231 29 253 60
person 0.020097066 -2 286 20 308
person 0.020089664 1024 780 1030 823
person 0.020002693 404 595 418 644
person 0.019996226 981 436 1007 491
person 0.019989144 331 502 358 524
person 0.01996085 653 -211 683 -137
person 0.019907277 257 167 275 189
person 0.019860622 332 471 353 492
person 0.019848036 26 462 39 490
person 0.019805558 940 -78 983 41
person 0.019764751 170 713 201 805
person 0.019755265 962 119 972 132
person 0.019739125 799 215 816 253
person 0.019682035 445 599 457 646
person 0.0196643 640 737 661 806
person 0.019661332 961 693 979 743
person 0.019626 802 -220 817 -170
person 0.019596854 1028 487 1034 515
person 0.019588597 247 100 261 117
person 0.01953748 224 121 241 137
person 0.019528234 681 17 689 30
person 0.019505879 806 717 837 808
person 0.019478079 253 310 275 330
person 0.01946726 982 400 1007 458
person 0.019442935 919 615 932 664
person 0.01940297 639 16 654 32
person 0.01939332 -4 443 8 469
person 0.019388147 679 595 697 661
person 0.01936808 996 106 1028 174
person 0.019353645 1028 427 1034 455
person 0.01934272 0 -92 8 -25
person 0.01933739 735 704 755 771
person 0.019300412 205 598 218 650
person 0.019270359 976 446 1000 466
person 0.019255716 300 206 406 340
person 0.019233488 377 135 389 152
person 0.019093724 463 34 480 52
person 0.019086933 919 605 929 631
person 0.0190586 649 -217 664 -168
person 0.019046098 1027 36 1033 51
person 0.019043816 854 705 874 771
person 0.018968483 962 -124 989 -34
person 0.018966988 65 -39 84 0
person 0.018942833 678 434 689 452
person 0.01894146 478 15 488 28
person 0.018941259 915 -225 930 -206
person 0.018939067 544 386 552 416
person 0.018886922 492 -215 522 -140
person 0.018882517 602 430 613 454
person 0.018878756 444 693 466 756
person 0.018868774 54 367 71 392
person 0.018863853 775 704 795 771
person 0.018856548 115 330 133 341
person 0.018825457 798 55 828 99
person 0.01882459 610 -218 625 -170
person 0.018824074 959 659 973 697
person 0.01882247 1028 524 1034 553
person 0.01881508 962 483 1000 502
person 0.01880411 333 151 352 171
person 0.018781284 464 388 474 414
person 0.018775513 302 441 326 468
person 0.018744418 533 210 553 227
person 0.018726908 391 125 429 166
person 0.018719329 607 40 617 51
person 0.018716628 697 -225 712 -207
person 0.018680094 501 18 511 31
person 0.018673128 992 354 1003 413
person 0.018647362 600 737 621 806
person 0.018631216 228 398 331 545
person 0.01862961 1028 544 1033 575
person 0.018574309 696 704 715 771
person 0.018570544 771 214 860 349
person 0.018567974 637 418 649 430
person 0.018567229 354 109 412 191
person 0.018529084 194 406 224 425
person 0.018512938 306 146 344 187
person 0.018478638 959 -177 971 -134
person 0.018461388 503 309 561 391
person 0.018454412 385 80 401 97
person 0.018443592 915 -225 928 -218
person 0.01843832 815 704 834 771
person 0.018326601 551 250 588 298
person 0.018283231 726 -217 756 -145
person 0.018267656 671 113 683 133
person 0.018226475 659 449 670 473
person 0.018225092 979 101 990 112
person 0.018194146 392 -128 436 -12
person 0.018183392 670 205 694 229
person 0.018161446 655 175 675 195
person 0.018156191 111 303 136 323
person 0.018145561 573 174 593 193
person 0.018143026 899 605 908 633
person 0.018103415 -2 326 8 358
person 0.018096425 121 -149 140 -98
person 0.018094748 0 360 6 394
person 0.018084541 924 153 935 173
person 0.018062413 364 693 387 755
person 0.018054193 0 698 12 779
person 0.01799563 691 216 786 352
person 0.017995479 519 407 529 420
person 0.017995032 709 374 728 399
person 0.017991312 566 -220 580 -171
person 0.017989386 313 210 343 240
person 0.017985808 48 259 81 306
person 0.017963553 922 695 942 745
person 0.017952679 218 468 240 490
person 0.017901225 518 405 531 429
person 0.017889988 229 129 238 140
person 0.01788842 615 91 630 105
person 0.017880397 56 494 72 519
person 0.017848663 639 32 655 48
person 0.01784096 881 694 904 754
person 0.017831719 298 168 317 190
person 0.017824924 220 463 309 607
person 0.017816184 1024 -149 1033 -92
person 0.017803255 717 -225 730 -218
person 0.01780303 743 -13 778 70
person 0.017802006 941 593 949 609
person 0.017791068 74 424 95 452
person 0.01778168 562 18 575 34
person 0.017778857 769 187 792 211
person 0.017772438 917 250 940 267
person 0.017760755 413 -215 443 -140
person 0.01774666 560 736 581 806
person 0.01774647 205 50 230 80
person 0.017745025 0 -198 5 -158
person 0.017718066 59 -149 77 -85
person 0.017657833 0 -217 5 -179
person 0.017651035 973 707 1003 798
person 0.017597934 958 67 981 96
person 0.017562676 386 170 455 241
person 0.017561352 748 214 773 232
person 0.017525986 0 -48 8 8
person 0.017517803 918 737 939 806
person 0.017510984 902 58 913 74
person 0.017503465 -4 384 8 410
person 0.017502569 951 192 970 213
person 0.017465562 613 134 630 143
person 0.017463451 -8 331 12 355
person 0.017454755 466 446 477 475
person 0.017375372 364 549 384 573
person 0.017369576 280 309 305 331
person 0.017349763 699 18 708 31
person 0.01730282 445 359 454 373
person 0.017297177 522 55 554 98
person 0.017290069 894 705 914 771
person 0.017278804 393 176 413 195
person 0.017275816 324 693 348 755
person 0.017268986 112 77 153 139
person 0.01724888 404 693 427 755
person 0.017245 654 191 674 213
person 0.017239295 1008 476 1018 553
person 0.017238973 0 656 8 736
person 0.0172344 521 736 542 806
person 0.017234119 166 597 179 653
person 0.017224235 247 717 279 807
person 0.017210728 163 737 184 806
person 0.017174881 275 -2 311 71
person 0.017167874 0 -135 8 -61
person 0.017152624 235 153 253 172
person 0.017139887 854 228 875 248
person 0.017137118 1028 506 1034 534
person 0.017133359 481 406 492 432
person 0.017131006 79 131 105 161
person 0.01711348 524 386 534 415
person 0.017108323 954 130 984 174
person 0.017107643 356 511 378 533
person 0.017048057 134 -220 149 -171
person 0.017029364 553 321 611 400
person 0.017005017 186 107 204 127
person 0.016998835 481 736 502 806
person 0.016997902 677 -225 692 -207
person 0.016990565 556 -126 603 -14
person 0.01698566 322 737 343 806
person 0.016931113 1027 133 1034 146
person 0.016924383 362 736 383 806
person 0.01688815 401 736 422 806
person 0.016870797 282 737 303 806
person 0.016868075 317 645 335 691
person 0.016866375 0 618 8 696
person 0.016862527 134 141 228 282
person 0.01685949 582 429 593 457
person 0.016851272 441 736 462 806
person 0.01684662 933 76 963 120
person 0.01683893 203 737 224 806
person 0.016830698 885 -194 898 -145
person 0.016830076 422 57 438 75
person 0.01682459 0 775 8 820
person 0.016817005 1027 754 1033 797
person 0.016793283 873 192 894 213
person 0.01679237 -5 344 9 369
person 0.016790377 926 255 948 272
person 0.016764892 845 -191 857 -148
person 0.016752265 242 736 264 806
person 0.016729448 245 598 258 649
person 0.016693594 486 549 498 608
person 0.01668957 740 17 749 30
person 0.016688162 493 61 524 105
person 0.016676687 387 393 402 414
person 0.016676452 876 -141 888 -101
person 0.01667552 123 737 144 806
person 0.016600931 939 607 949 630
person 0.016593652 656 704 675 771
person 0.016565384 138 388 160 396
person 0.016527163 33 309 56 345
person 0.01648663 270 145 281 163
person 0.016470399 44 736 65 806
person 0.016464153 650 212 670 230
person 0.016441002 265 -13 317 91
person 0.016427753 254 448 289 495
person 0.01639804 237 308 258 329
person 0.016390312 322 175 426 298
person 0.016388144 501 406 511 421
person 0.016371643 400 -225 415 -206
person 0.016358616 420 -225 435 -206
person 0.016357442 201 -225 216 -206
person 0.01635666 281 -225 296 -206
person 0.016355457 261 -225 276 -206
person 0.016354114 380 -225 395 -206
person 0.016354091 241 -225 256 -206
person 0.016352732 301 -225 316 -206
person 0.016352195 221 -225 236 -206
person 0.016352111 187 96 199 110
person 0.016349014 321 -225 335 -206
person 0.01634504 182 -225 196 -206
person 0.01634436 340 -225 355 -206
person 0.01633668 460 -225 475 -206
person 0.016335562 360 -225 375 -206
person 0.016333736 519 16 535 33
person 0.016332788 794 -111 826 -27
person 0.016324416 440 -225 455 -206
person 0.016321735 480 -225 494 -206
person 0.01630751 527 -221 541 -172
person 0.016287237 689 88 769 220
person 0.016277345 100 -208 131 -131
person 0.01627408 0 289 16 300
person 0.016263083 572 84 658 218
person 0.016247481 713 299 807 438
person 0.01620104 255 -30 327 124
person 0.01619408 499 -225 514 -206
person 0.016186804 0 578 5 615
person 0.016181672 576 15 590 32
person 0.016168749 957 737 978 806
person 0.016167764 162 -225 177 -206
person 0.016160937 621 431 635 457
person 0.01613599 285 693 308 755
person 0.016117575 87 -139 115 -55
person 0.016099542 321 374 348 406
person 0.01606892 517 -5 551 75
person 0.016068665 177 414 188 425
person 0.016055401 40 315 50 335
person 0.016050173 378 705 394 729
person 0.016041094 397 705 414 729
person 0.016031059 402 92 462 176
person 0.016024515 497 705 514 729
person 0.016016126 234 137 252 155
person 0.016000759 326 718 358 808
person 0.015991332 965 134 974 148
person 0.015990686 537 289 624 437
person 0.0159899 477 705 494 729
person 0.015984003 -3 184 15 216
person 0.015979549 444 258 553 383
person 0.015977554 812 191 834 213
person 0.015975507 762 532 776 558
person 0.015971633 935 -225 950 -207
person 0.015918227 -1 -173 12 -95
person 0.015912408 417 705 434 729
person 0.015910542 1012 284 1037 341
person 0.015907526 660 417 671 429
person 0.015883546 0 477 5 514
person 0.015866784 519 -225 534 -206
person 0.015859839 457 705 474 729
person 0.015858462 437 705 454 729
person 0.015846083 358 705 374 730
person 0.015843257 175 441 200 464
person 0.015835118 517 705 533 729
person 0.015813716 991 109 999 121
person 0.015778577 456 172 476 191
person 0.015748385 248 114 258 125
person 0.01574727 335 -214 365 -138
person 0.015740175 991 391 1001 455
person 0.01572402 102 -215 114 -170
person 0.015704565 507 370 514 390
person 0.015694764 760 16 768 30
person 0.015686728 -4 483 9 508
person 0.015674109 658 14 673 30
person 0.015669862 539 -225 554 -206
person 0.015660629 142 -225 157 -206
person 0.015622024 359 132 373 144
person 0.015610501 65 -214 76 -169
person 0.015606596 980 75 991 92
person 0.015540832 465 -133 509 -14
person 0.01553992 238 470 259 491
person 0.015535879 168 266 197 288
person 0.015506756 485 720 516 811
person 0.015501756 923 658 938 702
person 0.015495556 438 -88 454 -63
person 0.015492619 612 415 624 470
person 0.015477264 338 705 355 730
person 0.015456985 537 705 553 729
person 0.015449105 886 18 906 55
person 0.015448925 457 -88 474 -63
person 0.015444205 173 -14 225 82
person 0.015434086 499 144 592 277
person 0.015430795 908 65 936 109
person 0.015408861 422 278 511 424
person 0.015397284 805 224 831 246
person 0.015384984 -3 214 19 269
person 0.015380649 129 -98 148 -52
person 0.015364287 922 57 933 74
person 0.015358043 848 473 932 607
person 0.015354128 658 -225 673 -207
person 0.015348498 -2 308 23 318
person 0.015346222 187 340 226 385
person 0.01534581 740 55 755 71
person 0.015336598 880 605 889 633
person 0.015333488 901 -210 909 -177
person 0.015318945 759 72 772 81
person 0.015317245 696 -225 710 -218
person 0.015316808 981 428 1000 447
person 0.015306844 421 373 436 394
person 0.01528654 171 432 190 450
person 0.015226147 287 -221 302 -173
person 0.015224676 833 -7 866 80
person 0.015202844 526 27 549 60
person 0.015195977 255 -213 285 -137
person 0.015184358 1026 703 1034 776
person 0.015178259 1028 406 1034 435
person 0.01517335 73 225 105 245
person 0.015173267 680 454 695 474
person 0.015158295 1023 472 1039 491
person 0.015142969 248 -221 262 -173
person 0.015138291 248 -74 296 45
person 0.015115423 123 363 145 384
person 0.015094489 519 650 532 693
person 0.015087494 287 442 369 599
person 0.015085447 318 705 335 730
person 0.015063344 172 -212 202 -138
person 0.015063323 69 463 150 607
person 0.015052297 559 -225 574 -206
person 0.015041429 320 162 357 204
person 0.015037911 169 -221 183 -173
person 0.015029543 979 115 990 127
person 0.015019277 477 -88 493 -63
person 0.015009031 678 15 693 31
person 0.0150087485 732 192 754 213
person 0.014977136 406 720 437 810
person 0.014972888 720 17 729 30
person 0.014970217 925 -187 939 -135
person 0.01496668 187 0 205 21
person 0.014961176 153 409 176 428
person 0.014949396 859 430 891 480
person 0.014946475 608 296 639 348
person 0.014931402 0 -179 5 -138
person 0.014930406 974 706 993 774
person 0.014916962 486 -221 500 -173
person 0.014884512 84 736 105 807
person 0.014875768 556 705 573 729
person 0.01487386 122 -225 137 -206
person 0.014863587 327 -221 341 -173
person 0.014853654 342 -5 377 72
person 0.014843023 267 457 301 507
person 0.014815842 208 -221 222 -173
person 0.0148094045 192 504 213 526
person 0.01480167 97 304 119 324
person 0.014801203 434 391 442 412
person 0.014801106 42 5 73 79
person 0.0147800185 479 651 492 694
person 0.014773382 0 501 13 586
person 0.014767783 975 594 981 608
person 0.0147507675 418 -88 434 -63
person 0.014744503 876 -111 906 -27
person 0.014743256 500 405 514 430
person 0.014730799 298 705 315 730
person 0.014726594 171 467 196 489
person 0.014723251 615 394 627 410
person 0.01471852 982 331 1011 389
person 0.014691915 616 704 635 772
person 0.014687892 854 209 873 231
person 0.0146836005 877 -43 942 123
person 0.014676565 935 -225 947 -218
person 0.014661809 1016 -225 1036 -167
person 0.0146499025 872 57 901 101
person 0.014642153 541 427 551 440
person 0.01460028 -3 -227 13 -160
person 0.014597386 62 -225 78 -208
person 0.014579646 153 139 167 156
person 0.014576036 321 603 341 651
person 0.014573804 638 -225 653 -207
person 0.014561441 565 386 572 403
person 0.014550457 762 12 783 48
person 0.014549423 182 503 204 525
person 0.014531188 278 705 295 730
person 0.014530628 821 -229 852 -159
person 0.014509789 545 542 558 617
person 0.014485101 555 252 658 380
person 0.014480078 467 401 475 426
person 0.014473751 497 -88 513 -63
person 0.014462934 951 168 986 212
person 0.0144596435 -4 463 8 489
person 0.014455974 341 50 358 69
person 0.014446155 576 -89 593 -65
person 0.014430718 258 705 275 730
person 0.014430414 564 720 594 812
person 0.014422902 439 21 462 55
person 0.014417575 984 433 996 443
person 0.014411986 -4 148 8 173
person 0.014394562 579 -225 594 -206
person 0.014390146 334 41 350 56
person 0.014388996 -1 458 5 494
person 0.014381295 239 705 255 730
person 0.014360863 569 56 602 99
person 0.0143585885 89 690 110 755
person 0.01432603 76 3 97 37
person 0.014315517 778 85 859 222
person 0.0143114 0 556 4 596
person 0.0143091 367 -221 381 -173
person 0.014305408 219 705 235 730
person 0.014302416 0 2 5 36
person 0.014274403 770 513 784 538
person 0.014272814 635 91 651 107
person 0.014254302 954 -225 967 -218
person 0.014250116 762 550 778 578
person 0.014246793 102 -225 117 -207
person 0.01424277 998 545 1044 665
person 0.014231714 179 393 194 402
person 0.014210497 199 705 215 730
person 0.014159919 556 -89 573 -64
person 0.0141467 778 15 786 29
person 0.014144746 644 720 673 811
person 0.014112784 73 306 92 325
person 0.014111364 1027 584 1033 617
person 0.014111265 125 593 139 656
person 0.014107165 14 268 32 291
person 0.014087793 447 -221 461 -173
person 0.014084291 954 -225 969 -208
person 0.014069957 802 13 824 50
person 0.014069109 152 215 193 259
person 0.014064717 334 453 354 474
person 0.014062325 84 508 152 675
person 0.014052517 919 17 927 31
person 0.014040578 159 255 181 277
person 0.01402684 618 -225 633 -207
person 0.014021552 576 704 593 729
person 0.01402024 672 64 705 107
person 0.013996477 497 206 517 226
person 0.013983803 407 -221 421 -173
person 0.013955512 179 704 195 730
person 0.013952076 73 440 91 464
person 0.013942763 1027 569 1033 583
person 0.013940567 854 -71 875 -52
person 0.013939275 794 97 808 108
person 0.013928433 798 -143 810 -105
person 0.013916119 596 -89 613 -65
person 0.013907053 763 -211 771 -177
person 0.01390081 313 500 341 524
person 0.013891968 158 -146 177 -99
person 0.013887058 296 373 308 384
person 0.013874995 55 513 77 588
person 0.013859827 536 -88 553 -64
person 0.0137823885 599 -225 614 -207
person 0.013776226 517 -88 533 -64
person 0.01376125 834 -71 856 -52
person 0.013760823 968 467 999 477
person 0.0137494765 677 -225 690 -218
person 0.013733734 1025 11 1037 36
person 0.013729215 1026 -192 1033 -156
person 0.013714642 152 445 176 467
person 0.013708464 988 187 1041 274
person 0.013703275 640 450 653 472
person 0.013698965 881 543 896 571
person 0.01369718 440 593 459 656
person 0.013696582 716 81 730 90
person 0.013690901 696 16 711 32
person 0.013690605 749 379 780 429
person 0.013682662 404 83 416 94
person 0.013675667 250 431 317 509
person 0.0136544965 206 692 228 756
person 0.013653843 155 58 238 200
person 0.013630923 1018 680 1035 749
person 0.013627603 910 -219 941 -149
person 0.01360369 223 141 320 281
person 0.01357819 398 -88 414 -63
person 0.013569022 680 11 702 45
person 0.013542407 1004 3 1031 89
person 0.013532487 811 659 850 772
person 0.013527611 1023 491 1039 510
person 0.013510232 -3 -213 8 -184
person 0.013505701 815 -71 836 -51
person 0.013499742 712 349 800 509
person 0.013489453 575 109 592 125
person 0.01348906 -4 365 10 391
person 0.013475816 874 -71 895 -51
person 0.013473624 724 719 754 812
person 0.013467217 96 318 130 366
person 0.013465842 2 282 14 308
person 0.013457902 118 214 157 259
person 0.013455939 176 57 200 88
person 0.013453407 -1 146 5 176
person 0.013433164 271 454 291 477
person 0.013422961 316 -130 362 -14
person 0.0134194065 371 25 394 58
person 0.0134113915 278 404 368 538
person 0.013407304 0 597 5 635
person 0.013396202 825 328 862 378
person 0.013393863 517 562 525 594
person 0.01338815 447 470 460 498
person 0.013376295 1023 451 1038 470
person 0.013365148 -3 134 15 169
person 0.013360759 127 470 211 607
person 0.013354137 596 704 613 729
person 0.013345569 381 568 400 593
person 0.013341043 159 704 176 730
person 0.013318229 933 230 955 249
person 0.013301307 576 704 595 772
person 0.013294795 166 692 188 756
person 0.013281622 959 605 967 628
person 0.0132679 864 105 917 198
person 0.013241469 403 603 412 635
person 0.013236304 991 485 1016 544
person 0.013235931 486 23 508 55
person 0.013234523 578 395 586 410
person 0.013220856 326 49 342 67
person 0.013208029 316 282 426 430
person 0.013206735 76 207 100 225
person 0.013204305 462 12 472 26
person 0.013185916 334 493 355 513
person 0.013179887 635 225 657 245
person 0.013168467 635 191 655 211
person 0.013168108 844 15 866 53
person 0.013153702 735 211 756 228
person 0.013101268 979 607 986 630
person 0.013096989 0 -158 5 -118
person 0.013082108 57 518 77 546
person 0.0130566815 557 106 573 119
person 0.013051895 932 18 945 57
person 0.013041868 795 192 818 213
person 0.013039653 150 498 228 662
person 0.0130362045 188 109 201 124
person 0.013020141 320 97 337 113
person 0.0130010545 727 13 748 48
person 0.012999378 163 407 230 494
person 0.012997054 348 103 359 113
person 0.012994741 438 307 501 385
person 0.012991825 139 411 167 424
person 0.012985992 795 -72 816 -51
person 0.012977188 135 107 159 136
person 0.012973323 361 597 381 647
person 0.0129593 127 172 154 201
person 0.012957823 233 88 326 221
person 0.012950403 5 274 16 289
person 0.012923527 950 -134 993 -17
person 0.012918692 245 693 268 756
person 0.012869725 532 137 636 272
person 0.012859075 291 429 355 505
person 0.012840499 616 -90 633 -65
person 0.012821613 920 263 940 283
person 0.012813419 882 666 924 768
person 0.012807063 107 559 114 594
person 0.01280432 639 13 661 47
person 0.012784211 277 647 296 693
person 0.012777929 485 441 497 471
person 0.01277728 163 -129 192 -46
person 0.012776366 640 -192 657 -140
person 0.0127717005 456 108 469 121
person 0.012771297 227 123 237 135
person 0.012747661 182 -48 214 31
person 0.012746299 331 520 363 548
person 0.012741427 616 704 633 729
person 0.012732295 738 82 752 92
person 0.012721044 1026 -153 1033 -116
person 0.012691557 1019 712 1034 788
person 0.012675776 319 328 346 360
person 0.01266135 126 48 150 78
person 0.012633809 713 150 725 171
person 0.012627207 292 474 312 494
person 0.012618537 556 423 566 450
person 0.0126112625 866 264 884 284
person 0.0126057165 953 -217 975 -161
person 0.012603432 978 449 996 460
person 0.012601509 537 704 556 772
person 0.012599813 1026 -173 1033 -136
person 0.012587383 662 35 677 52
person 0.012572299 110 327 146 375
person 0.012528474 513 186 523 206
person 0.012519381 194 474 215 491
person 0.012493941 728 379 787 467
person 0.012487601 356 646 375 692
person 0.012480358 722 65 755 108
person 0.012474958 699 80 712 91
person 0.012473994 792 259 810 269
person 0.012472485 -3 -192 8 -164
person 0.012469343 607 348 633 405
person 0.012453066 779 542 799 571
person 0.012442473 510 258 545 307
person 0.012440922 704 364 731 416
person 0.012431698 370 148 472 279
person 0.012429145 783 -211 791 -177
person 0.012423258 377 532 398 555
person 0.012416428 0 635 5 675
person 0.012398846 164 425 185 444
person 0.012398696 657 -225 671 -218
person 0.012396358 636 704 653 729
person 0.012394917 416 32 434 49
person 0.012389816 322 120 335 129
person 0.012387342 1017 643 1035 705
person 0.012373444 493 284 514 307
person 0.012369266 610 361 633 386
person 0.012347097 390 70 479 211
person 0.01234547 716 704 732 729
person 0.012343166 277 279 296 298
person 0.012324643 608 16 630 49
person 0.012324544 540 443 550 472
person 0.012318283 1026 602 1033 635
person 0.0123127205 991 134 1006 156
person 0.012309422 959 18 967 32
person 0.012294097 542 425 552 450
person 0.012286283 270 271 298 302
person 0.012285328 256 115 273 133
person 0.012275391 934 706 953 773
person 0.012270964 82 -225 97 -208
person 0.012269484 459 466 471 496
person 0.012262419 249 103 257 115
person 0.012258024 0 496 5 536
person 0.012237136 735 704 752 729
person 0.012230591 743 -211 752 -177
person 0.012218361 762 593 776 652
person 0.012218193 782 61 792 72
person 0.012215875 75 395 93 417
person 0.0122108525 679 -192 697 -140
person 0.012199095 699 432 711 449
person 0.012194776 22 245 41 269
person 0.012192462 103 -191 115 -138
person 0.012191829 1023 510 1039 529
person 0.012169899 696 704 712 729
person 0.0121617755 656 704 673 729
person 0.012153403 356 569 377 593
person 0.01214046 338 83 426 219
person 0.012108859 733 644 773 744
person 0.012108101 54 472 69 498
person 0.012108043 -6 244 10 269
person 0.012105545 738 14 752 31
person 0.012095124 44 407 60 433
person 0.012085951 717 281 754 330
person 0.012079217 682 36 697 52
person 0.012078744 676 704 692 729
person 0.012076225 960 333 996 383
person 0.012067853 435 2 470 84
person 0.012063226 755 704 772 729
person 0.012061954 1023 24 1033 68
person 0.012060176 378 -88 394 -63
person 0.0120513085 139 704 156 730
person 0.012051145 216 428 237 448
person 0.012021653 913 283 950 331
person 0.011959583 775 -72 795 -51
person 0.011958078 143 119 162 139
person 0.011956799 497 704 516 773
person 0.011950186 58 704 76 773
person 0.011949602 101 592 119 663
person 0.011949444 1026 622 1033 656
person 0.011948988 64 -4 116 93
person 0.011944761 1020 613 1035 657
person 0.011944042 1026 -133 1033 -96
person 0.011943085 502 442 512 473
person 0.0119409235 0 106 6 136
person 0.011929531 868 677 935 822
person 0.011927682 269 138 280 156
person 0.011903054 1023 528 1039 547
person 0.011897828 329 31 351 62
person 0.011851261 0 -139 5 -98
person 0.01184512 443 209 473 240
person 0.011820643 168 665 207 772
person 0.011816756 960 595 968 609
person 0.011788537 20 309 40 334
person 0.011780857 175 433 187 444
person 0.011779897 0 655 5 695
person 0.011778021 1028 385 1034 414
person 0.011763921 508 363 515 395
person 0.011738929 91 480 114 507
person 0.011737961 546 376 554 392
person 0.011729705 269 162 306 205
person 0.011728042 626 301 655 344
person 0.011722731 637 -108 652 -83
person 0.011721709 899 17 906 31
person 0.011721356 881 -212 889 -177
person 0.011708842 1013 132 1039 182
person 0.011690882 0 615 5 655
person 0.011684565 775 703 792 729
person 0.011683343 566 562 583 634
person 0.011680926 854 424 880 443
person 0.011680331 1027 475 1034 486
person 0.011673969 281 323 304 343
person 0.011671803 290 302 318 324
person 0.011671049 169 -95 188 -50
person 0.011661592 921 593 929 608
person 0.011658252 103 326 124 346
person 0.011649178 0 753 5 798
person 0.011647866 1027 531 1034 543
person 0.011627402 164 -28 238 123
person 0.011623256 656 650 690 779
person 0.011621508 474 646 495 707
person 0.011605131 602 14 616 31
person 0.011577063 894 -72 914 -51
person 0.011570397 27 540 35 577
person 0.011563877 781 99 796 110
person 0.0115558505 272 463 296 488
person 0.011554887 408 22 431 55
person 0.0115451375 646 362 673 383
person 0.011535831 433 293 454 316
person 0.011530726 616 109 631 119
person 0.011523309 875 601 889 656
person 0.011482396 750 336 780 376
person 0.011481184 618 -108 632 -83
person 0.011480074 913 287 934 303
person 0.011479305 338 311 412 386
person 0.011475198 44 717 59 746
person 0.01147156 -1 241 6 272
person 0.011459767 77 -67 124 42
person 0.011456726 962 39 969 54
person 0.011455106 1026 -113 1033 -77
person 0.011450393 491 305 510 329
person 0.0114461295 85 691 129 822
person 0.011442235 1027 552 1034 564
person 0.011439911 717 14 732 31
person 0.011429907 1027 494 1034 505
person 0.011424687 638 -225 651 -218
person 0.01141178 401 59 417 78
person 0.011404482 558 556 567 589
person 0.011401977 0 -37 4 3
person 0.011394686 414 177 434 195
person 0.011345593 606 392 614 406
person 0.011331881 616 188 637 207
person 0.011331829 1022 247 1037 272
person 0.011331524 62 -225 75 -218
person 0.0113254255 245 483 264 506
person 0.011308023 793 650 811 698
person 0.011297839 519 211 531 221
person 0.0112822065 1026 641 1033 676
person 0.011280626 293 504 321 527
person 0.011277155 757 14 772 31
person 0.0112768775 643 358 671 416
person 0.011272562 987 407 1006 428
person 0.011265925 674 228 695 245
person 0.011264878 802 -212 810 -177
person 0.011257663 76 532 92 558
person 0.011253588 195 409 222 417
person 0.011247811 1027 434 1034 446
person 0.011247636 890 253 913 272
person 0.011234986 326 303 352 334
person 0.011234519 270 480 299 506
person 0.011232613 380 415 397 437
person 0.0112147005 717 685 732 711
person 0.011197908 157 647 176 695
person 0.01119273 991 432 1001 494
person 0.011189891 576 193 595 210
person 0.011178295 65 -187 76 -132
person 0.011162004 198 -145 216 -99
person 0.01115759 698 685 712 711
person 0.011148266 715 -88 734 -67
person 0.011146478 252 -39 273 -1
person 0.011121521 556 427 565 442
person 0.011119711 122 414 142 433
person 0.011104396 1026 -94 1033 -57
person 0.011104248 457 704 476 773
person 0.01110316 150 142 159 155
person 0.011089922 -3 127 9 152
person 0.011081736 795 703 812 729
person 0.011077446 787 481 877 613
person 0.011071571 637 75 728 214
person 0.011068141 1027 -74 1033 -37
person 0.011059548 802 349 836 402
person 0.011053381 -4 6 8 32
person 0.011052224 678 686 692 712
person 0.011046748 595 97 609 110
person 0.011041247 636 -90 653 -65
person 0.011035359 127 692 148 755
person 0.011034662 257 394 275 416
person 0.0110327685 0 124 6 154
person 0.010986959 221 491 241 514
person 0.010943742 1028 737 1034 777
person 0.010934843 766 57 798 101
person 0.0109152375 316 428 326 449
person 0.010914906 -1 226 6 256
person 0.0109082125 920 -210 929 -176
person 0.010908016 933 213 1015 361
person 0.010876396 149 675 218 827
person 0.010875155 599 108 613 119
person 0.010874939 400 -225 413 -218
person 0.010872242 0 675 5 715
person 0.010869227 419 -225 433 -218
person 0.010864866 459 -225 472 -218
person 0.010863779 380 -225 393 -218
person 0.010863302 479 -225 492 -218
person 0.010862349 181 -225 194 -218
person 0.010861714 201 -225 214 -218
person 0.010859291 280 -225 294 -218
person 0.010859235 260 -225 274 -218
person 0.010858594 241 -225 254 -218
person 0.010857544 221 -225 234 -218
person 0.0108564645 300 -225 314 -218
person 0.010854273 320 -225 333 -218
person 0.010854216 439 -225 453 -218
person 0.010851632 340 -225 353 -218
person 0.01084983 0 695 5 734
person 0.010849768 360 -225 373 -218
person 0.01084589 827 422 847 445
person 0.010840755 779 249 793 259
person 0.010839042 274 205 303 235
person 0.010838368 494 171 505 192
person 0.010836042 651 354 671 376
person 0.010833206 634 -148 652 -99
person 0.010830774 36 297 55 318
person 0.010818806 901 591 908 606
person 0.010816704 959 57 969 71
person 0.010813224 59 351 78 374
person 0.01080261 381 601 392 634
person 0.010801184 1027 152 1034 165
person 0.010793331 237 506 259 528
person 0.010792302 59 -79 81 -19
person 0.0107892845 658 686 672 712
person 0.010783554 499 -225 512 -218
person 0.010782024 443 254 478 302
person 0.010779349 794 361 816 388
person 0.010771485 638 686 652 712
person 0.010767097 161 -225 174 -218
person 0.010762334 104 603 116 632
person 0.010759984 601 -194 618 -144
person 0.010757568 737 685 751 711
person 0.010753114 555 213 575 230
person 0.010752114 618 686 632 712
person 0.010741828 954 -182 974 -123
person 0.010737836 492 68 581 212
person 0.010726901 28 561 37 595
person 0.010726152 98 -76 118 -33
person 0.010724159 598 686 612 712
person 0.01070461 942 57 952 71
person 0.010703912 879 607 887 624
person 0.010686355 456 192 475 212
person 0.010685805 871 232 892 251
person 0.010684823 0 -119 5 -79
person 0.010670632 790 525 805 549
person 0.01066234 775 246 797 262
person 0.010660902 387 372 402 394
person 0.010660474 712 212 733 229
person 0.010652973 560 379 568 394
person 0.010646371 922 256 935 265
person 0.010646146 -4 175 18 228
person 0.010637712 99 72 158 158
person 0.010635071 675 131 686 150
person 0.010631666 598 -107 612 -82
person 0.010626952 279 165 290 185
person 0.0106231915 277 364 299 385
person 0.01061749 406 560 422 589
person 0.010616088 519 -225 532 -218
person 0.010615758 992 102 1002 114
person 0.0106156925 0 -14 5 21
person 0.010614927 618 -225 631 -218
person 0.010614371 604 557 617 635
person 0.01060504 435 169 455 187
person 0.010602644 378 171 391 182
person 0.010596019 179 704 198 772
person 0.010595448 -4 503 8 529
person 0.010593889 358 -88 374 -63
person 0.010581287 44 698 58 727
person 0.010580483 181 -11 204 25
person 0.0105797695 641 34 652 46
person 0.010578715 832 652 851 699
person 0.010571705 433 373 445 395
person 0.0105590345 228 43 261 87
person 0.010534975 539 -225 552 -218
person 0.010518936 723 -211 732 -177
person 0.010509021 252 -141 283 -55
person 0.010499024 141 -225 155 -218
person 0.010497998 244 295 264 316
person 0.0104966555 837 135 848 154
person 0.010489542 578 388 587 417
person 0.01048824 1027 454 1034 466
person 0.010486746 219 704 238 772
person 0.010484479 756 -73 776 -50
person 0.010474935 1023 431 1038 450
person 0.0104734395 876 665 890 691
person 0.01045519 800 16 807 30
person 0.0104519 578 686 593 712
person 0.0104503855 65 592 77 671
person 0.010450233 880 17 887 31
person 0.010448764 735 -87 754 -69
person 0.01044007 336 580 355 605
person 0.010433442 1002 -214 1044 -115
person 0.010431833 1027 513 1034 524
person 0.010430139 757 685 771 711
person 0.010422783 512 189 524 200
person 0.010411649 21 759 36 790
person 0.01041047 515 645 535 706
person 0.01037684 960 701 1008 816
person 0.010374485 134 354 147 367
person 0.010374152 773 213 795 230
person 0.010369976 397 647 415 694
person 0.01036801 565 581 574 612
person 0.010366665 775 13 789 30
person 0.0103579415 197 647 216 694
person 0.010348336 558 -225 572 -218
person 0.010341599 -3 701 9 728
person 0.0103314 201 686 215 712
person 0.010330663 105 646 118 699
person 0.010326628 221 686 235 712
person 0.010324868 937 290 950 301
person 0.010322598 181 686 195 712
person 0.010321034 172 483 195 503
person 0.010319408 380 719 397 745
person 0.010317538 0 168 5 197
person 0.01031692 407 588 415 618
person 0.010315712 889 545 906 573
person 0.010307562 523 378 532 394
person 0.010304312 815 703 832 729
person 0.010294523 400 719 417 745
person 0.01028868 241 686 255 712
person 0.010279187 115 157 130 175
person 0.010274846 420 719 437 745
person 0.010270997 360 719 378 745
person 0.010258431 961 474 999 524
person 0.01025446 439 719 457 745
person 0.0102538075 337 573 355 595
person 0.0102429595 340 719 358 745
person 0.010240296 994 317 1006 385
person 0.010236072 778 530 787 546
person 0.010233421 799 133 812 151
person 0.010229374 479 719 497 745
person 0.010225199 161 686 176 712
person 0.01022104 494 654 529 779
person 0.010220639 459 719 477 745
person 0.01021507 261 686 275 712
person 0.010213252 528 133 538 153
person 0.010207161 425 59 435 73
person 0.010200525 499 719 517 745
person 0.010200096 281 396 301 417
person 0.010197758 804 150 816 170
person 0.010172572 241 77 258 96
person 0.010165665 837 604 852 653
person 0.010158835 -8 -106 27 13
person 0.0101482 578 -225 592 -218
person 0.010146911 960 503 1004 521
person 0.010146548 320 719 338 745
person 0.010143202 417 704 436 773
person 0.010131334 820 16 828 30
person 0.010131254 577 -75 597 -49
person 0.010128107 -4 170 9 194
person 0.01012619 127 -192 139 -144
person 0.010111494 822 -212 830 -177
person 0.010106836 281 686 295 712
person 0.010103117 598 -225 612 -218
person 0.010101624 237 167 255 189
person 0.010090291 160 358 204 403
person 0.01008026 1027 326 1034 354
person 0.010066357 921 588 930 616
person 0.010064152 701 -209 713 -177
person 0.010060433 558 686 573 712
person 0.010054666 519 719 537 745
person 0.010052492 300 719 318 745
person 0.010035276 144 604 156 632
person 0.0100256745 337 42 347 54
person 0.010025509 862 -212 870 -177
person 0.010021889 121 -225 135 -218
person 0.010016001 130 353 150 370
person 0.010015018 53 99 78 131
