person 0.7462149 726 52 741 71
person 0.7408753 498 174 527 207
person 0.73379284 572 168 601 201
person 0.718961 819 154 845 188
person 0.7164166 410 156 437 184
person 0.7157992 742 155 770 189
person 0.7151672 390 110 407 129
person 0.7107419 858 127 881 159
person 0.70140225 429 120 447 142
person 0.70093447 596 87 613 109
person 0.6994694 429 92 444 110
person 0.69896245 765 72 782 92
person 0.6977138 690 136 717 166
person 0.6967928 781 137 806 167
person 0.6905584 722 80 739 102
person 0.6895283 822 62 837 81
person 0.6866173 630 147 657 177
person 0.68489075 923 67 937 87
person 0.68398106 733 115 758 144
person 0.68336 558 69 573 88
person 0.68197 899 98 915 121
person 0.68169636 614 77 630 97
person 0.6809562 839 71 854 91
person 0.6773074 951 68 965 88
person 0.6770778 629 179 660 214
person 0.6764022 864 67 878 87
person 0.6682698 469 118 487 141
person 0.66773784 704 61 720 80
person 0.6647045 980 152 1003 186
person 0.65901995 916 117 939 148
person 0.6526843 706 184 737 220
person 0.6519355 506 72 520 89
person 0.64192253 631 111 655 138
person 0.64032537 308 149 326 172
person 0.63947874 360 120 379 142
person 0.63766885 576 80 592 101
person 0.6359925 591 68 606 87
person 0.63226664 808 61 823 80
person 0.62742925 980 84 994 101
person 0.6264354 586 129 611 157
person 0.6239892 785 97 803 120
person 0.62265533 845 94 862 116
person 0.62047184 883 78 898 99
person 0.62028366 681 96 699 118
person 0.6191029 783 62 799 81
person 0.61814636 561 108 580 132
person 0.61736333 673 62 690 83
person 0.6118973 510 103 527 123
person 0.5983034 871 88 887 110
person 0.5943109 468 100 484 119
person 0.59383893 650 59 665 79
person 0.5918694 941 105 956 129
person 0.5891944 693 108 717 135
person 0.5887551 942 91 959 115
person 0.5760613 490 84 504 102
person 0.5731816 659 77 676 97
person 0.5621198 513 121 532 145
person 0.5585775 619 52 634 71
person 0.55298376 978 112 994 135
person 0.5462595 753 99 771 122
person 0.54456216 474 79 488 97
person 0.5221489 333 150 352 173
person 0.5173439 358 150 376 174
person 0.5067074 500 88 516 108
person 0.48503327 297 140 313 161
person 0.4783001 57 260 114 327
person 0.47643703 390 127 408 149
person 0.4493012 983 100 998 120
person 0.4379929 640 79 656 98
person 0.41569215 322 130 340 150
person 0.40781343 264 158 282 179
person 0.37199342 784 80 801 100
person 0.3392083 800 87 818 108
person 0.3308356 912 83 927 103
person 0.25805172 631 35 647 58
person 0.25765043 582 61 597 78
person 0.2495233 377 131 405 160
person 0.21870865 309 142 329 164
person 0.21120879 739 88 757 109
person 0.16451417 609 74 634 100
person 0.14121483 862 106 879 129
person 0.13752852 581 134 600 159
person 0.13663554 865 91 888 121
person 0.13159376 654 75 679 101
person 0.127522 511 125 536 152
person 0.12650934 743 73 761 92
person 0.11122008 782 72 807 102
person 0.09438376 -3 341 27 419
person 0.07495846 571 87 588 107
person 0.07085559 656 44 672 62
person 0.066784054 687 44 702 63
person 0.054916024 463 82 477 99
person 0.052630022 476 80 486 93
person 0.052565366 833 68 857 95
person 0.05207587 703 67 720 87
person 0.050964165 723 87 742 108
person 0.05008826 555 96 574 118
person 0.03967806 554 68 578 93
person 0.038377605 462 97 478 117
person 0.037805952 356 134 374 155
person 0.03650938 916 87 932 111
person 0.032241262 508 74 518 85
person 0.031598937 699 94 719 115
person 0.029978171 0 321 8 409
person 0.029816508 947 66 969 94
person 0.029811358 647 58 657 78
person 0.029210718 916 67 938 95
person 0.028030777 419 116 437 136
person 0.027886761 461 131 489 160
person 0.026307594 825 66 841 86
person 0.020520167 652 52 664 72
person 0.019137127 543 136 572 165
person 0.01899285 622 54 631 66
person 0.018219497 430 131 450 153
person 0.016049806 812 94 830 115
person 0.014168843 673 139 704 171
person 0.014113567 962 126 987 158
person 0.013461941 591 64 602 82
person 0.013312189 404 137 425 160
person 0.013226288 972 90 989 112
person 0.013106794 624 42 640 62
person 0.012275009 495 75 521 101
person 0.012004727 675 50 689 74
person 0.011555584 295 149 314 171
person 0.01037192 675 67 687 84
person 0.010087396 658 94 677 115
person 0.010059978 560 65 571 82
