person 0.73626494 512 148 534 181
person 0.51105446 829 74 842 92
person 0.13921902 881 242 927 329
person 0.13712655 343 460 355 485
person 0.1294175 467 154 491 185
person 0.119247966 394 106 415 132
person 0.11907942 876 423 938 560
person 0.11881052 827 69 845 96
person 0.11815122 41 242 64 292
person 0.11541752 117 250 152 310
person 0.11038775 893 204 919 254
person 0.10169525 180 -65 208 6
person 0.099981226 944 556 952 614
person 0.0965018 506 142 540 192
person 0.09110932 831 76 839 87
person 0.08869453 506 140 528 168
person 0.08329023 891 352 950 512
person 0.07832562 904 294 948 400
person 0.078017816 943 161 952 205
person 0.07456324 894 273 954 431
person 0.07399943 1 112 11 150
person 0.07223924 110 231 143 276
person 0.07041862 943 191 952 245
person 0.07021909 420 258 471 335
person 0.06739752 581 314 630 404
person 0.06675613 872 222 937 355
person 0.06496928 828 80 843 100
person 0.06487266 0 221 7 272
person 0.0635234 844 90 857 108
person 0.06352129 35 249 66 315
person 0.061086122 96 233 116 267
person 0.060124487 395 114 416 141
person 0.059456322 689 75 703 92
person 0.05855416 387 100 409 124
person 0.056288153 433 99 457 125
person 0.055002745 -4 -206 8 -184
person 0.054599855 942 -205 951 -161
person 0.053891666 943 596 952 644
person 0.052118145 126 288 153 336
person 0.051017087 -3 8 8 32
person 0.04916658 234 185 256 214
person 0.048763137 943 521 950 581
person 0.048672277 29 374 66 489
person 0.04832197 0 -208 5 -183
person 0.048200034 944 214 952 273
person 0.047948632 895 154 916 185
person 0.047928534 456 74 470 90
person 0.047261164 46 251 59 276
person 0.0470576 -3 -205 7 -199
person 0.04692994 -3 -197 17 -115
person 0.0468332 571 267 608 326
person 0.046770368 0 5 5 36
person 0.04632466 477 91 501 117
person 0.04557582 229 178 252 206
person 0.045557447 0 244 7 322
person 0.045445263 570 292 636 426
person 0.045034662 0 222 4 254
person 0.044559546 399 115 413 135
person 0.043753304 935 194 954 250
person 0.043134697 941 120 951 160
person 0.0426045 446 118 470 146
person 0.042231705 552 256 604 335
person 0.0414538 531 156 549 178
person 0.04107543 -1 120 12 142
person 0.041038014 559 155 584 184
person 0.040707417 617 -87 653 42
person 0.040299345 938 164 954 200
person 0.039971832 -3 226 7 250
person 0.039935175 -2 -131 15 -41
person 0.03959672 581 56 594 72
person 0.039545212 579 56 601 83
person 0.039382603 484 516 494 580
person 0.039169654 435 108 449 126
person 0.03909156 738 638 759 695
person 0.039000332 935 217 954 274
person 0.038895313 2 103 9 126
person 0.038854584 473 124 497 153
person 0.038816255 0 105 13 125
person 0.038729846 920 370 947 420
person 0.0385471 337 551 348 594
person 0.03840231 941 -206 951 -199
person 0.038184874 942 252 951 324
person 0.038161065 511 94 535 119
person 0.038075686 43 444 78 568
person 0.037676416 49 259 63 285
person 0.037505325 555 549 567 603
person 0.037494816 554 95 578 121
person 0.037333682 690 79 704 98
person 0.037320007 940 -206 954 -186
person 0.037259445 384 118 407 146
person 0.037122503 878 623 904 703
person 0.03679743 519 546 530 602
person 0.03646478 806 -90 842 49
person 0.0364539 461 153 483 182
person 0.036343083 876 -85 911 46
person 0.036169607 121 -57 147 17
person 0.03587187 374 479 385 506
person 0.03583107 0 -210 7 -163
person 0.035706326 883 190 929 266
person 0.03568321 893 96 913 123
person 0.03568168 862 132 882 161
person 0.035558786 942 -172 951 -121
person 0.035273265 728 68 742 85
person 0.035188537 944 628 952 683
person 0.035179652 174 -4 205 62
person 0.035128877 581 63 595 82
person 0.035023287 128 195 152 225
person 0.034889583 44 259 59 286
person 0.03480783 584 122 608 151
person 0.03464769 882 -192 894 -156
person 0.03455938 387 89 421 143
person 0.034347665 893 455 928 537
person 0.03433936 339 518 351 568
person 0.034304895 3 332 17 439
person 0.033884995 544 127 569 156
person 0.033815008 86 191 107 221
person 0.03375027 624 65 645 92
person 0.033738498 690 65 710 93
person 0.033571772 592 89 615 115
person 0.03354974 73 33 105 99
person 0.033548504 682 73 697 90
person 0.03354351 -4 502 23 646
person 0.033443686 519 511 530 584
person 0.03325958 112 118 133 143
person 0.032990336 381 28 400 55
person 0.03295748 123 258 146 296
person 0.032921594 141 331 172 377
person 0.03272618 255 -69 282 6
person 0.03271839 753 335 818 490
person 0.032690078 39 -206 54 -191
person 0.032323048 589 545 605 607
person 0.03226291 933 -187 956 -115
person 0.03209578 785 159 806 191
person 0.031976387 22 -206 34 -200
person 0.031891715 493 160 511 182
person 0.03175232 775 639 796 695
person 0.031181397 1 98 11 137
person 0.031116396 -1 88 23 153
person 0.031051481 160 212 184 242
person 0.031025922 627 72 641 90
person 0.030886328 22 -206 37 -192
person 0.030693213 483 548 494 597
person 0.03064937 459 146 498 199
person 0.030648015 632 123 655 151
person 0.030504093 740 -89 776 54
person 0.030442 28 320 36 350
person 0.030340819 410 240 482 353
person 0.0302369 662 -92 699 49
person 0.030112479 910 403 938 452
person 0.030024435 702 639 723 696
person 0.029939698 164 121 185 145
person 0.029936498 328 126 351 154
person 0.029911961 618 151 655 205
person 0.029721346 932 263 952 322
person 0.029646173 264 173 287 201
person 0.029613359 849 -195 862 -154
person 0.029489279 565 54 586 78
person 0.029459417 668 122 690 151
person 0.029401198 222 124 246 150
person 0.029315889 163 99 176 115
person 0.02924822 588 154 613 185
person 0.029222047 584 59 592 69
person 0.029153382 574 21 581 32
person 0.029152533 823 60 848 102
person 0.02914931 891 122 913 151
person 0.029138291 295 125 318 153
person 0.029074363 332 95 354 120
person 0.029062232 88 446 103 470
person 0.028975291 97 225 167 351
person 0.02895821 192 371 212 392
person 0.028829843 -2 220 12 283
person 0.028708333 909 294 936 347
person 0.028695922 456 256 526 400
person 0.028691394 664 86 679 104
person 0.0286357 622 84 644 111
person 0.02861192 50 634 68 694
person 0.028522203 368 185 426 256
person 0.028400617 728 158 750 191
person 0.028218249 931 363 944 425
person 0.028216299 82 163 105 189
person 0.02820594 659 54 680 82
person 0.028115256 692 78 700 88
person 0.028092595 665 87 687 114
person 0.02803552 459 76 468 86
person 0.027923884 772 164 806 220
person 0.027809316 36 392 49 418
person 0.027728891 680 81 695 100
person 0.027651817 630 153 654 183
person 0.02761877 913 333 940 383
person 0.027519671 75 165 111 221
person 0.0274896 478 99 493 119
person 0.027430145 819 -199 833 -154
person 0.027412811 356 502 367 528
person 0.027326863 788 -205 799 -199
person 0.027326025 684 485 722 595
person 0.027105002 248 -1 278 63
person 0.027073698 738 124 760 153
person 0.02702408 435 86 451 103
person 0.026966227 913 -206 925 -200
person 0.026951192 809 121 831 151
person 0.026947405 39 -206 52 -200
person 0.026916387 28 154 58 215
person 0.026870664 770 -205 781 -199
person 0.026832618 572 19 585 33
person 0.026705248 159 95 181 120
person 0.026649166 202 325 274 476
person 0.026607875 20 297 27 328
person 0.02659994 54 -94 70 -50
person 0.02655709 400 108 409 124
person 0.026506046 -3 26 9 49
person 0.026497288 840 87 861 114
person 0.026390536 941 87 951 123
person 0.02633461 51 64 71 92
person 0.026204634 943 17 951 65
person 0.026187953 789 326 839 411
person 0.026061764 210 337 232 359
person 0.026015598 529 179 547 199
person 0.025987558 36 307 78 410
person 0.025979761 518 109 552 167
person 0.02595781 357 483 369 509
person 0.025956597 231 287 249 308
person 0.025894443 905 439 931 490
person 0.02578133 427 108 443 126
person 0.02576971 782 83 797 101
person 0.025747614 438 74 453 90
person 0.02559277 205 332 237 376
person 0.02549973 420 85 436 102
person 0.025470946 899 160 912 183
person 0.025381252 807 -205 818 -199
person 0.025360337 479 65 494 80
person 0.025202833 771 -206 783 -186
person 0.025177758 672 153 695 184
person 0.025150955 150 -105 178 -31
person 0.025142234 807 70 822 87
person 0.025129147 946 172 952 202
person 0.02510499 16 224 85 347
person 0.025095386 732 53 752 82
person 0.025093637 333 545 350 603
person 0.025083048 521 192 551 236
person 0.025019642 861 15 872 54
person 0.024943847 223 284 242 305
person 0.024922045 789 -206 801 -186
person 0.024921324 752 -205 763 -199
person 0.024917392 773 124 796 154
person 0.024862697 336 491 349 515
person 0.024860216 459 84 474 102
person 0.024781214 461 86 496 141
person 0.024754891 0 -196 7 -129
person 0.02470928 0 331 5 366
person 0.02469877 885 639 901 685
person 0.02468883 641 72 656 90
person 0.024654064 326 45 347 71
person 0.02463523 752 -206 765 -187
person 0.024612276 244 248 303 320
person 0.02452079 935 123 953 156
person 0.02446278 111 113 125 128
person 0.024397619 673 154 709 209
person 0.024384713 487 53 510 78
person 0.024359316 58 287 71 312
person 0.024272246 0 239 4 274
person 0.024204124 -3 244 7 269
person 0.024187401 618 55 633 73
person 0.024157306 71 325 89 384
person 0.024097163 554 103 569 124
person 0.024085224 819 653 847 734
person 0.024032982 133 294 164 337
person 0.02395994 493 65 508 80
person 0.023949236 517 29 526 42
person 0.02394109 942 49 951 87
person 0.023855917 38 164 60 191
person 0.023844143 434 116 450 137
person 0.023760129 160 74 194 131
person 0.02373711 515 28 529 45
person 0.023641951 913 -206 927 -191
person 0.023603799 501 274 570 423
person 0.023589032 734 317 785 405
person 0.023582073 0 310 7 394
person 0.023545867 734 -206 747 -188
person 0.023475504 831 160 865 216
person 0.023460053 711 123 732 151
person 0.02344714 946 157 951 185
person 0.023397945 665 639 686 697
person 0.023376621 726 488 741 512
person 0.023291094 807 -206 819 -186
person 0.023230016 732 84 747 102
person 0.023226114 846 557 856 582
person 0.023210542 623 15 642 49
person 0.02320069 775 88 797 114
person 0.023072232 920 278 934 353
person 0.023041423 150 -45 174 3
person 0.023024948 807 85 823 103
person 0.022925429 79 126 101 151
person 0.022901235 701 154 724 186
person 0.02279853 318 79 353 135
person 0.022779629 479 90 494 108
person 0.022728479 571 57 586 73
person 0.022727666 811 640 832 695
person 0.022726703 780 326 850 484
person 0.022627112 411 553 421 595
person 0.022626353 701 84 723 110
person 0.022521684 130 320 181 398
person 0.02251473 931 378 945 387
person 0.022503443 543 140 559 162
person 0.022483407 621 57 631 69
person 0.022412462 720 295 796 438
person 0.022355894 0 23 6 52
person 0.022320138 452 67 474 90
person 0.022317035 -3 592 11 716
person 0.022269813 614 88 647 150
person 0.022265503 521 53 544 78
person 0.02216938 824 -206 836 -199
person 0.022086253 744 9 757 50
person 0.022059795 267 125 290 152
person 0.022052709 598 -194 622 -121
person 0.02201214 333 105 348 124
person 0.022005383 624 35 638 53
person 0.02197668 731 70 740 80
person 0.021878777 733 -206 745 -199
person 0.021800749 841 162 864 195
person 0.02180065 0 270 9 356
person 0.021754127 809 154 831 187
person 0.021701807 732 87 754 114
person 0.021682242 714 9 726 49
person 0.021647811 189 126 212 151
person 0.021632578 0 -83 8 -22
person 0.021613376 818 12 831 53
person 0.021604482 715 -206 728 -189
person 0.021603953 498 52 508 64
person 0.021603337 185 -41 204 -1
person 0.02158391 737 -201 750 -155
person 0.021578336 86 612 107 723
person 0.021566832 272 100 287 119
person 0.021564698 481 67 491 77
person 0.021528466 897 -206 911 -191
person 0.02152427 592 638 612 697
person 0.021520073 828 556 837 583
person 0.021516066 900 11 908 25
person 0.021501774 445 639 466 697
person 0.02145239 304 90 326 114
person 0.021432828 469 276 518 367
person 0.021406353 212 353 232 371
person 0.02136154 849 642 867 687
person 0.02131112 836 74 850 92
person 0.021308383 372 639 393 697
person 0.021226335 783 14 796 55
person 0.021212861 409 639 429 697
person 0.021174157 166 101 173 113
person 0.021171028 825 -206 838 -187
person 0.021147607 667 -196 690 -121
person 0.021134196 381 88 397 107
person 0.021125074 897 -206 909 -200
person 0.021113068 898 174 913 199
person 0.021075942 333 462 351 488
person 0.021069681 67 302 87 357
person 0.021049974 774 84 789 102
person 0.021031493 772 679 791 743
person 0.021018568 82 -92 100 -49
person 0.02096036 655 223 691 282
person 0.020953929 524 -197 549 -126
person 0.020945225 -1 -86 19 -3
person 0.020898407 507 180 525 200
person 0.020815274 809 679 828 743
person 0.020772299 888 23 900 62
person 0.02076039 482 639 502 697
person 0.020755481 626 14 634 26
person 0.020679833 402 206 458 283
person 0.020668643 639 80 654 97
person 0.020625632 778 51 799 80
person 0.02060156 776 -201 790 -155
person 0.020579912 0 311 5 347
person 0.020565582 307 48 329 74
person 0.02055897 864 558 874 581
person 0.020552818 603 15 611 27
person 0.020527655 681 324 743 483
person 0.020523211 226 318 244 338
person 0.020471778 884 549 891 563
person 0.020439826 555 638 575 697
person 0.020439358 -4 85 9 105
person 0.020394182 16 337 27 364
person 0.02038862 0 82 5 108
person 0.020357084 374 551 384 595
person 0.020333052 126 320 147 337
person 0.020314477 830 82 840 95
person 0.020310918 928 375 948 394
person 0.02031033 225 162 264 215
person 0.020242829 662 72 677 89
person 0.020241972 519 639 539 697
person 0.020241769 19 284 25 313
person 0.02023854 158 160 195 213
person 0.020171333 943 719 949 759
person 0.020130731 124 299 151 320
person 0.020127716 735 679 755 743
person 0.02012386 496 67 505 77
person 0.020091875 237 -107 263 -31
person 0.020070687 496 50 511 66
person 0.019989159 537 230 615 363
person 0.019951157 664 545 680 608
person 0.01991609 697 -206 710 -189
person 0.019907905 91 74 125 133
person 0.019865142 946 191 951 222
person 0.019832049 269 248 326 321
person 0.019797204 865 545 874 568
person 0.019738365 127 -44 151 4
person 0.01972442 199 360 221 381
person 0.019695863 50 230 64 254
person 0.019694831 75 57 98 88
person 0.019650595 39 405 53 432
person 0.019622084 934 371 944 395
person 0.019585503 425 74 440 91
person 0.019556526 672 -200 686 -154
person 0.01950858 600 13 614 29
person 0.019451076 884 608 897 643
person 0.019426469 554 19 562 30
person 0.019426377 336 639 356 697
person 0.019424448 453 -197 479 -127
person 0.019397315 77 -109 104 -34
person 0.019376025 145 325 165 342
person 0.019374376 0 -123 8 -56
person 0.019295527 103 234 121 257
person 0.019222394 42 123 64 149
person 0.019208191 510 104 525 124
person 0.019109998 230 323 250 343
person 0.019105079 411 341 424 360
person 0.019098002 601 56 616 73
person 0.019085819 594 312 655 482
person 0.01908181 626 544 642 607
person 0.019038878 699 679 718 743
person 0.018999195 426 117 442 138
person 0.018997982 572 64 587 81
person 0.018981641 703 -201 717 -155
person 0.018965293 714 -206 726 -199
person 0.018958254 743 660 771 744
person 0.01895731 51 27 71 58
person 0.018926641 843 -206 856 -188
person 0.018899916 377 -196 403 -126
person 0.01889047 767 82 796 148
person 0.018874217 -8 -141 21 -28
person 0.018868871 318 8 350 72
person 0.018832514 684 74 694 85
person 0.018828923 300 552 311 594
person 0.01882289 492 173 511 192
person 0.018798186 404 88 421 106
person 0.018782156 269 89 291 114
person 0.018774819 846 92 855 103
person 0.018754927 555 157 588 198
person 0.018739782 118 293 192 427
person 0.018737582 883 -162 894 -122
person 0.018720362 68 448 84 471
person 0.018650288 496 102 511 123
person 0.018625166 379 50 402 75
person 0.01861876 519 22 527 34
person 0.01860245 2 106 9 120
person 0.018579606 515 23 535 51
person 0.018572936 81 262 105 314
person 0.01856427 764 362 812 465
person 0.018525623 919 504 962 615
person 0.018471012 249 76 284 132
person 0.01846656 226 88 248 112
person 0.01843241 0 294 5 329
person 0.018376386 390 110 420 151
person 0.018365607 668 9 686 45
person 0.018354485 74 327 84 378
person 0.01834922 635 -200 648 -155
person 0.018327897 0 349 5 383
person 0.01831988 470 190 502 233
person 0.018313885 12 167 24 202
person 0.018309092 842 -206 854 -199
person 0.01826594 818 215 853 275
person 0.018248366 0 644 11 718
person 0.018235056 529 143 546 166
person 0.018224007 557 57 570 72
person 0.018221531 896 652 923 736
person 0.018209208 662 679 682 743
person 0.018189326 91 452 141 632
person 0.0181581 946 105 951 130
person 0.01814777 512 303 562 393
person 0.018140296 119 281 148 302
person 0.018109966 148 248 207 318
person 0.018092997 153 -196 181 -127
person 0.018090114 851 55 872 85
person 0.018087987 386 183 471 328
person 0.018041214 124 336 187 488
person 0.018011246 887 257 915 310
person 0.017976636 89 647 114 742
person 0.017949114 409 54 431 78
person 0.01794478 107 250 172 405
person 0.017888479 1 135 9 160
person 0.017869087 781 185 803 218
person 0.017843373 516 21 531 35
person 0.017832888 156 225 188 269
person 0.01782499 164 95 178 111
person 0.01779778 225 222 319 352
person 0.017780272 158 655 184 747
person 0.017757112 604 58 614 70
person 0.017754918 178 317 198 338
person 0.01774627 0 -181 5 -144
person 0.017745465 625 82 640 101
person 0.01773423 60 297 74 322
person 0.01768727 945 8 951 36
person 0.01768027 70 446 110 565
person 0.017661588 0 -199 5 -164
person 0.01761183 45 81 67 109
person 0.017569967 0 385 5 420
person 0.017545333 0 213 4 243
person 0.017536871 943 175 955 200
person 0.017536525 595 -200 608 -156
person 0.017531054 882 11 890 25
person 0.017520923 710 400 769 555
person 0.01750567 626 679 645 743
person 0.017499471 197 322 253 400
person 0.017457692 187 294 265 428
person 0.017456448 340 -65 367 12
person 0.0174563 741 220 777 278
person 0.017432878 678 -206 692 -189
person 0.017429708 895 50 914 79
person 0.017377082 947 517 951 547
person 0.01734569 534 18 543 30
person 0.01734538 233 356 256 375
person 0.017313046 565 16 584 45
person 0.017256875 656 590 675 650
person 0.017227545 54 -135 71 -77
person 0.017207067 902 547 908 560
person 0.017206792 845 680 865 743
person 0.017180927 0 606 7 678
person 0.017179044 496 87 511 103
person 0.017176563 88 -38 107 -1
person 0.017153354 942 107 955 128
person 0.017144153 516 71 531 87
person 0.017114619 395 170 417 202
person 0.017098231 584 66 592 77
person 0.017097047 602 -45 657 116
person 0.017087456 199 503 214 528
person 0.01708503 548 596 564 641
person 0.017074855 936 89 954 119
person 0.01706547 482 56 496 72
person 0.017057458 877 158 890 180
person 0.0170285 719 85 734 103
person 0.01702839 693 83 701 93
person 0.017026227 299 639 319 697
person 0.017016906 399 178 414 200
person 0.017006166 708 1 730 53
person 0.016998928 589 679 608 743
person 0.016997663 483 -76 508 8
person 0.016994651 232 -197 259 -128
person 0.016985279 641 -80 655 -58
person 0.016968766 150 679 169 743
person 0.016955217 82 636 101 696
person 0.016942935 551 27 565 44
person 0.016918607 -1 -158 11 -86
person 0.016915644 201 394 223 415
person 0.016896322 1 -6 7 24
person 0.016877385 54 283 75 342
person 0.016876746 823 650 841 711
person 0.016869603 628 639 649 697
person 0.016847448 623 -80 636 -57
person 0.016846329 687 89 718 152
person 0.016822044 945 696 951 735
person 0.016808901 119 164 143 188
person 0.016801983 0 714 7 756
person 0.016797496 595 21 602 33
person 0.016789967 898 10 911 28
person 0.01678471 770 101 785 120
person 0.016776113 182 281 202 299
person 0.016744757 28 -4 54 64
person 0.016716292 309 -195 336 -125
person 0.016698949 651 285 728 436
person 0.016693039 124 -201 137 -156
person 0.0166649 552 679 572 743
person 0.016612252 165 -87 220 53
person 0.016602121 351 163 445 280
person 0.016538171 514 84 529 102
person 0.016535899 114 679 133 743
person 0.016532216 186 90 208 115
person 0.016523534 395 104 404 121
person 0.016515408 0 276 4 313
person 0.016512852 443 544 459 604
person 0.016506867 187 679 206 743
person 0.016477376 516 679 535 743
person 0.016438266 719 69 733 86
person 0.016434498 584 596 601 641
person 0.016431322 108 104 130 130
person 0.016429018 922 325 936 388
person 0.01640892 942 194 954 219
person 0.016406495 370 545 386 604
person 0.016399994 898 188 913 212
person 0.01639958 898 200 914 239
person 0.016385632 441 -206 455 -188
person 0.01638391 41 679 60 744
person 0.016379714 460 -206 473 -188
person 0.016378915 479 679 499 743
person 0.016377633 788 69 802 85
person 0.016360413 423 -206 437 -188
person 0.0163596 313 -206 327 -188
person 0.01635939 295 -206 309 -188
person 0.016357519 496 -206 510 -188
person 0.016357442 332 -206 345 -188
person 0.016357368 368 -206 382 -188
person 0.016356485 350 -206 364 -188
person 0.016354911 277 -206 290 -188
person 0.016354404 185 -206 199 -188
person 0.016351582 387 -206 400 -188
person 0.016350992 204 -206 217 -188
person 0.016350709 222 -206 236 -188
person 0.016350294 240 -206 254 -188
person 0.016349878 478 -206 492 -188
person 0.016349811 259 -206 272 -188
person 0.016346077 0 533 4 568
person 0.016340956 24 127 38 145
person 0.016337585 157 164 181 189
person 0.01633697 405 -206 419 -188
person 0.016334496 167 -206 181 -188
person 0.01632003 443 679 462 743
person 0.016312184 223 679 243 743
person 0.016303074 515 -206 528 -188
person 0.016297286 931 395 945 405
person 0.016276073 34 378 46 404
person 0.01626196 447 551 457 595
person 0.016258307 406 679 425 743
person 0.016255073 913 79 940 145
person 0.016228743 260 679 279 743
person 0.016219351 369 679 389 743
person 0.01620893 296 679 316 743
person 0.01619686 333 679 352 743
person 0.016176533 514 596 526 639
person 0.016159542 883 558 890 579
person 0.01615823 149 -206 162 -188
person 0.016151397 533 -206 547 -188
person 0.016149797 696 -206 708 -199
person 0.016119903 783 104 797 123
person 0.016117023 327 152 350 181
person 0.01611139 207 414 218 425
person 0.016111232 93 -193 121 -123
person 0.01610261 881 680 901 743
person 0.016093796 384 505 398 579
person 0.016087394 513 -80 528 -58
person 0.016072314 472 140 489 163
person 0.016038753 549 119 565 142
person 0.015988054 54 331 72 393
person 0.015986703 787 649 804 711
person 0.015971648 830 80 859 145
person 0.015963705 735 101 749 120
person 0.015963212 60 -196 70 -155
person 0.015938422 837 189 859 225
person 0.015932089 733 159 747 183
person 0.015919877 94 -197 105 -156
person 0.015911626 383 156 405 188
person 0.015906429 944 356 951 381
person 0.015901877 861 -206 874 -190
person 0.015895333 0 367 5 401
person 0.015893394 138 352 171 376
person 0.01589203 659 -80 673 -60
person 0.015888326 69 461 87 486
person 0.015855076 513 119 529 143
person 0.015855068 402 650 418 673
person 0.015849346 607 37 622 54
person 0.015835587 624 12 637 28
person 0.015815675 421 650 436 673
person 0.015814355 568 -80 582 -57
person 0.01580822 605 -80 618 -57
person 0.015800422 384 650 400 673
person 0.015794765 553 190 578 223
person 0.015791763 121 244 139 266
person 0.015782436 716 105 731 123
person 0.01577751 121 229 140 253
person 0.015762214 439 650 455 673
person 0.015756784 0 1 8 48
person 0.015744343 660 -206 674 -189
person 0.015742665 180 335 201 355
person 0.015737198 104 263 127 286
person 0.015726656 944 648 952 716
person 0.015715897 91 -131 107 -85
person 0.015709031 366 650 381 673
person 0.015694432 586 -80 600 -57
person 0.01568304 -4 45 8 67
person 0.015678713 472 124 488 145
person 0.015670964 896 651 914 714
person 0.015667656 551 -206 565 -189
person 0.015657902 73 334 87 360
person 0.015656337 130 -206 144 -189
person 0.015654571 364 498 377 526
person 0.01565275 919 -123 941 -27
person 0.015638093 0 -34 4 2
person 0.015631715 130 323 144 333
person 0.015620382 474 -80 490 -57
person 0.015620096 293 650 308 673
person 0.015612583 531 -80 546 -58
person 0.015607199 348 650 363 673
person 0.015604679 46 297 57 323
person 0.015602474 274 650 290 673
person 0.015602123 552 66 567 83
person 0.015594939 484 59 494 69
person 0.015588358 407 546 423 605
person 0.015584322 457 650 473 673
person 0.015575655 256 650 272 673
person 0.015575127 329 650 345 673
person 0.015573467 588 121 604 142
person 0.015568898 311 650 326 673
person 0.015537914 568 26 583 44
person 0.0155320885 404 599 417 640
person 0.015528091 794 536 802 566
person 0.015527102 238 650 253 673
person 0.015517161 569 102 585 122
person 0.015509248 567 464 581 490
person 0.015470538 262 639 283 697
person 0.015465956 118 273 164 364
person 0.015446815 829 -192 837 -161
person 0.015435028 220 650 235 673
person 0.015417007 452 188 477 222
person 0.015413918 493 -80 509 -57
person 0.0154121155 941 80 954 102
person 0.015397758 476 650 491 673
person 0.015386125 549 -80 564 -58
person 0.01536952 551 88 566 107
person 0.015356383 324 174 382 248
person 0.015350076 593 19 606 34
person 0.015343929 139 301 158 318
person 0.015324692 559 -202 572 -157
person 0.015307763 674 -53 725 116
person 0.015299988 166 97 175 108
person 0.015294714 636 53 650 70
person 0.015288843 -4 216 7 241
person 0.015286946 752 121 766 143
person 0.015275602 946 208 951 240
person 0.015269358 257 226 342 344
person 0.015257977 734 139 749 163
person 0.015248787 246 -76 287 24
person 0.015228728 201 650 217 673
person 0.01521882 569 -206 583 -189
person 0.015188841 168 242 201 285
person 0.0151762515 0 380 6 470
person 0.015175382 601 64 617 82
person 0.015175281 494 650 509 673
person 0.015162538 742 192 765 229
person 0.015133785 239 443 258 465
person 0.015107041 675 598 708 717
person 0.015073817 945 78 951 102
person 0.015049088 695 190 717 225
person 0.015044191 660 103 675 123
person 0.015020643 636 103 651 122
person 0.014998783 943 363 951 372
person 0.014983469 943 -137 951 -82
person 0.014977276 183 650 198 673
person 0.014971179 629 73 638 86
person 0.014945682 69 320 82 344
person 0.014929452 232 181 248 201
person 0.014927846 936 -206 954 -152
person 0.0149255395 0 -163 5 -126
person 0.014917206 667 308 719 396
person 0.014909781 512 650 528 673
person 0.014890821 477 599 490 641
person 0.014871975 738 2 761 54
person 0.014870501 112 -206 126 -189
person 0.014857617 531 68 546 84
person 0.014839093 336 30 356 57
person 0.014812711 -3 -208 12 -146
person 0.014803741 165 -12 211 80
person 0.014795907 77 679 96 744
person 0.014794349 0 209 8 249
person 0.014789394 538 239 566 288
person 0.014788985 226 639 246 697
person 0.014779817 461 101 476 119
person 0.014763378 715 119 730 140
person 0.014760229 946 118 951 145
person 0.014732745 552 17 565 32
person 0.014731471 769 122 783 144
person 0.014726774 566 158 582 181
person 0.014724594 227 660 255 746
person 0.014720777 156 -203 169 -158
person 0.014715569 926 391 948 411
person 0.0147153 129 -135 147 -89
person 0.014678704 472 171 491 191
person 0.01466865 474 -86 513 30
person 0.014661196 49 320 64 348
person 0.014629886 573 59 583 70
person 0.014622717 531 650 546 673
person 0.014598381 393 325 406 345
person 0.014589843 65 22 111 112
person 0.014587588 57 -206 71 -191
person 0.014582139 181 200 209 231
person 0.014581002 860 -206 872 -199
person 0.014568942 510 593 529 650
person 0.014565794 -4 -29 7 -3
person 0.014563452 296 545 314 604
person 0.014559054 546 -77 586 43
person 0.014558896 810 557 819 584
person 0.0145416595 165 650 180 673
person 0.014530328 554 29 562 41
person 0.014530191 0 403 5 440
person 0.014517257 502 241 534 290
person 0.014510022 189 639 210 697
person 0.014508188 676 103 691 122
person 0.014490778 880 0 890 15
person 0.014470363 180 268 202 289
person 0.014465163 945 537 951 567
person 0.014450121 60 443 76 468
person 0.014445604 228 -203 241 -158
person 0.014444688 815 -178 827 -132
person 0.014437699 733 172 748 196
person 0.014434231 943 160 954 184
person 0.014410462 483 -115 508 -34
person 0.014404998 659 650 674 673
person 0.014402866 0 512 4 549
person 0.014388786 862 153 876 176
person 0.014361376 261 62 282 88
person 0.0143601075 642 -206 656 -189
person 0.014347201 549 650 564 673
person 0.0143409865 588 -206 601 -189
person 0.014338782 620 592 638 651
person 0.01433819 265 -203 278 -158
person 0.014337954 902 559 909 578
person 0.014324852 633 187 657 221
person 0.01431218 45 232 59 258
person 0.014310842 212 351 266 441
person 0.0142937405 677 650 692 673
person 0.014291791 640 650 656 673
person 0.014259738 697 103 712 121
person 0.014253317 626 100 642 120
person 0.014237776 94 -206 108 -189
person 0.014232063 945 -176 951 -142
person 0.014229561 879 -206 890 -199
person 0.014226745 622 650 637 673
person 0.01422427 472 238 501 286
person 0.014222312 787 175 802 200
person 0.014197671 750 649 768 712
person 0.014178623 638 55 648 66
person 0.014169308 567 650 582 673
person 0.014162156 568 139 584 161
person 0.01415113 695 650 711 673
person 0.014148667 191 -203 205 -158
person 0.0141368015 604 650 619 673
person 0.014122957 412 514 422 571
person 0.014116116 946 225 951 257
person 0.014116041 585 650 601 673
person 0.014111927 898 0 908 15
person 0.014111111 545 158 562 180
person 0.0141108995 696 591 709 642
person 0.014105958 946 45 952 69
person 0.0140985735 750 84 765 101
person 0.014093391 108 241 132 265
person 0.014091191 739 -193 746 -162
person 0.014079133 270 176 284 197
person 0.014071272 27 387 37 413
person 0.014060587 309 -132 335 -55
person 0.014053733 879 -206 893 -190
person 0.01400844 187 163 211 189
person 0.013976796 947 503 951 532
person 0.013957679 255 402 283 450
person 0.013955212 256 306 337 424
person 0.013949958 643 73 653 84
person 0.013924105 678 -206 690 -199
person 0.013922639 939 359 955 379
person 0.013907486 114 282 133 301
person 0.013906721 446 515 463 581
person 0.013902843 459 141 475 163
person 0.013885733 349 88 364 105
person 0.013882056 934 387 944 413
person 0.013861223 733 592 746 643
person 0.013860812 37 337 45 365
person 0.013842842 717 138 731 161
person 0.0138397245 452 20 473 46
person 0.013831175 226 371 257 392
person 0.013829829 586 137 602 159
person 0.013817439 264 74 278 91
person 0.0138153015 595 14 614 46
person 0.013804982 521 -202 534 -158
person 0.013802684 730 -62 747 -54
person 0.013786772 606 -206 620 -189
person 0.013782959 528 -122 553 -36
person 0.013779649 146 650 162 673
person 0.013767185 604 596 635 721
person 0.0137538165 229 59 251 86
person 0.013749263 714 650 729 673
person 0.013740239 490 22 511 49
person 0.013736092 845 100 860 121
person 0.0137227 679 139 694 162
person 0.013715152 43 289 56 316
person 0.013712546 213 271 230 288
person 0.013704487 113 114 121 126
person 0.0137010785 852 -171 866 -123
person 0.013698409 264 187 288 219
person 0.013671025 347 105 363 124
person 0.013666396 157 604 188 720
person 0.013662869 659 -120 682 -21
person 0.01364286 88 463 108 489
person 0.013642032 142 335 168 355
person 0.01364191 172 312 202 356
person 0.013639524 624 -206 638 -189
person 0.013623675 25 371 36 398
person 0.013621681 946 511 952 522
person 0.013617787 237 26 256 56
person 0.013608587 593 662 620 749
person 0.0135958865 153 638 173 697
person 0.013594161 667 662 695 750
person 0.0135888215 860 527 871 546
person 0.01358192 531 84 546 103
person 0.013564663 751 106 766 125
person 0.013558379 627 37 635 50
person 0.013558284 370 92 385 109
person 0.013556211 82 188 111 231
person 0.013546777 475 0 506 69
person 0.013528235 807 103 822 122
person 0.013526548 -1 137 14 159
person 0.013525614 440 76 451 86
person 0.013516632 -3 -194 7 -169
person 0.013513213 368 601 380 640
person 0.013509119 559 60 567 70
person 0.013507422 117 638 136 697
person 0.0134956725 873 138 887 160
person 0.013481187 813 4 834 57
person 0.013471431 643 13 651 26
person 0.013466685 0 550 5 586
person 0.013464936 431 280 462 300
person 0.013462144 -3 336 7 361
person 0.013461099 768 139 783 163
person 0.013445897 385 30 399 48
person 0.013439181 301 -203 314 -158
person 0.013437879 735 122 749 144
person 0.013437564 40 26 57 49
person 0.013417475 757 -193 764 -162
person 0.013409423 374 472 382 496
person 0.013385259 789 155 803 180
person 0.013384441 306 437 323 458
person 0.013384365 946 526 951 537
person 0.013379422 772 68 786 84
person 0.013374212 895 247 914 267
person 0.013369149 738 -205 762 -132
person 0.013357033 937 628 953 690
person 0.013346197 289 322 304 342
person 0.013345236 777 540 785 572
person 0.013343145 802 -63 820 -53
person 0.013339373 855 6 876 59
person 0.013306872 484 -202 497 -158
person 0.01330271 454 173 472 194
person 0.01328416 385 -1 416 62
person 0.013280497 945 -140 951 -106
person 0.013267457 0 257 5 294
person 0.013258196 234 431 253 450
person 0.013252034 845 176 859 200
person 0.013249646 732 649 747 672
person 0.013239443 177 469 196 494
person 0.013231149 59 334 118 502
person 0.013229704 664 73 674 85
person 0.013227533 942 211 955 236
person 0.013220158 945 -85 951 -51
person 0.013218989 277 90 292 107
person 0.013193662 946 28 952 53
person 0.013190644 423 157 438 179
person 0.013187603 0 527 7 613
person 0.013185059 682 84 692 95
person 0.013168343 161 59 182 87
person 0.013151196 331 598 343 639
person 0.013144724 938 656 952 726
person 0.013141453 58 351 70 377
person 0.01314068 945 -158 951 -124
person 0.013140179 474 349 485 361
person 0.013125082 532 120 548 142
person 0.013114739 530 104 546 124
person 0.013111136 724 488 768 594
person 0.013091413 0 -44 7 6
person 0.013067045 602 82 617 100
person 0.013064862 0 -145 5 -107
person 0.01303283 461 85 471 96
person 0.013028717 55 -67 76 -12
person 0.013024927 637 121 652 143
person 0.0130146695 676 122 691 143
person 0.013014345 750 68 764 85
person 0.013007848 406 74 421 91
person 0.012994705 458 122 474 143
person 0.012952414 919 393 937 414
person 0.012935222 586 157 602 179
person 0.012887893 204 411 222 428
person 0.012885868 97 541 108 619
person 0.012874694 366 104 382 123
person 0.012867733 748 -63 766 -54
person 0.012863452 900 80 915 98
person 0.012857488 108 116 122 133
person 0.012854898 163 410 186 431
person 0.012845547 357 487 367 544
person 0.0128364675 914 192 928 217
person 0.01283259 666 87 676 99
person 0.012831599 -3 391 8 414
person 0.012830094 751 138 765 162
person 0.012829255 0 42 5 70
person 0.012821141 409 23 431 49
person 0.0128071895 751 -54 800 121
person 0.012806791 734 86 744 97
person 0.012798024 870 171 946 283
person 0.012788183 373 665 400 750
person 0.012785584 713 -62 729 -53
person 0.012784113 236 337 258 357
person 0.012763555 811 -193 819 -162
person 0.0127521865 312 -80 326 -56
person 0.012749138 196 463 211 486
person 0.012745891 268 426 291 447
person 0.012731946 936 51 954 82
person 0.012694188 879 10 893 28
person 0.012680039 448 -202 460 -158
person 0.012659811 446 665 473 751
person 0.012658159 778 7 799 60
person 0.012625258 715 157 729 181
person 0.012621443 -3 282 7 307
person 0.012617391 441 158 457 179
person 0.012604969 -2 -2 10 20
person 0.012589572 518 73 528 83
person 0.012585832 584 158 617 200
person 0.012577048 907 -134 942 -4
person 0.012555775 750 649 766 672
person 0.012555534 721 71 730 82
person 0.012539328 586 104 602 124
person 0.012537521 404 -80 418 -57
person 0.012529873 365 121 381 141
person 0.0125199305 880 563 896 613
person 0.012499614 519 663 546 750
person 0.012494882 878 -199 897 -147
person 0.012488647 114 96 124 107
person 0.0124863135 566 84 581 103
person 0.012479664 660 -206 672 -199
person 0.0124761565 864 70 878 88
person 0.012472609 -3 -175 7 -150
person 0.012468856 847 543 856 568
person 0.012462951 351 348 365 368
person 0.012433675 474 283 494 303
person 0.012426371 122 -95 140 -52
person 0.012400994 226 180 242 202
person 0.012399664 894 223 914 248
person 0.012398227 593 -177 604 -133
person 0.012396453 0 586 5 623
person 0.01239277 386 -80 399 -56
person 0.012348527 441 601 453 642
person 0.012346092 629 -176 641 -131
person 0.01233696 592 188 617 222
person 0.012336268 766 -63 784 -54
person 0.012329729 589 86 605 106
person 0.012326488 945 -11 951 20
person 0.012324904 660 121 675 142
person 0.012305462 128 649 143 673
person 0.012302483 945 555 951 586
person 0.012301834 754 13 762 27
person 0.012301563 401 135 416 158
person 0.012301163 677 649 694 712
person 0.012298764 346 465 353 478
person 0.012297223 860 651 877 713
person 0.012294572 677 -80 692 -61
person 0.012290166 565 120 581 142
person 0.012283709 465 56 479 72
person 0.012273929 692 348 738 452
person 0.0122622745 75 -206 89 -190
person 0.012261617 554 516 570 582
person 0.012256644 945 -121 951 -87
person 0.012251335 388 -152 413 -74
person 0.012240861 627 158 642 182
person 0.012230936 666 189 689 224
person 0.012227976 945 -67 951 -33
person 0.012227515 752 1 762 15
person 0.012215294 843 191 858 216
person 0.012213683 810 73 820 83
person 0.0122102145 912 8 926 29
person 0.012209473 839 77 849 88
person 0.0121715 788 1 798 14
person 0.012170273 784 -63 802 -54
person 0.012167545 596 335 622 355
person 0.01216645 788 121 802 143
person 0.012147205 18 352 29 379
person 0.012145414 846 609 864 648
person 0.012143715 511 54 526 70
person 0.012140775 238 471 258 493
person 0.012133983 474 595 493 652
person 0.012131297 331 -79 344 -56
person 0.012123549 300 664 327 750
person 0.012118121 -3 317 7 341
person 0.012116111 800 624 861 758
person 0.012114901 532 -29 591 121
person 0.012110775 421 140 437 162
person 0.012090324 133 198 149 221
person 0.012085432 173 260 205 303
person 0.012075615 714 649 731 712
person 0.0120582385 550 -1 578 76
person 0.012052116 808 121 823 142
person 0.012043455 820 103 836 121
person 0.012038752 881 31 895 50
person 0.0120329065 53 649 70 713
person 0.012002323 775 -194 782 -162
person 0.011994628 438 88 448 98
person 0.011987167 696 139 711 162
person 0.011983661 926 -8 948 83
person 0.011965974 810 540 818 569
person 0.011961318 768 649 784 672
person 0.0119517865 809 193 832 229
person 0.011951754 781 162 809 206
person 0.011951437 377 82 426 159
person 0.011940676 328 15 343 31
person 0.011940035 338 -203 350 -158
person 0.011939158 159 360 179 378
person 0.011917314 335 90 349 107
person 0.011916885 112 93 127 110
person 0.0119143715 665 -176 677 -129
person 0.011884611 698 543 717 605
person 0.011874498 25 265 31 294
person 0.011869529 945 -103 951 -69
person 0.011856779 845 227 873 276
person 0.0118293185 787 140 802 164
person 0.011828555 770 1 780 15
person 0.011824793 747 605 783 712
person 0.011810554 162 21 182 51
person 0.011802299 -3 372 7 396
person 0.011797844 183 500 202 525
person 0.011796633 10 155 17 183
person 0.011789058 456 -80 472 -57
person 0.0117672365 777 547 783 565
person 0.011762496 0 -126 5 -89
person 0.011737929 185 361 216 406
person 0.011734803 97 596 108 644
person 0.011726261 481 92 491 102
person 0.011725129 380 117 411 158
person 0.011719842 252 450 272 471
person 0.01171357 794 542 800 559
person 0.011691555 179 479 197 503
person 0.011686189 224 367 258 413
person 0.011686035 945 493 952 503
person 0.011683733 0 604 5 641
person 0.011672765 734 53 749 71
person 0.011643256 411 -202 424 -158
person 0.0116424225 401 596 419 652
person 0.011638762 180 400 201 417
person 0.01163651 309 29 329 56
person 0.011632731 53 411 69 437
person 0.011626658 945 574 951 605
person 0.011620221 899 31 913 50
person 0.011606767 205 515 219 540
person 0.0116030155 0 695 4 735
person 0.011602862 0 567 5 604
person 0.011581762 47 57 74 100
person 0.011578869 55 424 71 450
person 0.011569279 696 -62 712 -44
person 0.011551979 595 -120 619 -28
person 0.011547852 235 604 266 718
person 0.011544424 428 96 461 135
person 0.011536037 604 649 621 712
person 0.011535118 693 157 708 180
person 0.011524216 188 51 210 78
person 0.011516788 267 328 325 405
person 0.011516055 312 410 329 430
person 0.01151186 41 661 55 688
person 0.011507879 793 -194 801 -162
person 0.011503274 494 141 511 163
person 0.011502005 92 -174 107 -126
person 0.011498541 936 593 953 650
person 0.011498069 129 223 222 353
person 0.011456223 844 157 859 181
person 0.011449292 675 -81 691 -71
person 0.011444845 76 82 98 110
person 0.011431975 332 119 347 140
person 0.011429745 112 -67 152 35
person 0.011418624 943 46 955 68
person 0.011415594 82 364 104 424
person 0.0114092305 34 198 55 228
person 0.011400058 116 -176 128 -131
person 0.011389117 344 451 355 499
person 0.01138501 60 597 70 650
person 0.011378679 334 139 348 162
person 0.011368857 861 0 871 15
person 0.011362437 504 371 514 398
person 0.011348251 222 534 231 564
person 0.011343866 493 120 509 143
person 0.011324143 57 -206 69 -200
person 0.011318513 574 66 584 77
person 0.011316838 806 140 821 163
person 0.011315802 640 649 658 712
person 0.011313444 489 127 557 247
person 0.0112909805 638 138 654 161
person 0.011255116 642 -206 654 -199
person 0.011248877 71 306 81 351
person 0.011245786 720 -193 728 -162
person 0.01124199 822 -63 837 -53
person 0.0112396 514 56 523 68
person 0.011235928 -3 299 7 324
person 0.011234223 643 537 651 566
person 0.011232491 -3 263 7 288
person 0.011229854 905 426 938 446
person 0.01119814 300 156 324 186
person 0.011181848 369 537 377 568
person 0.011181252 374 -203 387 -158
person 0.011160152 252 177 268 198
person 0.011138372 399 189 415 212
person 0.011138225 457 649 475 713
person 0.011137753 308 596 343 690
person 0.011137122 554 68 564 79
person 0.011132046 39 11 54 34
person 0.011125659 159 390 183 410
person 0.011105737 915 433 926 496
person 0.011103139 642 83 651 93
person 0.011090978 947 485 952 513
person 0.011079107 809 86 820 98
person 0.011067077 1 122 8 136
person 0.011060085 879 -167 897 -112
person 0.011059475 422 87 433 97
person 0.011053469 686 56 713 100
person 0.01105302 399 328 408 340
person 0.01104979 603 140 618 161
person 0.011045945 785 86 795 96
person 0.011045606 207 483 224 507
person 0.011030141 386 137 401 160
person 0.011013082 605 156 621 179
person 0.011009068 494 649 511 713
person 0.011004542 641 11 655 28
person 0.010992623 727 274 752 327
person 0.010985859 567 649 584 712
person 0.010983005 401 159 417 180
person 0.010980996 59 -170 70 -121
person 0.010980328 421 649 438 713
person 0.010971409 946 680 952 717
person 0.010955391 733 632 747 656
person 0.010946595 939 340 952 351
person 0.010942807 787 648 802 672
person 0.010934368 697 121 711 142
person 0.010929042 941 70 954 91
person 0.010922122 881 559 893 583
person 0.010921601 140 418 157 438
person 0.010915133 608 460 620 485
person 0.010910058 775 555 783 583
person 0.010905722 294 433 314 454
person 0.010892491 162 252 184 275
person 0.010891843 0 -108 5 -71
person 0.010887868 -8 81 30 167
person 0.010884643 296 124 311 143
person 0.010881805 441 -206 453 -199
person 0.010879942 459 -206 472 -199
person 0.010873636 496 -206 508 -199
person 0.010872401 0 -90 5 -53
person 0.010869283 148 -136 167 -90
person 0.010868694 118 25 140 56
person 0.010867526 478 -206 490 -199
person 0.010865798 423 -206 435 -199
person 0.010858805 313 -206 325 -199
person 0.010858308 295 -206 307 -199
person 0.010857416 331 -206 343 -199
person 0.010857264 368 -206 380 -199
person 0.0108571965 514 -206 526 -199
person 0.010856648 349 -206 362 -199
person 0.010856029 0 641 5 677
person 0.0108555015 276 -206 289 -199
person 0.010854754 820 120 835 141
person 0.010854119 185 -206 197 -199
person 0.010853719 386 -206 398 -199
person 0.010851729 258 -206 270 -199
person 0.010851191 203 -206 215 -199
person 0.01085114 240 -206 252 -199
person 0.01085113 221 -206 234 -199
person 0.010849901 167 -206 179 -199
person 0.010848975 404 -206 417 -199
person 0.010847251 191 -97 210 -51
person 0.010835433 884 646 928 751
person 0.0108277965 531 649 548 712
person 0.010824498 178 306 197 324
person 0.010810578 0 623 5 659
person 0.010805633 575 49 605 91
person 0.010802575 531 52 546 68
person 0.010802361 -4 66 8 87
person 0.010801617 471 298 500 319
person 0.01080095 737 26 750 42
person 0.010800017 327 594 346 650
person 0.010791936 790 13 798 28
person 0.010785229 395 328 402 340
person 0.01078237 0 478 6 591
person 0.010776705 251 193 268 214
person 0.01077635 847 -192 855 -161
person 0.010772833 714 -61 730 -45
person 0.010765168 532 -206 545 -199
person 0.010763776 25 498 32 532
person 0.010761806 946 241 951 271
person 0.010759592 722 87 731 98
person 0.010755919 148 -206 161 -199
person 0.010730803 776 86 786 97
person 0.010726936 384 649 401 713
person 0.010724993 602 120 617 141
person 0.010707083 238 -10 284 81
person 0.010706851 442 121 474 161
person 0.010697583 806 1 817 14
person 0.010689349 752 632 765 656
person 0.01068759 593 227 621 276
person 0.010678544 165 454 184 473
person 0.010677663 697 224 725 274
person 0.010677663 767 599 784 643
person 0.010677032 336 501 348 525
person 0.010664222 0 415 6 509
person 0.010661786 391 74 405 91
person 0.010652511 812 613 851 708
person 0.010651224 465 345 474 358
person 0.010648647 942 330 951 361
person 0.0106462855 25 517 35 549
person 0.010645216 40 644 53 671
person 0.010644212 264 549 276 600
person 0.010639277 701 -192 711 -162
person 0.010638644 0 -71 5 -35
person 0.010633753 238 302 257 324
person 0.010628661 457 598 489 691
person 0.010626536 166 413 183 425
person 0.010623593 385 599 418 691
person 0.010622711 733 1 744 15
person 0.010615102 533 70 543 80
person 0.010603949 594 26 607 44
person 0.010601833 530 597 559 722
person 0.010599068 0 569 7 641
person 0.010598628 942 229 955 253
person 0.010596992 945 -33 951 3
person 0.010593204 603 511 616 587
person 0.0105919605 715 632 728 656
person 0.010587678 331 -73 372 33
person 0.010579993 771 13 780 27
person 0.010561935 354 358 368 381
person 0.010550533 310 139 325 161
person 0.010538788 308 390 325 411
person 0.010536053 0 494 4 534
person 0.010534845 313 84 328 99
person 0.010526419 551 -206 563 -199
person 0.010521408 435 267 455 286
person 0.010520242 312 44 328 63
person 0.010508053 220 303 239 323
person 0.010506377 349 -79 363 -56
person 0.010506373 604 65 614 77
person 0.010503865 437 176 454 197
person 0.010502829 682 -192 693 -162
person 0.010491209 130 -206 142 -199
person 0.010488463 295 108 310 126
person 0.010486478 348 649 365 713
person 0.010478886 127 215 144 237
person 0.010478372 610 39 619 51
person 0.010467733 691 506 706 531
person 0.010467653 310 105 325 123
person 0.01045004 945 261 951 289
person 0.010445777 468 128 502 168
person 0.010439977 365 138 380 161
person 0.010438898 557 -177 568 -134
person 0.010428579 569 -206 581 -199
person 0.010396145 624 -206 636 -199
person 0.01039077 20 700 33 728
person 0.0103869075 262 556 273 584
person 0.010384344 193 17 214 48
person 0.010382487 187 367 207 385
person 0.010382257 229 424 261 469
person 0.010380474 734 14 748 31
person 0.010379157 -1 229 4 243
person 0.010371054 534 55 544 65
person 0.010369933 804 409 826 428
person 0.010355957 843 1 853 14
person 0.010354661 810 -43 861 123
person 0.010353782 -3 646 8 671
person 0.010337875 279 555 290 583
person 0.010329649 882 173 896 196
person 0.010328625 939 564 953 605
person 0.010321619 945 591 951 624
person 0.010319763 625 139 641 161
person 0.010299159 942 297 948 325
person 0.010275734 115 556 126 583
person 0.010261913 662 13 670 26
person 0.010255042 363 596 382 651
person 0.01024926 786 188 801 212
person 0.010236777 139 290 160 307
person 0.010233662 697 633 710 656
person 0.010232933 617 -11 644 76
person 0.01022836 499 34 514 51
person 0.010223018 569 633 582 657
person 0.010206563 73 594 115 707
person 0.010198575 587 633 600 657
person 0.010196578 311 649 328 713
person 0.010194128 736 15 744 28
person 0.010185966 217 276 249 318
person 0.010182981 326 39 341 54
person 0.010178206 587 -206 600 -199
person 0.010172716 752 12 765 29
person 0.010170892 606 -206 618 -199
person 0.010168688 348 121 363 141
person 0.010141612 551 633 564 657
person 0.010136147 823 140 837 163
person 0.0101320855 256 430 282 449
person 0.01012675 599 464 651 627
person 0.010123041 165 650 182 712
person 0.010121059 189 546 201 599
person 0.010119831 53 -38 71 0
person 0.010119033 218 486 234 510
person 0.0101180775 770 632 783 656
person 0.01011327 367 -79 381 -56
person 0.010111007 152 544 164 602
person 0.01010894 606 633 619 657
person 0.010103283 622 120 637 141
person 0.010098635 694 -79 710 -63
person 0.010095236 900 559 912 582
person 0.010094035 566 173 583 194
person 0.010088939 156 -28 220 112
person 0.010084868 435 129 518 262
person 0.010080299 620 57 649 100
person 0.010074434 340 532 347 563
person 0.010072984 824 0 835 14
person 0.010072712 721 490 736 513
person 0.010064865 149 633 162 657
person 0.010064452 945 68 951 92
person 0.010063753 386 663 402 687
person 0.010062457 489 341 545 485
person 0.01006212 498 88 508 99
person 0.010061863 404 663 421 687
person 0.010049835 858 86 874 103
person 0.010046344 863 12 873 28
person 0.010041873 678 -63 694 -43
person 0.010040607 240 663 256 687
person 0.010039556 423 663 439 687
person 0.010039404 946 663 952 697
person 0.010033795 480 357 489 374
person 0.010028917 368 663 384 687
person 0.010026853 862 445 882 467
person 0.010024851 155 110 169 125
person 0.010017485 80 635 118 760
person 0.010017395 366 -61 393 19
person 0.010016044 167 633 180 657
person 0.010015873 112 -206 124 -199
person 0.010012262 441 663 457 687
person 0.010011903 222 663 238 687
person 0.010009194 624 633 637 657
person 0.0100089535 276 663 293 687
