person 0.75599957 518 109 539 136
person 0.72875243 785 87 799 108
person 0.7197428 659 82 673 103
person 0.6930459 676 80 689 100
person 0.68079764 709 81 723 100
person 0.664033 834 75 847 95
person 0.6612458 815 74 828 93
person 0.6609568 654 106 669 129
person 0.64964193 701 60 714 78
person 0.64410925 639 78 653 97
person 0.63927287 863 101 876 120
person 0.63909394 667 62 679 80
person 0.63707894 725 107 740 128
person 0.6365722 605 96 624 123
person 0.63170826 755 60 768 77
person 0.62296146 869 78 881 96
person 0.62235266 317 90 330 110
person 0.6199426 681 66 694 83
person 0.61688924 788 63 801 81
person 0.59018743 846 122 861 145
person 0.5887235 814 106 828 127
person 0.58212227 487 105 507 131
person 0.5768279 581 93 597 115
person 0.56263673 568 76 582 95
person 0.5542161 520 60 533 76
person 0.55397487 531 56 543 73
person 0.5478416 800 125 818 153
person 0.5389405 727 72 739 90
person 0.5360745 650 52 662 70
person 0.5360555 494 60 507 76
person 0.53349775 374 77 387 94
person 0.52601767 631 49 643 65
person 0.5241043 821 91 835 112
person 0.51761186 481 56 493 71
person 0.5125136 549 62 562 79
person 0.5069836 294 90 307 109
person 0.50209725 743 92 756 111
person 0.5018537 423 80 437 98
person 0.499233 435 64 448 80
person 0.4964632 754 74 770 93
person 0.4924808 402 64 414 81
person 0.48528728 457 87 472 105
person 0.47174364 441 62 453 78
person 0.46377367 594 60 607 76
person 0.42463765 525 81 541 101
person 0.399557 563 46 575 62
person 0.39349285 400 80 414 97
person 0.3919272 874 106 887 127
person 0.37731314 333 88 345 106
person 0.36817372 716 67 729 84
person 0.36732757 460 62 473 76
person 0.36116198 571 54 583 70
person 0.346444 455 74 469 93
person 0.3396125 604 58 617 75
person 0.3095925 705 80 718 99
person 0.28428176 566 50 580 66
person 0.27727732 404 80 420 98
person 0.27234828 859 104 873 125
person 0.26793456 526 82 547 108
person 0.26219523 730 68 743 84
person 0.24058135 487 78 502 96
person 0.23854053 848 113 867 141
person 0.23653463 869 100 881 119
person 0.23185812 761 77 776 97
person 0.2205533 565 47 572 59
person 0.20403312 483 57 491 68
person 0.2003418 652 53 659 63
person 0.20021959 665 58 682 84
person 0.19665468 296 239 351 307
person 0.19499776 633 50 641 61
person 0.19134293 699 57 716 84
person 0.17477953 376 78 385 89
person 0.174323 443 63 451 73
person 0.1726082 500 81 516 98
person 0.17255004 406 108 427 133
person 0.17056179 488 101 504 121
person 0.16813853 300 91 310 107
person 0.16779098 532 110 555 136
person 0.16343172 603 71 618 90
person 0.16315225 333 86 342 101
person 0.15828319 551 60 560 75
person 0.15195547 815 72 823 88
person 0.14937758 476 51 496 75
person 0.14904259 481 51 494 65
person 0.1482815 590 57 610 83
person 0.1475912 403 66 412 76
person 0.14532037 522 61 530 72
person 0.14155586 631 71 646 90
person 0.13843673 496 61 505 72
person 0.13756512 406 67 415 77
person 0.1366883 533 58 541 69
person 0.13625051 426 99 443 117
person 0.13579872 548 22 560 39
person 0.1351244 920 186 929 229
person 0.13481143 518 60 537 84
person 0.1334116 744 90 752 107
person 0.13275205 493 99 510 118
person 0.13003957 573 56 581 67
person 0.12859072 628 45 646 71
person 0.12709203 757 61 766 72
person 0.12458333 424 109 447 135
person 0.12454048 435 60 454 84
person 0.12305986 460 80 471 98
person 0.12213547 595 73 610 92
person 0.11801069 846 88 861 109
person 0.11673478 771 64 785 81
person 0.11473284 717 95 734 114
person 0.11446154 401 76 411 93
person 0.11374549 537 50 553 65
person 0.1133223 786 60 803 87
person 0.11297815 596 60 605 72
person 0.11250502 729 74 737 85
person 0.111514665 669 63 677 75
person 0.111420915 399 61 418 85
person 0.109983735 679 107 700 134
person 0.10983581 366 84 379 99
person 0.10843352 683 66 691 79
person 0.10711025 546 61 565 85
person 0.10683453 557 75 573 94
person 0.10628186 921 539 929 590
person 0.105758324 336 88 344 98
person 0.105070986 871 79 879 91
person 0.10216777 703 61 711 73
person 0.10116125 571 108 593 134
person 0.1000546 550 23 558 35
person 0.09922224 753 59 771 86
person 0.09899506 296 92 304 104
person 0.09849185 415 98 433 116
person 0.097847946 790 64 799 76
person 0.09776597 877 144 896 172
person 0.09707665 732 69 741 79
person 0.0968798 810 101 826 122
person 0.09650808 786 84 796 100
person 0.09647416 319 93 327 105
person 0.09475396 743 87 763 114
person 0.09410845 455 82 468 110
person 0.09388983 606 59 615 70
person 0.09259562 869 81 876 94
person 0.092179604 718 69 727 79
person 0.09174969 370 77 390 100
person 0.091112584 923 111 929 135
person 0.09049546 322 85 343 110
person 0.0901731 649 100 674 138
person 0.09010318 483 53 491 62
person 0.09005142 292 87 311 112
person 0.08911669 900 222 931 283
person 0.08693994 769 91 785 111
person 0.086359024 750 109 771 136
person 0.08629156 532 80 544 97
person 0.08514784 527 24 539 42
person 0.0849711 377 91 392 108
person 0.08377821 697 93 713 113
person 0.083606854 786 133 802 155
person 0.08269864 132 250 147 273
person 0.082278 818 76 826 87
person 0.08177224 282 224 366 332
person 0.08151565 848 124 857 142
person 0.08108854 457 76 467 87
person 0.08095713 681 90 697 111
person 0.08070449 644 95 660 116
person 0.0806534 632 55 640 67
person 0.07854162 852 125 861 143
person 0.07821423 406 77 418 92
person 0.077791736 836 77 845 89
person 0.07633357 919 145 929 183
person 0.07623526 718 63 736 88
person 0.076072484 304 85 318 101
person 0.075311825 526 49 540 64
person 0.073970094 733 161 752 189
person 0.073968306 425 76 435 93
person 0.07313068 295 86 307 102
person 0.07303568 924 127 929 152
person 0.07251965 920 505 927 560
person 0.07211328 569 24 577 39
person 0.072038375 336 91 343 102
person 0.070469745 923 92 929 115
person 0.07045572 811 67 824 84
person 0.070261456 389 90 406 108
person 0.06989265 359 91 373 108
person 0.06987394 481 23 495 41
person 0.06923651 585 95 594 112
person 0.0691445 661 88 671 104
person 0.068921864 805 129 814 147
person 0.06887334 608 50 623 65
person 0.06818444 442 24 457 42
person 0.06749453 575 86 602 123
person 0.067477286 596 50 609 64
person 0.06634216 920 112 932 134
person 0.06621423 919 122 929 155
person 0.06606437 785 111 801 132
person 0.06445243 624 97 640 118
person 0.064163916 878 124 893 146
person 0.06342082 839 409 911 537
person 0.06316159 657 108 666 127
person 0.06255982 820 142 840 171
person 0.06232709 692 114 709 134
person 0.062149674 379 68 394 84
person 0.062042754 822 128 838 149
person 0.062008478 582 94 591 111
person 0.061874572 801 142 820 170
person 0.06119134 597 52 607 62
person 0.06040031 919 201 929 256
person 0.059693776 850 432 902 516
person 0.0593768 726 108 734 126
person 0.059333242 841 114 866 153
person 0.05876579 923 75 929 96
person 0.05862007 449 50 464 65
person 0.058181036 552 95 568 114
person 0.05784177 451 79 479 117
person 0.056945994 368 85 377 95
person 0.055647887 920 129 932 151
person 0.0553755 302 252 388 386
person 0.054977283 -4 -207 8 -186
person 0.054718 822 68 835 84
person 0.054638967 571 77 580 89
person 0.054576896 418 22 430 39
person 0.054018255 622 111 639 132
person 0.053399257 919 -206 928 -164
person 0.053355213 511 102 546 157
person 0.052955676 436 22 448 40
person 0.05290737 772 66 784 76
person 0.052152216 36 391 89 525
person 0.05202849 83 256 98 279
person 0.051959503 547 25 555 37
person 0.051707964 377 165 399 193
person 0.051563706 502 50 516 64
person 0.051346924 745 94 754 106
person 0.050722215 150 242 201 319
person 0.05070337 923 143 929 171
person 0.05069598 307 251 342 295
person 0.04988594 719 99 744 139
person 0.049803216 910 214 931 269
person 0.04957545 436 49 450 64
person 0.049543858 585 111 602 131
person 0.048913 913 186 932 235
person 0.04888174 71 271 86 295
person 0.048808288 69 261 90 313
person 0.048307516 0 -210 5 -185
person 0.047952276 920 94 932 114
person 0.04782252 493 107 502 125
person 0.04781488 647 142 670 171
person 0.047640283 -3 -200 16 -116
person 0.04758675 535 131 553 150
person 0.04752702 472 52 482 62
person 0.047169797 609 96 619 115
person 0.047061794 -3 -207 7 -201
person 0.047003105 9 341 61 474
person 0.046862166 316 276 378 354
person 0.046558768 865 96 874 116
person 0.046517234 522 23 541 49
person 0.046375234 842 354 921 492
person 0.045488536 707 76 716 95
person 0.04548335 264 93 278 110
person 0.04523 414 49 428 66
person 0.04518277 641 76 651 91
person 0.044505883 920 575 929 623
person 0.044373676 763 78 774 90
person 0.043952294 766 110 783 131
person 0.043904226 323 108 337 128
person 0.04381262 442 145 465 173
person 0.04366229 85 266 101 288
person 0.0435681 0 87 4 115
person 0.043484952 514 141 538 170
person 0.043394186 577 144 602 172
person 0.043324966 528 89 538 104
person 0.043290205 920 76 932 96
person 0.043203622 712 74 721 96
person 0.043155674 373 164 411 215
person 0.04314889 749 114 764 133
person 0.043132108 0 108 5 136
person 0.042851306 895 236 919 285
person 0.042699005 -7 282 23 404
person 0.04260363 399 118 415 135
person 0.04209188 80 246 93 270
person 0.041953575 484 25 492 37
person 0.041891877 725 157 759 211
person 0.04188711 729 129 745 149
person 0.041799434 854 377 909 464
person 0.041682795 529 26 536 38
person 0.041620698 110 -84 143 38
person 0.041402467 513 136 551 188
person 0.041377585 483 128 500 148
person 0.041073486 844 522 852 544
person 0.040898617 653 76 679 114
person 0.040789254 171 248 189 270
person 0.040710494 817 385 834 403
person 0.04067729 551 115 568 134
person 0.04056276 460 91 469 101
person 0.040125083 470 49 484 64
person 0.04003454 168 241 195 289
person 0.03971752 920 145 931 169
person 0.039606106 779 78 804 118
person 0.039427746 462 108 478 126
person 0.038967784 753 153 775 183
person 0.03880907 166 230 184 253
person 0.038765 288 163 309 192
person 0.03873538 438 147 476 199
person 0.038415186 823 94 832 105
person 0.038370013 122 244 190 382
person 0.038360365 191 322 223 364
person 0.038201664 726 203 762 257
person 0.037972316 918 -207 928 -201
person 0.037448578 715 128 731 149
person 0.03739661 130 262 181 345
person 0.037264705 673 211 710 264
person 0.037130985 871 101 879 113
person 0.03710562 477 20 497 47
person 0.037006922 817 364 832 383
person 0.036835454 918 -208 931 -188
person 0.036804236 678 73 687 95
person 0.036736548 910 -188 933 -121
person 0.036709055 369 112 392 137
person 0.036651697 840 67 853 83
person 0.036519293 118 329 180 472
person 0.0364575 877 109 885 122
person 0.036383495 522 79 551 117
person 0.03605381 263 131 277 154
person 0.035912 920 -174 928 -125
person 0.035870224 659 131 674 151
person 0.03578268 921 606 929 660
person 0.03567331 303 109 317 129
person 0.035593633 527 109 559 146
person 0.03536963 381 71 391 81
person 0.0352692 543 20 561 46
person 0.03521441 489 76 500 91
person 0.03494961 254 143 277 179
person 0.034716513 445 25 454 38
person 0.03437355 673 143 708 197
person 0.034320347 0 -211 7 -166
person 0.034309085 861 -194 873 -159
person 0.0342543 -2 227 17 315
person 0.03422528 857 605 883 677
person 0.034039453 856 146 870 166
person 0.03379686 73 281 88 306
person 0.033738762 580 141 616 193
person 0.033566825 438 52 447 62
person 0.032777734 527 73 538 93
person 0.03265991 38 -207 52 -193
person 0.032537125 537 142 562 171
person 0.032484908 470 141 496 171
person 0.032353736 827 520 834 545
person 0.03219107 499 23 515 41
person 0.03216873 809 519 817 546
person 0.03216229 801 205 837 259
person 0.031984758 22 -207 33 -202
person 0.031972747 137 221 217 344
person 0.03164225 146 -77 182 45
person 0.03163466 444 113 461 131
person 0.03161176 209 353 245 392
person 0.03153896 457 91 466 102
person 0.031494573 -2 -138 13 -33
person 0.031179039 891 115 904 136
person 0.030962616 162 221 179 245
person 0.030945215 661 73 671 96
person 0.030887209 22 -207 36 -193
person 0.03083907 829 -197 842 -156
person 0.030673448 400 48 414 65
person 0.030646583 43 247 57 274
person 0.030643143 193 324 217 344
person 0.030566359 923 58 929 80
person 0.030469956 861 265 913 352
person 0.030288447 297 89 305 99
person 0.03016667 49 613 66 671
person 0.030002432 360 204 423 273
person 0.02998683 786 -78 822 42
person 0.029874448 411 110 422 126
person 0.02983588 496 125 514 144
person 0.029714596 602 96 629 134
person 0.029625686 767 129 783 149
person 0.02935464 84 293 101 316
person 0.029188192 186 324 268 462
person 0.029104475 800 139 833 194
person 0.029083876 196 337 219 359
person 0.02895366 95 328 157 489
person 0.028946985 306 87 316 97
person 0.028794572 784 145 800 166
person 0.02877908 615 146 640 175
person 0.028776761 695 125 712 145
person 0.028738726 658 48 672 65
person 0.02867277 846 120 857 137
person 0.028570252 831 56 850 85
person 0.028508892 334 304 397 373
person 0.028415646 880 523 886 540
person 0.028374607 720 617 741 672
person 0.028354984 383 175 406 204
person 0.028343994 273 412 305 452
person 0.028284034 923 162 928 191
person 0.028106783 -3 145 18 225
person 0.027979806 734 -207 744 -200
person 0.02795711 631 519 639 545
person 0.027954483 83 242 97 264
person 0.027949294 882 149 890 167
person 0.027917963 605 125 622 143
person 0.0279176 752 -207 762 -200
person 0.027880091 -3 110 8 133
person 0.027868513 181 345 200 365
person 0.02782276 696 49 719 90
person 0.027759263 832 384 848 404
person 0.027698034 755 47 768 63
person 0.0276327 644 128 660 148
person 0.027629742 837 143 853 164
person 0.027613321 800 -201 814 -156
person 0.02750653 513 133 530 154
person 0.02748714 44 240 55 265
person 0.0274823 891 131 905 152
person 0.027450213 716 -207 727 -200
person 0.027386865 769 -207 780 -200
person 0.027227443 235 352 253 368
person 0.02714745 52 253 109 405
person 0.027141133 756 618 777 672
person 0.027124515 179 368 218 408
person 0.027021246 728 110 737 122
person 0.027008744 287 110 301 129
person 0.026943358 433 208 492 276
person 0.026924858 38 -207 51 -202
person 0.026898209 891 -207 903 -201
person 0.026825082 817 110 826 121
person 0.02670702 52 286 66 311
person 0.026640818 401 103 431 141
person 0.026560048 140 267 160 289
person 0.026556853 360 93 371 103
person 0.026509177 808 399 822 417
person 0.026503852 685 149 708 178
person 0.026486361 416 52 426 63
person 0.026417607 881 202 944 334
person 0.026415033 698 -207 709 -200
person 0.026387477 379 93 390 104
person 0.026355304 460 26 475 43
person 0.02634825 684 617 705 672
person 0.026239298 862 108 871 120
person 0.026163539 676 342 690 360
person 0.02606572 704 75 730 115
person 0.026018431 798 632 827 708
person 0.026000053 568 129 585 148
person 0.025999589 897 80 910 98
person 0.025911223 850 249 926 397
person 0.02580557 202 260 292 401
person 0.025768472 661 51 685 91
person 0.025720408 915 86 925 118
person 0.025651684 143 276 172 325
person 0.025633188 252 359 344 472
person 0.025537455 787 -207 798 -200
person 0.025461724 863 617 880 662
person 0.025457285 716 -208 728 -188
person 0.025417427 734 -208 746 -188
person 0.025363784 167 227 191 275
person 0.025202395 894 97 907 116
person 0.02518103 292 617 312 673
person 0.025171574 224 331 243 348
person 0.025118977 752 -208 764 -188
person 0.025093688 210 344 232 362
person 0.02502949 327 617 348 672
person 0.02501778 698 -208 710 -188
person 0.024993544 724 177 748 209
person 0.024979165 871 325 888 344
person 0.024895191 373 57 393 82
person 0.02453807 859 549 873 591
person 0.02453229 770 -208 782 -188
person 0.024516063 680 -207 691 -201
person 0.024404997 0 173 4 207
person 0.024344163 35 389 51 415
person 0.02431649 680 -208 693 -189
person 0.024315212 918 471 926 529
person 0.024305629 496 97 508 114
person 0.024300313 813 69 822 79
person 0.024206202 266 387 326 457
person 0.024141278 338 111 352 130
person 0.0240563 363 617 383 673
person 0.024055438 171 234 188 255
person 0.02403716 534 219 574 272
person 0.024027066 264 346 283 362
person 0.023958338 857 90 882 129
person 0.02391112 161 217 188 265
person 0.023910636 918 48 928 82
person 0.023889685 47 95 53 107
person 0.023838056 880 512 887 523
person 0.023716904 844 541 853 565
person 0.023715544 920 59 932 79
person 0.02370144 760 178 782 209
person 0.023615021 465 96 501 151
person 0.023562556 891 -207 905 -193
person 0.02346668 662 -208 675 -190
person 0.023405144 64 314 91 369
person 0.023350542 811 385 826 402
person 0.023325218 855 -77 891 41
person 0.023321675 661 52 671 62
person 0.023290753 560 518 568 546
person 0.023284132 319 114 341 140
person 0.02322135 745 365 761 382
person 0.023216192 392 -188 416 -118
person 0.023203922 756 -135 767 -98
person 0.023158211 787 -208 800 -188
person 0.023124859 181 78 202 104
person 0.023123018 421 24 427 36
person 0.023026165 342 320 379 361
person 0.023001749 792 618 812 672
person 0.02300173 873 188 894 221
person 0.022980414 870 429 898 448
person 0.02295996 256 617 276 673
person 0.022945471 758 -203 773 -157
person 0.0229096 197 198 254 275
person 0.022868913 924 450 929 475
person 0.022823887 321 -188 345 -118
person 0.02282179 266 96 276 106
person 0.022797698 443 224 471 267
person 0.02274004 724 639 752 716
person 0.022724807 0 -199 7 -131
person 0.02272414 678 329 693 347
person 0.022705628 428 96 441 112
person 0.022632845 34 408 51 435
person 0.022611741 438 24 445 36
person 0.022541694 923 115 928 127
person 0.02247132 221 617 240 673
person 0.022430867 662 -207 673 -201
person 0.022361778 552 132 569 149
person 0.022333873 465 131 482 150
person 0.02231615 923 179 928 210
person 0.02230082 268 76 282 93
person 0.022281406 805 -207 816 -201
person 0.022280265 420 107 451 145
person 0.022208093 691 340 705 359
person 0.022193907 920 164 931 189
person 0.022193424 633 449 685 524
person 0.022153001 828 619 846 664
person 0.022148365 597 75 608 87
person 0.022107834 42 213 52 239
person 0.022103619 862 522 868 541
person 0.022025736 399 617 419 673
person 0.022002915 624 129 641 149
person 0.021960612 644 -208 657 -190
person 0.021941075 232 143 252 172
person 0.02193906 218 324 239 344
person 0.021768648 59 272 102 369
person 0.021768613 669 70 695 110
person 0.021654742 358 114 373 131
person 0.021631816 150 86 159 99
person 0.02162203 797 178 820 208
person 0.021601316 721 -136 731 -98
person 0.021510314 460 -187 484 -119
person 0.021500915 875 -208 889 -193
person 0.02149999 181 110 201 135
person 0.021467164 717 -82 755 42
person 0.021447916 649 617 669 673
person 0.021432048 633 74 644 85
person 0.021284586 148 83 169 109
person 0.021282863 790 -135 800 -96
person 0.021276962 445 329 456 341
person 0.021260645 923 498 928 528
person 0.02117207 805 -208 817 -189
person 0.02114584 605 75 615 84
person 0.02109861 75 230 97 276
person 0.021084182 2 190 9 224
person 0.021073064 876 -207 887 -201
person 0.02105748 283 310 295 319
person 0.020988341 589 212 628 264
person 0.020950142 913 286 921 310
person 0.020917788 583 -196 607 -126
person 0.02088489 51 402 113 544
person 0.020879503 511 -191 535 -121
person 0.020877032 862 542 871 563
person 0.020862183 501 77 514 93
person 0.020808317 -4 90 7 111
person 0.020708125 920 695 926 734
person 0.020677738 131 362 164 405
person 0.020646587 152 52 171 81
person 0.020642957 864 63 876 79
person 0.020640716 319 283 414 397
person 0.020573927 376 109 392 127
person 0.020573273 434 518 444 545
person 0.020524705 877 64 890 81
person 0.02049515 614 519 621 545
person 0.020473875 183 38 204 67
person 0.020442333 819 343 836 362
person 0.020439465 55 245 100 327
person 0.020408686 308 317 320 325
person 0.020384736 470 617 490 674
person 0.020379065 86 628 111 716
person 0.020369995 435 617 455 673
person 0.02034977 923 483 928 512
person 0.020335764 648 -203 661 -157
person 0.0202912 296 109 317 135
person 0.020288907 790 46 803 62
person 0.020275319 578 519 586 546
person 0.02020915 114 520 122 547
person 0.020195968 789 656 808 718
person 0.020194663 613 533 625 576
person 0.020190714 136 197 156 229
person 0.020188682 924 465 928 492
person 0.020176532 753 657 772 718
person 0.020176385 874 140 899 181
person 0.020167878 877 160 890 183
person 0.020150831 867 447 899 463
person 0.020143203 654 108 662 126
person 0.020140816 214 110 235 136
person 0.020098897 436 21 455 48
person 0.020094188 332 47 353 74
person 0.020055972 296 140 335 193
person 0.020002052 0 195 7 268
person 0.019990616 683 46 694 62
person 0.019957729 904 236 916 284
person 0.019943323 306 330 324 343
person 0.01992376 613 617 633 673
person 0.019911774 861 -164 873 -126
person 0.01981647 678 130 694 150
person 0.019759277 206 320 244 361
person 0.01974906 788 91 796 103
person 0.01972941 101 428 129 445
person 0.019728238 824 71 833 80
person 0.0197231 -12 207 34 336
person 0.019654654 717 657 737 718
person 0.019648593 -13 130 34 256
person 0.019647866 239 519 246 546
person 0.019611215 185 617 205 674
person 0.019573892 922 97 928 108
person 0.01950996 93 528 104 588
person 0.019428413 51 410 68 432
person 0.019389817 198 344 255 418
person 0.019385718 617 -202 631 -157
person 0.019378312 271 113 286 132
person 0.019369036 900 288 921 326
person 0.01934738 508 176 534 209
person 0.019338615 407 126 423 145
person 0.019334912 301 42 321 69
person 0.019314237 644 -207 655 -201
person 0.019303305 860 586 877 623
person 0.019275429 922 79 929 90
person 0.019228013 506 617 526 674
person 0.019203834 -8 474 33 604
person 0.01918661 901 -20 922 61
person 0.019183157 920 -139 928 -88
person 0.019157102 48 252 60 277
person 0.019145977 626 -208 639 -191
person 0.01912379 174 66 203 129
person 0.019084513 689 1 714 85
person 0.019077206 137 259 164 308
person 0.01907478 0 131 7 186
person 0.018949427 247 -189 271 -119
person 0.018940352 822 -208 835 -190
person 0.018928735 542 617 562 674
person 0.01892815 176 -191 200 -121
person 0.01890752 643 -67 660 -51
person 0.018887987 173 265 195 288
person 0.018859528 813 86 839 126
person 0.01885839 0 121 5 150
person 0.01883747 0 621 11 694
person 0.018811604 320 151 344 179
person 0.018798085 682 656 701 718
person 0.018777736 610 322 624 339
person 0.018769601 33 377 48 402
person 0.018737735 152 637 180 719
person 0.018721426 782 52 806 93
person 0.0186916 820 386 831 398
person 0.018677572 91 -192 115 -120
person 0.018648896 0 588 11 658
person 0.018555358 167 518 175 546
person 0.018554151 185 189 267 316
person 0.018535292 17 344 28 370
person 0.018512448 923 195 928 227
person 0.018508427 175 305 193 324
person 0.018506715 268 334 286 348
person 0.01850596 791 518 799 547
person 0.01849011 393 73 423 111
person 0.018468484 588 128 605 147
person 0.018380247 825 549 837 590
person 0.018361395 822 -207 833 -201
person 0.018360075 823 177 845 207
person 0.018352725 51 426 74 449
person 0.018352253 881 -117 903 -31
person 0.01833204 542 518 550 546
person 0.018321155 558 16 566 28
person 0.018297713 870 451 897 458
person 0.018272249 722 -204 736 -156
person 0.018166276 80 615 99 673
person 0.018104823 50 411 77 509
person 0.018081892 24 361 48 457
person 0.01803016 701 47 715 64
person 0.01800309 0 245 5 278
person 0.01800307 848 90 859 104
person 0.017997282 924 433 929 458
person 0.017990246 176 363 197 381
person 0.017963072 868 209 889 240
person 0.017955117 866 49 885 77
person 0.01793951 259 410 317 478
person 0.017927174 149 617 169 674
person 0.017925251 380 520 391 545
person 0.017919997 646 656 665 719
person 0.01789499 748 131 764 150
person 0.017849533 582 -201 595 -157
person 0.01781404 621 429 700 549
person 0.017810702 549 303 564 320
person 0.017782515 257 519 264 545
person 0.017768053 912 291 921 303
person 0.017765107 325 335 417 463
person 0.017743262 0 -183 4 -147
person 0.017738283 0 0 4 32
person 0.017725145 150 519 158 545
person 0.017721593 874 631 901 710
person 0.017701268 220 308 237 327
person 0.017692886 0 209 6 243
person 0.017652556 0 -200 4 -167
person 0.017616177 922 519 928 548
person 0.017565705 719 45 732 62
person 0.017559484 803 628 821 688
person 0.017557915 879 542 888 562
person 0.01752221 -4 576 11 692
person 0.017520905 768 627 785 687
person 0.017502224 908 279 920 332
person 0.017484745 127 240 151 287
person 0.017480705 523 112 533 131
person 0.0174657 114 232 129 255
person 0.017460456 471 178 497 209
person 0.017417178 221 518 229 546
person 0.01740955 472 46 499 84
person 0.017396912 660 -67 678 -52
person 0.017394619 342 189 436 308
person 0.017391678 577 617 597 673
person 0.017360887 923 672 928 711
person 0.01734881 325 656 344 719
person 0.01732401 677 -67 696 -52
person 0.017314045 417 519 427 546
person 0.017313818 923 131 929 144
person 0.017310955 923 39 929 62
person 0.017288847 93 511 102 525
person 0.017280487 289 656 308 719
person 0.017262414 104 146 124 174
person 0.017261317 0 93 4 107
person 0.017252702 361 656 379 719
person 0.017230064 916 545 930 584
person 0.017190423 610 656 629 719
person 0.017175462 0 155 4 189
person 0.017148646 844 397 859 418
person 0.01712066 825 539 835 565
person 0.017103055 493 72 566 194
person 0.017061999 876 305 893 325
person 0.0170612 44 92 56 109
person 0.01703797 435 326 445 338
person 0.017035948 253 656 272 719
person 0.017023 396 656 415 719
person 0.017021382 920 182 931 207
person 0.017013924 586 50 613 90
person 0.016981617 650 -205 675 -137
person 0.016974462 397 520 408 546
person 0.016970834 443 179 467 209
person 0.016918536 146 656 165 719
person 0.016896978 0 316 5 349
person 0.016881375 595 519 603 546
person 0.016878137 624 39 650 80
person 0.016874284 710 150 726 171
person 0.016812347 767 -67 785 -53
person 0.016810125 695 -67 714 -53
person 0.016797172 0 690 7 731
person 0.016775642 713 -67 731 -53
person 0.016764563 566 107 597 145
person 0.016763508 218 656 237 719
person 0.016759155 795 106 825 170
person 0.016758267 609 -208 622 -191
person 0.016753247 825 657 844 719
person 0.016752463 432 656 451 719
person 0.016736148 182 656 201 719
person 0.016726868 575 656 594 719
person 0.016715555 133 521 140 548
person 0.016682068 341 361 402 430
person 0.016653009 413 272 472 341
person 0.01664223 749 -67 767 -53
person 0.01664056 773 519 782 546
person 0.016612766 731 -67 749 -53
person 0.016611185 785 -67 802 -52
person 0.016602276 390 83 424 139
person 0.016599802 0 335 5 367
person 0.016554652 391 130 408 150
person 0.016550655 468 656 487 719
person 0.0165271 799 353 893 478
person 0.016521318 921 626 929 692
person 0.016487565 495 110 505 120
person 0.016477223 539 656 558 719
person 0.016431369 40 656 59 719
person 0.016426861 503 656 522 719
person 0.016413037 875 629 891 690
person 0.016411653 111 656 130 719
person 0.016400995 462 26 472 39
person 0.016385831 882 359 908 405
person 0.016370537 217 -207 230 -190
person 0.0163699 924 412 929 437
person 0.016361617 199 -207 212 -190
person 0.016357895 234 -207 248 -190
person 0.016356906 625 14 638 48
person 0.016341785 288 -207 301 -190
person 0.016336733 181 -207 194 -190
person 0.016332205 306 -207 319 -190
person 0.016329998 270 -207 283 -190
person 0.016328996 252 -207 266 -190
person 0.016317572 324 -207 337 -190
person 0.016313035 163 -207 176 -190
person 0.016304748 625 -68 642 -50
person 0.016304405 341 -207 355 -190
person 0.01629955 359 -207 373 -190
person 0.016282555 750 51 774 92
person 0.016268492 377 -207 391 -190
person 0.016264806 75 276 98 332
person 0.016240623 122 327 150 373
person 0.016233822 25 371 36 397
person 0.016225789 860 657 879 718
person 0.01621599 753 377 769 396
person 0.016212301 147 92 161 109
person 0.016184138 395 -207 408 -190
person 0.016180176 659 148 676 168
person 0.016175047 649 520 657 543
person 0.016134106 0 -22 4 10
person 0.016130283 732 627 749 687
person 0.01612442 145 -207 159 -190
person 0.016111974 413 -207 426 -190
person 0.016109984 771 47 785 63
person 0.01609726 172 222 188 244
person 0.016086556 626 -207 637 -201
person 0.016050106 0 298 4 333
person 0.01604647 917 280 925 290
person 0.016034128 284 576 301 617
person 0.016031366 43 113 55 131
person 0.016014775 431 -207 444 -190
person 0.016013483 322 318 332 327
person 0.01598821 219 283 280 364
person 0.015984768 569 16 588 47
person 0.015944518 840 -208 853 -191
person 0.015914783 513 53 541 91
person 0.01591285 524 518 532 546
person 0.015886938 324 131 339 151
person 0.015867662 650 642 678 721
person 0.015851535 449 -207 462 -190
person 0.015801882 133 332 166 375
person 0.015778637 -4 3 7 27
person 0.015727216 49 273 63 298
person 0.015714591 817 376 876 453
person 0.015701756 516 144 535 162
person 0.01566929 120 241 136 264
person 0.01565877 323 -83 359 48
person 0.015640896 746 346 763 364
person 0.015633857 466 -207 480 -190
person 0.015610018 127 -208 141 -190
person 0.015607806 220 641 249 720
person 0.015598432 452 519 462 546
person 0.015596856 822 324 838 343
person 0.015584459 670 -87 707 44
person 0.015575573 910 146 932 194
person 0.015520848 190 361 212 377
person 0.015518954 802 358 818 376
person 0.015506086 484 -207 498 -190
person 0.015504922 609 93 620 107
person 0.015458558 292 540 304 578
person 0.015453575 809 -194 816 -164
person 0.015441464 535 143 552 162
person 0.015400971 301 69 334 127
person 0.015378368 768 147 784 168
person 0.015283917 83 597 107 693
person 0.015277899 435 643 463 722
person 0.015274707 892 169 937 251
person 0.015250955 364 643 392 722
person 0.015226276 820 366 829 378
person 0.01522386 768 182 784 204
person 0.015204336 859 511 868 524
person 0.015197589 685 -204 699 -155
person 0.015193565 648 534 661 578
person 0.015179865 542 534 553 572
person 0.015173963 478 372 498 400
person 0.015158943 -3 250 8 273
person 0.015138426 0 106 7 153
person 0.015119356 795 -179 806 -133
person 0.015116167 502 -207 515 -191
person 0.015103027 556 14 569 29
person 0.015083952 270 78 279 89
person 0.015081189 831 -174 844 -126
person 0.015080678 0 113 4 127
person 0.015056193 688 184 713 215
person 0.015048925 355 364 384 393
person 0.015019432 641 79 686 168
person 0.015019107 419 193 507 315
person 0.015017604 58 -198 68 -157
person 0.014981386 610 105 619 123
person 0.014978226 0 -166 4 -129
person 0.014972691 268 308 288 324
person 0.01495675 571 179 604 222
person 0.014916449 721 306 779 376
person 0.014907247 762 361 776 378
person 0.014899581 825 400 841 420
person 0.014880982 373 341 392 356
person 0.014878235 307 30 320 46
person 0.014866149 591 -208 605 -191
person 0.014858352 -2 124 9 147
person 0.014831768 109 -208 123 -191
person 0.014823596 402 50 411 62
person 0.014817936 677 149 694 170
person 0.0148104755 643 147 659 166
person 0.014764209 882 387 907 435
person 0.014753379 75 656 94 720
person 0.014749656 265 81 285 106
person 0.014745673 395 54 422 92
person 0.014724261 843 71 852 80
person 0.014709354 800 213 823 246
person 0.014685421 520 -208 533 -191
person 0.014673422 229 411 314 538
person 0.014668712 124 266 143 288
person 0.014634319 840 -207 851 -201
person 0.014623926 922 536 928 565
person 0.014611201 913 -207 931 -155
person 0.014600199 388 169 403 189
person 0.0145766195 0 195 12 220
person 0.0145525 304 628 319 650
person 0.014549929 56 -208 70 -192
person 0.014544625 915 606 930 667
person 0.01454304 181 284 200 304
person 0.014531092 322 628 337 650
person 0.014524607 364 66 377 82
person 0.014497984 114 616 133 674
person 0.01447605 578 642 606 721
person 0.014475126 506 642 535 722
person 0.014473826 0 161 9 227
person 0.014451968 286 628 301 650
person 0.01444513 804 163 820 184
person 0.014442645 292 643 321 723
person 0.0144386 350 139 434 260
person 0.014426115 339 628 354 650
person 0.0143928705 -4 17 8 40
person 0.014380531 140 -126 161 -33
person 0.0143632665 -3 178 7 202
person 0.014362895 921 307 927 329
person 0.014362699 139 253 148 273
person 0.014357422 311 221 344 264
person 0.014356025 0 14 5 44
person 0.014353954 114 532 125 576
person 0.014352045 578 533 589 574
person 0.014334828 254 97 269 115
person 0.0143332705 203 519 211 546
person 0.014301542 -3 -209 11 -149
person 0.014288071 268 628 283 650
person 0.014278733 161 628 176 650
person 0.014266021 857 -207 869 -201
person 0.014254042 608 -70 624 -49
person 0.014248508 814 387 822 398
person 0.014245783 453 226 480 271
person 0.014244063 923 456 929 466
person 0.014240989 357 628 372 650
person 0.014221429 531 92 541 101
person 0.014208975 228 153 266 208
person 0.014207611 143 628 158 650
person 0.014198552 748 150 764 170
person 0.014187651 216 578 228 618
person 0.014187044 91 -208 105 -191
person 0.014178464 573 -208 587 -191
person 0.014175811 538 181 571 224
person 0.014173312 73 51 92 80
person 0.014170821 306 130 320 150
person 0.014169054 696 627 713 688
person 0.014152827 507 534 518 575
person 0.014145542 308 365 342 404
person 0.014137805 250 390 327 507
person 0.01413334 250 628 265 650
person 0.01412841 722 -207 747 -140
person 0.0141192265 84 301 103 324
person 0.014118869 179 627 194 650
person 0.014117236 825 586 842 625
person 0.014117163 732 149 748 170
person 0.014114118 250 66 280 124
person 0.014109938 137 343 157 360
person 0.014082232 857 -208 871 -192
person 0.014041554 320 576 337 616
person 0.01404044 668 -195 675 -164
person 0.014024118 375 627 390 650
person 0.014006273 142 239 158 259
person 0.013996287 312 372 338 397
person 0.013993083 538 -208 551 -191
person 0.013981987 699 147 715 168
person 0.0139797265 624 149 640 168
person 0.013977881 232 627 247 650
person 0.0139623135 192 304 211 323
person 0.013956307 599 -29 652 120
person 0.013951144 922 -71 928 -39
person 0.013947202 318 294 338 302
person 0.013927876 214 627 229 650
person 0.01392002 923 506 928 519
person 0.013912816 874 327 886 339
person 0.013905314 714 341 772 416
person 0.013899915 197 627 212 650
person 0.013896321 922 -178 928 -146
person 0.013894993 555 -208 569 -191
person 0.013893525 803 -68 819 -51
person 0.013890788 139 215 154 236
person 0.013868264 361 520 374 546
person 0.013838169 915 634 929 702
person 0.0138245355 393 627 408 650
person 0.013821443 45 55 64 85
person 0.0138195185 18 302 29 329
person 0.013813215 309 40 322 59
person 0.013798622 67 191 86 223
person 0.013785189 0 139 5 172
person 0.013779874 468 -165 491 -88
person 0.01375555 109 504 116 530
person 0.013747201 19 353 31 380
person 0.013740111 575 16 582 27
person 0.013711269 761 382 777 399
person 0.013705589 681 -15 717 103
person 0.013701922 548 -202 561 -158
person 0.013698313 507 -142 515 -100
person 0.013693876 918 274 925 296
person 0.013676876 589 -84 603 -64
person 0.013650991 797 140 824 180
person 0.013646338 411 627 426 650
person 0.013633051 185 518 193 546
person 0.0136295315 599 299 638 350
person 0.013615385 399 258 489 381
person 0.013612728 444 134 462 151
person 0.013601962 919 453 933 470
person 0.013593969 92 -199 102 -158
person 0.013568377 608 -207 620 -201
person 0.013540356 429 627 444 650
person 0.013536758 920 40 931 61
person 0.01353192 125 339 146 359
person 0.0135308765 699 325 788 460
person 0.01353027 205 184 230 231
person 0.013525473 222 82 244 108
person 0.013511693 221 534 232 574
person 0.013508986 -3 -196 7 -171
person 0.013508395 569 -91 606 37
person 0.01350067 53 144 64 177
person 0.013454191 121 -203 134 -159
person 0.013452065 757 -178 773 -133
person 0.0134502435 609 529 628 583
person 0.013448478 447 627 461 650
person 0.013437247 32 195 48 234
person 0.013426234 748 365 758 377
person 0.013402404 464 627 479 650
person 0.013387134 249 576 266 618
person 0.013380562 554 627 568 650
person 0.013376635 482 627 497 650
person 0.013371543 518 627 533 650
person 0.013363016 536 627 551 650
person 0.0133603765 607 -84 621 -66
person 0.013351265 243 388 277 428
person 0.013343586 821 164 836 185
person 0.013342996 500 627 515 650
person 0.013338602 0 -148 4 -111
person 0.013331173 571 627 586 650
person 0.013328458 572 -85 585 -62
person 0.013318954 498 146 515 164
person 0.013318792 506 519 514 546
person 0.013307154 287 82 314 122
person 0.013295276 685 -195 692 -164
person 0.013225696 589 627 604 650
person 0.013222362 719 209 743 241
person 0.0132206995 376 343 388 353
person 0.0132204145 0 293 7 382
person 0.01320722 235 375 275 414
person 0.01318599 921 -2 926 25
person 0.013182007 487 519 497 546
person 0.013170133 -3 97 17 175
person 0.013165252 681 540 698 582
person 0.013159225 125 627 140 650
person 0.013149049 922 490 928 502
person 0.01314434 96 519 104 546
person 0.013140055 891 148 905 170
person 0.0131278485 898 311 910 364
person 0.0131202405 0 547 4 583
person 0.013119376 686 -140 695 -100
person 0.013096262 279 227 315 271
person 0.013096244 663 539 672 564
person 0.013080075 -3 143 8 168
person 0.013075216 470 519 480 546
person 0.013060418 216 356 238 374
person 0.0130483275 0 228 5 259
person 0.013034015 431 52 458 90
person 0.0130250985 922 472 929 483
person 0.013010836 226 36 247 64
person 0.013005711 607 627 622 650
person 0.013004304 -1 499 16 610
person 0.013002799 162 -67 176 -46
person 0.012992906 144 -67 159 -46
person 0.012969519 335 431 351 450
person 0.012967579 0 280 5 315
person 0.01296446 427 129 445 147
person 0.012947283 923 -38 928 -2
person 0.012943445 858 287 874 309
person 0.012918217 0 72 4 102
person 0.012907514 613 182 645 224
person 0.012886224 -3 160 7 184
person 0.012856362 627 322 640 338
person 0.012850942 150 531 161 575
person 0.012834669 0 -161 11 -89
person 0.012825113 462 365 477 385
person 0.012813618 156 408 230 543
person 0.012811816 0 510 7 588
person 0.012805581 105 251 122 272
person 0.0127716875 779 605 841 731
person 0.012766494 574 527 592 582
person 0.012764726 923 440 929 450
person 0.012752559 117 178 138 209
person 0.012749713 148 85 162 100
person 0.012742633 922 -143 928 -110
person 0.012740281 611 148 644 188
person 0.012732757 661 627 678 688
person 0.012714738 625 627 640 650
person 0.0127126565 490 114 569 241
person 0.012710369 89 411 111 430
person 0.01270833 336 131 352 151
person 0.0127078695 534 578 551 621
person 0.012703537 922 -161 928 -128
person 0.012689779 642 180 667 213
person 0.012681914 176 283 208 328
person 0.012675622 736 46 750 63
person 0.012649308 136 373 162 393
person 0.012643924 0 565 5 601
person 0.012612217 922 -13 927 17
person 0.012605901 103 414 125 431
person 0.012597666 676 577 694 620
person 0.012587325 0 -130 4 -93
person 0.0125819985 674 295 714 347
person 0.01257665 541 53 569 91
person 0.012570114 838 510 845 526
person 0.012562127 52 626 68 689
person 0.012559703 839 628 856 690
person 0.012552424 -3 339 7 363
person 0.012526334 183 20 200 54
person 0.012514826 297 361 324 386
person 0.012513264 922 419 929 430
person 0.0125113195 575 110 585 127
person 0.012491247 -3 -177 7 -153
person 0.012487559 616 7 643 87
person 0.012468557 860 362 876 382
person 0.012451935 606 578 623 621
person 0.012431287 643 627 658 650
person 0.012424962 116 284 141 334
person 0.012417223 864 331 879 349
person 0.012409834 784 164 800 185
person 0.012379755 373 131 390 151
person 0.012374935 89 -124 113 -35
person 0.012366983 51 396 68 418
person 0.012351326 881 424 906 473
person 0.01233563 739 83 767 124
person 0.012321544 728 -46 779 111
person 0.012312378 257 536 268 574
person 0.012306905 857 -201 876 -150
person 0.012305103 908 289 925 308
person 0.012302466 149 92 158 107
person 0.012296691 234 359 255 376
person 0.012292261 217 22 234 54
person 0.012289124 674 104 704 143
person 0.012274813 464 393 477 416
person 0.0122274915 65 445 128 605
person 0.012223565 792 -195 799 -164
person 0.012213239 74 -208 87 -192
person 0.012211059 77 85 86 99
person 0.01221029 380 177 396 198
person 0.012210174 732 627 747 650
person 0.012205994 715 55 739 95
person 0.012197982 24 150 35 175
person 0.012175314 158 432 179 448
person 0.012165275 873 433 896 442
person 0.012162641 629 512 637 526
person 0.012139391 0 512 4 549
person 0.012136966 0 369 4 403
person 0.01213608 820 -24 844 60
person 0.012131828 750 627 765 650
person 0.012125314 661 627 675 650
person 0.012122585 0 530 5 565
person 0.012121153 757 50 765 60
person 0.012105745 714 627 729 650
person 0.012078773 356 576 373 618
person 0.012064448 307 329 321 339
person 0.01203404 122 51 142 80
person 0.012032879 679 627 693 650
person 0.0120261 280 308 298 321
person 0.012024532 756 181 786 223
person 0.012022124 923 148 928 161
person 0.012020889 650 25 659 42
person 0.012013021 703 -195 710 -164
person 0.01201134 914 573 930 628
person 0.011999208 555 294 572 313
person 0.011997682 0 -112 5 -76
person 0.0119813 696 627 711 650
person 0.011978987 344 66 357 83
person 0.0119719 791 291 851 364
person 0.011964091 376 147 392 169
person 0.011959842 255 47 276 73
person 0.0119588785 591 -207 603 -201
person 0.011957408 203 422 213 433
person 0.011949551 91 320 109 341
person 0.011948251 463 578 479 621
person 0.011946174 53 -103 69 -44
person 0.011944756 433 325 449 341
person 0.011936351 922 -125 928 -92
person 0.011934096 859 162 874 184
person 0.011920586 891 419 900 476
person 0.011909302 274 519 284 545
person 0.011897497 42 238 61 292
person 0.011890806 115 224 128 245
person 0.011890297 534 -164 558 -86
person 0.01186987 136 360 160 379
person 0.011861339 538 527 556 582
person 0.0118588805 499 578 515 621
person 0.011853774 819 484 833 509
person 0.011845734 0 227 8 300
person 0.011844578 0 469 6 561
person 0.011844076 413 20 431 47
person 0.011832146 45 114 52 126
person 0.011831788 899 83 907 93
person 0.011825686 356 345 370 356
person 0.011813059 180 141 217 197
person 0.011808825 304 627 321 688
person 0.01180671 625 627 642 688
person 0.011803629 678 344 687 356
person 0.011801544 182 28 197 44
person 0.011792738 464 328 475 342
person 0.011792359 677 -67 694 -59
person 0.011770459 268 627 285 688
person 0.011755603 339 627 356 688
person 0.011732962 303 345 323 362
person 0.01172024 923 62 928 74
person 0.011719952 921 -107 928 -50
person 0.011710827 189 293 208 311
person 0.011706209 922 -89 928 -57
person 0.011704046 891 86 917 151
person 0.011693328 0 -94 5 -58
person 0.01168641 923 657 929 693
person 0.011675478 365 72 394 111
person 0.011669338 95 575 106 620
person 0.011665232 747 -17 771 69
person 0.01165907 0 583 5 619
person 0.011655268 0 -129 7 -58
person 0.011648564 37 206 57 261
person 0.011645852 554 -84 567 -62
person 0.011644024 826 129 835 147
person 0.011640129 149 117 170 142
person 0.011618332 695 -67 712 -59
person 0.011597433 35 429 51 451
person 0.011593388 -3 214 8 239
person 0.011585102 375 627 392 688
person 0.01157942 0 671 4 711
person 0.011572677 232 627 249 688
person 0.011540844 126 -67 140 -46
person 0.011536058 920 311 927 324
person 0.011491074 721 -196 728 -164
person 0.011489466 0 549 7 618
person 0.01148468 456 87 507 165
person 0.011483775 411 627 428 688
person 0.011483018 73 301 91 325
person 0.011480847 713 -67 730 -59
person 0.011477953 923 -55 928 -20
person 0.011470024 650 -195 657 -164
person 0.011452407 922 213 928 243
person 0.011440013 717 -138 733 -88
person 0.011439905 587 76 635 157
person 0.011433118 596 29 604 41
person 0.011429152 881 128 890 141
person 0.011429077 641 578 658 619
person 0.011420972 0 262 6 298
person 0.0114195775 161 627 178 688
person 0.011413722 360 537 368 565
person 0.011413474 590 -70 605 -48
person 0.011410714 247 448 304 518
person 0.011408359 613 507 625 554
person 0.011367501 805 216 821 238
person 0.01136502 197 627 213 689
person 0.011347652 768 627 783 650
person 0.011341416 768 166 783 187
person 0.011340283 197 257 215 275
person 0.011334239 681 539 690 564
person 0.011327886 730 -67 748 -59
person 0.011317541 35 185 43 208
person 0.0113129 466 346 477 361
person 0.011309136 56 -208 68 -201
person 0.011303843 878 523 890 543
person 0.01130379 310 279 346 321
person 0.011302954 503 528 520 584
person 0.011301041 193 193 215 224
person 0.011300987 807 536 816 564
person 0.011298184 0 351 5 384
person 0.011285913 748 165 764 187
person 0.01127987 635 58 698 192
person 0.011261443 660 -67 676 -59
person 0.011254421 180 -66 194 -45
person 0.011254071 0 387 4 422
person 0.011249137 874 259 901 306
person 0.011244885 446 627 463 688
person 0.011237104 40 639 53 665
person 0.011236405 645 538 654 563
person 0.011234483 798 482 810 507
person 0.011231495 48 237 60 261
person 0.011230727 282 291 293 300
person 0.01122419 358 130 373 150
person 0.011221709 922 -107 928 -74
person 0.011221422 729 7 741 44
person 0.01121213 748 -67 766 -59
person 0.011201029 189 375 213 392
person 0.011196693 631 27 644 45
person 0.011183197 114 523 121 538
person 0.011157178 857 -169 875 -116
person 0.011154154 589 627 606 689
person 0.011154076 390 148 407 168
person 0.011146962 0 336 12 409
person 0.011145023 890 320 912 355
person 0.011119685 105 273 123 294
person 0.011109387 256 133 270 157
person 0.011104243 92 -178 103 -129
person 0.011101798 702 13 708 26
person 0.011086852 253 346 272 361
person 0.011071159 885 434 904 451
person 0.011067812 68 601 125 743
person 0.011065546 919 437 933 453
person 0.011034209 425 305 443 323
person 0.011033112 482 627 499 689
person 0.0110328095 579 -178 590 -134
person 0.011029246 363 363 374 373
person 0.0110231675 766 -67 783 -59
person 0.011019951 895 521 903 540
person 0.011016199 666 520 675 544
person 0.010998046 876 290 893 309
person 0.010997482 36 273 49 300
person 0.010982053 798 397 889 534
person 0.010972978 790 12 797 25
person 0.010964033 540 131 550 149
person 0.010958352 292 356 329 395
person 0.010957283 -9 87 24 186
person 0.0109514855 573 -207 585 -201
person 0.010947679 67 436 85 456
person 0.01094094 0 494 4 529
person 0.01094048 428 306 440 319
person 0.010934645 468 373 482 393
person 0.01093051 774 276 868 398
person 0.01092597 704 601 767 732
person 0.010873718 -3 232 8 255
person 0.010872149 160 -56 210 111
person 0.01087195 216 -207 228 -201
person 0.01086913 234 -207 246 -201
person 0.01086894 288 -207 299 -201
person 0.010868852 918 216 931 240
person 0.010868812 148 576 191 666
person 0.010865931 198 -207 210 -201
person 0.010865607 305 -207 317 -201
person 0.010861678 717 537 726 564
person 0.010861335 342 537 351 565
person 0.010860479 270 -207 282 -201
person 0.010855784 323 -207 335 -201
person 0.010855523 252 -207 264 -201
person 0.010852625 95 504 103 531
person 0.0108483 180 -207 192 -201
person 0.010847538 341 -207 353 -201
person 0.010846745 553 306 561 317
person 0.010846351 359 -207 371 -201
person 0.010843562 525 274 582 342
person 0.010840413 827 -194 834 -164
person 0.0108373 163 -207 175 -201
person 0.010834022 553 627 570 689
person 0.010828159 377 -207 389 -201
person 0.010815673 518 627 535 689
person 0.010808446 0 257 8 341
person 0.010807972 107 627 122 650
person 0.010793055 803 -49 852 106
person 0.010792363 739 -196 746 -164
person 0.010784516 395 -207 407 -201
person 0.010772375 0 601 5 637
person 0.010749431 509 -203 521 -159
person 0.010748733 758 211 782 244
person 0.010745746 77 412 94 431
person 0.010740186 412 -207 424 -201
person 0.010735719 508 380 527 408
person 0.010734336 145 -207 157 -201
person 0.010716518 471 534 482 574
person 0.010711666 613 324 620 336
person 0.010709145 0 619 5 654
person 0.010693697 159 351 177 366
person 0.010688618 239 355 249 364
person 0.010688034 870 11 882 52
person 0.010685201 774 -196 781 -164
person 0.010681345 922 525 927 539
person 0.0106796725 614 -181 625 -134
person 0.010676227 430 -207 442 -201
person 0.010650294 866 67 874 76
person 0.010644634 448 233 464 257
person 0.010644408 721 48 730 59
person 0.010643619 710 79 754 171
person 0.010640161 583 578 622 663
person 0.010639282 90 392 111 413
person 0.01062612 40 532 51 560
person 0.010609629 203 -79 238 57
person 0.010594814 724 580 769 665
person 0.010587674 655 578 695 663
person 0.010574235 923 640 929 673
person 0.010572539 448 -207 460 -201
person 0.010569707 881 269 896 288
person 0.010557599 161 434 176 444
person 0.010546871 623 -84 639 -68
person 0.0105444025 825 515 835 557
person 0.0105431145 922 553 928 584
person 0.010531815 594 27 607 43
person 0.010518018 159 87 167 99
person 0.0105133895 -3 303 7 328
person 0.010506576 92 504 103 564
person 0.010485553 309 31 316 44
person 0.01047597 715 152 764 226
person 0.010474917 694 342 702 355
person 0.010472845 757 -196 763 -164
person 0.010471744 804 359 815 373
person 0.010461245 466 -207 478 -201
person 0.010461106 127 -207 139 -201
person 0.010460129 785 183 801 203
person 0.010453902 416 125 498 250
person 0.010450894 25 160 37 187
person 0.0104424 780 188 856 313
person 0.010434303 -3 -18 7 4
person 0.01043317 680 163 697 184
person 0.010431872 56 85 65 98
person 0.010420453 484 -207 496 -201
person 0.010416402 627 610 639 634
person 0.010414995 555 -207 567 -201
person 0.010411821 645 610 657 634
person 0.010406218 919 469 933 487
person 0.010397589 886 461 945 610
person 0.01039202 784 -110 807 -26
person 0.010384693 537 -84 549 -61
person 0.010383276 245 331 263 346
person 0.010380538 489 99 501 113
person 0.01037075 570 147 588 165
person 0.010362189 19 677 32 704
person 0.010355957 -4 374 8 398
person 0.010349551 609 611 621 634
person 0.01034772 318 81 348 120
person 0.010346603 836 7 847 47
person 0.0103440145 370 579 410 661
person 0.010341077 613 522 620 537
person 0.010340252 872 410 898 429
person 0.010337979 44 518 52 546
person 0.010331735 90 -146 106 -84
person 0.010329546 124 123 144 148
person 0.010325999 502 -207 514 -201
person 0.010323631 681 330 690 342
person 0.010304726 591 611 604 634
person 0.010295563 467 108 475 125
person 0.010293959 91 447 108 468
person 0.010283427 191 145 212 172
person 0.010277639 133 600 195 737
person 0.010272548 305 -66 318 -43
person 0.0102697555 39 622 52 648
person 0.0102632055 470 -140 480 -100
person 0.010262362 720 -179 736 -124
person 0.010260691 0 -76 5 -41
person 0.010247533 573 611 586 634
person 0.010243635 812 215 835 247
person 0.010242137 448 611 461 634
person 0.010237101 466 611 479 634
person 0.010236976 781 482 797 508
person 0.0102353385 430 611 443 634
person 0.010231745 299 579 340 660
person 0.010230649 140 394 168 413
person 0.010228723 645 511 655 524
person 0.010226487 864 345 879 364
person 0.010225386 537 611 550 634
person 0.0102234045 555 611 568 634
person 0.0102227675 519 -207 531 -201
person 0.010219323 520 611 532 634
person 0.010212929 484 611 497 634
person 0.010209695 869 -127 905 -15
person 0.010209002 502 611 514 634
person 0.010207142 713 165 730 187
person 0.010206062 111 222 135 271
person 0.010200424 381 -34 439 117
person 0.010191493 359 390 385 419
person 0.010186112 412 611 425 634
person 0.010183371 606 -86 621 -76
person 0.010181756 -10 -152 27 -23
person 0.010181381 735 536 744 563
person 0.010174685 36 413 49 427
person 0.010169572 -3 624 8 648
person 0.0101659 752 610 764 634
person 0.010158854 892 324 909 342
person 0.01014936 45 227 113 345
person 0.010146165 891 384 901 435
person 0.0101432055 0 -92 11 -21
person 0.010134041 729 216 743 237
person 0.010129164 734 610 746 634
person 0.0101198265 911 117 933 162
person 0.010118369 98 -52 149 115
person 0.010113561 918 3 926 52
person 0.010112319 860 523 872 545
person 0.010112086 0 432 6 526
person 0.010108383 395 611 407 634
person 0.010104123 0 476 4 513
person 0.010102449 120 448 142 466
person 0.010102015 537 -207 549 -201
person 0.010097705 914 512 929 550
person 0.010090258 0 396 6 491
person 0.010083868 119 224 134 245
person 0.010079666 197 273 216 292
person 0.010075414 801 5 813 47
person 0.010058145 819 -201 845 -136
person 0.010053432 216 611 229 634
person 0.010044769 685 410 778 538
person 0.0100390725 914 -143 929 -82
person 0.010038029 234 611 247 634
person 0.010035988 731 342 749 361
person 0.010028056 428 -93 445 -63
person 0.010025315 662 610 675 634
person 0.010023758 377 611 390 634
person 0.010016937 198 611 211 634
person 0.010016776 126 627 142 689
