person 0.7188038 276 226 295 252
person 0.717702 310 241 330 272
person 0.70667416 934 288 964 327
person 0.6985119 349 242 370 272
person 0.6930611 1087 183 1105 210
person 0.6889939 922 197 943 224
person 0.6882453 560 272 593 310
person 0.68565774 985 240 1007 271
person 0.68035597 703 294 738 336
person 0.66586 864 197 885 225
person 0.6616743 979 338 1020 392
person 0.6510736 345 211 366 238
person 0.6500332 671 190 690 217
person 0.6397232 984 163 1001 186
person 0.63953197 424 220 444 246
person 0.6362669 869 265 898 301
person 0.6295681 707 172 725 195
person 0.62865156 859 166 877 192
person 0.62407094 813 185 833 212
person 0.6230611 1039 240 1065 276
person 0.62152153 1042 184 1059 212
person 0.6196756 1091 233 1110 263
person 0.61877084 891 164 909 190
person 0.61373603 1029 170 1046 193
person 0.6118458 848 146 865 169
person 0.60918313 1069 174 1085 197
person 0.60188544 669 164 686 185
person 0.60108536 720 222 748 256
person 0.59782827 754 320 798 373
person 0.5956584 838 359 881 413
person 0.59528166 951 161 968 182
person 0.58778983 907 162 926 188
person 0.583913 388 257 410 287
person 0.57711965 732 167 749 189
person 0.5738594 805 145 821 167
person 0.5654546 743 137 755 156
person 0.56489706 158 359 202 415
person 0.56245136 1141 192 1160 218
person 0.55388606 473 173 490 196
person 0.5460881 800 239 829 276
person 0.5437386 777 148 794 169
person 0.53828627 776 238 799 268
person 0.5376619 630 182 648 206
person 0.53260833 1101 320 1135 363
person 0.52512723 1030 217 1049 245
person 0.5215173 831 247 862 283
person 0.5209036 424 200 443 222
person 0.51996493 559 183 578 204
person 0.5164975 638 258 673 298
person 0.5163343 618 207 640 233
person 0.510761 944 182 962 207
person 0.5045017 691 145 704 163
person 0.50195044 926 175 944 197
person 0.49018577 785 169 802 193
person 0.48571524 996 182 1015 207
person 0.481505 566 160 584 180
person 0.47420776 616 176 634 196
person 0.47375947 761 146 774 165
person 0.4673878 521 172 539 192
person 0.46462196 1126 206 1145 232
person 0.4616917 491 220 511 246
person 0.4560908 1125 246 1152 283
person 0.4505618 511 187 530 208
person 0.44453028 911 152 928 173
person 0.44439298 1056 220 1076 247
person 0.44216186 639 166 657 185
person 0.44188616 695 168 712 190
person 0.43206164 766 205 787 231
person 0.42087063 823 151 840 173
person 0.42062467 641 257 666 286
person 0.40903223 997 202 1017 228
person 0.39440048 470 205 489 228
person 0.39160293 640 293 675 332
person 0.37844196 1144 240 1163 268
person 0.3677647 819 156 836 179
person 0.36659396 711 261 745 297
person 0.36100635 491 195 510 217
person 0.34819576 441 199 458 220
person 0.3389492 758 158 776 181
person 0.33739406 981 192 1002 218
person 0.32743183 1030 313 1063 352
person 0.3178467 1129 238 1150 268
person 0.30489942 524 213 543 237
person 0.29877278 569 162 581 175
person 0.2927298 1068 212 1086 240
person 0.2821155 609 215 639 247
person 0.2815848 581 171 601 189
person 0.28019205 507 231 528 256
person 0.28006268 1135 195 1154 221
person 0.25472173 130 411 203 516
person 0.2509729 910 179 931 205
person 0.24628948 807 146 818 161
person 0.24428281 524 173 536 187
person 0.24334995 773 204 794 230
person 0.23946625 565 209 587 233
person 0.23849861 702 145 717 165
person 0.23625863 607 227 629 253
person 0.23457775 780 149 791 164
person 0.23193012 588 182 610 204
person 0.22708891 470 183 491 208
person 0.22519514 763 196 785 221
person 0.22322683 561 256 588 283
person 0.21256652 826 211 848 237
person 0.20864761 531 169 546 189
person 0.20091353 541 242 565 267
person 0.19821517 544 234 579 269
person 0.19429383 530 218 555 242
person 0.18690158 776 195 797 220
person 0.18397234 953 163 965 176
person 0.18377514 719 273 754 310
person 0.18308057 457 233 478 257
person 0.17936517 671 165 683 180
person 0.17769559 144 350 213 437
person 0.17162609 547 189 569 212
person 0.1667322 1141 202 1159 228
person 0.16654524 476 175 487 190
person 0.16530599 984 204 1005 229
person 0.16459738 870 194 891 219
person 0.16421558 707 179 727 203
person 0.16371223 514 188 527 203
person 0.15932007 1100 306 1148 373
person 0.15926832 307 247 334 281
person 0.15898582 115 388 215 552
person 0.15894136 1099 219 1121 246
person 0.1579645 697 164 710 185
person 0.15691371 573 153 591 170
person 0.15349483 734 161 746 185
person 0.15265505 1156 489 1227 609
person 0.15165491 996 174 1017 196
person 0.1511082 761 160 773 176
person 0.15079306 730 192 752 216
person 0.1495905 826 153 837 168
person 0.14949866 836 238 856 277
person 0.14910462 892 161 919 195
person 0.14809254 449 231 471 256
person 0.14786121 627 207 649 233
person 0.1475076 890 302 924 339
person 0.14713743 304 238 326 266
person 0.14637557 468 169 494 202
person 0.14519127 432 204 452 229
person 0.14445321 347 248 374 283
person 0.14396785 707 264 749 316
person 0.1426035 554 178 582 210
person 0.1423718 718 219 741 247
person 0.14090256 557 235 581 260
person 0.14007773 651 289 678 318
person 0.14001279 990 248 1020 284
person 0.1397776 851 148 862 163
person 0.13952647 625 228 658 264
person 0.13888723 1032 171 1042 187
person 0.13588373 864 267 888 294
person 0.13439421 844 304 882 343
person 0.13425393 826 185 848 211
person 0.13352978 194 -84 229 13
person 0.13270208 393 235 417 262
person 0.13248567 987 164 998 180
person 0.12885554 1257 316 1270 377
person 0.12771149 507 185 535 216
person 0.12725368 610 175 639 206
person 0.12563524 576 155 587 167
person 0.12537548 821 159 833 175
person 0.12286392 808 206 834 235
person 0.12192631 914 156 925 169
person 0.11987833 994 229 1016 258
person 0.11963451 443 200 455 215
person 0.1177907 723 263 748 291
person 0.116168484 700 170 728 200
person 0.11613064 1071 176 1082 191
person 0.11540184 493 192 507 212
person 0.115337335 373 214 395 240
person 0.11498119 984 187 1013 224
person 0.11446388 787 158 800 189
person 0.11306737 822 342 894 420
person 0.10941671 710 163 722 191
person 0.10905572 562 185 574 199
person 0.10849323 845 229 868 258
person 0.10600842 910 162 923 180
person 0.10495619 1098 276 1130 317
person 0.10443472 618 183 631 196
person 0.1041046 104 -79 140 20
person 0.103105225 905 204 935 240
person 0.100516446 380 246 418 297
person 0.099220045 822 606 895 737
person 0.09868648 1157 263 1177 290
person 0.09782074 1066 174 1078 195
person 0.095872425 715 216 753 265
person 0.093255304 357 244 381 271
person 0.0929191 633 185 645 199
person 0.092347406 427 203 439 217
person 0.091883145 496 228 510 249
person 0.09159966 649 260 676 288
person 0.09118847 1248 321 1272 371
person 0.090619266 804 246 824 282
person 0.09060598 587 261 623 296
person 0.08974379 639 289 668 320
person 0.088765375 260 261 290 294
person 0.088683695 741 301 812 379
person 0.088436656 1237 323 1281 399
person 0.08812772 1000 184 1012 199
person 0.08785386 761 233 787 263
person 0.086449586 485 169 500 189
person 0.08619427 510 256 544 293
person 0.085506424 870 204 891 230
person 0.08518168 978 231 1014 280
person 0.08480064 361 260 386 288
person 0.08357421 458 212 488 248
person 0.08350575 473 208 485 223
person 0.08282724 764 337 809 390
person 0.08257313 916 290 971 357
person 0.081658155 705 289 733 316
person 0.081157215 1264 158 1271 194
person 0.08076474 948 185 959 201
person 0.08065365 456 143 474 166
person 0.08045343 70 -89 103 11
person 0.0804176 391 218 413 243
person 0.0802895 330 210 349 235
person 0.07940237 583 211 607 235
person 0.07808237 843 142 869 174
person 0.077929094 1260 697 1270 782
person 0.07747423 949 209 971 235
person 0.07598764 521 149 541 169
person 0.07578938 1118 433 1191 524
person 0.07448213 1005 254 1028 283
person 0.074223116 1045 187 1056 203
person 0.0732433 529 254 552 279
person 0.07303842 30 421 98 527
person 0.072849914 705 528 781 644
person 0.0727092 1263 181 1270 215
person 0.072083525 745 131 755 144
person 0.071681276 923 265 975 334
person 0.071561694 983 250 1005 281
person 0.071422644 635 243 658 269
person 0.07123922 657 243 682 270
person 0.070543475 343 230 378 280
person 0.06968406 862 162 874 186
person 0.069610134 662 215 685 241
person 0.06951119 278 229 291 242
person 0.06945423 1264 137 1271 173
person 0.06864018 1118 281 1142 308
person 0.068455026 677 213 700 239
person 0.06832177 587 307 624 345
person 0.068313755 1025 350 1063 391
person 0.068108425 136 409 188 467
person 0.067923635 943 352 982 394
person 0.0673624 952 233 975 261
person 0.06652143 1031 238 1069 289
person 0.06550145 1142 545 1223 736
person 0.06546352 894 164 906 182
person 0.06542282 427 228 441 249
person 0.06538097 914 203 935 228
person 0.06467829 460 145 472 161
person 0.064661525 1149 444 1222 552
person 0.064627364 1145 193 1157 209
person 0.06447156 788 228 842 295
person 0.06403113 873 363 920 415
person 0.063767955 445 255 479 291
person 0.06376431 1260 742 1271 820
person 0.063680604 680 268 705 293
person 0.06310057 1129 209 1141 225
person 0.06310013 1260 640 1270 737
person 0.06309103 419 256 444 283
person 0.062845565 888 146 907 168
person 0.06271377 1261 588 1270 688
person 0.06223401 964 324 1032 407
person 0.062154382 1256 334 1269 403
person 0.062033877 526 212 540 230
person 0.061989725 455 327 489 366
person 0.061959907 1259 258 1275 289
person 0.06179404 1097 261 1120 290
person 0.061691377 393 259 406 283
person 0.060864937 1259 262 1272 314
person 0.06066105 0 -6 12 62
person 0.060340736 899 288 924 316
person 0.06023009 518 254 543 280
person 0.059930615 553 300 590 338
person 0.059892926 927 230 951 257
person 0.05987117 1166 266 1196 303
person 0.058944754 580 263 606 289
person 0.05890973 75 629 89 663
person 0.058413178 56 299 86 335
person 0.058087517 725 445 808 529
person 0.05803104 1245 -249 1278 -161
person 0.057787385 588 153 605 167
person 0.057690565 774 144 802 177
person 0.057289775 617 150 632 165
person 0.05701009 649 299 677 326
person 0.05657503 629 266 686 329
person 0.056536585 982 185 1000 209
person 0.056167662 758 340 792 384
person 0.055978086 432 261 455 286
person 0.055724718 548 257 603 323
person 0.05499658 -5 -275 11 -246
person 0.054985944 1090 185 1101 203
person 0.05475877 610 255 636 282
person 0.054657217 671 152 686 166
person 0.054289512 548 155 561 168
person 0.054082766 1263 255 1271 291
person 0.05400076 579 284 606 311
person 0.053428173 907 145 932 178
person 0.053357814 1046 241 1061 269
person 0.053349517 1088 344 1133 400
person 0.053020403 170 -60 201 6
person 0.052782852 677 578 771 745
person 0.05251347 1264 207 1271 241
person 0.052330162 545 152 564 170
person 0.05180752 1171 265 1192 293
person 0.051794257 307 -84 344 15
person 0.05175286 1137 197 1151 212
person 0.051711224 349 199 368 222
person 0.05151946 1258 -273 1271 -215
person 0.051166497 15 404 120 559
person 0.050852276 494 208 508 235
person 0.05051486 -4 -175 20 -52
person 0.05050897 1039 325 1063 352
person 0.05047638 0 -10 31 87
person 0.05026286 1082 224 1117 275
person 0.05010836 -4 -263 23 -153
person 0.049931638 1264 233 1271 268
person 0.049775917 1093 187 1105 201
person 0.0496339 878 235 902 263
person 0.04891897 727 228 742 251
person 0.048889298 260 306 295 344
person 0.04877192 687 346 735 399
person 0.048755594 691 126 705 140
person 0.048703715 882 399 919 441
person 0.048567705 204 577 227 607
person 0.048529897 1089 235 1102 261
person 0.048387628 688 497 793 674
person 0.048312716 -1 -278 7 -245
person 0.04831217 255 237 275 258
person 0.048259534 644 149 659 167
person 0.04824348 1132 253 1144 277
person 0.04814292 1106 304 1129 332
person 0.0480184 1259 183 1274 213
person 0.04785685 679 240 704 266
person 0.047823623 672 181 687 211
person 0.047579896 766 126 780 141
person 0.047544148 778 411 867 493
person 0.047048964 -4 -274 10 -266
person 0.046929553 1260 161 1275 192
person 0.046715118 716 129 729 144
person 0.04648945 781 240 795 264
person 0.04647829 1105 476 1214 663
person 0.046475083 72 281 100 317
person 0.04644917 752 141 780 172
person 0.04620388 1259 235 1275 266
person 0.04614151 985 150 1003 171
person 0.045779295 785 605 878 808
person 0.045606695 1103 172 1121 195
person 0.045409236 300 252 321 281
person 0.045297056 948 267 973 294
person 0.044893567 517 125 535 146
person 0.044658743 266 365 300 404
person 0.04406128 777 531 856 636
person 0.04404695 1113 310 1137 336
person 0.043943647 304 304 338 341
person 0.043859664 1259 547 1269 642
person 0.04375978 728 -83 769 7
person 0.043733917 1181 242 1201 269
person 0.043446027 1038 575 1130 751
person 0.043277066 496 147 516 168
person 0.04322664 0 711 9 812
person 0.04316796 833 389 878 445
person 0.043138694 164 360 194 386
person 0.04301077 902 237 926 262
person 0.042637624 667 610 750 806
person 0.04251533 1162 304 1196 343
person 0.042185374 592 550 680 738
person 0.04182485 24 627 38 661
person 0.041514903 859 284 884 313
person 0.041455545 955 152 973 173
person 0.041360836 1071 214 1084 230
person 0.041312676 124 322 231 471
person 0.041207593 742 128 759 146
person 0.040954597 925 182 940 217
person 0.040887143 535 286 560 311
person 0.0408855 931 265 956 293
person 0.040846817 193 359 231 400
person 0.04064414 552 473 648 665
person 0.040611595 777 257 803 287
person 0.04058888 1260 139 1275 171
person 0.040518053 963 398 1008 454
person 0.040425215 931 592 1033 761
person 0.04037541 1259 209 1275 239
person 0.040344175 388 287 411 313
person 0.040063165 1076 258 1099 288
person 0.03991878 989 242 1002 268
person 0.039786972 835 601 943 763
person 0.03950278 583 240 607 264
person 0.0394411 397 191 417 213
person 0.039371993 930 400 978 454
person 0.03933268 161 317 200 355
person 0.039323002 1247 342 1270 394
person 0.03921613 989 344 1008 387
person 0.03900684 772 314 797 341
person 0.03885149 979 226 1028 297
person 0.03873897 879 305 904 332
person 0.038668957 1252 265 1275 308
person 0.03866116 415 213 453 264
person 0.038472816 287 222 305 244
person 0.038439095 1173 228 1202 263
person 0.03840283 1258 219 1271 266
person 0.038365774 603 209 645 259
person 0.038321063 1000 208 1013 221
person 0.038126767 734 310 761 337
person 0.03806866 622 210 636 225
person 0.038024243 349 213 362 228
person 0.03779831 1244 -160 1278 -58
person 0.037741113 1257 -275 1271 -266
person 0.037467677 849 523 926 628
person 0.03744813 -2 9 14 41
person 0.037251435 727 288 754 315
person 0.0370364 891 149 904 164
person 0.037016664 629 286 687 353
person 0.036919214 1257 166 1271 211
person 0.0368132 75 664 89 700
person 0.036584556 1256 -276 1274 -248
person 0.03653438 1264 107 1271 143
person 0.036428038 1191 404 1231 464
person 0.036306664 145 -9 185 84
person 0.036286414 1096 -265 1114 -206
person 0.036011145 0 -280 10 -218
person 0.035920396 1045 316 1071 343
person 0.035568908 1134 414 1240 581
person 0.035518866 195 -142 230 -42
person 0.03540228 206 323 241 360
person 0.035388947 568 211 584 226
person 0.035311747 267 215 303 268
person 0.035135955 975 389 1031 460
person 0.03493478 1178 -257 1194 -209
person 0.034918282 562 451 643 536
person 0.034892518 855 304 879 329
person 0.03488628 1045 280 1067 308
person 0.034846574 54 429 75 456
person 0.03464849 204 263 236 295
person 0.034647185 105 -54 130 0
person 0.03453857 1082 395 1131 449
person 0.034533348 1260 839 1271 914
person 0.03451757 63 602 77 637
person 0.03439557 468 42 492 84
person 0.034383733 792 395 836 451
person 0.03435385 412 289 437 314
person 0.03428677 1259 -229 1270 -163
person 0.034113828 677 185 691 208
person 0.03394897 755 497 871 673
person 0.033941112 1258 283 1275 316
person 0.033844016 1033 209 1046 238
person 0.033757716 0 422 6 463
person 0.03370881 242 339 300 409
person 0.03346382 1256 303 1273 336
person 0.033187628 343 190 371 223
person 0.03300357 74 -55 97 0
person 0.03297117 1045 250 1057 275
person 0.032920115 888 391 946 460
person 0.032894325 -5 427 11 459
person 0.032887172 528 313 587 380
person 0.03276495 567 508 639 628
person 0.032678623 548 -91 586 5
person 0.032652147 511 235 525 248
person 0.03264659 53 -275 72 -256
person 0.03263992 755 263 779 290
person 0.03250549 67 847 90 928
person 0.03248146 1030 287 1054 315
person 0.032434233 1120 347 1170 404
person 0.03212649 597 353 635 395
person 0.031957366 30 -275 46 -267
person 0.03185431 113 828 145 956
person 0.03183628 901 267 925 294
person 0.03157603 1 4 9 46
person 0.0315646 528 426 607 519
person 0.031491227 104 -142 139 -41
person 0.031427465 535 478 600 597
person 0.031269208 1133 -260 1151 -206
person 0.031228289 390 -83 427 15
person 0.031069394 1097 404 1211 563
person 0.031023296 567 257 582 278
person 0.031019876 482 212 523 263
person 0.030938838 520 449 615 643
person 0.030912815 1260 794 1271 863
person 0.030880027 194 404 238 460
person 0.03086924 30 -275 49 -256
person 0.030767743 816 186 829 204
person 0.030710813 1040 -268 1058 -208
person 0.030518731 256 190 273 211
person 0.030505676 689 123 708 143
person 0.03046658 296 -138 332 -41
person 0.030302778 404 302 437 339
person 0.030194653 859 412 873 425
person 0.030152716 40 290 82 373
person 0.03015119 447 173 467 195
person 0.03009907 1147 242 1159 258
person 0.030028878 680 279 706 306
person 0.03001439 639 349 689 403
person 0.029824868 76 651 92 689
person 0.0294139 926 206 938 221
person 0.029321425 457 12 496 103
person 0.029300885 1169 287 1192 315
person 0.029278161 1235 229 1276 309
person 0.02913154 804 278 830 304
person 0.029075986 104 418 209 623
person 0.029028917 212 228 241 261
person 0.028957693 756 289 782 314
person 0.028915768 738 399 787 455
person 0.028844027 238 -9 278 85
person 0.028797653 592 -86 633 9
person 0.028765257 461 255 484 280
person 0.028759457 1132 234 1146 255
person 0.028667504 763 469 804 528
person 0.028423922 441 320 495 386
person 0.02838887 808 241 822 267
person 0.028369464 1093 873 1132 976
person 0.028300244 1132 88 1158 126
person 0.028241316 1021 398 1067 454
person 0.028236363 255 213 274 233
person 0.028164946 341 282 366 308
person 0.028142245 240 536 265 561
person 0.028114667 365 197 385 219
person 0.02810907 798 314 910 458
person 0.027969208 1174 835 1209 936
person 0.027936717 729 220 745 242
person 0.02787412 938 -269 957 -208
person 0.027836086 782 281 808 308
person 0.027826043 949 144 975 177
person 0.027818492 1058 211 1072 241
person 0.027786529 563 143 592 176
person 0.027773784 606 288 630 312
person 0.027761057 1004 -274 1019 -265
person 0.027741395 855 185 891 234
person 0.027663926 1029 -274 1043 -265
person 0.027655734 1121 505 1200 626
person 0.027649762 1133 168 1150 190
person 0.027647922 427 214 441 239
person 0.0275525 687 143 715 174
person 0.027485028 -21 454 50 627
person 0.027418038 980 -274 995 -265
person 0.027392887 988 -269 1006 -208
person 0.027267912 1053 -274 1068 -265
person 0.027267592 275 195 295 218
person 0.02717885 1145 207 1155 222
person 0.027078887 724 228 736 251
person 0.026999472 914 192 951 245
person 0.026937572 365 279 389 306
person 0.02691379 53 -275 70 -267
person 0.026897637 497 305 533 342
person 0.026813444 1220 -275 1236 -267
person 0.026708094 929 498 1049 666
person 0.026658101 769 208 783 223
person 0.026505524 955 -274 970 -266
person 0.02637711 557 312 581 335
person 0.02636402 510 138 538 172
person 0.026329938 1261 301 1269 338
person 0.02622082 311 595 335 627
person 0.026216298 383 241 435 311
person 0.026149483 486 255 510 279
person 0.026117032 892 611 987 812
person 0.026101453 46 670 60 706
person 0.026064923 360 577 380 607
person 0.026027592 808 -83 851 8
person 0.026022721 681 254 761 338
person 0.026020704 520 128 531 144
person 0.026009902 888 -269 907 -208
person 0.025975073 929 149 948 171
person 0.025809208 321 224 372 294
person 0.025745677 1099 223 1147 294
person 0.025693413 833 502 943 664
person 0.025631526 390 -149 426 -52
person 0.025546405 313 251 326 274
person 0.02553929 991 881 1031 988
person 0.025463976 1263 280 1270 317
person 0.025446583 226 238 246 260
person 0.025433572 1077 -274 1092 -266
person 0.025337217 541 349 583 393
person 0.025274253 1259 384 1270 456
person 0.025204657 980 -275 997 -248
person 0.025164373 796 547 822 575
person 0.02512205 0 -66 12 28
person 0.025065726 1263 85 1271 122
person 0.025016917 1005 -275 1021 -248
person 0.025008138 956 -275 972 -249
person 0.02497026 1112 326 1138 354
person 0.024911685 1131 745 1142 780
person 0.02488072 162 267 194 298
person 0.02476936 0 -262 9 -172
person 0.02476799 1094 235 1107 252
person 0.024698121 1029 -276 1046 -248
person 0.024590887 646 259 660 282
person 0.02456824 452 133 480 168
person 0.024444886 1258 552 1276 580
person 0.024400502 836 908 862 991
person 0.024396155 591 -138 629 -46
person 0.024387045 931 -274 946 -266
person 0.024368398 1258 477 1276 506
person 0.024325052 1263 165 1270 183
person 0.024322221 1054 -275 1070 -248
person 0.024315331 931 -275 948 -250
person 0.024249393 1188 476 1215 501
person 0.024232361 884 908 911 991
person 0.024140814 251 265 273 290
person 0.024118213 595 414 636 475
person 0.024068443 268 261 282 285
person 0.024009094 1258 502 1276 531
person 0.024007617 321 -12 361 80
person 0.024001557 724 280 826 433
person 0.023994777 543 236 561 258
person 0.023947118 787 908 813 991
person 0.02388118 350 304 383 341
person 0.023867512 959 749 968 769
person 0.023808422 933 908 960 992
person 0.023805445 1073 284 1096 309
person 0.023636295 1233 362 1251 391
person 0.023628484 935 748 944 771
person 0.023535103 773 320 793 363
person 0.023463357 1219 -275 1239 -255
person 0.023449704 982 908 1008 992
person 0.023427922 227 551 250 577
person 0.023385746 1041 243 1053 269
person 0.023334391 1134 413 1182 471
person 0.023282526 300 548 324 582
person 0.023265071 868 206 880 222
person 0.023219852 906 -275 924 -251
person 0.023195185 1034 145 1051 169
person 0.023147307 1260 109 1275 141
person 0.02309984 1031 908 1057 992
person 0.02308822 1078 -275 1094 -249
person 0.023038538 262 276 283 303
person 0.023021216 27 641 43 677
person 0.023012519 313 182 342 216
person 0.023006666 693 -138 733 -47
person 0.023006592 461 235 475 250
person 0.022982746 911 748 920 771
person 0.0229549 1034 731 1043 752
person 0.022946294 815 -136 856 -46
person 0.022869516 1258 576 1276 605
person 0.022864226 498 853 525 930
person 0.022839513 122 865 155 993
person 0.022833357 500 376 536 416
person 0.022824327 314 278 336 304
person 0.022809368 738 908 764 992
person 0.02273964 508 -144 545 -49
person 0.022739613 164 577 186 604
person 0.022730453 -9 686 30 856
person 0.02267624 848 363 869 408
person 0.022674832 329 196 347 219
person 0.022587948 1177 216 1196 241
person 0.022569869 1263 644 1271 684
person 0.022468079 -4 210 12 240
person 0.022421688 1262 9 1270 49
person 0.02241892 1181 -91 1218 9
person 0.02239994 -1 686 6 733
person 0.022326991 847 -267 866 -206
person 0.022265308 1080 908 1106 992
person 0.022178136 950 300 1048 452
person 0.022176255 764 190 781 211
person 0.022165162 960 731 969 749
person 0.022116559 1101 -275 1116 -266
person 0.0220715 312 296 366 363
person 0.022028726 546 853 574 930
person 0.022016915 683 397 730 456
person 0.02201539 906 -275 921 -266
person 0.02201288 1258 526 1276 555
person 0.022012219 1259 -181 1271 -113
person 0.02199062 1263 144 1270 162
person 0.021915145 418 488 435 514
person 0.02189098 -5 448 11 481
person 0.021875191 661 179 700 230
person 0.021850592 835 744 848 774
person 0.021774255 421 491 430 509
person 0.021767277 776 209 791 222
person 0.021732185 624 419 663 480
person 0.021723716 -4 793 16 950
person 0.021703057 -4 197 29 285
person 0.021697864 470 125 490 147
person 0.021680119 419 170 439 194
person 0.02165525 988 154 999 167
person 0.021639446 982 340 1009 369
person 0.02163542 201 -55 228 0
person 0.021635339 882 -275 900 -252
person 0.021623427 689 908 715 992
person 0.021590237 1257 132 1270 176
person 0.021582693 789 126 803 142
person 0.021557657 696 -259 735 -172
person 0.021522472 0 28 7 68
person 0.021505306 1132 182 1166 235
person 0.021453036 1179 195 1197 219
person 0.02143359 710 183 724 197
person 0.02139935 189 547 213 572
person 0.021368679 1198 -275 1217 -255
person 0.021341333 1264 548 1271 583
person 0.021338126 618 230 665 280
person 0.021267567 449 854 476 930
person 0.021260414 699 411 828 561
person 0.0212274 255 186 284 221
person 0.021201478 978 309 1004 337
person 0.021164626 1178 64 1197 91
person 0.021155855 495 726 514 808
person 0.02114887 1264 572 1271 608
person 0.021139119 1257 491 1267 586
person 0.021123754 904 869 929 949
person 0.021117521 1102 -275 1119 -250
person 0.021071892 1002 869 1026 950
person 0.02104679 351 853 378 931
person 0.021026826 400 854 427 930
person 0.020959951 -10 -187 28 -34
person 0.020920258 883 -264 923 -177
person 0.020918468 1199 -275 1214 -267
person 0.020888966 866 188 881 215
person 0.020852014 984 749 992 770
person 0.020852009 395 731 419 811
person 0.020848626 546 728 563 809
person 0.02079638 -1 564 6 611
person 0.020739231 584 315 608 338
person 0.020717496 436 285 460 309
person 0.020706315 168 363 189 408
person 0.020702863 1094 357 1121 383
person 0.020698834 640 908 666 992
person 0.020667983 237 507 262 533
person 0.020645048 878 -136 919 -44
person 0.020626888 1262 187 1270 205
person 0.020578187 953 869 977 949
person 0.020562427 856 869 880 949
person 0.020548934 310 554 331 583
person 0.020534558 1181 854 1203 915
person 0.020525545 1258 599 1276 629
person 0.020506611 1258 456 1276 484
person 0.02048135 1050 869 1075 950
person 0.020431265 484 620 506 652
person 0.02037186 1259 648 1275 681
person 0.020369448 147 363 175 390
person 0.020367926 1257 327 1267 366
person 0.020333046 0 513 8 563
person 0.020322734 815 126 827 140
person 0.020308519 535 304 559 328
person 0.020291103 300 241 340 291
person 0.020275831 210 582 235 607
person 0.020249749 204 853 232 931
person 0.020244531 984 732 993 750
person 0.020230755 1184 500 1215 524
person 0.020205813 69 -133 94 -58
person 0.020200118 1 -9 8 32
person 0.020186469 946 522 1031 628
person 0.020178672 828 280 854 305
person 0.020171955 957 155 970 168
person 0.020154715 -1 275 7 312
person 0.020152418 715 745 727 774
person 0.020148935 1074 281 1173 446
person 0.020111687 794 -255 834 -168
person 0.020101767 505 393 626 566
person 0.020092629 1259 960 1267 1014
person 0.020089237 1020 -271 1060 -187
person 0.020063983 1177 180 1205 216
person 0.020024741 1025 359 1051 384
person 0.020018553 591 908 617 992
person 0.019980557 25 481 34 517
person 0.019978018 102 315 138 350
person 0.019949863 1009 744 1019 779
person 0.01991562 950 326 974 355
person 0.0199092 806 869 831 949
person 0.019883303 764 323 785 367
person 0.019882685 110 850 135 930
person 0.01987651 750 380 886 535
person 0.01985466 596 134 628 168
person 0.019840006 302 854 329 931
person 0.019830775 984 744 995 778
person 0.019799683 938 733 947 751
person 0.01978916 1075 337 1100 363
person 0.019759925 1258 623 1275 655
person 0.01973341 0 444 6 485
person 0.019731805 1263 620 1271 658
person 0.019712303 1000 313 1025 339
person 0.01968176 907 15 926 38
person 0.01963838 991 339 1017 367
person 0.019629614 101 360 139 400
person 0.019628532 1031 174 1067 227
person 0.019624615 0 226 7 260
person 0.019587824 0 207 8 243
person 0.019585993 1072 315 1097 339
person 0.019583713 1132 731 1140 754
person 0.019567376 678 315 704 339
person 0.019565446 257 239 272 253
person 0.01954429 1258 72 1270 123
person 0.019542824 542 908 569 992
person 0.019485567 0 249 12 305
person 0.019440165 50 292 91 346
person 0.019439857 1259 87 1274 120
person 0.019388568 1260 -136 1271 -63
person 0.019378453 -1 813 15 910
person 0.019290008 1262 59 1270 97
person 0.01928467 240 563 282 624
person 0.019276906 877 269 891 293
person 0.019241763 1082 733 1091 752
person 0.019225549 253 853 281 931
person 0.0192195 307 -263 344 -173
person 0.01921315 1264 474 1271 508
person 0.019203134 1264 595 1271 632
person 0.019160887 494 907 520 992
person 0.019147065 1002 383 1026 404
person 0.019124314 836 406 854 418
person 0.019113 212 872 248 993
person 0.01910376 291 195 310 217
person 0.019079132 1108 745 1119 781
person 0.019077545 0 467 6 512
person 0.019052379 0 489 7 537
person 0.019036094 672 126 684 142
person 0.019013189 1064 -99 1124 31
person 0.019003995 1090 88 1119 125
person 0.019002698 887 748 895 773
person 0.01900022 861 746 870 772
person 0.018985366 142 103 190 184
person 0.018960096 857 -275 875 -253
person 0.018921977 733 186 750 209
person 0.01890642 0 764 15 862
person 0.01890415 1100 869 1123 950
person 0.018886857 167 405 256 499
person 0.018868813 1125 -275 1143 -252
person 0.018845929 210 -262 247 -171
person 0.018835668 611 -260 650 -172
person 0.018834082 881 -275 897 -266
person 0.018832253 339 434 363 455
person 0.018801881 796 -266 815 -206
person 0.01877019 -1 636 6 683
person 0.01876736 287 406 323 445
person 0.018763611 511 -260 549 -171
person 0.018749632 1175 -218 1197 -161
person 0.018729342 1106 177 1119 190
person 0.018695693 333 214 345 227
person 0.018667044 1018 -86 1061 9
person 0.018658506 1196 872 1234 980
person 0.018619357 445 907 471 992
person 0.018618176 611 233 625 246
person 0.018614592 26 634 49 726
person 0.018603664 703 339 728 364
person 0.018586032 51 575 65 612
person 0.01857621 302 734 318 803
person 0.018558756 -1 660 6 709
person 0.018543918 1156 745 1167 778
person 0.018542038 1115 -262 1155 -179
person 0.01852578 467 572 555 741
person 0.018520327 835 145 888 220
person 0.018510891 350 733 367 801
person 0.018509274 -4 86 30 180
person 0.01850844 778 187 796 211
person 0.018504394 750 -267 769 -207
person 0.018460948 813 122 831 143
person 0.018435083 125 787 148 870
person 0.018418865 696 880 735 991
person 0.01840359 1000 282 1023 313
person 0.018400317 455 347 488 384
person 0.018337954 607 -4 652 80
person 0.018325172 657 140 686 171
person 0.018212683 395 490 416 515
person 0.018209336 156 852 183 931
person 0.018174568 158 219 188 252
person 0.018164605 1125 -275 1141 -266
person 0.018160874 299 -61 331 6
person 0.018125918 -8 -21 41 107
person 0.018118976 -1 712 6 757
person 0.018095763 1125 281 1137 306
person 0.018092152 288 377 325 417
person 0.018060895 757 869 782 949
person 0.01805289 396 907 422 992
person 0.018050551 598 -121 623 -65
person 0.0180377 788 86 817 121
person 0.017992953 310 573 334 604
person 0.017973294 696 -269 714 -210
person 0.01797199 1034 745 1044 778
person 0.017967422 876 -98 939 25
person 0.017920483 1008 732 1017 753
person 0.017894395 1264 499 1271 533
person 0.017888814 595 854 623 930
person 0.017817179 104 268 136 301
person 0.017800495 0 860 15 960
person 0.017778523 50 292 69 320
person 0.017774737 1129 908 1155 993
person 0.017768161 46 29 79 94
person 0.017753454 511 607 592 817
person 0.017750792 0 -241 6 -193
person 0.017735425 0 661 9 768
person 0.01772904 573 616 661 825
person 0.017722655 933 154 946 167
person 0.017718025 259 192 270 208
person 0.017701749 1232 -171 1284 -35
person 0.017687153 49 685 61 726
person 0.017663416 0 -265 6 -219
person 0.017652243 416 -262 454 -172
person 0.017648721 944 626 1048 821
person 0.017639678 110 -127 134 -67
person 0.017627735 447 126 465 147
person 0.017599287 570 123 591 145
person 0.017580211 -5 33 11 63
person 0.01757344 1264 523 1271 558
person 0.017559854 510 808 555 955
person 0.01755423 347 907 373 993
person 0.017551696 123 -257 160 -164
person 0.017548818 -1 -53 19 37
person 0.017525954 521 745 532 775
person 0.017502274 512 286 537 310
person 0.017489152 201 907 226 993
person 0.017483786 71 263 91 289
person 0.017460335 1263 669 1271 710
person 0.017424548 616 125 636 146
person 0.017376455 1083 745 1094 779
person 0.017336043 166 -268 184 -209
person 0.017332576 493 123 515 145
person 0.017298678 691 744 703 775
person 0.017297875 298 907 324 993
person 0.017285453 249 907 275 993
person 0.017280731 173 563 195 585
person 0.017249713 569 744 580 775
person 0.017246908 803 176 842 226
person 0.017238034 -1 541 6 586
person 0.017228449 619 128 632 144
person 0.017226309 1151 172 1168 195
person 0.017200302 925 328 951 354
person 0.01718492 539 424 664 563
person 0.01718323 540 452 562 479
person 0.017176434 452 139 470 162
person 0.017175535 376 217 392 230
person 0.017163562 700 815 751 949
person 0.017146083 1009 749 1017 771
person 0.017144948 300 695 316 770
person 0.017141527 644 -125 670 -68
person 0.017104082 648 -270 666 -211
person 0.01708889 1118 355 1144 378
person 0.017060105 910 16 921 34
person 0.017048433 1196 424 1221 450
person 0.017031126 152 907 178 993
person 0.017009284 140 -2 177 59
person 0.017008925 881 445 927 504
person 0.016992293 598 883 636 996
person 0.016992157 220 869 241 899
person 0.016976532 1038 89 1067 124
person 0.016959343 244 551 271 580
person 0.016954653 194 378 224 404
person 0.016939918 270 -59 301 7
person 0.016939512 828 446 877 504
person 0.016925067 1263 929 1270 981
person 0.01692228 530 14 576 100
person 0.016892297 1045 230 1062 259
person 0.016875034 -5 229 12 258
person 0.016870487 1160 266 1201 322
person 0.016855381 0 954 10 1010
person 0.016852435 1061 733 1070 752
person 0.016846895 1263 453 1271 486
person 0.0168305 987 208 1001 223
person 0.016819425 462 161 500 214
person 0.016811132 305 881 343 994
person 0.01680642 837 736 848 752
person 0.016804963 244 869 265 899
person 0.016761724 1047 610 1145 815
person 0.01674991 54 907 81 993
person 0.0167317 833 -275 852 -253
person 0.016720885 31 664 47 702
person 0.016686559 130 215 182 288
person 0.01667912 1151 278 1174 305
person 0.016637292 473 128 485 145
person 0.016626569 755 325 791 354
person 0.01661656 590 252 712 418
person 0.016611371 248 727 272 808
person 0.016564693 873 189 890 211
person 0.016531084 1009 390 1021 403
person 0.016504105 1007 147 1024 169
person 0.016501853 1134 857 1158 918
person 0.016486235 890 883 930 993
person 0.016475871 889 86 917 121
person 0.016465303 196 869 216 899
person 0.016427461 269 868 289 899
person 0.016416341 598 -270 616 -211
person 0.016415216 72 240 92 264
person 0.016390644 499 633 529 722
person 0.016384663 854 604 882 629
person 0.016384434 1177 908 1203 992
person 0.016369255 1036 859 1061 919
person 0.016368533 792 882 832 991
person 0.01635758 492 -275 510 -252
person 0.016354896 297 -275 315 -252
person 0.01635268 272 -275 290 -252
person 0.016351974 321 -275 339 -252
person 0.016349865 516 -275 535 -252
person 0.016348615 99 2 135 66
person 0.016346537 394 -275 413 -252
person 0.016346391 53 446 80 479
person 0.016344596 345 -275 364 -252
person 0.016344214 370 -275 388 -252
person 0.016343929 248 -275 266 -252
person 0.016339721 419 -275 437 -252
person 0.016339215 468 -275 486 -252
person 0.016332112 590 -275 608 -252
person 0.016327914 565 -275 583 -252
person 0.016327249 541 -275 559 -252
person 0.016324876 443 -275 461 -252
person 0.01631803 223 -275 242 -252
person 0.016271194 126 -263 140 -208
person 0.016260626 614 -275 632 -252
person 0.01624454 1191 219 1208 244
person 0.016241204 1197 870 1220 954
person 0.016234012 709 868 733 949
person 0.016229246 639 126 652 143
person 0.01621595 302 536 325 564
person 0.016157314 80 -262 93 -206
person 0.016139647 536 112 587 190
person 0.016123248 199 -275 217 -252
person 0.016068965 839 252 853 275
person 0.016065145 224 215 244 236
person 0.016054105 549 -271 567 -211
person 0.016038815 638 -275 657 -252
person 0.016025567 660 868 684 950
person 0.015978025 -5 59 11 92
person 0.015963767 293 868 314 898
person 0.015962664 544 745 556 775
person 0.015951006 180 -113 247 68
person 0.015949614 1235 122 1273 207
person 0.01592053 1164 459 1213 518
person 0.015911058 587 124 608 145
person 0.015907243 785 -233 807 -170
person 0.015905533 663 -275 681 -252
person 0.015882561 290 597 314 627
person 0.015869584 500 -270 518 -211
person 0.01585114 1149 -275 1168 -253
person 0.015819661 238 101 285 182
person 0.015805056 590 730 614 813
person 0.015798576 1258 17 1270 81
person 0.015774304 856 -275 872 -266
person 0.015763588 0 -114 10 -24
person 0.015751055 835 -234 857 -170
person 0.015749406 1147 319 1169 342
person 0.015740324 561 238 577 251
person 0.015731733 882 15 901 38
person 0.015712919 272 389 355 476
person 0.01570634 218 533 245 556
person 0.015642079 611 868 635 950
person 0.015637264 292 285 315 311
person 0.01562454 1176 37 1195 64
person 0.015603784 452 234 468 249
person 0.015601073 174 -275 193 -252
person 0.015581357 836 84 865 120
person 0.015559417 87 686 98 724
person 0.015545989 67 226 97 262
person 0.015530351 451 -271 469 -211
person 0.015524134 1122 700 1130 722
person 0.015510266 989 -134 1032 -44
person 0.01549779 456 142 466 159
person 0.015497537 -6 278 12 309
person 0.015458116 491 452 512 480
person 0.015441181 140 435 195 497
person 0.015440486 354 -271 371 -211
person 0.015439477 53 246 73 271
person 0.015434098 679 109 757 212
person 0.015433861 1073 -138 1113 -44
person 0.015430499 687 -275 706 -252
person 0.015429326 562 868 586 950
person 0.015425044 151 375 180 404
person 0.015423516 747 84 777 120
person 0.015419954 860 735 870 749
person 0.015401027 393 220 410 233
person 0.015390358 318 868 338 898
person 0.015383611 56 270 76 296
person 0.015377625 402 -271 420 -211
person 0.015371649 621 115 697 219
person 0.015361143 695 115 749 189
person 0.015358122 487 7 509 36
person 0.015357271 305 -271 322 -211
person 0.015348527 143 377 277 544
person 0.01534218 1033 749 1042 770
person 0.015328549 1108 -257 1118 -216
person 0.015323166 401 884 439 996
person 0.015294341 718 0 766 83
person 0.015285928 507 85 535 123
person 0.01527965 1058 745 1068 778
person 0.015229357 760 193 873 362
person 0.015212419 1086 -237 1102 -178
person 0.015197054 0 54 6 98
person 0.015192266 696 -125 722 -68
person 0.0151723595 223 538 240 553
person 0.015165551 461 287 485 311
person 0.015150124 103 907 129 994
person 0.015150076 0 -165 10 -73
person 0.015102154 -4 472 11 506
person 0.015100877 1192 452 1218 477
person 0.01509802 1117 37 1136 64
person 0.015094404 536 -100 592 31
person 0.015086594 500 882 538 996
person 0.015079305 208 -271 226 -211
person 0.015076465 0 572 9 671
person 0.015063619 307 240 322 255
person 0.015041929 534 254 548 276
person 0.0150292395 67 607 81 641
person 0.014994106 809 -275 828 -253
person 0.014992775 1263 691 1270 733
person 0.014972361 919 448 960 509
person 0.014972164 -4 -278 16 -195
person 0.014969387 1262 -12 1269 29
person 0.014967678 151 727 174 812
person 0.014966413 745 545 775 573
person 0.014944888 22 518 31 558
person 0.014941527 168 623 239 816
person 0.014931198 256 -271 273 -211
person 0.014914789 833 376 862 404
person 0.014910629 0 588 7 635
person 0.014907742 444 126 493 203
person 0.014900412 513 868 537 950
person 0.014900092 342 868 363 899
person 0.014891765 686 -177 711 -116
person 0.014890891 547 171 588 222
person 0.014878334 487 288 511 311
person 0.014876174 722 219 736 242
person 0.014875279 1261 865 1271 957
person 0.014869551 644 854 672 930
person 0.01486749 0 -218 6 -168
person 0.014853186 603 809 650 953
person 0.014849154 171 868 192 899
person 0.014845032 144 408 175 431
person 0.014837125 712 -275 730 -252
person 0.014817957 150 -275 168 -252
person 0.014806185 912 732 921 749
person 0.014793098 475 617 495 650
person 0.014785289 98 698 114 734
person 0.0147691965 1252 838 1272 923
person 0.0147686275 739 745 751 774
person 0.014766865 1066 836 1151 1008
person 0.014751652 -3 -4 13 26
person 0.01473049 1239 16 1273 114
person 0.014718722 62 369 95 410
person 0.014705803 500 176 541 227
person 0.014673876 353 251 367 275
person 0.014652717 0 45 10 109
person 0.014647226 837 242 852 267
person 0.014632471 887 770 900 806
person 0.014631846 201 303 324 459
person 0.014627164 414 307 439 332
person 0.014616673 837 771 851 806
person 0.014602024 1085 858 1109 919
person 0.0145846205 66 275 105 330
person 0.014564499 831 401 859 424
person 0.014549124 77 -275 95 -255
person 0.014546867 44 546 57 583
person 0.014540128 1259 62 1274 95
person 0.014489111 1149 -275 1165 -266
person 0.014481827 887 221 1006 373
person 0.014460086 928 15 948 39
person 0.014423132 399 194 415 206
person 0.014420285 73 794 95 875
person 0.014420055 1129 755 1146 817
person 0.014412575 433 486 454 516
person 0.014402724 1181 65 1192 86
person 0.014401891 366 868 387 899
person 0.014393683 1260 449 1269 529
person 0.0143880695 869 268 882 291
person 0.014375173 -1 -211 15 -115
person 0.014351227 497 679 515 781
person 0.01434489 445 0 503 127
person 0.014336087 785 -275 804 -253
person 0.014319433 300 719 311 756
person 0.014318726 1035 725 1046 761
person 0.01431189 1108 724 1117 745
person 0.014299001 552 81 583 117
person 0.0142865535 658 219 788 370
person 0.014266033 1250 -275 1274 -203
person 0.014245735 377 359 412 398
person 0.014225581 293 425 317 447
person 0.014217899 -5 182 12 213
person 0.014209802 202 462 249 520
person 0.014205287 122 520 147 550
person 0.014196771 797 -175 822 -115
person 0.014188764 125 -275 144 -253
person 0.014181949 -1 371 5 413
person 0.014170608 0 613 7 660
person 0.014148483 0 407 7 446
person 0.014126902 1079 172 1115 226
person 0.01412548 1173 -275 1189 -266
person 0.014118597 72 -181 95 -102
person 0.014116691 351 204 365 216
person 0.014067423 736 -275 754 -252
person 0.014065916 1103 38 1123 65
person 0.014060223 411 676 432 711
person 0.0140545 807 0 854 83
person 0.014049405 939 87 967 121
person 0.014046197 391 868 411 899
person 0.014013604 940 360 1061 526
person 0.0140102245 133 -21 193 106
person 0.013989938 293 540 331 599
person 0.0139884185 0 735 6 783
person 0.013988399 760 -275 779 -253
person 0.013987353 465 867 488 950
person 0.013985934 993 88 1021 123
person 0.01398241 1173 -275 1192 -255
person 0.013982212 414 184 450 235
person 0.0139765395 973 286 998 315
person 0.0139663 741 -175 766 -115
person 0.013963948 589 -176 613 -116
person 0.013954818 272 596 298 628
person 0.013918993 411 808 455 957
person 0.01391368 398 493 412 511
person 0.013892002 516 215 632 370
person 0.013887691 341 797 363 855
person 0.013874917 795 816 850 948
person 0.0138647165 549 -120 573 -64
person 0.013860943 395 237 414 251
person 0.013859625 124 -180 146 -116
person 0.013857997 1025 -172 1042 -124
person 0.013809228 914 -258 924 -216
person 0.013784522 812 772 826 807
person 0.013780309 1075 355 1100 379
person 0.013745882 450 129 460 145
person 0.013735199 1243 385 1272 455
person 0.013703907 1263 214 1271 231
person 0.01369347 1262 -235 1270 -190
person 0.0136919245 415 868 436 899
person 0.013690218 342 -61 372 6
person 0.013674549 239 208 311 309
person 0.013673585 1259 673 1274 707
person 0.013670246 472 744 483 776
person 0.013661563 1027 126 1056 163
person 0.013656887 -15 78 41 199
person 0.013644323 -6 589 78 748
person 0.013640248 636 -177 660 -116
person 0.013637554 168 -183 191 -120
person 0.013625193 520 104 595 213
person 0.01360986 -6 255 15 286
person 0.013594721 1262 262 1271 279
person 0.013586757 1131 -226 1148 -165
person 0.013576925 667 744 679 776
person 0.013548899 313 239 328 257
person 0.013545617 852 406 878 426
person 0.01352609 938 -258 948 -216
person 0.013523183 833 -275 849 -266
person 0.013522019 829 310 854 332
person 0.013513994 -4 -260 10 -225
person 0.01350877 593 742 605 775
person 0.013491318 444 417 465 438
person 0.0134896245 306 216 380 314
person 0.013472882 1057 749 1066 770
person 0.01346348 1047 357 1071 380
person 0.01345711 861 769 874 806
person 0.013451788 807 237 824 256
person 0.013449844 495 744 510 779
person 0.013449718 630 209 647 226
person 0.013434359 745 -125 772 -67
person 0.013427287 0 301 9 338
person 0.013409323 120 557 146 590
person 0.013408615 61 618 76 653
person 0.013407702 1262 34 1270 73
person 0.013392244 593 -15 660 103
person 0.013390046 1169 367 1211 426
person 0.013378157 290 226 303 239
person 0.013360408 811 743 824 775
person 0.013341295 440 867 460 899
person 0.013334347 669 123 688 144
person 0.013330301 693 854 721 930
person 0.013324871 310 620 339 653
person 0.013316022 65 49 93 93
person 0.0133005 1232 -262 1285 -143
person 0.01329905 224 -19 285 108
person 0.013285797 1145 433 1170 456
person 0.013269484 851 625 882 650
person 0.013264004 538 -176 562 -116
person 0.013262844 737 -235 759 -173
person 0.013258595 0 120 12 179
person 0.013165493 127 -232 142 -169
person 0.013154545 -5 571 10 604
person 0.013135412 0 783 6 832
person 0.013131377 490 278 618 444
person 0.013109156 730 264 743 288
person 0.013106158 1228 717 1239 752
person 0.013104493 1253 876 1272 970
person 0.013077676 416 867 439 951
person 0.013048236 464 867 485 899
person 0.013046774 364 360 399 399
person 0.013032002 279 717 290 754
person 0.013029722 -3 131 14 162
person 0.013016582 1191 239 1209 265
person 0.013013114 1021 385 1046 404
person 0.013013041 586 867 607 899
person 0.012984079 1210 289 1299 467
person 0.012965303 1145 363 1170 385
person 0.012949232 792 -126 818 -68
person 0.012918492 562 867 583 899
person 0.012918131 253 258 296 309
person 0.012912376 829 213 845 227
person 0.012911256 460 313 485 338
person 0.012905825 446 743 461 779
person 0.012892238 611 867 631 899
person 0.012887893 -6 375 9 408
person 0.012884782 214 496 245 525
person 0.012882683 703 -109 790 71
person 0.012874784 -5 643 10 676
person 0.012868859 792 858 817 919
person 0.01285272 58 432 71 447
person 0.01284715 890 858 915 919
person 0.012841678 552 652 580 735
person 0.012831483 483 -2 502 27
person 0.01282306 489 867 509 899
person 0.012787606 538 867 558 899
person 0.0127821285 162 -128 188 -67
person 0.0127764745 1184 524 1217 547
person 0.0127737485 1127 123 1155 161
person 0.012757405 1149 869 1172 953
person 0.012749426 1165 472 1196 497
person 0.0127472235 964 830 1050 1010
person 0.012744054 0 -193 6 -144
person 0.0127377445 985 724 994 758
person 0.012724552 204 -122 230 -62
person 0.01272308 363 310 387 333
person 0.012711805 901 332 925 356
person 0.012705453 1178 506 1202 519
person 0.012701768 513 867 534 899
person 0.012681818 337 104 384 183
person 0.012678994 484 608 510 687
person 0.012655998 1038 -237 1053 -181
person 0.012650915 421 173 436 189
person 0.012629645 277 198 292 213
person 0.012622715 994 -115 1084 70
person 0.012620759 886 158 925 212
person 0.012613393 986 855 1014 929
person 0.012606957 1262 -187 1270 -142
person 0.012606102 728 336 754 360
person 0.012601837 635 867 656 899
person 0.012592861 989 445 1033 506
person 0.012583301 978 137 1007 172
person 0.012580577 1262 -211 1270 -166
person 0.012580257 889 781 953 897
person 0.012563257 704 -9 774 107
person 0.01256212 144 623 221 843
person 0.012546337 488 -176 511 -117
person 0.012526876 605 309 628 331
person 0.012524015 0 758 6 807
person 0.012511155 422 121 443 145
person 0.012505812 603 168 646 219
person 0.012501344 50 -117 115 63
person 0.012500661 86 -114 158 72
person 0.012474523 790 788 855 902
person 0.012459576 0 179 7 217
person 0.012457225 -4 -234 10 -201
person 0.012447818 1084 -258 1093 -216
person 0.012426827 721 265 734 287
person 0.012411646 1172 -265 1198 -197
person 0.012406813 896 593 921 623
person 0.012381541 0 429 8 515
person 0.012374101 632 330 657 353
person 0.012372406 881 267 994 427
person 0.0123695 170 536 192 549
person 0.012361899 616 742 631 778
person 0.012316954 1263 114 1270 133
person 0.012313486 367 867 390 951
person 0.01230435 641 743 656 779
person 0.01227908 233 549 244 578
person 0.012270866 -14 189 40 304
person 0.012252496 488 640 515 670
person 0.012244747 153 578 174 606
person 0.012226812 961 724 971 758
person 0.012217008 101 -275 120 -254
person 0.012215473 861 120 879 144
person 0.012214281 854 16 875 39
person 0.012194241 -6 483 24 603
person 0.012179903 309 532 330 560
person 0.012176127 155 -235 171 -175
person 0.012171707 343 434 358 450
person 0.0121603375 433 80 458 110
person 0.012159032 0 127 9 165
person 0.012150089 388 309 414 332
person 0.012149419 864 -118 954 64
person 0.012145883 898 202 941 254
person 0.012123065 285 612 369 827
person 0.012119502 490 433 510 457
person 0.012095416 1263 240 1271 256
person 0.012084128 498 -118 522 -62
person 0.012078739 1176 756 1195 816
person 0.012077692 660 867 680 898
person 0.012073045 1262 719 1270 761
person 0.012070826 792 -10 863 106
person 0.012068717 329 173 347 194
person 0.01205537 808 -275 825 -267
person 0.01201743 788 743 800 776
person 0.012007033 689 -237 710 -176
person 0.011981166 255 -121 280 -61
person 0.011974957 397 745 412 781
person 0.01197384 147 868 167 899
person 0.011970338 -5 669 10 701
person 0.011970157 363 666 385 700
person 0.011952435 962 -259 972 -216
person 0.011952315 1150 38 1170 67
person 0.011949872 882 820 899 852
person 0.01194179 969 383 998 407
person 0.0119366655 1134 809 1153 865
person 0.011929222 289 -116 364 75
person 0.011915258 813 736 824 752
person 0.011894616 850 362 976 523
person 0.011885866 489 795 507 855
person 0.011884611 308 -24 369 102
person 0.0118705705 447 730 463 806
person 0.011846353 -1 363 11 422
person 0.011819385 808 575 838 602
person 0.01181669 0 202 12 258
person 0.011805542 1246 599 1272 675
person 0.011799318 1204 402 1226 429
person 0.0117921475 563 318 577 331
person 0.011783117 1191 504 1211 517
person 0.011768029 0 807 6 856
person 0.011762324 902 139 954 213
person 0.011739992 1057 141 1074 164
person 0.011734532 389 433 472 518
person 0.011733327 1251 -185 1273 -106
person 0.011722516 510 310 534 335
person 0.011713703 0 928 6 982
person 0.011679809 503 395 533 436
person 0.011679229 1135 172 1146 185
person 0.011665984 207 579 222 598
person 0.011653078 1262 766 1270 809
person 0.011650199 318 867 341 951
person 0.011639246 1026 387 1041 399
person 0.011636042 1147 327 1172 352
person 0.011629134 0 300 13 361
person 0.011625601 1189 68 1206 95
person 0.011617844 1111 704 1120 722
person 0.011604137 256 718 266 756
person 0.011603638 668 827 756 1013
person 0.01157816 -5 411 11 442
person 0.011565914 186 828 266 1023
person 0.011558548 1262 790 1270 834
person 0.011556837 665 90 779 259
person 0.011552801 104 219 134 253
person 0.011549017 403 -119 427 -60
person 0.011539484 684 866 705 899
person 0.011529519 52 651 68 688
person 0.011522734 1000 18 1020 41
person 0.011512619 786 537 828 596
person 0.011508865 101 404 142 466
person 0.0114942435 79 -227 93 -161
person 0.011484338 952 15 973 39
person 0.011461495 77 739 91 819
person 0.01143023 1009 725 1019 761
person 0.011430058 -4 619 10 653
person 0.011422834 587 94 609 117
person 0.011390443 71 866 94 953
person 0.011387899 1006 404 1019 418
person 0.011372181 1262 741 1270 784
person 0.0113719655 169 335 194 362
person 0.011364548 -2 283 7 301
person 0.011360022 1099 362 1118 377
person 0.0113532655 1172 121 1191 146
person 0.0113407215 1039 236 1055 263
person 0.011311284 937 855 965 929
person 0.011303416 76 -275 93 -267
person 0.011303288 54 883 73 919
person 0.011291826 222 93 292 205
person 0.011282855 121 727 143 815
person 0.011279594 373 745 388 780
person 0.01127196 896 815 950 944
person 0.0112685915 0 111 8 151
person 0.011258624 1040 32 1066 70
person 0.011255004 630 617 655 645
person 0.011249482 888 -240 904 -180
person 0.011246369 -5 693 9 725
person 0.011238555 683 333 708 354
person 0.011235494 765 828 854 1010
person 0.011227709 189 647 209 680
person 0.011219776 889 -258 900 -216
person 0.011205265 162 79 191 120
person 0.011204805 1189 596 1218 620
person 0.011204129 912 769 924 805
person 0.011198462 987 -259 996 -216
person 0.011194372 451 212 494 265
person 0.011156648 -5 306 14 336
person 0.011150321 788 772 801 806
person 0.011150042 1179 812 1196 860
person 0.011127396 140 340 164 366
person 0.011119626 1184 548 1219 571
person 0.011108931 178 561 190 586
person 0.011095424 545 120 565 143
person 0.011087459 296 797 313 854
person 0.011085556 47 418 83 485
person 0.011084468 1124 360 1139 374
person 0.011081552 785 -275 801 -266
person 0.011074657 793 38 821 75
person 0.011069837 0 -169 6 -120
person 0.011062458 1264 908 1271 957
person 0.011054985 906 820 923 851
person 0.01104482 1189 90 1206 117
person 0.011039722 269 867 292 952
person 0.011035802 880 333 906 355
person 0.010998737 1251 741 1273 821
person 0.010998322 938 726 948 758
person 0.010998109 267 366 292 391
person 0.010995516 876 595 907 624
person 0.010977439 1079 706 1092 727
person 0.010974162 98 831 172 1030
person 0.010973547 -4 496 11 530
person 0.010972739 232 554 245 571
person 0.010951522 1121 692 1131 730
person 0.010939495 1262 -162 1270 -117
person 0.010922281 783 -114 875 67
person 0.010901819 573 126 587 142
person 0.010900513 709 866 729 899
person 0.010877669 847 -179 871 -120
person 0.010872144 290 618 318 653
person 0.010868002 491 -275 508 -266
person 0.010864322 516 -275 532 -266
person 0.010860961 589 -275 605 -266
person 0.010856798 467 -275 483 -266
person 0.010856018 296 -275 312 -266
person 0.010855435 320 -275 337 -266
person 0.010854682 272 -275 288 -266
person 0.010854074 394 -275 410 -266
person 0.01085348 565 -275 581 -266
person 0.010853101 29 179 47 209
person 0.010852553 369 -275 386 -266
person 0.010852374 540 -275 557 -266
person 0.010851642 345 -275 361 -266
person 0.010851068 418 -275 434 -266
person 0.010849497 247 -275 263 -266
person 0.010845496 442 -275 459 -266
person 0.010845016 -1 323 6 359
person 0.0108412765 743 -59 779 4
person 0.010840035 223 -275 239 -266
person 0.0108348355 309 814 355 955
person 0.010817377 613 -275 630 -266
person 0.010814357 340 311 364 334
person 0.010803487 560 331 587 354
person 0.010798321 741 855 770 929
person 0.010792827 601 94 715 262
person 0.010789671 363 99 383 121
person 0.010784557 418 845 436 877
person 0.010758339 884 129 961 231
person 0.010751963 953 361 978 383
person 0.010750522 1258 12 1273 45
person 0.010750344 965 220 1036 317
person 0.010749179 394 845 411 877
person 0.010748798 515 3 583 123
person 0.01074382 589 845 606 877
person 0.010743187 0 856 7 904
person 0.010742097 443 845 460 877
person 0.010733198 198 -275 215 -266
person 0.010728162 1180 745 1191 777
person 0.010722253 0 832 7 881
person 0.010720011 614 845 631 877
person 0.010719649 467 845 484 877
person 0.010716057 1175 -168 1198 -112
person 0.010710625 638 -275 654 -266
person 0.01071016 348 747 363 781
person 0.010706498 1179 92 1197 117
person 0.010703135 1255 346 1268 382
person 0.010697205 565 845 582 877
person 0.010688588 568 283 586 297
person 0.010687206 492 845 509 877
person 0.0106756175 1082 126 1112 164
person 0.010672385 1060 -259 1069 -216
person 0.010665429 983 781 1048 903
person 0.010657 778 581 806 604
person 0.010653029 200 721 223 806
person 0.01065226 540 845 558 877
person 0.010644413 662 -275 679 -266
person 0.010635317 516 845 533 877
person 0.010627493 638 845 655 877
person 0.010625759 369 845 387 877
person 0.010596968 658 290 672 315
person 0.010596118 1132 -256 1142 -215
person 0.01059218 748 620 787 650
person 0.010583184 97 713 112 749
person 0.0105788205 223 885 244 918
person 0.01056996 254 175 272 195
person 0.010564306 1179 39 1191 59
person 0.010530327 430 117 501 225
person 0.010525772 187 503 311 671
person 0.010510845 639 244 653 266
person 0.010507423 516 596 539 633
person 0.010506135 784 -156 801 -125
person 0.010505788 842 858 866 919
person 0.010500233 1160 262 1173 281
person 0.0104995435 373 554 393 584
person 0.010494913 585 331 609 354
person 0.010478659 682 678 703 711
person 0.010477586 561 593 587 623
person 0.010472139 988 -238 1004 -182
person 0.010470958 1201 193 1219 217
person 0.010465633 753 183 793 234
person 0.010465584 870 571 895 600
person 0.010464291 503 83 612 258
person 0.010461936 272 885 293 918
person 0.010460643 687 -275 703 -266
person 0.010460504 760 -275 776 -266
person 0.010458693 423 742 435 777
person 0.010454721 174 -275 190 -266
person 0.010447694 862 828 952 1009
person 0.010446339 247 885 269 918
person 0.010444377 399 166 418 188
person 0.01043972 26 935 44 973
person 0.01043416 345 845 362 877
person 0.010431192 856 -3 871 14
person 0.010416352 993 816 1048 941
person 0.010415708 439 -177 462 -119
person 0.010415521 858 819 874 853
person 0.010411576 -4 158 11 188
person 0.010402427 1262 -114 1271 -69
person 0.010396749 1011 -259 1021 -216
person 0.010389016 1010 383 1020 407
person 0.010382232 802 107 914 272
person 0.01037967 978 430 991 443
person 0.010372655 733 866 754 899
person 0.010358718 979 17 993 37
person 0.010350147 54 860 71 896
person 0.010338818 930 821 948 849
person 0.010323674 405 77 434 117
person 0.01031285 296 885 318 918
person 0.010299834 449 -118 473 -61
person 0.010299766 206 819 250 955
person 0.010297536 93 -157 146 -23
person 0.010292483 345 169 364 192
person 0.010291132 975 388 995 401
person 0.010289146 579 -30 674 149
person 0.010287747 880 380 908 405
person 0.01028584 27 499 37 538
person 0.01028534 838 120 856 143
person 0.010280094 1179 78 1205 117
person 0.01027647 198 885 220 918
person 0.0102689415 711 -275 728 -266
person 0.010255181 1171 529 1207 539
person 0.01025256 326 725 337 760
person 0.0102211265 -4 863 11 896
person 0.010217311 -5 718 10 750
person 0.010214245 320 885 342 918
person 0.0102133965 906 -4 920 13
person 0.010212515 309 640 343 673
person 0.010208674 882 -3 897 14
person 0.010206939 763 745 775 775
person 0.010187649 -4 116 13 147
person 0.010184967 383 630 468 834
person 0.010184684 855 569 885 599
person 0.010182126 380 -162 434 -33
person 0.010172034 1035 -259 1045 -216
person 0.010161808 305 -120 330 -61
person 0.010139304 320 846 338 877
person 0.010138481 864 561 900 625
person 0.010136725 118 460 199 589
person 0.010126335 1263 886 1271 931
person 0.0101205325 811 549 853 609
person 0.010120528 736 -275 752 -266
person 0.010112774 1163 -117 1242 73
person 0.010111083 807 251 821 275
person 0.010103608 220 867 243 952
person 0.01009669 704 76 735 112
person 0.01009558 78 633 86 652
person 0.01009192 224 670 245 705
person 0.0100917965 1011 256 1023 281
person 0.010090711 226 218 241 231
person 0.010079395 220 563 315 744
person 0.010076383 0 155 7 191
person 0.010066025 355 -120 379 -61
person 0.010063597 391 -179 413 -121
person 0.010060577 257 177 267 193
person 0.010058088 786 819 801 854
person 0.01004947 663 844 680 877
person 0.010043873 248 641 274 673
person 0.010043295 143 785 168 865
person 0.010037773 345 885 367 918
person 0.010031891 641 -238 662 -176
person 0.010027615 1181 93 1192 114
person 0.010021311 60 272 71 291
person 0.010011207 1220 219 1283 331
person 0.010005874 758 865 778 899
person 0.010000462 863 -256 877 -216
