person 0.7733463 431 194 450 217
person 0.77268964 820 177 840 202
person 0.7695504 945 280 978 319
person 0.75650305 280 225 300 251
person 0.7547158 736 237 767 272
person 0.7531925 674 189 694 214
person 0.74599653 856 170 875 194
person 0.73994726 773 163 791 184
person 0.7353034 881 188 901 214
person 0.7221021 785 246 816 283
person 0.7185421 642 238 672 271
person 0.71775705 848 148 866 169
person 0.7176037 830 233 860 266
person 0.7164946 1114 216 1133 244
person 0.7162919 1060 166 1077 189
person 0.7161846 883 266 916 302
person 0.70933926 936 187 955 212
person 0.70680183 1133 185 1150 209
person 0.70458066 1099 307 1130 349
person 0.70407945 900 163 918 186
person 0.70261794 768 204 790 231
person 0.699527 1023 283 1054 324
person 0.69843686 11 282 43 321
person 0.69830567 349 201 369 226
person 0.6965795 1022 170 1039 192
person 0.6955617 574 203 594 228
person 0.69543535 1043 244 1069 280
person 0.6954313 988 342 1032 397
person 0.69472355 656 265 691 305
person 0.6938007 1077 210 1097 238
person 0.6916978 743 138 760 156
person 0.6825627 996 177 1014 202
person 0.6789122 403 231 431 263
person 0.67854846 956 166 975 188
person 0.67567533 696 150 713 168
person 0.673348 555 162 572 182
person 0.6709438 769 296 813 348
person 0.6693833 802 139 818 158
person 0.6688756 605 214 626 240
person 0.6659309 657 166 676 187
person 0.6645149 980 239 1009 274
person 0.66005725 553 271 587 310
person 0.65261436 849 319 895 374
person 0.6511433 764 143 781 162
person 0.6492733 309 248 330 277
person 0.64681137 531 225 558 256
person 0.6451711 815 148 833 169
person 0.6428518 1090 189 1107 214
person 0.63976544 716 289 752 331
person 0.63391334 478 177 496 200
person 0.6200788 468 219 488 245
person 0.617427 621 169 640 189
person 0.61519986 571 180 590 202
person 0.60180277 727 169 745 189
person 0.59932166 679 152 696 169
person 0.59815925 1064 229 1088 262
person 0.58016723 624 179 645 203
person 0.56409204 546 178 563 200
person 0.55574423 519 169 536 188
person 0.5370956 1033 183 1052 209
person 0.5321938 723 219 746 247
person 0.53119284 345 249 373 280
person 0.5235374 944 162 962 185
person 0.5094505 432 224 453 251
person 0.5000217 1135 243 1160 280
person 0.4936205 1044 178 1061 203
person 0.48709437 494 180 512 202
person 0.47479808 994 200 1014 226
person 0.43317065 818 153 836 175
person 0.43164638 696 167 716 189
person 0.42129907 491 221 519 251
person 0.38129723 573 162 591 182
person 0.3608994 635 185 655 209
person 0.31826678 379 225 399 252
person 0.31635454 438 223 468 256
person 0.295988 1029 201 1049 225
person 0.29425877 921 152 938 172
person 0.27764845 730 146 747 164
person 0.2265964 1138 205 1155 228
person 0.20876104 496 214 520 244
person 0.18047333 513 174 530 193
person 0.17957963 709 178 730 200
person 0.16410218 976 173 994 194
person 0.14221402 830 209 851 235
person 0.1238448 483 222 505 249
person 0.103986815 520 181 540 204
person 0.10355529 991 183 1012 209
person 0.096717164 911 179 930 201
person 0.09269327 702 178 722 200
person 0.084099494 612 216 635 243
person 0.08183951 743 157 763 179
person 0.078738905 1078 260 1100 290
person 0.068787836 663 161 679 184
person 0.05948583 557 163 569 176
person 0.052879658 848 154 866 178
person 0.052256536 746 140 757 152
person 0.05095448 770 165 797 195
person 0.04846234 523 210 544 236
person 0.04776628 892 273 928 311
person 0.039745938 781 164 801 189
person 0.03628133 766 145 778 157
person 0.03427798 272 228 294 251
person 0.03335444 788 181 809 203
person 0.03259538 1060 211 1081 237
person 0.030629251 789 231 813 258
person 0.02849066 522 170 534 184
person 0.02829949 574 162 589 175
person 0.024423975 1138 190 1155 212
person 0.021634955 811 250 847 287
person 0.021422926 538 175 568 205
person 0.020693189 817 145 831 160
person 0.019306611 601 185 623 210
person 0.01900504 950 179 971 203
person 0.018304486 730 218 754 245
person 0.0171657 767 186 788 209
person 0.0159275 928 204 949 228
person 0.014578016 568 179 596 208
person 0.013100418 726 247 772 302
person 0.013010168 592 173 612 192
person 0.012636325 955 169 984 201
person 0.012247573 552 205 574 230
person 0.011327545 1047 169 1075 202
person 0.010144857 857 178 877 201
