person 0.5247626 298 99 313 119
person 0.5009463 686 27 699 45
person 0.1911549 683 45 698 63
person 0.14704488 37 233 48 257
person 0.14517255 684 52 697 68
person 0.13245293 831 388 892 517
person 0.12269241 34 229 51 263
person 0.117185675 688 29 696 40
person 0.114490174 852 140 871 169
person 0.111622125 847 193 881 250
person 0.11042149 842 267 906 413
person 0.10771056 370 97 384 113
person 0.10608023 685 45 696 57
person 0.10464881 696 44 709 60
person 0.09828988 36 242 50 268
person 0.09689668 905 528 913 580
person 0.09608172 686 54 695 65
person 0.094069146 839 339 903 484
person 0.09393968 292 91 319 127
person 0.0911725 699 52 712 68
person 0.08991061 699 45 708 56
person 0.08930629 684 21 700 51
person 0.08367733 0 232 7 286
person 0.08304615 851 285 899 381
person 0.08090561 165 -77 200 33
person 0.07838549 97 -70 121 15
person 0.07523066 367 95 388 117
person 0.07426527 854 171 876 206
person 0.0711424 31 386 87 519
person 0.06885727 553 50 560 60
person 0.06839246 702 54 710 65
person 0.06818667 551 48 563 62
person 0.06454607 314 111 330 130
person 0.06384806 553 291 596 385
person 0.061549198 140 -107 164 -29
person 0.06048891 675 62 688 78
person 0.05928081 854 147 867 169
person 0.05918376 903 151 913 190
person 0.05918019 851 177 878 223
person 0.058973815 365 103 387 129
person 0.0583703 904 184 913 229
person 0.058090698 904 201 912 251
person 0.056459174 127 254 156 297
person 0.05501063 -4 -205 8 -184
person 0.054246318 903 -204 912 -162
person 0.053839087 858 131 871 152
person 0.05365655 904 489 911 546
person 0.05317871 904 249 912 306
person 0.05280407 439 147 462 179
person 0.052379943 456 -81 491 42
person 0.051766966 510 123 530 148
person 0.05162119 -2 -197 16 -116
person 0.0512622 42 219 54 241
person 0.051180873 627 73 640 91
person 0.050922506 696 43 714 69
person 0.050563052 803 -79 836 42
person 0.05053429 311 97 326 114
person 0.050456613 32 366 73 468
person 0.05018709 904 564 912 611
person 0.049920563 115 329 184 456
person 0.049307387 842 -72 876 44
person 0.048856467 134 269 210 402
person 0.048437685 436 119 457 145
person 0.048325825 0 -207 5 -183
person 0.04705841 -3 -204 7 -198
person 0.045940287 549 250 582 308
person 0.045858886 852 201 875 238
person 0.04543973 -3 -136 13 -39
person 0.044685766 622 79 635 96
person 0.04371731 640 281 673 343
person 0.043600004 592 63 604 79
person 0.042075954 208 300 225 321
person 0.041777115 593 89 607 108
person 0.04159405 709 319 774 461
person 0.041095354 -1 230 12 292
person 0.040900245 45 270 57 294
person 0.040539347 555 25 562 36
person 0.04036943 0 227 4 258
person 0.04031325 290 32 310 59
person 0.040237613 691 302 724 364
person 0.040209454 553 23 565 39
person 0.039579954 149 293 201 367
person 0.039572693 383 107 406 134
person 0.038303807 903 -205 912 -198
person 0.03814203 708 606 728 659
person 0.037834562 36 244 57 295
person 0.037832394 447 147 467 176
person 0.037739858 631 62 644 78
person 0.03761353 281 107 296 126
person 0.037570935 212 278 230 297
person 0.0374938 318 436 333 457
person 0.03745598 904 -172 912 -124
person 0.037449222 546 44 565 69
person 0.037351817 721 342 768 430
person 0.037345946 652 61 666 77
person 0.037250027 673 605 693 659
person 0.037241634 147 90 159 108
person 0.037206654 902 -205 915 -186
person 0.037205003 905 596 913 648
person 0.037063774 156 289 175 306
person 0.036803782 0 -2 4 28
person 0.036794357 195 392 216 411
person 0.036387682 302 31 315 46
person 0.035548404 464 46 486 71
person 0.03526834 594 71 608 89
person 0.0348699 352 83 367 98
person 0.034850705 549 52 562 69
person 0.03475464 788 333 858 472
person 0.03471558 574 78 595 104
person 0.03470257 0 -209 7 -164
person 0.034464434 472 109 493 134
person 0.03440327 310 90 332 115
person 0.034214202 -4 231 7 255
person 0.034179743 842 591 868 665
person 0.0339905 219 -79 257 36
person 0.03369027 300 121 316 142
person 0.033569198 353 88 369 104
person 0.033360206 846 -192 858 -157
person 0.03325965 894 202 914 253
person 0.03324521 556 108 578 135
person 0.033234727 526 236 573 316
person 0.03311424 638 606 658 659
person 0.033076476 493 295 508 317
person 0.033033207 145 88 164 113
person 0.032822564 84 -109 109 -30
person 0.03270632 38 -205 51 -191
person 0.03270492 372 98 381 108
person 0.032500103 684 70 698 86
person 0.03248604 593 111 614 137
person 0.032476857 496 78 518 102
person 0.03243949 903 118 913 153
person 0.032322433 908 127 913 152
person 0.032247204 740 140 761 170
person 0.032195788 684 373 745 507
person 0.032004464 604 81 625 107
person 0.031977568 21 -205 33 -199
person 0.031572305 117 247 134 268
person 0.031520437 439 144 454 168
person 0.031422213 503 45 523 70
person 0.031296123 636 112 657 139
person 0.031219486 301 102 310 112
person 0.031117069 112 242 141 286
person 0.031032132 899 188 915 224
person 0.030891612 21 -205 35 -191
person 0.03086078 434 79 456 103
person 0.030754661 716 77 736 102
person 0.030703831 207 351 226 368
person 0.030693198 894 252 913 305
person 0.030674366 894 -187 917 -119
person 0.030259544 386 97 401 113
person 0.03014879 800 357 851 452
person 0.029964982 171 -25 197 54
person 0.029883686 630 72 651 97
person 0.029764783 649 71 663 88
person 0.029698996 831 179 897 307
person 0.029695299 206 340 290 477
person 0.02965855 315 335 327 358
person 0.02963121 468 79 490 102
person 0.029585829 429 45 450 70
person 0.02955344 740 113 762 140
person 0.02951194 868 278 893 328
person 0.029356135 137 239 195 307
person 0.029221725 902 46 911 87
person 0.029202411 829 512 837 535
person 0.029197045 743 606 763 659
person 0.029106982 692 371 718 415
person 0.029088017 728 151 761 203
person 0.029065076 258 113 280 139
person 0.029031273 0 240 5 271
person 0.028924352 462 480 476 541
person 0.028886732 533 82 554 108
person 0.028743025 82 -49 101 5
person 0.028604494 -2 234 22 299
person 0.02855354 43 268 63 322
person 0.028530264 47 -72 69 14
person 0.028446456 673 46 683 57
person 0.028367598 558 24 566 35
person 0.028309332 667 75 682 91
person 0.028221523 815 -195 827 -154
person 0.028017486 753 308 805 390
person 0.02796472 126 260 147 283
person 0.027954886 0 265 7 325
person 0.02794666 283 96 298 113
person 0.027909162 39 236 46 249
person 0.027855815 846 147 861 170
person 0.027734855 84 -92 133 48
person 0.027680872 48 601 65 658
person 0.027591102 739 -204 749 -198
person 0.02753719 586 58 599 74
person 0.027517915 721 -204 732 -198
person 0.02747887 823 113 844 139
person 0.027475638 676 109 697 136
person 0.027423572 -2 244 8 267
person 0.027366064 705 205 739 259
person 0.027252339 427 64 441 79
person 0.027251918 756 -204 767 -198
person 0.027141064 658 328 701 422
person 0.027140075 -4 0 7 23
person 0.026957544 38 -205 50 -199
person 0.02695477 876 -205 887 -199
person 0.026744148 302 105 310 116
person 0.026733031 532 109 554 135
person 0.026727455 648 47 668 73
person 0.026651103 190 400 209 421
person 0.026537254 701 72 715 87
person 0.026469633 409 99 423 115
person 0.026231254 709 110 730 137
person 0.026092444 460 55 474 69
person 0.026031885 703 -204 714 -198
person 0.026016546 594 65 602 75
person 0.025987707 562 49 571 60
person 0.025985742 679 73 700 98
person 0.025983691 821 140 842 170
person 0.025909182 667 143 689 173
person 0.025825026 559 87 573 106
person 0.025812848 857 174 873 196
person 0.025790086 908 140 913 167
person 0.025773354 570 -191 594 -122
person 0.025708685 384 107 399 125
person 0.025701692 206 -117 228 -32
person 0.025603978 773 -204 784 -198
person 0.025548764 254 81 276 105
person 0.025488282 43 276 56 301
person 0.025477214 786 -199 800 -154
person 0.025464237 904 129 916 150
person 0.025440428 264 97 279 115
person 0.025427485 0 104 4 130
person 0.02536828 622 256 688 403
person 0.02532797 908 109 913 133
person 0.025288183 738 72 752 88
person 0.025281066 784 621 812 696
person 0.025244543 721 -205 733 -186
person 0.02511424 217 172 240 200
person 0.02511336 704 -205 716 -186
person 0.025031066 -5 476 23 604
person 0.024958622 107 -50 129 5
person 0.024946366 361 42 383 67
person 0.024939818 201 389 223 409
person 0.024936866 780 110 801 137
person 0.024919441 724 75 738 91
person 0.024879297 848 606 864 649
person 0.024816144 220 113 242 137
person 0.024799488 648 309 707 454
person 0.024781456 739 -205 751 -185
person 0.024690734 750 43 769 70
person 0.024683021 608 332 625 354
person 0.024665834 0 19 5 48
person 0.024559896 1 150 10 184
person 0.024424305 206 268 226 288
person 0.024356328 560 78 574 96
person 0.024275443 757 -205 768 -185
person 0.024252053 603 606 623 660
person 0.024242004 174 286 195 301
person 0.024238018 633 64 642 74
person 0.02415376 686 -205 698 -187
person 0.024119582 523 -76 557 48
person 0.024115616 118 281 136 300
person 0.024076616 443 154 458 177
person 0.024059016 -3 22 8 44
person 0.024027312 162 296 194 338
person 0.023990702 907 208 912 236
person 0.023962617 427 606 447 661
person 0.023851281 154 297 178 314
person 0.023785496 550 54 560 65
person 0.023653653 685 -205 697 -198
person 0.023635056 876 -205 889 -191
person 0.023632431 848 422 882 502
person 0.023599481 314 123 329 144
person 0.02356905 646 139 679 191
person 0.023381647 0 -196 7 -130
person 0.023362668 644 142 666 171
person 0.023317898 91 108 110 133
person 0.023317512 559 47 573 62
person 0.023308411 386 88 410 112
person 0.023294013 652 40 666 57
person 0.023266466 442 56 456 71
person 0.023240458 -3 34 8 56
person 0.023207085 671 44 685 60
person 0.023197956 149 108 170 131
person 0.023192938 829 532 838 555
person 0.023172023 585 77 599 95
person 0.023168543 779 608 797 652
person 0.023148526 364 70 396 124
person 0.023122964 637 -197 660 -127
person 0.023064867 774 -205 786 -186
person 0.023053512 162 251 193 294
person 0.023023149 161 -193 185 -126
person 0.022887781 42 382 54 407
person 0.022879632 668 -205 681 -188
person 0.022841813 90 -191 114 -121
person 0.022833172 709 143 731 173
person 0.022828326 461 30 473 44
person 0.022772033 316 458 333 480
person 0.02270985 35 263 76 348
person 0.022709629 101 228 152 297
person 0.0226956 462 606 482 661
person 0.022623783 30 154 50 180
person 0.022585817 615 59 629 75
person 0.022531794 869 313 895 362
person 0.022521868 210 158 233 184
person 0.022510571 575 43 594 68
person 0.022482052 0 31 5 60
person 0.022461722 313 -188 337 -121
person 0.022429869 597 141 619 171
person 0.02241441 506 -192 529 -122
person 0.022381635 855 158 871 181
person 0.02238134 791 -205 802 -198
person 0.022312015 2 -20 23 62
person 0.022265643 322 41 341 66
person 0.022236586 846 -163 858 -125
person 0.022225024 163 -38 202 72
person 0.022222232 392 606 412 661
person 0.022191571 462 57 472 66
person 0.022182552 814 608 831 651
person 0.022169251 449 -190 473 -121
person 0.022157934 368 81 384 96
person 0.022146706 91 -22 118 58
person 0.022086568 288 35 301 52
person 0.022084879 654 62 663 73
person 0.021934165 740 644 759 705
person 0.021874404 463 522 472 564
person 0.021810116 216 510 227 534
person 0.021792233 738 63 752 78
person 0.02170822 907 193 913 222
person 0.021704687 487 109 502 130
person 0.02170244 705 644 724 705
person 0.021693472 168 303 189 320
person 0.02159865 463 32 470 42
person 0.021558413 98 224 126 268
person 0.021549033 860 -205 874 -191
person 0.021543192 76 419 91 443
person 0.02153124 533 605 552 661
person 0.02149555 568 606 587 661
person 0.021470169 596 107 610 128
person 0.021440327 458 42 473 57
person 0.02142967 775 644 794 705
person 0.02139339 842 155 856 177
person 0.021381292 869 352 893 401
person 0.021371331 903 77 912 111
person 0.021336632 0 292 5 325
person 0.021331983 50 -102 67 -45
person 0.021307057 235 -191 259 -125
person 0.021247879 0 310 4 343
person 0.02123959 87 319 157 475
person 0.021178903 791 -205 803 -187
person 0.021137325 861 -205 872 -199
person 0.021125823 440 74 455 90
person 0.021094711 490 92 505 111
person 0.021081427 650 -205 663 -189
person 0.021079788 670 644 689 705
person 0.021048835 723 59 737 74
person 0.021033218 47 278 64 303
person 0.021029374 213 374 232 394
person 0.020968823 576 310 632 461
person 0.020907996 203 420 233 461
person 0.02089833 631 91 645 110
person 0.020890946 781 142 803 171
person 0.020887686 635 204 670 259
person 0.020851474 904 143 916 165
person 0.020748513 356 606 377 661
person 0.020746209 286 606 307 660
person 0.020739192 0 108 7 146
person 0.020730007 497 13 504 24
person 0.020726755 497 605 517 661
person 0.020699983 50 252 64 274
person 0.020672955 668 -205 679 -198
person 0.020663371 676 280 742 405
person 0.020581491 109 109 130 134
person 0.020491138 795 508 803 537
person 0.020464988 424 160 439 183
person 0.02046413 0 456 5 567
person 0.02045142 635 644 654 705
person 0.020420415 820 0 832 53
person 0.020410517 0 123 4 150
person 0.020408453 327 141 348 169
person 0.020383624 362 140 383 168
person 0.020326158 89 156 110 180
person 0.020324785 241 159 263 186
person 0.020295922 300 24 318 52
person 0.020194607 643 377 669 425
person 0.020158323 904 682 910 721
person 0.020147499 748 77 770 101
person 0.020139677 359 19 378 45
person 0.02011632 435 -53 488 106
person 0.020060856 337 455 351 478
person 0.020042837 322 522 333 561
person 0.020042837 573 140 595 169
person 0.02002025 907 159 913 187
person 0.02000641 725 61 735 71
person 0.01999483 0 88 4 113
person 0.019989332 526 94 540 113
person 0.019976463 904 -138 912 -87
person 0.019937718 686 72 696 83
person 0.019928271 813 509 820 535
person 0.019906966 0 258 5 292
person 0.019900247 666 90 680 108
person 0.019868072 615 90 630 109
person 0.019867279 420 259 439 282
person 0.019824302 321 606 342 660
person 0.019821284 775 74 789 90
person 0.019788276 386 73 402 89
person 0.019787597 450 278 476 299
person 0.019764895 584 90 599 109
person 0.019748775 392 64 406 79
person 0.019740768 82 181 103 210
person 0.01972318 847 -119 869 -32
person 0.019697312 907 491 912 520
person 0.019671207 600 644 619 705
person 0.019655628 667 345 694 395
person 0.019637495 0 26 7 71
person 0.019636828 578 135 611 186
person 0.019581584 84 616 110 703
person 0.019574909 475 58 489 72
person 0.019569203 454 240 471 266
person 0.019545494 904 196 916 219
person 0.019526789 492 73 506 90
person 0.019524634 757 74 771 90
person 0.019504623 376 -187 400 -119
person 0.01946298 812 529 821 556
person 0.019461576 633 -205 646 -189
person 0.019401848 908 475 912 502
person 0.019396063 198 509 209 534
person 0.019337796 176 263 256 393
person 0.019321106 710 628 738 705
person 0.019314727 217 79 238 103
person 0.01931 444 58 454 68
person 0.019297155 588 59 597 70
person 0.019281657 281 126 297 145
person 0.019250467 458 75 472 91
person 0.01919494 437 89 451 107
person 0.019168075 -3 106 8 127
person 0.019166036 602 53 622 78
person 0.019144714 904 162 916 185
person 0.019136008 476 121 491 143
person 0.019129856 216 606 236 661
person 0.019127257 48 394 109 527
person 0.019100728 722 90 736 107
person 0.019069912 577 277 596 303
person 0.019054847 149 91 156 104
person 0.019040316 221 335 238 355
person 0.019013824 406 106 420 125
person 0.019007197 258 347 277 370
person 0.019004218 907 176 913 204
person 0.018947875 808 -205 821 -188
person 0.018903736 865 378 891 427
person 0.0188902 248 65 261 80
person 0.018888835 846 577 858 609
person 0.018824074 23 253 87 383
person 0.018793833 388 43 409 66
person 0.018762672 529 55 543 70
person 0.018750483 0 214 4 242
person 0.01867338 705 108 719 128
person 0.01866706 425 74 439 90
person 0.01864764 505 137 526 167
person 0.018646907 351 110 367 128
person 0.01864264 904 179 916 202
person 0.01863551 565 644 583 705
person 0.018607406 254 91 267 108
person 0.018586846 429 66 438 76
person 0.01855322 243 234 299 305
person 0.018539058 492 58 506 73
person 0.018531876 100 190 122 219
person 0.01851899 0 610 10 681
person 0.01850823 787 145 820 199
person 0.018473674 264 108 279 127
person 0.018455787 630 389 673 483
person 0.018451113 711 516 716 532
person 0.018450968 629 75 638 85
person 0.018438712 584 82 614 139
person 0.018416684 251 606 271 660
person 0.018411146 808 -205 819 -198
person 0.018410543 222 357 240 375
person 0.018402526 744 -203 759 -156
person 0.018353814 169 263 189 283
person 0.018323282 121 215 214 335
person 0.018309364 180 115 202 139
person 0.018307393 -4 565 11 678
person 0.018299187 620 373 681 512
person 0.018221881 181 606 201 661
person 0.018175414 699 569 715 609
person 0.018175162 496 488 511 548
person 0.018154906 670 25 685 42
person 0.01814902 903 211 915 233
person 0.018136032 752 142 767 164
person 0.018081043 511 213 584 342
person 0.0180711 784 44 802 72
person 0.018060476 437 231 452 256
person 0.018032147 818 79 838 105
person 0.018031282 654 42 663 53
person 0.017995493 563 57 577 74
person 0.017994627 904 111 916 131
person 0.01798931 650 -205 661 -199
person 0.017976956 727 510 733 538
person 0.017925518 791 202 825 257
person 0.017925024 784 77 804 102
person 0.017924653 754 616 772 674
person 0.01788033 895 148 916 195
person 0.017852241 530 644 548 705
person 0.017818186 702 28 716 43
person 0.017812395 790 74 804 90
person 0.01780117 865 513 871 529
person 0.01778538 726 513 732 530
person 0.017783105 139 284 158 302
person 0.017776877 201 295 231 335
person 0.01774963 0 -181 4 -146
person 0.017735345 506 78 520 95
person 0.017730577 566 276 582 301
person 0.017724382 111 149 133 174
person 0.01770942 122 360 195 513
person 0.017666016 84 -34 124 76
person 0.017662168 240 378 259 396
person 0.017661631 0 -198 4 -165
person 0.01760476 51 293 67 318
person 0.017603967 790 616 807 675
person 0.01758531 457 90 471 108
person 0.017505726 161 65 192 125
person 0.017483942 505 295 520 317
person 0.017456228 176 148 199 174
person 0.017438587 149 625 176 706
person 0.017434813 706 -203 729 -135
person 0.017416246 477 74 491 90
person 0.017414445 908 425 913 449
person 0.017393643 810 540 821 579
person 0.017389666 142 195 167 222
person 0.017376162 530 49 539 60
person 0.017365435 844 536 857 578
person 0.017365206 0 385 6 484
person 0.017350186 495 644 513 705
person 0.017342364 157 132 192 183
person 0.017331228 -3 262 7 286
person 0.017321039 333 616 348 638
person 0.017312145 40 237 53 276
person 0.01730964 160 269 180 288
person 0.017303484 669 75 679 86
person 0.017298847 474 452 486 478
person 0.017285492 316 616 331 638
person 0.017253658 718 111 732 131
person 0.017250068 810 644 829 705
person 0.017234199 298 616 313 638
person 0.017229991 164 509 172 534
person 0.017210389 791 177 812 209
person 0.017207325 719 616 736 675
person 0.017191213 438 110 453 131
person 0.017186467 756 126 770 148
person 0.01714916 281 616 295 638
person 0.017148146 491 125 506 146
person 0.017094811 858 619 885 697
person 0.017087553 662 70 692 129
person 0.017086633 248 51 268 78
person 0.017082524 864 502 871 513
person 0.017079841 738 172 761 205
person 0.017073432 579 42 594 58
person 0.017057762 460 644 478 705
person 0.017023392 263 616 278 638
person 0.017003123 351 616 366 638
person 0.017002914 800 174 822 208
person 0.016999545 634 108 649 129
person 0.016944697 907 660 912 697
person 0.0169392 0 573 7 643
person 0.01693559 424 644 443 705
person 0.016911885 246 616 260 638
person 0.016895212 389 644 408 705
person 0.016892672 582 44 591 55
person 0.016892472 319 -163 341 -86
person 0.016889907 354 644 373 705
person 0.01688742 792 -59 839 101
person 0.016862407 22 225 33 249
person 0.016853398 616 294 633 319
person 0.016847465 334 91 349 108
person 0.016825616 847 532 855 553
person 0.0168243 0 677 7 718
person 0.016800275 662 177 686 211
person 0.016792843 598 145 612 167
person 0.016784891 319 644 338 705
person 0.016764192 403 75 419 91
person 0.0167483 0 497 6 580
person 0.016712178 144 644 162 705
person 0.016700497 89 -142 105 -85
person 0.016698383 432 235 498 387
person 0.016684892 368 616 383 637
person 0.016641544 615 -205 629 -189
person 0.016635356 284 644 303 705
person 0.016623583 420 92 435 109
person 0.016621253 405 234 455 315
person 0.016616343 819 40 832 74
person 0.01661458 228 616 243 638
person 0.016592953 146 605 166 661
person 0.016586207 777 509 785 538
person 0.016563559 476 91 491 110
person 0.016557252 83 -99 102 -43
person 0.016545525 632 560 644 604
person 0.016545191 0 420 6 521
person 0.016515525 718 126 733 147
person 0.016487116 527 106 541 127
person 0.01648349 305 33 312 43
person 0.01648165 756 91 770 109
person 0.016472215 236 63 268 120
person 0.01645915 32 179 52 208
person 0.016454464 249 644 268 705
person 0.016422525 39 644 58 706
person 0.016390674 423 -205 436 -188
person 0.016379446 441 -205 454 -188
person 0.016372804 179 644 198 705
person 0.016366307 178 -205 191 -188
person 0.0163653 406 -205 419 -188
person 0.016363451 283 -205 296 -188
person 0.016363038 353 -205 366 -188
person 0.0163625 300 -205 314 -188
person 0.016361902 195 -205 208 -188
person 0.016360512 265 -205 279 -188
person 0.016360344 336 -205 349 -188
person 0.016360266 213 -205 226 -188
person 0.0163596 318 -205 331 -188
person 0.016358616 230 -205 243 -188
person 0.016357496 0 503 4 537
person 0.016357029 248 -205 261 -188
person 0.016356898 371 -205 384 -188
person 0.016347235 160 -205 173 -188
person 0.016341707 214 644 233 705
person 0.01634078 386 616 401 637
person 0.016339445 388 -205 401 -188
person 0.016324839 211 616 225 638
person 0.016310472 482 42 490 53
person 0.016298754 458 -205 471 -188
person 0.016283747 476 -205 489 -188
person 0.016277391 109 644 127 705
person 0.016277285 559 142 575 163
person 0.016250156 35 419 51 444
person 0.016244303 879 61 904 127
person 0.016231643 704 93 718 110
person 0.016229894 389 99 398 108
person 0.016215729 739 92 753 109
person 0.016215296 866 384 893 401
person 0.016214529 686 108 701 128
person 0.016208809 269 349 296 393
person 0.016195562 43 52 62 82
person 0.016181588 48 416 66 441
person 0.01618089 287 525 299 562
person 0.016177468 143 -205 156 -188
person 0.01617673 421 110 435 129
person 0.016160497 711 512 717 540
person 0.016145539 787 4 799 53
person 0.016134053 318 79 333 96
person 0.016133856 0 295 7 363
person 0.01612635 493 -205 507 -188
person 0.01611927 423 571 434 607
person 0.016114688 509 91 524 110
person 0.016102973 193 616 208 638
person 0.016085787 -3 296 7 320
person 0.016080596 1 145 8 170
person 0.016070172 607 -198 620 -155
person 0.0160692 149 287 185 328
person 0.016065791 795 512 801 530
person 0.016056245 908 442 913 466
person 0.016050113 845 644 864 705
person 0.016049655 703 74 713 84
person 0.016037881 539 140 561 169
person 0.01603211 684 615 701 675
person 0.016022876 511 109 526 130
person 0.016008554 79 603 97 660
person 0.016002456 176 -68 193 -49
person 0.015997397 159 -68 175 -49
person 0.015991265 527 47 542 62
person 0.015947632 404 616 418 637
person 0.015945565 175 616 190 638
person 0.015926095 825 -205 838 -189
person 0.015908385 773 91 787 108
person 0.015901078 293 434 314 459
person 0.015889838 667 563 681 608
person 0.01587254 649 126 664 147
person 0.015856802 0 276 4 312
person 0.015830943 511 -205 524 -188
person 0.01579023 67 44 85 74
person 0.01577404 740 65 750 75
person 0.015744217 859 39 872 74
person 0.015731394 741 -135 759 -95
person 0.015719062 458 471 467 500
person 0.01571733 513 58 527 73
person 0.015699228 421 616 436 637
person 0.01569041 211 338 232 355
person 0.015681835 125 -205 138 -188
person 0.01566287 333 476 351 502
person 0.015662435 233 510 245 535
person 0.015642408 422 365 477 525
person 0.01563779 484 298 527 395
person 0.015633313 519 -51 568 110
person 0.0156119745 649 615 666 675
person 0.015611154 402 63 417 78
person 0.015589749 158 616 173 638
person 0.015584466 617 60 627 70
person 0.015570888 847 512 853 531
person 0.015558685 599 124 613 146
person 0.015557554 423 147 439 168
person 0.015548361 88 68 118 129
person 0.015537394 368 161 383 183
person 0.015494844 860 617 876 677
person 0.015490595 209 313 229 331
person 0.015474032 633 -205 644 -199
person 0.015465296 225 212 313 331
person 0.015449353 756 60 770 75
person 0.015438954 908 91 913 114
person 0.01543273 740 126 755 148
person 0.01542929 547 74 561 91
person 0.015424436 477 60 487 69
person 0.015388712 890 7 899 60
person 0.015377877 649 91 663 110
person 0.015377011 795 -192 802 -162
person 0.015372341 509 616 524 637
person 0.0153696565 641 -200 654 -155
person 0.015365889 828 144 842 167
person 0.015359462 526 616 541 637
person 0.015359009 624 81 632 91
person 0.015358223 57 -196 67 -155
person 0.015354185 -3 125 8 147
person 0.0153428065 755 9 766 48
person 0.0153309535 336 110 352 127
person 0.01530511 439 616 454 637
person 0.015300628 726 76 736 86
person 0.015285441 544 616 559 637
person 0.0152306305 224 368 280 450
person 0.015225376 581 142 596 163
person 0.01520839 672 -201 685 -154
person 0.015205071 491 616 506 637
person 0.015203251 141 -69 158 -49
person 0.015185498 456 616 471 637
person 0.015184293 708 -204 721 -154
person 0.015180563 817 -175 830 -124
person 0.015178532 560 126 575 147
person 0.015163274 755 109 769 129
person 0.015162589 41 398 56 425
person 0.015157655 474 616 488 637
person 0.015148566 193 -67 209 -48
person 0.015130273 614 615 631 675
person 0.015120101 445 44 459 59
person 0.015099438 548 90 562 109
person 0.015090308 395 211 466 339
person 0.015084745 543 126 558 147
person 0.0150818415 561 616 576 637
person 0.015076883 82 586 104 680
person 0.015059361 663 386 691 434
person 0.015043886 728 75 757 138
person 0.015043625 528 -205 542 -188
person 0.015033228 149 149 172 173
person 0.015028921 334 81 349 96
person 0.015010751 141 -83 155 -62
person 0.015009974 563 391 620 536
person 0.014985715 899 595 913 655
person 0.014973387 0 -164 4 -128
person 0.014972465 543 314 563 338
person 0.014968963 145 -50 166 5
person 0.014950638 517 77 548 136
person 0.01492718 458 571 469 610
person 0.014912562 124 -83 137 -62
person 0.014908527 685 90 700 108
person 0.014903242 837 245 867 291
person 0.014899496 701 126 716 148
person 0.014897188 -4 90 8 111
person 0.014896838 107 -205 121 -188
person 0.0148871 667 300 691 349
person 0.014886743 741 74 750 84
person 0.014880736 596 378 623 429
person 0.01487488 878 267 890 331
person 0.014864411 428 524 437 563
person 0.014862254 906 432 913 441
person 0.014823591 905 614 912 679
person 0.0148222735 292 138 314 166
person 0.014815299 792 92 806 109
person 0.014811311 897 -205 915 -153
person 0.014794586 86 144 121 195
person 0.014785664 807 143 821 165
person 0.014767838 547 142 562 164
person 0.014762136 140 616 155 638
person 0.014751862 272 365 295 388
person 0.014722407 159 -83 173 -61
person 0.014703497 704 31 713 41
person 0.014681924 531 57 540 67
person 0.0146792475 74 644 92 706
person 0.01466916 88 211 109 241
person 0.014662367 277 410 295 427
person 0.014653951 906 508 912 537
person 0.014651294 579 616 594 637
person 0.014636012 208 424 229 445
person 0.014626291 825 -205 836 -199
person 0.014620155 667 107 682 127
person 0.014603238 906 -71 912 -39
person 0.014603169 907 72 913 95
person 0.014599436 55 -205 68 -190
person 0.014596926 225 383 251 404
person 0.014577263 119 -200 131 -157
person 0.014574229 473 -67 490 -48
person 0.014568464 181 509 192 535
person 0.014568156 90 -196 101 -157
person 0.014555531 151 -3 172 47
person 0.014555236 660 291 684 344
person 0.014547449 908 458 913 483
person 0.0145450495 565 59 575 69
person 0.014538407 0 -159 11 -89
person 0.014534909 -3 314 7 338
person 0.014531059 871 -51 886 12
person 0.014524005 635 125 650 146
person 0.014522013 901 455 909 519
person 0.014508494 637 525 649 572
person 0.01448994 105 243 126 265
person 0.0144769065 45 223 51 235
person 0.014458576 599 -205 612 -189
person 0.014458027 477 8 484 20
person 0.0144530125 526 127 541 148
person 0.014443141 -3 -207 11 -147
person 0.014442618 546 -205 559 -189
person 0.014438316 684 127 698 148
person 0.014417575 392 19 412 46
person 0.014412297 354 85 364 94
person 0.01440231 827 127 841 148
person 0.014392147 771 127 785 149
person 0.014359338 495 514 511 572
person 0.014356759 558 262 571 287
person 0.01435224 388 572 400 605
person 0.014342187 -4 217 7 239
person 0.014341607 596 616 611 637
person 0.014317119 217 43 237 70
person 0.0143151805 -3 282 7 307
person 0.014296548 907 482 913 493
person 0.014287573 527 22 535 34
person 0.014272814 843 -205 854 -199
person 0.014263211 792 125 806 147
person 0.01426122 811 576 828 614
person 0.014256864 90 -205 103 -189
person 0.014233861 419 253 436 276
person 0.014229358 596 338 620 386
person 0.014224043 738 110 753 130
person 0.014212034 124 -69 140 -49
person 0.01420631 355 90 366 100
person 0.014203684 596 73 606 84
person 0.014200421 709 177 732 211
person 0.014195882 101 0 124 49
person 0.014185443 183 78 204 102
person 0.014181995 907 448 913 458
person 0.014172192 906 -176 912 -144
person 0.0141550945 235 -21 261 54
person 0.01414541 792 143 806 166
person 0.014143036 434 66 465 122
person 0.014139838 528 76 542 93
person 0.014133965 862 371 896 448
person 0.014121484 222 367 242 386
person 0.014118251 648 109 662 130
person 0.014115676 1 55 25 125
person 0.014101927 383 126 398 146
person 0.014085609 842 -205 856 -190
person 0.0140495645 48 -43 65 1
person 0.0140434485 790 108 804 128
person 0.014039971 0 484 4 518
person 0.014031154 773 108 787 127
person 0.014031016 906 334 911 359
person 0.014022549 184 371 248 506
person 0.014010495 596 44 610 59
person 0.0140090715 691 -193 698 -162
person 0.014003758 216 630 244 708
person 0.013988564 579 615 596 675
person 0.013979044 543 109 558 131
person 0.013975665 460 515 475 573
person 0.013970034 128 510 136 535
person 0.013954371 -2 228 11 266
person 0.013946606 451 269 469 289
person 0.013927058 455 -67 471 -48
person 0.013926358 393 525 403 563
person 0.013916716 253 177 275 206
person 0.013900444 651 73 661 83
person 0.013890055 614 615 629 637
person 0.013885941 808 77 822 93
person 0.013866759 506 119 534 158
person 0.013865428 908 405 912 430
person 0.013844801 147 509 157 535
person 0.013843057 855 191 874 215
person 0.013831476 530 228 601 332
person 0.013814184 0 326 6 401
person 0.01380752 340 167 393 239
person 0.013799342 491 -67 507 -48
person 0.013792167 563 -205 577 -189
person 0.013783142 112 604 131 661
person 0.013782875 480 40 493 54
person 0.013772197 658 461 699 561
person 0.013771441 499 292 557 444
person 0.013759134 572 -199 585 -156
person 0.013758131 907 352 912 376
person 0.013753267 224 380 258 419
person 0.013733605 93 516 103 580
person 0.0137313185 771 144 785 165
person 0.013707568 0 -127 7 -58
person 0.013707543 305 107 335 145
person 0.013706459 581 -205 594 -189
person 0.013681174 907 -39 912 -3
person 0.013660953 95 106 108 124
person 0.01365643 734 -84 768 42
person 0.013617915 468 278 485 300
person 0.013611346 39 499 47 515
person 0.01360986 742 508 749 536
person 0.013609296 447 47 456 57
person 0.013592152 177 -83 190 -61
person 0.013583428 -3 54 8 76
person 0.013566825 211 -67 226 -47
person 0.013554432 148 45 167 74
person 0.013548882 613 144 628 166
person 0.013540426 370 83 381 92
person 0.013533746 744 -174 761 -122
person 0.013525569 209 328 244 369
person 0.0135211665 -3 -194 7 -169
person 0.013520461 0 51 5 80
person 0.013511635 634 143 649 165
person 0.013511337 743 501 750 519
person 0.013509182 632 615 647 637
person 0.013498791 579 109 594 129
person 0.013491458 649 445 708 587
person 0.013478043 361 102 391 140
person 0.013477401 -15 215 44 330
person 0.013454812 457 109 471 129
person 0.013449876 252 340 283 382
person 0.013448402 724 502 730 517
person 0.013418725 907 465 913 474
person 0.013413379 907 -55 912 -21
person 0.01340079 441 435 454 461
person 0.013396397 637 40 651 56
person 0.013385769 760 508 767 536
person 0.013385203 867 412 891 462
person 0.01338016 388 75 399 85
person 0.013373846 509 -66 524 -47
person 0.013357887 568 630 595 710
person 0.013349783 615 -205 627 -199
person 0.013349783 794 61 807 76
person 0.013327637 906 525 912 555
person 0.01332462 262 128 277 148
person 0.01331641 111 522 123 569
person 0.013294156 844 129 857 150
person 0.013288315 353 571 364 605
person 0.013288091 260 381 329 526
person 0.013285015 457 127 472 148
person 0.013282878 530 515 546 573
person 0.013271871 44 406 72 506
person 0.013260004 647 567 684 653
person 0.01325552 0 -146 4 -110
person 0.013237095 264 315 280 338
person 0.013235152 106 -84 120 -61
person 0.013232238 669 126 683 147
person 0.013229225 613 110 628 130
person 0.013228722 50 -79 69 -24
person 0.013227432 802 178 816 201
person 0.013224992 38 245 47 261
person 0.013221061 378 -164 402 -86
person 0.013220781 649 158 665 181
person 0.01320765 52 -139 68 -80
person 0.013195965 495 134 529 186
person 0.013173693 86 208 165 330
person 0.0131706055 123 616 137 638
person 0.013159881 514 491 523 523
person 0.0131564075 544 615 561 675
person 0.0131459925 524 20 538 36
person 0.013143407 701 143 715 166
person 0.013134714 278 341 293 362
person 0.013132254 906 -141 912 -109
person 0.013129023 545 -66 558 -45
person 0.0131143145 534 522 544 565
person 0.013110422 64 440 82 464
person 0.013098247 283 566 295 601
person 0.013097463 210 354 222 364
person 0.013092935 678 36 703 77
person 0.013087015 235 401 266 421
person 0.013082225 40 493 49 522
person 0.013057031 527 -66 541 -45
person 0.0130530065 906 -159 912 -126
person 0.013044595 492 23 501 35
person 0.013023027 503 322 518 345
person 0.012997714 775 61 789 76
person 0.012988536 578 127 593 148
person 0.012985657 296 461 315 479
person 0.012984324 692 514 700 533
person 0.012981036 511 11 519 22
person 0.012972498 285 182 369 317
person 0.012964589 424 172 438 194
person 0.0129464045 252 77 266 95
person 0.012945029 422 126 436 147
person 0.012942859 897 78 915 107
person 0.012941099 806 126 820 148
person 0.012938925 109 -96 129 -40
person 0.012934437 807 -30 830 60
person 0.01293084 900 622 913 689
person 0.012929768 493 567 504 608
person 0.012925394 0 -91 11 -23
person 0.012903165 274 347 294 370
person 0.012895338 493 287 509 309
person 0.012888015 461 9 469 21
person 0.012886402 32 296 46 322
person 0.012873464 649 615 664 637
person 0.012854723 877 -24 898 65
person 0.012827268 638 630 666 710
person 0.012811598 157 2 168 44
person 0.012811176 259 403 282 421
person 0.012753279 317 113 327 123
person 0.0127412705 562 -67 575 -45
person 0.012736469 525 143 540 164
person 0.01270779 439 568 471 656
person 0.012699137 855 78 875 104
person 0.012698324 464 441 477 520
person 0.012697325 723 43 737 58
person 0.012685066 224 176 240 196
person 0.012669584 699 160 714 182
person 0.012652237 603 524 614 570
person 0.012650576 872 448 927 595
person 0.012646687 672 516 686 566
person 0.012642788 686 7 698 24
person 0.012639198 187 283 244 359
person 0.012637682 708 -193 715 -163
person 0.012614206 442 76 452 86
person 0.012613779 900 535 914 573
person 0.012610056 777 514 783 530
person 0.012602281 186 44 205 71
person 0.012596052 26 264 37 289
person 0.0125774555 372 104 383 120
person 0.0125767095 0 -6 6 45
person 0.012575903 613 126 628 147
person 0.012575086 806 91 819 108
person 0.012570032 546 14 563 45
person 0.012564097 882 480 923 579
person 0.012562848 685 143 700 166
person 0.01254762 673 -193 681 -162
person 0.012531259 623 363 648 410
person 0.012527036 147 220 180 262
person 0.012504581 28 469 34 501
person 0.012501268 715 570 756 653
person 0.012498736 410 489 420 515
person 0.012490323 0 475 10 559
person 0.0124899885 -3 -175 7 -152
person 0.012480858 699 404 732 475
person 0.012479365 174 371 194 385
person 0.012465663 90 -175 101 -128
person 0.012461425 94 245 110 263
person 0.012454531 228 -66 243 -46
person 0.012448187 639 43 648 53
person 0.012437998 0 520 5 554
person 0.012424739 540 259 556 287
person 0.012423885 804 215 831 261
person 0.012419644 498 632 524 713
person 0.012414252 494 60 504 69
person 0.012407245 864 533 871 553
person 0.012401649 431 117 461 156
person 0.012384239 905 -107 912 -48
person 0.012374527 906 542 912 573
person 0.012365533 555 314 578 333
person 0.012353082 851 121 878 161
person 0.012342865 804 74 832 140
person 0.0123307165 825 616 842 677
person 0.012327714 765 593 825 717
person 0.012312384 51 615 67 676
person 0.012310522 871 368 892 384
person 0.012303916 515 24 523 36
person 0.012285594 906 -124 912 -91
person 0.012284442 598 46 608 56
person 0.012276577 72 -205 86 -190
person 0.012273958 843 -167 860 -115
person 0.012273079 641 175 663 207
person 0.012258925 842 -198 860 -149
person 0.012252097 235 383 266 426
person 0.012225988 383 143 398 164
person 0.012223109 907 387 912 411
person 0.012221174 25 280 36 305
person 0.012213816 0 -129 4 -93
person 0.012199027 777 76 786 86
person 0.012187432 509 615 525 676
person 0.012185578 907 57 912 79
person 0.012173949 667 615 682 637
person 0.012140558 160 309 196 351
person 0.012126269 758 63 767 72
person 0.012123002 284 392 303 409
person 0.012117824 150 390 173 406
person 0.01211259 720 142 735 164
person 0.012110497 434 250 450 274
person 0.012104485 454 566 472 620
person 0.012098333 523 296 538 319
person 0.012088062 23 248 35 273
person 0.012080303 247 -66 261 -45
person 0.012052428 463 416 473 489
person 0.012051939 594 563 612 617
person 0.012047864 725 46 734 56
person 0.012047205 226 325 244 343
person 0.012035061 706 -134 723 -86
person 0.012032686 906 -89 912 -57
person 0.012032141 318 567 330 602
person 0.012029598 207 435 227 455
person 0.012023607 653 20 666 37
person 0.012014927 898 561 914 616
person 0.012008623 370 568 403 653
person 0.012007345 905 359 912 368
person 0.012005139 571 4 590 36
person 0.012004036 0 554 4 590
person 0.012003826 427 76 437 86
person 0.011988788 807 109 820 128
person 0.011969814 273 256 361 394
person 0.011966543 411 100 420 110
person 0.011965403 226 145 263 196
person 0.011958314 0 538 7 607
person 0.011945757 778 -193 785 -162
person 0.011945223 314 143 330 162
person 0.011923547 545 15 553 26
person 0.011908506 -1 148 11 168
person 0.011900637 489 145 504 165
person 0.011896018 297 565 332 650
person 0.011885031 904 93 916 112
person 0.011873054 907 -23 912 9
person 0.011872181 668 312 687 337
person 0.011865816 647 8 665 37
person 0.011857148 667 158 682 181
person 0.011856511 906 560 912 591
person 0.011848402 597 566 609 608
person 0.011842909 224 567 262 651
person 0.011835959 861 133 868 145
person 0.0118314205 873 164 885 186
person 0.011824202 474 615 490 676
person 0.011820682 0 -40 4 -4
person 0.011815001 439 615 455 676
person 0.011789048 406 77 416 87
person 0.011775062 906 498 912 511
person 0.011761276 594 280 612 306
person 0.011759652 578 568 611 654
person 0.011751166 806 161 820 184
person 0.011738697 404 615 420 676
person 0.011731905 0 572 5 607
person 0.011723571 410 404 421 431
person 0.011702298 445 327 502 470
person 0.011696283 490 -158 511 -69
person 0.011671989 0 537 4 572
person 0.011664467 879 341 889 404
person 0.01166335 0 327 5 361
person 0.011646878 148 82 161 98
person 0.011645161 0 659 4 698
person 0.011641357 0 358 6 442
person 0.011640951 778 584 818 671
person 0.011637057 672 532 680 547
person 0.011628416 37 369 49 394
person 0.01162302 666 145 681 167
person 0.01162078 906 -106 912 -74
person 0.011619706 871 351 894 367
person 0.011609147 578 270 592 294
person 0.0116016315 221 284 239 304
person 0.0115950275 226 -34 266 74
person 0.01159475 127 499 137 550
person 0.011585932 489 564 507 618
person 0.0115711605 489 315 505 339
person 0.011564068 434 149 470 200
person 0.011563833 132 384 168 403
person 0.011560966 792 76 801 86
person 0.011556396 698 250 723 299
person 0.011546997 403 144 418 165
person 0.01153097 110 512 118 537
person 0.011511957 242 126 257 146
person 0.011505941 684 615 699 637
person 0.011492808 858 -52 905 112
person 0.011490154 367 125 383 145
person 0.011487132 598 -205 610 -199
person 0.01148279 692 37 717 78
person 0.011453254 494 44 508 59
person 0.011447539 39 627 52 652
person 0.011441954 599 175 621 208
person 0.011421084 610 322 627 341
person 0.011419927 637 -191 647 -163
person 0.011409284 759 76 769 85
person 0.011366386 368 615 385 676
person 0.011358764 720 -51 770 108
person 0.0113586625 353 144 369 165
person 0.011351494 419 566 437 619
person 0.011332437 490 21 504 37
person 0.011331744 55 -205 66 -199
person 0.011317008 807 -68 820 -57
person 0.011313423 251 427 263 436
person 0.011310756 351 125 366 144
person 0.011302809 394 66 403 76
person 0.01129007 474 470 484 503
person 0.011265707 437 -67 454 -48
person 0.011252708 689 159 704 182
person 0.011250394 252 526 265 564
person 0.011221956 616 43 630 58
person 0.011220284 827 111 841 131
person 0.011203991 656 -193 663 -162
person 0.011182317 756 500 762 518
person 0.011170813 904 341 912 351
person 0.011170055 425 321 436 340
person 0.011162657 0 -111 4 -76
person 0.01114907 607 350 628 371
person 0.011146185 195 -83 208 -61
person 0.011138062 106 -70 122 -49
person 0.01112685 633 599 646 621
person 0.011115538 865 402 892 420
person 0.01110551 907 644 912 680
person 0.011099941 356 633 383 713
person 0.011099652 792 161 806 184
person 0.011097092 906 413 913 422
person 0.011087386 244 114 258 132
person 0.011046236 844 502 853 513
person 0.0110421525 561 232 575 255
person 0.011032998 460 77 469 87
person 0.011022934 733 362 759 409
person 0.011008908 182 179 208 207
person 0.01099828 537 -200 549 -157
person 0.010995479 218 -140 227 -101
person 0.0109943645 702 614 717 637
person 0.01098373 772 22 786 39
person 0.010982576 496 47 505 57
person 0.010979821 301 77 316 95
person 0.0109796645 639 528 646 556
person 0.010972719 305 146 359 219
person 0.010949085 332 127 348 146
person 0.010927465 158 615 175 676
person 0.010920417 31 -92 78 42
person 0.010918526 169 424 188 442
person 0.010914505 263 370 285 391
person 0.010905557 495 11 508 25
person 0.010900271 417 228 432 253
person 0.010898755 0 590 5 625
person 0.010892552 153 82 168 98
person 0.010890533 838 -129 873 -13
person 0.010890323 423 -205 435 -199
person 0.010887564 813 -191 820 -162
person 0.010883992 440 -205 452 -199
person 0.010883139 20 219 32 243
person 0.010882293 333 615 350 676
person 0.010879178 726 -194 733 -163
person 0.010878807 459 7 472 21
person 0.010878577 -4 -35 7 -10
person 0.010871846 405 -205 417 -199
person 0.010866669 439 451 449 484
person 0.010865859 427 632 454 713
person 0.010863405 -3 -28 30 77
person 0.010863174 177 -205 189 -199
person 0.010862994 0 607 5 642
person 0.010862042 474 28 484 40
person 0.010861576 353 -205 364 -199
person 0.01086136 283 -205 294 -199
person 0.010861074 300 -205 312 -199
person 0.010859783 335 -205 347 -199
person 0.010859701 160 -205 172 -199
person 0.01085965 265 -205 277 -199
person 0.010859373 318 -205 329 -199
person 0.010859353 195 -205 207 -199
person 0.010858215 212 -205 224 -199
person 0.010858113 370 -205 382 -199
person 0.010857482 418 416 428 442
person 0.010857304 230 -205 242 -199
person 0.010857011 247 -205 259 -199
person 0.010854262 458 -205 470 -199
person 0.010852716 388 -205 400 -199
person 0.010847758 475 -205 487 -199
person 0.0108470665 405 65 415 75
person 0.010845788 447 473 454 503
person 0.010816857 390 141 412 170
person 0.010810782 301 198 356 275
person 0.010809798 247 566 260 602
person 0.010805887 291 36 297 49
person 0.010803283 616 599 628 621
person 0.010797532 904 73 916 94
person 0.010783189 300 628 316 651
person 0.010782441 580 -67 593 -45
person 0.010779405 493 -205 505 -199
person 0.010776761 611 279 627 303
person 0.010774707 780 -177 796 -130
person 0.0107706385 142 -205 154 -199
person 0.010764106 193 615 210 676
person 0.010751125 283 628 298 651
person 0.010735158 298 615 315 676
person 0.010733875 284 76 330 154
person 0.010733704 0 466 4 504
person 0.010727888 57 -171 67 -123
person 0.01072506 743 208 770 253
person 0.010721125 331 492 347 519
person 0.010720862 742 513 748 529
person 0.010714612 265 -66 278 -45
person 0.010703549 904 -68 914 -43
person 0.010699394 265 628 281 651
person 0.010673844 318 628 333 651
person 0.010671881 251 331 266 351
person 0.01066724 45 111 66 138
person 0.010662838 672 27 682 39
person 0.010660158 0 301 12 371
person 0.010638981 335 628 351 651
person 0.01063312 511 -205 522 -199
person 0.010632161 149 -202 161 -158
person 0.0106292935 581 -205 592 -199
person 0.010624801 57 566 67 615
person 0.010610145 708 -176 724 -119
person 0.010609885 778 210 805 256
person 0.010606311 751 160 766 183
person 0.01060465 827 159 842 181
person 0.010594869 228 615 245 676
person 0.010589202 38 610 51 636
person 0.010586469 248 628 263 651
person 0.010584812 793 192 808 215
person 0.010583563 402 127 417 148
person 0.010578342 0 -18 4 14
person 0.010576216 513 22 527 38
person 0.010557809 515 60 524 70
person 0.010555204 777 64 786 73
person 0.010543697 598 599 611 622
person 0.010523653 105 615 120 638
person 0.010520688 414 282 434 305
person 0.0105102295 125 -205 136 -199
person 0.010508375 509 568 541 654
person 0.010504826 353 628 368 651
person 0.010501471 0 -93 5 -58
person 0.010501406 550 508 560 536
person 0.010497691 230 628 246 651
person 0.010495394 899 -142 913 -81
person 0.010491705 532 492 540 524
person 0.0104813045 93 564 104 609
person 0.010476948 67 590 123 729
person 0.010472233 370 628 386 651
person 0.010468246 263 615 280 676
person 0.010467025 826 -69 839 -46
person 0.0104663 562 79 572 89
person 0.010460327 758 22 771 39
person 0.010454223 286 633 314 713
person 0.010445145 651 599 663 621
person 0.010438065 326 146 410 263
person 0.010434924 91 527 102 553
person 0.010427333 6 174 18 211
person 0.0104236 904 20 910 45
person 0.010408525 13 143 40 202
person 0.010407385 19 664 31 691
person 0.010403919 657 534 664 550
person 0.010400057 502 445 513 509
person 0.010395596 907 368 912 392
person 0.010394331 299 141 315 160
person 0.010392359 212 628 228 651
person 0.010387325 796 63 805 73
person 0.010382731 78 431 137 591
person 0.010375651 528 -205 540 -199
person 0.01037028 719 614 734 637
person 0.010365995 56 483 67 556
person 0.01036417 802 396 854 494
person 0.0103582 130 589 191 723
person 0.010357159 440 -83 453 -61
person 0.010356705 454 232 470 258
person 0.010349376 -3 612 7 636
person 0.010338555 379 107 410 146
person 0.010337324 905 40 911 62
person 0.010335398 533 508 541 537
person 0.010332218 546 -205 557 -199
person 0.010327026 569 332 593 356
person 0.010325122 358 522 368 563
person 0.010324181 761 -194 768 -162
person 0.010323066 195 628 210 651
person 0.010320742 856 421 886 436
person 0.010313662 458 -151 481 -66
person 0.010308851 250 318 317 454
person 0.010306053 209 407 230 426
person 0.010292555 93 100 107 115
person 0.010286782 388 628 403 651
person 0.01027587 592 271 614 324
person 0.01027357 208 365 243 406
person 0.010268427 563 -205 575 -199
person 0.010252902 79 267 162 403
person 0.01023772 853 0 871 57
person 0.010235231 422 -83 436 -61
person 0.010232484 178 -51 199 6
person 0.010226681 47 231 60 255
person 0.010223674 177 628 193 651
person 0.01021506 238 383 263 403
person 0.010209686 231 114 245 132
person 0.010201854 190 287 209 302
person 0.010192983 384 566 403 617
person 0.010191286 535 -17 560 65
person 0.010190136 109 86 130 112
person 0.010185212 0 -76 5 -41
person 0.010182818 225 -51 244 5
person 0.0101783825 387 -66 401 -45
person 0.010178028 743 -194 750 -162
person 0.010170776 906 315 911 341
person 0.010168304 444 338 451 355
person 0.01016483 619 -191 630 -163
person 0.01016045 907 628 913 661
person 0.010149349 668 206 694 252
person 0.010149317 505 4 517 38
person 0.010149235 213 528 224 554
person 0.010144086 739 22 753 38
person 0.010141588 424 517 440 573
person 0.010133788 826 90 839 108
person 0.010132984 895 113 917 159
person 0.010130178 581 599 593 622
person 0.010121995 405 628 421 651
person 0.01012143 302 524 310 553
person 0.010114411 902 409 918 424
person 0.010113183 145 566 186 657
person 0.010108387 313 99 324 108
person 0.010107137 907 114 913 126
person 0.010105249 160 628 175 651
person 0.01010038 906 -83 912 -13
person 0.010078172 185 6 203 44
person 0.010069617 808 -67 822 -49
person 0.010066514 -3 508 7 532
person 0.010062272 463 456 472 485
person 0.010057998 0 379 5 414
person 0.010050039 487 418 524 530
person 0.010048047 357 -81 416 61
person 0.010045599 905 394 913 403
person 0.010044998 596 92 604 102
person 0.010044239 366 167 444 314
person 0.010039455 167 251 187 269
person 0.010035542 107 -205 119 -199
person 0.010033709 754 176 769 198
person 0.010033126 217 511 224 529
person 0.010028813 134 257 151 274
person 0.010021222 760 514 765 528
person 0.01001436 159 289 172 299
person 0.010006497 739 160 755 182
person 0.010001288 907 131 912 143
person 0.010000774 735 176 764 219
