person 0.7031375 1015 254 1052 312
person 0.4283051 302 179 325 206
person 0.32728162 1155 324 1200 400
person 0.1577123 59 303 104 381
person 0.15196526 1163 266 1201 325
person 0.13606948 313 200 342 235
person 0.1211987 1002 240 1063 327
person 0.11707191 1235 402 1245 479
person 0.10786079 1180 157 1205 193
person 0.095270485 322 187 353 221
person 0.08963767 196 431 269 529
person 0.088530175 283 455 307 484
person 0.08771309 111 216 139 254
person 0.08424615 342 505 382 560
person 0.08053517 286 513 334 571
person 0.07978504 0 171 11 230
person 0.0789916 376 527 418 584
person 0.078494735 857 112 886 146
person 0.07595496 51 60 89 144
person 0.07562176 1236 440 1246 528
person 0.07230572 292 169 332 220
person 0.071229555 1085 296 1133 371
person 0.06935908 273 450 314 504
person 0.0680578 438 77 466 112
person 0.06761595 357 465 382 496
person 0.06524678 369 515 409 573
person 0.06519459 303 181 315 202
person 0.06456315 198 355 277 441
person 0.062388115 440 53 459 75
person 0.06069788 1159 304 1200 366
person 0.060461983 307 181 321 202
person 0.05872473 122 -47 145 3
person 0.058702394 1239 115 1246 147
person 0.057453588 1233 292 1245 366
person 0.056115385 284 465 309 493
person 0.055347476 1233 167 1247 217
person 0.05500725 -5 -265 11 -237
person 0.05480183 1234 -263 1246 -207
person 0.05465303 1234 734 1245 807
person 0.054612663 237 114 257 138
person 0.05406678 1072 223 1120 295
person 0.053477984 809 172 841 209
person 0.0532157 -7 245 27 334
person 0.05268619 1234 256 1246 323
person 0.052407622 1009 221 1043 265
person 0.051879045 64 349 139 439
person 0.05173708 94 159 120 195
person 0.051434338 98 162 116 188
person 0.051165488 1023 260 1043 305
person 0.050945822 180 398 283 559
person 0.050911397 965 304 1005 361
person 0.050516512 816 180 836 206
person 0.049486306 1238 135 1246 167
person 0.04937661 -1 194 9 251
person 0.049259715 1234 211 1246 266
person 0.04896625 442 85 460 110
person 0.04832254 -1 -268 7 -236
person 0.04829391 1239 93 1246 124
person 0.047884442 723 93 769 169
person 0.047127906 7 110 45 195
person 0.04705636 -4 -264 10 -256
person 0.046342567 1165 207 1195 246
person 0.046295103 1235 786 1246 849
person 0.04619754 361 491 390 521
person 0.045805477 1189 165 1207 193
person 0.04544518 36 285 126 444
person 0.045212667 -4 -254 23 -145
person 0.04498373 1134 295 1221 449
person 0.04485834 59 580 111 733
person 0.04391925 800 -118 850 59
person 0.043742653 712 -115 761 51
person 0.04370446 307 193 347 245
person 0.04369333 302 504 327 530
person 0.043537233 349 456 388 512
person 0.04336302 1178 139 1204 172
person 0.043208394 298 175 318 200
person 0.043131437 1228 350 1240 429
person 0.042405766 140 189 167 224
person 0.042112794 323 204 356 240
person 0.04184373 170 401 194 431
person 0.04106601 1239 162 1246 195
person 0.041023135 122 -72 156 22
person 0.040591367 1182 407 1193 424
person 0.040320985 355 450 378 479
person 0.039473623 850 314 902 387
person 0.0394504 1239 184 1246 219
person 0.039378446 0 271 10 331
person 0.039333854 437 44 461 84
person 0.039294735 168 461 260 653
person 0.039049134 125 100 169 177
person 0.03884317 1232 122 1246 167
person 0.038795356 429 633 461 666
person 0.038317643 -4 -171 18 -48
person 0.038276356 1035 426 1103 526
person 0.038199764 1234 117 1250 145
person 0.038179632 1149 254 1212 348
person 0.038062945 967 840 994 915
person 0.03805313 213 368 257 429
person 0.037966482 1232 -265 1246 -256
person 0.037915085 260 467 356 653
person 0.03740564 1222 -240 1253 -147
person 0.037141815 1235 828 1246 899
person 0.036981452 935 101 956 123
person 0.036863424 256 482 297 538
person 0.03683176 1231 -266 1249 -239
person 0.036808625 350 514 376 544
person 0.03669825 717 16 771 166
person 0.036569335 144 207 173 241
person 0.03636074 1188 163 1199 186
person 0.036264412 274 500 343 607
person 0.03611137 375 503 400 530
person 0.03601546 292 493 320 520
person 0.035969727 108 192 156 263
person 0.035958115 838 114 861 137
person 0.035708364 1015 841 1041 915
person 0.035617996 928 115 959 149
person 0.035444353 1066 -110 1114 68
person 0.03540092 298 125 328 159
person 0.03521812 1155 -247 1171 -200
person 0.03510993 920 841 946 916
person 0.034941785 304 476 330 504
person 0.034884233 869 164 903 201
person 0.034830783 88 37 127 127
person 0.034762967 0 -270 10 -209
person 0.034756783 379 516 405 544
person 0.034689486 1234 -221 1245 -154
person 0.03453236 247 167 276 200
person 0.03439193 832 113 864 149
person 0.03431245 321 558 364 614
person 0.03430415 104 303 145 361
person 0.034045395 223 99 267 172
person 0.033868477 1020 296 1058 355
person 0.033847723 378 537 410 568
person 0.03363839 964 266 997 310
person 0.033282828 594 221 632 261
person 0.033113264 116 226 134 256
person 0.03302002 -1 416 6 457
person 0.032981098 391 170 426 205
person 0.032863297 808 205 842 243
person 0.03270074 52 -265 70 -246
person 0.032584973 655 43 674 66
person 0.032527458 806 137 853 215
person 0.032510046 1234 138 1250 166
person 0.032492716 1051 260 1091 318
person 0.03241274 1198 418 1257 544
person 0.03230412 1047 293 1085 351
person 0.032234203 1011 123 1042 156
person 0.03222727 1113 -251 1130 -196
person 0.031974487 29 -265 45 -257
person 0.03189339 116 211 134 240
person 0.031867802 956 300 1030 396
person 0.031692326 1234 187 1250 216
person 0.031675078 936 110 956 133
person 0.0316195 1152 562 1227 759
person 0.0315424 814 174 835 197
person 0.03142466 1226 216 1249 259
person 0.031403136 988 417 1056 513
person 0.03139149 1184 427 1193 447
person 0.03129385 955 656 972 689
person 0.031239185 1235 95 1250 122
person 0.031125922 734 77 768 115
person 0.03105881 1137 502 1177 601
person 0.030974615 317 181 358 231
person 0.030949559 1223 403 1247 476
person 0.030887965 29 -265 48 -246
person 0.030877633 1099 169 1130 206
person 0.030752482 675 717 697 800
person 0.030546919 1218 297 1247 367
person 0.030518375 203 541 231 564
person 0.030502694 234 9 274 94
person 0.030235965 653 36 678 79
person 0.030144287 1053 169 1085 204
person 0.030023843 916 721 939 804
person 0.029978354 881 210 933 279
person 0.029885001 446 634 469 664
person 0.029864768 956 121 987 154
person 0.029863264 751 359 802 432
person 0.029676223 424 620 448 647
person 0.029553393 916 167 950 204
person 0.029495457 1157 736 1168 766
person 0.029468348 441 -89 474 20
person 0.029314404 1234 164 1250 193
person 0.029231612 1020 257 1047 287
person 0.029216556 1073 -256 1092 -197
person 0.029208977 898 -119 946 70
person 0.028879527 957 340 996 399
person 0.028878741 445 164 479 198
person 0.028794724 483 -104 533 50
person 0.02863987 82 370 120 429
person 0.028604316 97 69 124 109
person 0.028525207 111 -113 134 -56
person 0.028505713 971 -114 1020 70
person 0.028329007 1161 339 1192 392
person 0.02832725 607 228 642 266
person 0.028275846 786 24 803 45
person 0.028269805 -1 176 18 223
person 0.028254366 113 197 131 222
person 0.028220262 294 316 373 411
person 0.028063782 1009 164 1042 200
person 0.027896022 68 -124 92 -50
person 0.027544854 1158 842 1180 901
person 0.027451321 178 305 209 345
person 0.027367046 985 -264 999 -256
person 0.027320532 1026 73 1054 107
person 0.02729524 224 195 274 264
person 0.0272356 1107 306 1147 365
person 0.027193302 19 363 32 428
person 0.027172038 871 841 898 916
person 0.027170423 679 174 714 210
person 0.027109746 1009 -264 1023 -256
person 0.027084041 446 626 468 654
person 0.02708192 1063 842 1090 915
person 0.02707724 63 311 96 363
person 0.027049968 1032 -264 1047 -256
person 0.02704362 0 -103 10 -26
person 0.026975412 183 308 203 336
person 0.026965827 824 840 850 916
person 0.026955726 294 275 327 312
person 0.026953205 52 -265 68 -257
person 0.02689418 1196 -265 1211 -257
person 0.026750071 484 166 518 201
person 0.026728306 1225 264 1249 314
person 0.026694324 518 -3 555 92
person 0.026670916 494 -253 526 -159
person 0.026604218 349 -82 383 20
person 0.02653794 932 90 960 125
person 0.026532382 909 783 932 846
person 0.026516857 860 134 883 161
person 0.02647725 961 -264 975 -256
person 0.026456892 458 664 481 696
person 0.026361616 0 134 7 170
person 0.026252216 1238 398 1245 437
person 0.026239585 44 219 73 258
person 0.026199197 990 130 1035 212
person 0.026132097 1178 179 1198 207
person 0.026102832 773 76 805 111
person 0.026062302 893 107 938 188
person 0.026061725 90 572 110 603
person 0.02602048 772 165 807 203
person 0.026010433 354 120 385 153
person 0.02600952 1153 801 1176 852
person 0.02582616 1239 67 1246 99
person 0.025809646 174 329 304 467
person 0.025809484 1066 123 1096 155
person 0.02573947 1056 -264 1071 -256
person 0.02569753 44 265 77 309
person 0.025685357 851 107 891 159
person 0.02561245 1116 124 1146 157
person 0.025599284 589 -254 621 -160
person 0.025464375 46 610 63 644
person 0.025412682 1170 300 1200 328
person 0.025403569 387 205 422 242
person 0.02534596 943 729 953 769
person 0.025335621 1118 468 1193 670
person 0.02530573 1067 214 1099 255
person 0.02529607 782 219 835 288
person 0.025174623 679 841 706 917
person 0.02516809 443 55 454 70
person 0.025136204 631 8 669 108
person 0.02509673 1133 733 1144 768
person 0.025083201 984 217 1078 362
person 0.024972819 776 840 802 916
person 0.024962401 -6 665 33 845
person 0.024954844 961 -265 977 -239
person 0.02493904 45 585 62 620
person 0.024765933 985 -266 1001 -239
person 0.024708329 4 393 19 482
person 0.024688486 1065 71 1093 105
person 0.024680272 586 166 621 202
person 0.024612296 1033 93 1053 113
person 0.024555057 936 -264 951 -256
person 0.02452072 1235 486 1246 568
person 0.024453968 774 518 785 550
person 0.024452904 115 -74 140 -15
person 0.024433117 937 -265 953 -240
person 0.024285417 288 420 314 450
person 0.02420315 738 25 764 69
person 0.024198946 686 -251 717 -156
person 0.02419134 967 74 996 109
person 0.02412239 640 107 674 144
person 0.024118809 514 100 560 174
person 0.024106724 1009 -266 1025 -238
person 0.024069779 868 104 889 124
person 0.024038943 1141 -107 1187 59
person 0.024034694 969 170 1002 205
person 0.023929147 704 734 714 768
person 0.023892712 1033 -266 1049 -238
person 0.023889327 68 585 87 617
person 0.023885021 727 840 754 916
person 0.023881897 1097 210 1130 251
person 0.023877868 404 615 430 644
person 0.023845244 1017 -260 1036 -199
person 0.023828156 429 111 476 185
person 0.02369328 217 395 251 428
person 0.023672327 432 70 470 124
person 0.023668917 0 130 11 189
person 0.023592616 1195 -265 1214 -246
person 0.023530405 777 -55 850 156
person 0.023480123 1232 82 1245 128
person 0.023474975 1055 93 1075 112
person 0.023473136 919 209 953 248
person 0.023473112 336 443 359 473
person 0.023441035 1074 859 1108 969
person 0.023439618 400 546 425 573
person 0.023433572 1239 43 1246 75
person 0.023387702 431 22 471 115
person 0.023385191 456 168 477 191
person 0.023362061 65 835 88 914
person 0.023347395 0 -253 9 -163
person 0.02333622 913 -265 930 -241
person 0.02330277 583 842 610 917
person 0.023296708 240 116 253 133
person 0.023284886 482 -163 513 -50
person 0.023165066 1152 814 1180 932
person 0.023107957 251 217 283 251
person 0.023017151 940 678 956 713
person 0.022947086 1234 211 1250 241
person 0.022924725 1057 -265 1073 -239
person 0.022912983 446 121 478 154
person 0.022840992 569 225 648 316
person 0.02271578 781 -249 812 -151
person 0.022652429 731 107 766 144
person 0.022640688 747 24 765 45
person 0.02263097 884 -64 954 157
person 0.02262763 1239 208 1246 243
person 0.022599805 1080 -265 1094 -256
person 0.02259801 1168 205 1188 233
person 0.022545263 300 517 331 544
person 0.022530377 605 97 653 170
person 0.022502938 219 459 262 516
person 0.022481306 1175 152 1210 206
person 0.022457708 395 123 427 156
person 0.022439301 329 470 353 497
person 0.02239118 1 158 9 191
person 0.02236597 379 479 403 505
person 0.022280425 631 841 658 917
person 0.02227082 181 499 252 620
person 0.022264123 964 211 998 251
person 0.02225689 1212 354 1241 425
person 0.022236865 720 20 738 42
person 0.022214973 129 321 172 378
person 0.022153791 864 89 894 124
person 0.022132067 103 801 148 949
person 0.02200859 1199 182 1219 211
person 0.021995759 1011 895 1036 977
person 0.021938737 963 895 989 977
person 0.02192885 204 447 253 505
person 0.021908926 446 86 469 112
person 0.021850305 595 -108 647 52
person 0.02181615 356 312 429 413
person 0.021771502 1018 345 1057 408
person 0.021697622 194 168 224 202
person 0.021649828 790 27 800 42
person 0.02164706 888 -265 906 -242
person 0.021641437 726 498 737 534
person 0.021604279 915 895 941 977
person 0.021589704 1175 -265 1193 -246
person 0.021570915 912 -265 927 -256
person 0.021559596 344 476 441 657
person 0.021549199 974 865 1008 978
person 0.021460468 1106 356 1143 419
person 0.021452079 254 386 294 443
person 0.021448568 917 -259 935 -198
person 0.02143215 203 -150 236 -51
person 0.021394739 701 24 719 45
person 0.02133723 227 -90 262 4
person 0.021329435 1059 894 1084 977
person 0.021262648 1073 31 1096 75
person 0.021256208 1239 303 1246 339
person 0.021177698 1080 -265 1097 -240
person 0.021170618 1023 239 1046 268
person 0.021156034 -6 67 10 98
person 0.0211543 1175 -265 1190 -257
person 0.021129886 -11 495 34 648
person 0.021094736 271 291 394 459
person 0.021077253 831 -256 849 -197
person 0.021049669 563 569 579 602
person 0.021023942 867 894 893 977
person 0.021019386 -2 278 20 351
person 0.020934284 1009 92 1029 112
person 0.02092529 926 19 950 64
person 0.020857234 101 163 112 182
person 0.020850524 400 -252 433 -158
person 0.020847488 982 855 1006 935
person 0.020844594 201 216 231 249
person 0.020820813 820 526 830 548
person 0.020811941 -9 419 40 550
person 0.020790119 -5 420 9 453
person 0.020765204 1237 422 1245 461
person 0.020727154 1109 732 1119 769
person 0.020720743 163 429 190 455
person 0.020693606 425 663 454 694
person 0.020692391 399 -164 431 -56
person 0.020676412 1234 676 1245 770
person 0.020637622 321 203 335 226
person 0.020562572 -3 183 12 215
person 0.02056226 957 784 983 859
person 0.02049445 859 781 884 857
person 0.02049394 1113 73 1141 108
person 0.020467686 1058 95 1072 108
person 0.020415919 934 855 958 935
person 0.020393074 440 74 460 99
person 0.020378137 339 6 379 94
person 0.020367337 957 115 978 138
person 0.02036426 1178 23 1195 45
person 0.020351756 741 52 762 73
person 0.020348676 1235 946 1242 999
person 0.020337569 904 256 938 299
person 0.020331899 601 465 615 499
person 0.020328498 873 -258 891 -198
person 0.020271674 444 207 478 244
person 0.020244796 399 565 427 594
person 0.020216806 870 211 905 250
person 0.020183178 526 165 562 202
person 0.020104744 46 326 158 460
person 0.020092348 629 471 641 506
person 0.020064168 -11 769 23 946
person 0.02004281 769 15 795 59
person 0.020032678 120 275 148 314
person 0.020011067 1155 724 1165 743
person 0.01999802 144 -45 168 1
person 0.019996123 819 894 845 977
person 0.019989748 358 84 387 118
person 0.01995311 864 -265 882 -243
person 0.019923294 1076 93 1095 112
person 0.019915894 620 -8 675 135
person 0.01990122 51 45 70 75
person 0.019880682 767 23 786 45
person 0.019870825 107 -145 140 -44
person 0.019828798 812 95 835 117
person 0.019812657 971 19 994 65
person 0.019776551 355 421 379 452
person 0.019772882 990 706 1000 756
person 0.019747907 966 731 976 767
person 0.019744726 872 -257 902 -158
person 0.01971935 185 599 274 807
person 0.019669222 1200 140 1219 168
person 0.01966673 94 583 114 616
person 0.019644257 1182 121 1200 145
person 0.019641282 231 595 257 618
person 0.01960314 1082 128 1125 210
person 0.01959085 76 -41 99 7
person 0.019571783 984 92 1004 112
person 0.019551046 886 855 910 935
person 0.019532545 1036 95 1050 109
person 0.019532211 46 -108 76 -3
person 0.01953044 958 94 979 114
person 0.019515594 967 387 1070 558
person 0.019384084 799 733 809 768
person 0.01938369 156 -110 179 -54
person 0.01934754 1019 19 1043 65
person 0.019328073 868 21 892 65
person 0.019279512 1029 856 1053 935
person 0.019239409 75 -90 101 -18
person 0.019238928 1238 20 1246 53
person 0.01919893 1092 252 1124 294
person 0.019183202 584 727 598 786
person 0.019129278 780 -256 797 -198
person 0.01911969 1238 121 1246 137
person 0.019090109 174 358 197 386
person 0.019066224 1179 736 1190 764
person 0.019048672 535 842 562 917
person 0.018998902 -5 298 11 330
person 0.018966477 628 720 649 800
person 0.018947884 777 510 785 527
person 0.01892184 1103 -265 1121 -242
person 0.018910693 1010 116 1030 138
person 0.01889591 771 894 797 977
person 0.018893983 76 608 101 642
person 0.01888258 888 -265 903 -256
person 0.018810006 776 210 812 249
person 0.018788852 216 118 244 154
person 0.018787604 977 -64 1044 161
person 0.018768957 715 90 741 113
person 0.018754244 1031 116 1051 137
person 0.01874972 299 -158 331 -55
person 0.018702352 918 301 962 360
person 0.018652584 1112 844 1135 904
person 0.018624965 341 291 449 456
person 0.018621959 1233 307 1251 335
person 0.01860285 488 658 508 688
person 0.01858255 312 545 408 743
person 0.018559212 813 207 836 235
person 0.018544959 798 521 810 551
person 0.01853722 1103 -265 1118 -256
person 0.01853265 112 448 135 472
person 0.018527336 1116 31 1139 75
person 0.018523997 682 208 718 247
person 0.01851119 1165 327 1191 351
person 0.018509042 284 208 307 233
person 0.018507823 575 60 606 98
person 0.018478248 166 568 262 740
person 0.01843983 607 455 617 477
person 0.018414594 457 144 479 167
person 0.018379753 164 380 191 408
person 0.018319676 -3 276 17 323
person 0.018314887 177 734 188 767
person 0.018309958 1153 750 1171 807
person 0.018276667 1156 -207 1171 -156
person 0.0182742 1238 100 1246 115
person 0.01824436 1171 267 1192 313
person 0.018235428 0 848 14 945
person 0.018213194 723 211 759 248
person 0.01821149 968 678 985 714
person 0.018207636 1184 145 1196 167
person 0.0181136 152 733 163 768
person 0.01811182 251 -109 275 -52
person 0.018088281 581 -153 613 -39
person 0.018085398 1078 856 1101 936
person 0.018075971 1194 126 1232 209
person 0.018068478 246 542 290 597
person 0.018058319 1019 397 1117 557
person 0.018015012 797 548 811 579
person 0.018014185 0 695 9 810
person 0.017951913 656 473 667 511
person 0.01794571 835 134 857 157
person 0.017919552 -2 160 13 189
person 0.017893178 880 113 903 136
person 0.017849827 319 438 396 531
person 0.017846031 723 894 749 977
person 0.017812805 775 733 786 768
person 0.01781253 1079 96 1092 109
person 0.017804164 1096 254 1117 283
person 0.01780204 487 148 508 170
person 0.017797437 390 74 420 108
person 0.017788086 0 -157 10 -68
person 0.017748715 0 -232 6 -184
person 0.017721932 1180 376 1265 573
person 0.017699394 478 121 511 157
person 0.017684313 68 162 96 200
person 0.017671345 536 30 562 77
person 0.017661259 0 -256 6 -210
person 0.017637689 1059 24 1070 41
person 0.01762141 121 -179 144 -102
person 0.017620204 812 86 843 122
person 0.017602906 117 852 150 978
person 0.017599419 1174 855 1208 971
person 0.017526412 1006 137 1027 162
person 0.0174973 259 492 293 520
person 0.017493643 750 516 763 547
person 0.017491642 881 93 902 113
person 0.017472649 130 734 140 767
person 0.0174699 204 -108 228 -53
person 0.017463222 0 638 8 768
person 0.017421799 884 144 907 168
person 0.017410122 0 180 8 217
person 0.017397929 840 -265 858 -243
person 0.01739237 112 310 137 338
person 0.017389372 1106 894 1132 978
person 0.017378196 -4 205 11 237
person 0.017364694 -11 -183 26 -33
person 0.01735725 1078 115 1098 135
person 0.017352762 841 528 850 552
person 0.017341722 61 352 150 541
person 0.01732854 206 865 243 982
person 0.017318595 1239 685 1245 726
person 0.017313266 1234 234 1251 264
person 0.01730891 728 734 738 768
person 0.01730629 1081 25 1093 41
person 0.01729528 1235 70 1250 97
person 0.017252041 304 461 326 485
person 0.017249703 430 -103 479 46
person 0.017239474 242 140 264 163
person 0.017228996 330 553 357 577
person 0.017226988 287 184 360 277
person 0.01722622 821 17 846 63
person 0.017200004 982 117 1002 139
person 0.017195404 1237 446 1245 486
person 0.017193524 988 720 998 740
person 0.017175484 955 137 976 162
person 0.017153468 0 798 10 893
person 0.017121816 823 732 833 768
person 0.0171032 948 417 987 481
person 0.017097205 1239 348 1246 383
person 0.017096572 692 192 714 216
person 0.017076848 735 -258 753 -199
person 0.017075215 431 165 453 189
person 0.017059185 1015 238 1036 268
person 0.017045382 675 894 701 978
person 0.017039966 715 168 753 205
person 0.017036676 1238 915 1245 967
person 0.017035438 0 419 9 511
person 0.01698484 939 711 948 757
person 0.016980398 303 -252 337 -159
person 0.016948208 239 547 266 569
person 0.016937645 839 855 862 936
person 0.016931454 1176 453 1194 486
person 0.01691562 1066 -226 1082 -166
person 0.016903793 -6 278 11 309
person 0.016871389 600 374 620 403
person 0.016864952 331 192 342 216
person 0.016858336 1167 378 1193 394
person 0.016822075 0 940 10 995
person 0.016792407 1060 74 1074 89
person 0.016766276 147 193 160 216
person 0.016750718 484 894 509 978
person 0.016741587 1239 324 1246 359
person 0.016739516 532 894 557 978
person 0.016734658 197 894 222 978
person 0.016721921 748 379 847 557
person 0.016716857 1222 165 1252 227
person 0.016713917 966 -260 984 -198
person 0.016690142 436 894 461 978
person 0.016683882 1130 116 1149 137
person 0.016676867 628 894 653 978
person 0.016653512 580 894 605 978
person 0.016651558 -5 229 10 261
person 0.016647022 162 -259 179 -200
person 0.01663922 479 856 499 886
person 0.01662985 918 730 928 767
person 0.01662858 398 635 427 666
person 0.016616443 208 482 255 537
person 0.01659591 455 856 475 886
person 0.016573114 1058 119 1077 139
person 0.01656659 503 856 523 886
person 0.016557673 -1 395 6 435
person 0.01654831 983 190 1003 218
person 0.016525798 226 124 244 146
person 0.01652235 388 894 413 978
person 0.016517514 869 716 885 799
person 0.01650638 527 856 547 885
person 0.016501117 1199 123 1217 148
person 0.016465032 935 141 957 166
person 0.01644833 0 294 7 335
person 0.016433211 551 856 571 885
person 0.016401017 751 734 762 767
person 0.01639855 575 856 595 885
person 0.016391259 256 563 281 586
person 0.016377088 482 -265 500 -242
person 0.016372379 506 -265 524 -242
person 0.016368987 344 558 433 737
person 0.016368372 431 856 451 886
person 0.016364027 578 -265 596 -242
person 0.016362354 243 -265 261 -242
person 0.016361011 1038 75 1051 90
person 0.016360205 1057 72 1077 93
person 0.01635936 263 397 289 428
person 0.01635834 458 -265 476 -242
person 0.01635808 267 -265 285 -242
person 0.016357413 363 -265 380 -242
person 0.016357044 339 -265 356 -242
person 0.016356898 386 -265 404 -242
person 0.016356844 291 -265 309 -242
person 0.01635679 315 -265 333 -242
person 0.016356377 554 -265 572 -242
person 0.016355848 505 -18 562 118
person 0.016352825 530 -265 548 -242
person 0.016351268 410 -265 428 -242
person 0.016350485 1035 73 1055 93
person 0.01634334 219 -265 237 -242
person 0.016340764 434 -265 452 -242
person 0.016338643 602 -265 620 -242
person 0.016332595 473 310 604 475
person 0.01633222 149 894 174 978
person 0.01632401 244 894 270 978
person 0.016315423 53 894 79 978
person 0.016314887 1154 895 1179 977
person 0.016309101 1237 142 1245 158
person 0.016299734 -2 104 55 215
person 0.016285725 340 894 366 978
person 0.016254533 1177 721 1187 739
person 0.016252773 870 731 881 768
person 0.016233929 938 77 957 97
person 0.016220432 163 391 202 448
person 0.016219603 1030 140 1050 165
person 0.016219512 587 116 622 152
person 0.016191589 599 856 619 885
person 0.016184572 626 -265 644 -242
person 0.01617 195 -265 213 -242
person 0.01616931 298 871 336 980
person 0.016166124 434 144 457 166
person 0.016162833 650 -265 668 -242
person 0.016162023 864 -265 880 -256
person 0.01614944 292 894 318 978
person 0.016113887 66 516 83 551
person 0.016087886 -1 272 6 314
person 0.016084045 1056 22 1074 43
person 0.0160665 1012 724 1022 743
person 0.0160515 1237 406 1244 425
person 0.016049819 407 856 427 886
person 0.016046936 487 842 515 916
person 0.016031584 -1 437 6 483
person 0.016026538 725 521 738 556
person 0.01601906 723 722 745 807
person 0.016010432 1236 853 1246 942
person 0.015996253 1127 -265 1145 -244
person 0.015995834 1181 425 1197 451
person 0.015977118 714 53 736 75
person 0.015969481 847 732 857 768
person 0.015950266 -4 138 12 166
person 0.015947085 1234 45 1250 73
person 0.015945349 1238 732 1245 773
person 0.015934698 568 36 594 81
person 0.01589764 1056 187 1077 215
person 0.015896095 369 103 386 123
person 0.015892567 886 214 907 241
person 0.015866963 766 146 789 166
person 0.0158656 664 205 742 296
person 0.015860293 894 731 905 768
person 0.01585812 484 170 506 193
person 0.015827592 0 13 5 52
person 0.015818711 674 -265 692 -242
person 0.015801845 894 553 906 574
person 0.015799887 623 856 643 885
person 0.015788177 696 -165 728 -49
person 0.015780043 107 192 126 217
person 0.015760964 864 113 880 136
person 0.015759336 744 -101 762 -70
person 0.01574608 1161 71 1188 105
person 0.01574336 1104 116 1123 137
person 0.015737671 383 856 403 886
person 0.015735382 1174 857 1196 939
person 0.015732259 297 73 327 108
person 0.015731623 333 174 354 197
person 0.015724117 288 856 308 886
person 0.015720425 876 870 910 987
person 0.015716908 264 856 284 886
person 0.015710382 865 22 883 44
person 0.015707623 643 170 677 206
person 0.015703525 807 253 841 295
person 0.015683688 1018 -223 1034 -170
person 0.015676005 715 778 739 856
person 0.015670106 171 -265 189 -242
person 0.01566934 738 136 761 157
person 0.015654065 910 92 932 112
person 0.015640873 453 121 476 143
person 0.01561495 864 170 886 194
person 0.015612247 -1 224 5 268
person 0.0156092355 311 856 332 886
person 0.015601367 362 397 382 429
person 0.015598892 816 22 834 43
person 0.01557393 1225 83 1249 122
person 0.015567746 85 570 101 604
person 0.015561499 1147 115 1165 136
person 0.015558891 240 856 260 886
person 0.015554926 967 711 977 754
person 0.015552721 547 202 672 365
person 0.015525899 335 856 356 886
person 0.015525314 654 325 727 423
person 0.015525178 525 113 547 135
person 0.015520731 359 856 379 886
person 0.015518829 -1 -202 15 -108
person 0.015513177 0 -38 5 7
person 0.015511861 956 213 977 241
person 0.015503539 672 -100 690 -70
person 0.015497456 839 -101 857 -73
person 0.015484926 1099 237 1121 266
person 0.01548409 817 -265 835 -244
person 0.015479983 248 38 275 79
person 0.015470255 648 -100 666 -70
person 0.015454726 678 495 690 529
person 0.015446996 65 573 149 749
person 0.01544189 708 585 767 822
person 0.015440897 1181 25 1191 42
person 0.015421821 696 -100 714 -70
person 0.01542002 624 -100 642 -70
person 0.015414048 123 -253 137 -199
person 0.015398561 768 -101 785 -70
person 0.015389645 1135 225 1234 374
person 0.015368616 768 121 803 157
person 0.015351914 78 -252 91 -198
person 0.0153455725 1233 29 1245 85
person 0.015334754 14 319 23 362
person 0.0153336525 1099 188 1120 217
person 0.015329212 1086 -247 1095 -207
person 0.015317886 1035 24 1045 41
person 0.015288169 698 -265 716 -242
person 0.015280352 475 208 509 244
person 0.015254988 1102 210 1123 239
person 0.015252661 243 -169 259 -115
person 0.0152197145 770 26 782 41
person 0.015214097 579 719 601 797
person 0.015188406 763 161 785 182
person 0.015176666 200 717 217 797
person 0.015167404 651 187 672 211
person 0.0151614 647 856 667 885
person 0.015141134 1003 -77 1026 -66
person 0.015136983 202 735 212 768
person 0.015135057 1007 22 1025 43
person 0.015132321 719 -100 737 -70
person 0.015127814 498 19 524 64
person 0.01511901 502 166 523 189
person 0.015114557 488 874 526 983
person 0.015104289 216 856 236 886
person 0.015104153 1216 -159 1245 -35
person 0.01510241 1015 711 1024 757
person 0.015089733 764 543 777 575
person 0.015012088 1168 230 1189 259
person 0.014968184 136 511 173 570
person 0.014961281 482 -58 509 14
person 0.014952331 955 235 977 264
person 0.01494698 979 -77 1002 -66
person 0.014945709 1225 -265 1249 -195
person 0.014942698 204 801 250 940
person 0.014941808 1012 94 1026 107
person 0.014937736 982 141 1003 165
person 0.014937 369 594 412 654
person 0.014931528 0 -209 6 -160
person 0.014924985 1078 22 1097 43
person 0.014919772 546 507 562 561
person 0.014912876 1010 24 1021 41
person 0.014910174 816 -101 833 -71
person 0.014893493 477 122 499 144
person 0.014888066 1077 188 1097 217
person 0.014885562 147 -265 165 -243
person 0.014877655 207 445 247 470
person 0.014875741 1130 96 1149 115
person 0.014875699 1115 -221 1132 -156
person 0.014862636 144 -174 165 -114
person 0.01485166 600 -100 618 -70
person 0.014848952 72 -175 93 -95
person 0.01484262 682 -259 699 -201
person 0.014829885 1031 22 1049 43
person 0.014811326 113 436 136 457
person 0.014809759 1006 187 1027 215
person 0.014791696 1235 -175 1245 -104
person 0.014787625 959 71 978 91
person 0.014786678 1106 96 1126 115
person 0.014785567 119 593 193 812
person 0.014783728 119 -244 155 -151
person 0.014782116 0 581 6 627
person 0.014778671 0 725 6 772
person 0.014775915 696 63 789 242
person 0.014754023 1127 -265 1142 -256
person 0.014749187 767 69 810 124
person 0.014748223 699 496 711 532
person 0.014727118 1079 142 1099 166
person 0.014725742 1238 374 1245 412
person 0.014707661 480 644 504 676
person 0.014705589 89 152 125 207
person 0.014700001 522 166 543 190
person 0.0146949105 1239 231 1246 266
person 0.0146933645 631 458 640 479
person 0.014691887 73 380 138 489
person 0.014690929 359 508 427 614
person 0.014686939 78 23 136 146
person 0.014684772 1160 408 1171 424
person 0.014679813 903 388 975 485
person 0.014677391 1010 276 1038 308
person 0.014675441 255 554 282 577
person 0.0146681275 101 894 126 979
person 0.014663152 248 723 264 791
person 0.014656409 1239 708 1246 751
person 0.014645876 392 873 431 982
person 0.014641721 937 668 955 702
person 0.014626449 792 509 805 530
person 0.0146171255 938 102 952 115
person 0.014616089 480 212 502 240
person 0.014604364 439 842 467 916
person 0.014595485 75 -265 94 -245
person 0.014584374 -1 58 10 123
person 0.01456643 448 53 469 76
person 0.014563829 93 614 116 648
person 0.014550224 0 37 6 76
person 0.014546874 115 479 212 668
person 0.014529822 -1 63 5 102
person 0.014522204 -4 -268 16 -187
person 0.014499008 750 27 760 42
person 0.014496745 190 409 214 432
person 0.014486373 722 -265 740 -243
person 0.014484386 1157 215 1177 243
person 0.014478608 791 855 814 936
person 0.014450249 531 97 553 119
person 0.014434673 866 68 886 88
person 0.014433708 668 780 692 858
person 0.014418502 0 749 9 846
person 0.01440856 0 589 8 724
person 0.01440009 1150 -265 1166 -256
person 0.014370322 1196 411 1205 426
person 0.014341284 793 -265 811 -244
person 0.014341026 108 838 132 916
person 0.014336403 292 -170 307 -118
person 0.014333541 671 855 691 886
person 0.014316224 636 288 743 474
person 0.014302462 1011 74 1030 93
person 0.014286594 938 265 1047 443
person 0.014277403 333 500 357 524
person 0.014271968 1227 827 1247 908
person 0.014271727 -6 41 10 71
person 0.014271122 1168 30 1185 77
person 0.014259906 576 -100 594 -70
person 0.014250096 123 -265 141 -243
person 0.014245916 792 -101 810 -71
person 0.014238245 192 856 212 886
person 0.014225627 680 470 691 509
person 0.014224786 216 -250 252 -159
person 0.014224284 203 -261 221 -202
person 0.014217666 769 -265 788 -243
person 0.014204293 1006 789 1029 850
person 0.014188431 535 116 568 151
person 0.014180708 1031 161 1052 189
person 0.014180255 1150 -265 1169 -245
person 0.014177223 411 165 433 188
person 0.014175811 745 -265 763 -243
person 0.014161097 1027 -77 1050 -66
person 0.014156059 192 -171 214 -114
person 0.014146594 810 117 833 139
person 0.014140111 882 164 904 189
person 0.014132781 863 -100 882 -75
person 0.014116778 1053 166 1074 193
person 0.014101044 956 -77 978 -65
person 0.014090628 485 208 567 302
person 0.014076082 1085 731 1096 768
person 0.014070307 584 873 620 985
person 0.014062133 418 225 497 319
person 0.0140374685 935 211 956 239
person 0.014000828 1129 23 1140 39
person 0.013998748 -5 188 18 259
person 0.013993695 248 841 275 917
person 0.013991629 692 20 719 63
person 0.013964308 249 161 268 184
person 0.0139610795 839 -265 856 -257
person 0.013960639 292 397 412 562
person 0.013959195 391 842 419 916
person 0.01395495 484 607 565 826
person 0.013943996 1105 24 1117 40
person 0.013938287 984 21 1002 42
person 0.013933373 1156 717 1167 750
person 0.0139269475 1237 -226 1245 -182
person 0.013919353 66 300 90 329
person 0.0139140785 295 842 323 917
person 0.01388444 849 303 890 364
person 0.013867456 487 74 518 112
person 0.013857379 1127 209 1148 238
person 0.013819369 1237 756 1245 797
person 0.01379541 841 21 859 42
person 0.013793424 533 279 641 470
person 0.013785833 907 141 929 166
person 0.013761496 0 -47 9 15
person 0.013761049 1054 141 1074 166
person 0.013753447 343 842 371 917
person 0.013746263 783 597 849 835
person 0.013729783 437 122 459 145
person 0.0137260575 1080 54 1099 74
person 0.013707452 1075 163 1096 190
person 0.013684837 931 187 952 214
person 0.013683246 1128 164 1148 191
person 0.013682287 966 737 974 756
person 0.013670099 499 144 520 166
person 0.013669707 778 869 812 986
person 0.013662939 1156 762 1168 793
person 0.013651139 884 72 904 92
person 0.013647795 1109 99 1122 112
person 0.013620393 1233 329 1251 355
person 0.013619407 1129 142 1148 167
person 0.013618473 760 373 783 408
person 0.013608886 772 -157 802 -33
person 0.013595165 552 -100 571 -70
person 0.013588233 44 450 60 484
person 0.01356922 781 87 804 108
person 0.013553961 680 679 694 776
person 0.013547548 166 346 207 404
person 0.013536115 990 731 1000 768
person 0.013534134 498 343 578 447
person 0.013530869 679 476 688 500
person 0.013525333 908 118 931 140
person 0.013521954 812 779 836 857
person 0.013521345 1028 187 1049 215
person 0.013519277 1009 639 1026 673
person 0.013519259 -4 -250 9 -216
person 0.013517089 920 -248 930 -207
person 0.013510448 220 374 248 404
person 0.013492918 748 503 758 524
person 0.013475486 958 186 979 213
person 0.013457635 598 789 639 948
person 0.013453255 1027 213 1049 242
person 0.01345216 960 20 978 41
person 0.013448079 1082 256 1106 285
person 0.013447746 584 449 593 468
person 0.01343731 987 23 998 40
person 0.013435717 944 -249 953 -207
person 0.013435224 1197 735 1208 765
person 0.01343468 1058 350 1095 414
person 0.013432817 510 485 526 534
person 0.013431527 1003 163 1024 189
person 0.013426537 1067 -57 1137 160
person 0.013421901 871 254 905 296
person 0.013406231 695 855 715 886
person 0.013401446 931 165 953 191
person 0.013390499 306 -109 329 -53
person 0.0133899255 985 73 1004 92
person 0.01337856 982 162 1004 188
person 0.013322528 1228 864 1247 955
person 0.01332239 943 737 951 758
person 0.013307398 673 521 685 537
person 0.013306746 965 722 975 742
person 0.0132912 724 23 734 39
person 0.013267195 981 211 1003 240
person 0.013264579 941 659 955 733
person 0.013255657 200 841 227 917
person 0.013254116 116 200 128 216
person 0.013241044 242 571 271 592
person 0.0132338265 1238 697 1246 712
person 0.013226455 682 871 716 987
person 0.013224347 251 -261 268 -202
person 0.013208439 842 116 856 130
person 0.013176407 362 -100 379 -69
person 0.013152558 399 780 450 897
person 0.013150441 1238 167 1245 184
person 0.013150262 801 366 834 435
person 0.013146272 774 94 875 268
person 0.01314 198 262 230 295
person 0.013121987 1133 99 1145 112
person 0.013090336 344 734 355 768
person 0.013081134 528 -100 547 -70
person 0.013080962 120 254 141 282
person 0.013079098 268 608 360 805
person 0.013073455 384 570 413 596
person 0.013060744 256 173 276 195
person 0.013057204 0 702 6 749
person 0.013051147 454 185 475 210
person 0.013044729 386 -100 403 -69
person 0.013016452 0 -185 6 -136
person 0.012997469 193 538 240 595
person 0.012996197 1237 -178 1245 -134
person 0.012980687 63 107 92 154
person 0.012967859 1234 22 1249 51
person 0.012966742 147 -72 170 -15
person 0.0129377125 212 428 242 452
person 0.0129313385 280 146 347 248
person 0.012915196 480 187 501 212
person 0.012910649 1054 285 1079 311
person 0.01290882 32 560 47 596
person 0.012893742 1014 77 1027 90
person 0.012892516 1106 729 1121 796
person 0.012887395 182 352 205 383
person 0.01288315 354 578 380 600
person 0.0128746815 672 23 692 45
person 0.012871876 721 321 832 468
person 0.012859547 718 138 742 160
person 0.012856852 987 95 1001 108
person 0.012855044 112 468 140 494
person 0.012852835 748 499 760 534
person 0.012828731 254 263 287 296
person 0.0128228925 185 173 203 196
person 0.012818753 1237 -203 1245 -158
person 0.0127914585 68 548 86 582
person 0.012787623 1101 140 1121 164
person 0.012781775 975 671 993 703
person 0.012772987 677 498 688 518
person 0.012770197 671 189 694 213
person 0.01276048 283 408 305 434
person 0.012751688 913 21 931 42
person 0.012736509 777 504 787 534
person 0.012736353 966 -267 998 -174
person 0.012727681 446 62 467 87
person 0.012723145 916 74 935 94
person 0.012721786 498 779 546 899
person 0.012716368 223 735 237 770
person 0.012694546 719 855 739 886
person 0.012680767 1100 163 1120 191
person 0.012676534 389 624 478 831
person 0.01267568 0 -64 6 -16
person 0.01265875 791 124 815 145
person 0.012657666 620 491 631 523
person 0.012655526 791 143 814 164
person 0.012651594 65 335 101 399
person 0.012650814 168 855 188 886
person 0.012645775 822 284 929 450
person 0.012636933 393 25 419 66
person 0.012630966 237 1 258 28
person 0.012624818 1149 -256 1175 -189
person 0.012623885 718 190 741 213
person 0.012622262 1226 445 1247 525
person 0.012619773 819 25 830 40
person 0.012606512 258 483 287 504
person 0.012600305 1170 262 1194 291
person 0.012598993 1130 761 1143 795
person 0.012598686 635 -260 652 -202
person 0.01257044 1098 397 1129 466
person 0.012565712 0 748 6 796
person 0.0125650605 715 163 737 185
person 0.0125518385 205 563 239 588
person 0.012538142 222 354 246 385
person 0.012526423 904 661 921 695
person 0.0125239985 1239 280 1246 317
person 0.012523745 651 492 663 526
person 0.012521162 1125 21 1145 41
person 0.012512744 505 -100 523 -69
person 0.012511968 410 -100 427 -69
person 0.012511367 866 214 887 240
person 0.012506537 264 429 288 453
person 0.0125054885 146 262 178 298
person 0.012500596 199 467 258 496
person 0.0124923345 1179 450 1190 479
person 0.012491188 835 211 857 238
person 0.012490858 523 60 552 99
person 0.012490593 909 167 931 192
person 0.012482204 -1 484 6 533
person 0.01247994 -4 -225 10 -192
person 0.012477454 1048 511 1129 732
person 0.012472919 743 140 757 153
person 0.012469431 124 -224 139 -160
person 0.012468704 320 734 331 768
person 0.012447548 767 418 836 521
person 0.012443247 419 6 477 139
person 0.012441782 817 -265 833 -257
person 0.01242915 530 -58 557 14
person 0.012425867 1188 602 1249 838
person 0.012425248 742 855 765 936
person 0.012420744 298 538 336 564
person 0.012410359 1054 266 1156 439
person 0.012405727 475 713 494 746
person 0.012396101 747 720 758 737
person 0.012393628 1108 508 1169 640
person 0.012390359 1077 210 1099 239
person 0.012388253 370 119 388 142
person 0.0123879025 299 -261 315 -202
person 0.012380082 956 163 977 190
person 0.012377343 138 520 170 550
person 0.012376281 43 33 76 93
person 0.012375314 -5 17 10 47
person 0.0123692835 790 190 813 212
person 0.012364565 1234 284 1251 313
person 0.012355433 338 -100 355 -69
person 0.012355265 18 360 45 430
person 0.012349353 936 21 954 42
person 0.012331192 379 192 401 217
person 0.0123142395 111 94 176 200
person 0.012297212 0 772 6 820
person 0.012292475 104 836 155 1002
person 0.012288581 0 -8 6 33
person 0.012273321 347 580 391 641
person 0.012271882 99 -265 117 -244
person 0.012262251 911 211 932 238
person 0.0122517785 846 548 860 576
person 0.012251012 356 168 378 192
person 0.012249459 1160 346 1197 373
person 0.012246858 84 395 119 424
person 0.012243409 1124 189 1145 218
person 0.012240514 27 25 111 179
person 0.012240209 140 537 166 565
person 0.012216042 863 187 886 212
person 0.012205268 869 25 878 41
person 0.012198303 155 558 194 621
person 0.012197781 481 -100 499 -69
person 0.0121840965 51 222 70 247
person 0.012175296 704 479 714 500
person 0.012166524 743 855 763 886
person 0.012155493 1149 164 1168 190
person 0.012148709 936 233 958 261
person 0.012147296 1126 857 1149 938
person 0.012138437 799 -15 836 100
person 0.012137864 962 97 975 109
person 0.012128702 746 761 761 796
person 0.012108077 262 569 276 580
person 0.012081715 1202 -172 1249 -6
person 0.012079621 704 26 714 42
person 0.012078659 1237 468 1245 510
person 0.012070366 135 180 172 234
person 0.012068922 -1 425 5 444
person 0.012045026 964 22 974 39
person 0.012043524 861 -101 880 -88
person 0.0120114805 523 186 544 214
person 0.011999263 115 323 143 349
person 0.01198505 658 45 670 61
person 0.0119759785 482 694 505 725
person 0.011975048 583 444 595 475
person 0.011969238 381 168 404 193
person 0.011968635 461 147 475 160
person 0.011967851 888 21 906 43
person 0.011961724 434 -100 451 -69
person 0.011957289 979 792 1019 946
person 0.011943416 910 187 932 213
person 0.011937374 695 855 717 937
person 0.011936795 296 725 312 789
person 0.011935338 375 596 401 622
person 0.011928655 767 854 786 886
person 0.011921648 1237 -154 1245 -110
person 0.011917638 820 -225 840 -162
person 0.011914511 159 444 186 469
person 0.011904838 790 163 813 185
person 0.011904243 328 566 357 591
person 0.01189803 673 46 696 69
person 0.011896012 837 95 860 115
person 0.011890879 751 543 763 577
person 0.0118859885 375 610 406 639
person 0.011883968 776 -225 791 -166
person 0.011878767 457 -100 475 -69
person 0.011876718 298 778 353 896
person 0.011872852 692 209 715 235
person 0.011872801 1151 97 1170 116
person 0.011861014 738 86 765 110
person 0.011854706 791 854 810 886
person 0.011851858 652 160 674 183
person 0.011833026 781 254 815 296
person 0.011826114 233 -5 256 39
person 0.011821668 959 214 1002 269
person 0.011821568 794 391 818 426
person 0.011808129 764 779 788 857
person 0.011800997 337 -94 388 46
person 0.011792654 884 188 906 213
person 0.011783067 834 189 856 213
person 0.011776527 99 446 123 472
person 0.011775556 0 346 10 386
person 0.011773747 59 732 69 766
person 0.011772777 70 854 92 938
person 0.01176672 815 854 834 886
person 0.011759358 -25 218 55 367
person 0.011756422 0 -161 6 -112
person 0.011748082 979 262 1002 290
person 0.011746184 964 717 980 792
person 0.011745951 1233 352 1251 378
person 0.011745116 631 451 642 486
person 0.011741043 671 162 694 185
person 0.011732375 871 549 882 569
person 0.011727053 0 796 6 844
person 0.011725864 1102 22 1121 42
person 0.01170173 25 542 39 578
person 0.01167644 742 77 767 98
person 0.0116740465 647 855 669 937
person 0.011672886 1005 211 1027 241
person 0.011671362 575 95 598 116
person 0.011670889 723 761 737 796
person 0.011658883 53 871 72 905
person 0.011655922 0 914 6 968
person 0.011654362 1233 259 1251 289
person 0.011650726 958 256 980 285
person 0.011643623 450 210 472 236
person 0.011642532 978 287 1001 314
person 0.011638719 886 233 908 262
person 0.01163107 813 444 836 472
person 0.011629633 359 41 383 78
person 0.011627228 967 -249 977 -207
person 0.0116265705 102 444 142 505
person 0.0116122505 701 79 723 99
person 0.011600041 1109 738 1117 759
person 0.01159991 259 186 281 209
person 0.011594198 734 110 760 133
person 0.011578918 1237 -107 1245 -63
person 0.011567802 1015 -167 1028 -120
person 0.011560526 500 186 521 212
person 0.011560318 1199 721 1207 739
person 0.011557294 -1 461 6 506
person 0.011544832 839 854 859 885
person 0.011537983 100 125 113 142
person 0.011527932 355 -110 378 -52
person 0.011526596 188 427 212 450
person 0.011518834 1052 -77 1073 -65
person 0.011513195 895 -248 906 -207
person 0.011511687 1062 -249 1072 -207
person 0.011502612 715 110 740 133
person 0.011494146 743 166 765 186
person 0.011493377 1237 -131 1245 -86
person 0.011490414 788 379 810 412
person 0.011485751 1014 730 1024 769
person 0.011484285 410 145 430 166
person 0.011484285 977 119 1041 235
person 0.0114829745 607 250 651 307
person 0.011480302 648 461 657 483
person 0.011476389 346 -261 363 -202
person 0.011471191 1175 306 1196 321
person 0.011470553 1084 56 1095 72
person 0.011467295 0 556 6 602
person 0.011458508 880 361 988 541
person 0.011447764 1156 -52 1172 11
person 0.011433608 1083 73 1096 89
person 0.011431431 1238 190 1246 207
person 0.011431292 310 229 335 254
person 0.011424833 836 165 858 186
person 0.011422322 793 -265 809 -257
person 0.011417941 545 355 565 381
person 0.011416773 535 596 554 629
person 0.011414534 741 410 762 439
person 0.0114041865 1078 235 1100 263
person 0.011398065 586 -260 603 -202
person 0.011396931 1238 74 1246 91
person 0.01139373 49 542 65 577
person 0.011388171 909 263 931 291
person 0.011387244 937 723 946 744
person 0.011369858 912 554 926 575
person 0.011366146 525 213 546 240
person 0.0113607505 -5 588 10 620
person 0.011341792 271 165 377 335
person 0.011337224 221 0 281 119
person 0.01132896 75 -265 91 -257
person 0.011327988 652 521 664 536
person 0.011321923 -1 534 6 579
person 0.011315151 410 589 435 615
person 0.011309291 12 371 22 410
person 0.01130451 1080 71 1100 92
person 0.011290793 357 549 385 573
person 0.011282179 863 854 883 885
person 0.011278632 729 486 737 504
person 0.011268012 1239 895 1246 943
person 0.011265569 0 545 9 671
person 0.011264199 694 45 716 69
person 0.011251582 1237 779 1245 821
person 0.011249005 932 -77 954 -65
person 0.011239129 134 348 157 375
person 0.011236437 884 467 911 495
person 0.011235414 238 -175 262 -101
person 0.011229837 462 189 590 354
person 0.011226666 0 675 6 725
person 0.011225808 1236 429 1243 450
person 0.011221691 1238 49 1245 67
person 0.011216878 884 -102 906 -89
person 0.011201361 522 137 543 160
person 0.011196593 361 330 471 528
person 0.011196424 747 188 864 352
person 0.011184594 44 571 61 606
person 0.011176999 499 92 567 195
person 0.011171087 599 855 622 938
person 0.011147577 790 781 828 952
person 0.011147493 181 817 261 1005
person 0.011145984 1092 215 1135 270
person 0.0111378515 663 117 700 154
person 0.011136057 962 75 975 88
person 0.0111218775 1127 52 1147 73
person 0.011120183 751 739 760 758
person 0.011103007 230 455 260 477
person 0.011098596 1110 -247 1120 -207
person 0.01108842 1052 211 1073 239
person 0.011080992 330 195 343 207
person 0.011061228 869 -246 883 -207
person 0.011055491 209 91 275 195
person 0.011052536 674 518 686 547
person 0.011047898 1200 425 1210 449
person 0.011046309 845 23 855 40
person 0.011036063 78 123 92 139
person 0.011028472 1058 52 1077 72
person 0.010998866 341 -171 356 -121
person 0.010981758 679 732 693 767
person 0.010965321 729 -227 743 -170
person 0.01096515 1142 407 1175 471
person 0.010959174 1001 444 1032 477
person 0.010955649 811 136 834 158
person 0.010950225 765 188 788 210
person 0.010943572 154 713 173 805
person 0.010942514 187 382 212 408
person 0.010926207 491 151 503 164
person 0.010921714 445 88 455 105
person 0.010915911 153 840 179 917
person 0.010913456 917 708 928 752
person 0.010913095 493 459 511 513
person 0.010900893 111 -85 163 44
person 0.010897922 504 121 526 143
person 0.010896976 770 760 785 795
person 0.010883483 97 133 125 175
person 0.0108746635 577 -265 593 -256
person 0.010874201 482 -265 498 -256
person 0.010872514 506 -265 522 -256
person 0.010867407 0 -89 6 -41
person 0.010865963 771 724 793 811
person 0.010865469 553 -265 570 -256
person 0.010862878 458 -265 474 -256
person 0.010862615 530 -265 546 -256
person 0.010861074 242 -265 258 -256
person 0.010857718 218 -265 234 -256
person 0.010857437 601 -265 617 -256
person 0.010857217 266 -265 282 -256
person 0.010857063 362 -265 378 -256
person 0.010856654 386 -265 402 -256
person 0.010856622 338 -265 354 -256
person 0.010856409 290 -265 306 -256
person 0.010856285 314 -265 330 -256
person 0.010853704 410 -265 426 -256
person 0.01085027 434 -265 450 -256
person 0.010843021 769 -265 785 -257
person 0.010841803 567 573 584 607
person 0.010841133 623 77 657 117
person 0.01083802 933 -76 955 -54
person 0.010837192 53 848 70 883
person 0.010834728 0 844 6 891
person 0.010829548 1150 -214 1174 -142
person 0.010827428 269 600 292 621
person 0.010814775 415 104 483 208
person 0.010811466 939 114 952 127
person 0.010802677 791 212 814 237
person 0.010798841 886 -99 906 -78
person 0.010798571 649 -265 665 -256
person 0.010798377 625 -265 641 -256
person 0.010795041 0 140 7 158
person 0.010794273 394 -261 411 -202
person 0.010790012 988 76 1001 89
person 0.010783418 693 165 716 188
person 0.010774682 -5 399 9 432
person 0.010765985 194 -265 210 -256
person 0.010764431 577 787 594 841
person 0.010763176 720 366 742 401
person 0.010761415 538 -260 555 -202
person 0.010761146 994 424 1083 635
person 0.010759152 10 324 28 357
person 0.010757594 908 236 929 264
person 0.010754528 57 511 72 547
person 0.010752753 957 -75 979 -55
person 0.010743505 214 622 242 644
person 0.010742816 887 854 907 885
person 0.010733264 1155 383 1173 398
person 0.010724078 0 820 6 868
person 0.010723036 885 782 924 949
person 0.01070211 271 816 356 998
person 0.0106994845 178 174 197 196
person 0.010697805 648 454 659 491
person 0.010689364 1154 234 1176 262
person 0.010683935 822 719 837 803
person 0.010669847 150 128 180 164
person 0.010665328 78 -219 91 -153
person 0.010655437 551 855 574 938
person 0.01065023 673 -265 689 -256
person 0.010645206 1033 118 1047 131
person 0.010642757 770 213 817 267
person 0.010640923 910 -76 932 -53
person 0.010619685 88 554 114 627
person 0.010614155 865 832 882 864
person 0.01058584 867 72 958 255
person 0.010580168 1104 52 1123 73
person 0.010572948 546 115 568 135
person 0.010571497 598 187 621 213
person 0.010568304 127 716 141 814
person 0.010560653 490 -260 507 -202
person 0.01054925 1184 125 1196 138
person 0.010547518 761 212 783 237
person 0.010539842 334 434 356 462
person 0.010538847 733 -58 760 17
person 0.010533359 1209 0 1239 114
person 0.010516655 442 -261 459 -202
person 0.0105027445 170 -265 186 -256
person 0.010502701 741 188 764 210
person 0.0104958145 1179 94 1197 115
person 0.010488438 841 832 858 864
person 0.010485449 458 873 479 904
person 0.010482873 595 165 617 189
person 0.010474591 697 -265 713 -256
person 0.010463901 697 833 714 865
person 0.010461571 592 89 660 191
person 0.010458979 0 -137 6 -89
person 0.010458648 745 -265 761 -257
person 0.010454351 38 677 48 719
person 0.010448502 506 873 527 904
person 0.010439115 1226 781 1248 856
person 0.010438962 1148 143 1168 167
person 0.010438529 -5 -33 9 0
person 0.010436509 740 212 763 237
person 0.010428297 431 186 453 210
person 0.01042787 1152 188 1172 215
person 0.010422458 26 922 43 958
person 0.01041915 482 873 503 904
person 0.010412961 1239 660 1246 701
person 0.010411817 776 738 784 758
person 0.010411241 45 118 66 138
person 0.010407415 722 833 738 865
person 0.010406758 530 873 551 904
person 0.010406163 434 873 455 904
person 0.010397544 554 872 575 904
person 0.010395611 609 489 621 521
person 0.0103745675 578 872 599 904
person 0.010368088 410 873 431 904
person 0.010360307 1175 48 1194 71
person 0.010358425 -4 851 10 883
person 0.010357119 916 23 926 40
person 0.010355444 911 853 931 885
person 0.010350016 211 528 239 550
person 0.010342097 401 209 424 236
person 0.01034137 1005 -75 1027 -56
person 0.010323932 1029 -75 1051 -55
person 0.010316111 110 514 144 546
person 0.010313365 845 -246 860 -207
person 0.010305926 216 855 239 937
person 0.010301356 820 185 831 199
person 0.010299013 716 212 739 238
person 0.010295641 817 833 834 865
person 0.010292555 0 605 6 652
person 0.010287995 1081 117 1095 130
person 0.010286418 101 155 111 170
person 0.010284947 864 214 910 268
person 0.010282428 1154 100 1167 113
person 0.010278192 598 599 669 832
person 0.010273968 1182 603 1217 728
person 0.010267972 1079 808 1096 839
person 0.010266189 601 872 623 904
person 0.0102583 721 -265 737 -256
person 0.01025209 18 426 33 461
person 0.010251218 628 538 640 571
person 0.010248321 772 50 793 70
person 0.010247122 386 873 407 904
person 0.01024408 940 604 1011 813
person 0.010237396 427 603 450 628
person 0.010225556 153 -226 168 -168
person 0.010219347 135 500 162 526
person 0.010217761 673 833 691 865
person 0.010212939 123 760 138 796
person 0.010196669 682 -227 695 -171
person 0.010194384 146 42 172 83
person 0.010191911 603 516 618 551
person 0.010190386 144 854 164 886
person 0.010189308 313 -100 331 -69
person 0.010178157 1026 446 1049 477
person 0.01017163 960 809 977 838
person 0.010171548 1159 848 1213 995
person 0.0101591945 989 738 998 755
person 0.010156472 941 81 954 94
person 0.01014912 286 -177 310 -103
person 0.01013178 362 873 383 904
person 0.010127946 1238 873 1246 917
person 0.010127046 1050 821 1126 1002
person 0.010125885 889 832 906 864
person 0.010124752 360 194 382 219
person 0.010103198 596 216 620 243
person 0.010102863 1150 118 1162 131
person 0.0100971805 625 872 647 904
person 0.010092654 -4 443 10 477
person 0.010089915 651 497 661 518
person 0.010088738 625 784 642 842
person 0.010088534 981 -75 1003 -56
person 0.010082773 4 408 32 485
person 0.010078976 979 234 1001 263
person 0.010078624 326 -4 386 119
person 0.0100784 0 -113 6 -65
person 0.0100766495 869 532 881 552
person 0.0100766355 746 833 762 865
person 0.010073587 991 -250 1000 -207
person 0.010073431 338 873 359 904
person 0.0100721745 127 783 142 852
person 0.01007179 236 597 253 610
person 0.010068681 1053 -76 1075 -55
person 0.010061388 793 833 810 865
person 0.010045955 1011 720 1027 793
person 0.010045751 264 855 286 938
person 0.010028003 146 -265 162 -256
person 0.010025423 770 148 785 161
person 0.010022812 314 872 335 904
person 0.010015013 -8 83 72 254
person 0.01000909 78 173 181 339
person 0.010007124 386 209 409 236
person 0.010006804 939 23 950 40
