person 0.75804704 752 63 769 84
person 0.7470849 1040 178 1066 215
person 0.74328583 509 163 540 197
person 0.741105 677 175 707 211
person 0.73499703 652 115 673 141
person 0.73464715 658 68 676 90
person 0.73335624 1125 144 1143 171
person 0.7309647 583 76 601 97
person 0.7242477 1013 113 1031 136
person 0.7189977 453 96 473 120
person 0.7184966 938 109 957 134
person 0.7169651 710 60 727 81
person 0.7162748 720 193 753 234
person 0.71334857 785 92 804 115
person 0.7114729 687 66 704 88
person 0.709477 975 98 993 120
person 0.7032806 614 87 634 112
person 0.6965251 544 89 564 113
person 0.6951943 1093 120 1111 144
person 0.6929995 827 66 844 87
person 0.6925975 898 152 925 185
person 0.69250375 1059 121 1077 144
person 0.6923495 1140 203 1165 241
person 0.6829632 1146 129 1164 156
person 0.68195033 799 118 826 151
person 0.6809615 1037 258 1074 311
person 0.67363876 988 120 1007 144
person 0.67201406 588 107 608 132
person 0.6717217 832 107 851 135
person 0.67154413 779 217 811 256
person 0.6706687 377 119 397 146
person 0.6644658 926 95 944 116
person 0.6630976 787 70 804 91
person 0.66077024 946 240 985 291
person 0.65981424 977 157 1003 192
person 0.6548854 505 89 525 116
person 0.6534522 826 84 844 106
person 0.6477373 419 140 447 171
person 0.64564544 860 214 892 255
person 0.6446092 797 66 815 87
person 0.6418279 735 155 763 188
person 0.64071995 852 82 870 104
person 0.63780165 404 110 423 135
person 0.6376702 890 121 910 149
person 0.6361463 299 127 320 152
person 0.6322469 1112 175 1137 210
person 0.6307841 947 142 973 174
person 0.6290584 248 150 274 182
person 0.62628627 691 103 712 129
person 0.6219145 1176 197 1201 234
person 0.6215333 351 109 370 133
person 0.60271853 449 128 470 154
person 0.60266435 212 155 233 183
person 0.59779555 1066 214 1094 255
person 0.58158183 564 88 583 110
person 0.58087605 724 78 742 100
person 0.5695086 651 88 671 111
person 0.56808424 1148 260 1176 302
person 0.5677728 351 127 371 153
person 0.55857307 895 101 914 122
person 0.5569877 741 103 761 129
person 0.54900235 69 290 127 357
person 0.53660196 1179 174 1197 202
person 0.53265303 1086 140 1105 166
person 0.5304765 867 148 893 180
person 0.52525663 1074 150 1093 179
person 0.48968098 718 96 737 120
person 0.4703416 1195 142 1213 168
person 0.4306597 550 128 572 156
person 0.39812678 735 96 758 124
person 0.35065803 422 101 441 122
person 0.3424611 1048 123 1066 145
person 0.3068567 1177 159 1196 186
person 0.22749375 874 115 895 141
person 0.17985938 507 91 538 125
person 0.17293194 759 83 780 107
person 0.154574 1202 141 1211 171
person 0.13871059 346 112 373 143
person 0.13556813 715 104 736 129
person 0.1342966 1051 173 1072 202
person 0.10299595 1043 131 1063 155
person 0.094886236 934 96 952 116
person 0.08646931 1069 144 1089 171
person 0.08630647 977 104 995 129
person 0.07857239 1079 376 1115 433
person 0.06479594 579 73 607 102
person 0.0558478 804 89 825 113
person 0.04330755 584 85 605 109
person 0.03925383 851 107 873 134
person 0.03704316 717 71 745 101
person 0.03485644 615 110 639 135
person 0.03372192 320 136 342 162
person 0.033131193 745 61 772 92
person 0.032095227 821 62 849 94
person 0.031123888 1164 177 1183 204
person 0.029202271 1215 176 1223 213
person 0.028142959 557 119 582 147
person 0.022539157 872 101 892 123
person 0.022479864 379 134 410 167
person 0.021511959 549 118 572 146
person 0.021156235 489 108 511 134
person 0.020896003 1130 323 1160 366
person 0.01693382 923 113 945 140
person 0.01666118 990 130 1011 155
person 0.015933381 486 150 523 186
person 0.015906183 574 77 593 97
person 0.015712127 1207 180 1224 208
person 0.014876307 1199 157 1218 186
person 0.013686611 379 126 400 153
person 0.01286235 580 133 603 158
person 0.012390716 1159 160 1179 190
person 0.012335181 412 101 430 122
person 0.011532329 1209 148 1218 190
person 0.010902302 737 87 753 117
person 0.010266334 1217 197 1223 239
