person 0.7501528 814 148 840 179
person 0.7437882 754 153 782 185
person 0.72668153 791 74 806 95
person 0.72198474 687 135 713 164
person 0.7217345 504 172 533 205
person 0.7131745 725 82 742 104
person 0.7074422 757 79 773 100
person 0.6993758 799 53 813 71
person 0.6921484 424 98 439 117
person 0.6866303 612 84 629 104
person 0.6764371 848 97 866 121
person 0.67515063 589 80 605 99
person 0.67458266 772 86 789 109
person 0.67397594 902 96 919 120
person 0.668987 864 67 878 86
person 0.65735304 228 191 271 254
person 0.6517314 597 58 612 75
person 0.6509555 773 33 787 51
person 0.6410492 926 120 948 149
person 0.63257045 278 110 301 139
person 0.6267211 477 101 493 121
person 0.6257261 656 133 683 162
person 0.6251986 748 35 762 53
person 0.6005206 162 242 216 313
person 0.5992583 739 46 753 66
person 0.58960795 675 60 693 83
person 0.58770454 344 154 369 182
person 0.58180153 538 93 554 113
person 0.5805334 559 73 575 93
person 0.5665991 509 85 525 104
person 0.5650091 500 107 517 129
person 0.546495 801 91 818 113
person 0.52857846 444 152 471 181
person 0.52250093 466 123 484 147
person 0.5189517 438 122 456 146
person 0.5185417 564 108 588 133
person 0.5114424 362 141 388 168
person 0.46988174 510 70 525 85
person 0.44050875 485 82 502 100
person 0.35199055 478 82 493 99
person 0.12317377 657 97 686 127
person 0.11565709 428 115 455 144
person 0.09227123 558 78 584 105
person 0.028365973 512 72 522 83
person 0.025592929 504 80 530 105
person 0.025373828 804 92 827 119
person 0.022334123 562 70 577 86
person 0.02152158 445 141 465 166
person 0.02138934 532 85 548 104
person 0.021192526 487 80 500 93
person 0.020448817 514 174 543 205
person 0.020343632 428 137 456 165
person 0.017469712 805 86 823 108
person 0.016466206 497 157 528 188
person 0.014036697 656 85 675 103
person 0.013898726 775 36 784 47
person 0.0136066275 751 37 759 49
person 0.013462594 454 171 485 203
person 0.011525302 289 139 308 160
person 0.010067236 579 140 610 169
