person 0.6285467 463 149 495 185
person 0.61962295 335 136 368 171
person 0.57447577 407 125 439 159
person 0.56810856 230 167 262 205
person 0.5676601 289 161 323 201
person 0.48954648 1177 193 1193 222
person 0.48675245 288 141 311 168
person 0.37562624 181 198 212 237
person 0.36820886 206 161 237 198
person 0.29711536 1170 228 1189 259
person 0.21782626 355 179 390 215
person 0.20521857 1162 275 1188 314
person 0.20373355 256 219 291 258
person 0.18226686 308 131 330 158
person 0.17921579 1182 165 1199 192
person 0.175088 187 178 209 208
person 0.16293563 310 206 350 250
person 0.1582041 782 36 794 56
person 0.15296207 282 450 312 488
person 0.14926906 759 120 778 143
person 0.14502779 754 36 766 55
person 0.119843006 279 130 321 179
person 0.11599166 411 123 435 147
person 0.1143597 346 114 369 139
person 0.11421319 1191 165 1207 191
person 0.111573994 408 156 446 192
person 0.10898803 345 86 366 108
person 0.105822586 367 200 403 236
person 0.098064095 802 118 822 142
person 0.09485732 841 108 859 131
person 0.094139144 848 113 867 137
person 0.09331922 317 184 345 212
person 0.092429675 465 145 489 171
person 0.091281526 339 71 371 107
person 0.090899765 176 182 206 219
person 0.09070441 86 201 117 240
person 0.09018699 1260 738 1271 819
person 0.08999446 97 158 117 183
person 0.08815434 430 154 457 184
person 0.08421603 759 140 779 166
person 0.08400368 218 113 250 149
person 0.08394486 658 38 677 61
person 0.082440026 437 143 461 168
person 0.082136355 -8 309 29 392
person 0.08096534 1181 143 1197 166
person 0.08047627 204 440 242 477
person 0.0802008 1259 695 1269 779
person 0.080041386 256 488 291 529
person 0.08000308 802 127 821 151
person 0.07951376 232 263 266 301
person 0.07944711 1122 164 1139 189
person 0.079159334 283 158 333 230
person 0.079064466 94 155 123 191
person 0.0784551 475 153 511 189
person 0.07838755 52 600 118 725
person 0.077814706 194 270 228 308
person 0.07536369 712 136 731 161
person 0.074613504 400 129 424 156
person 0.074479125 744 66 763 87
person 0.0734973 1181 202 1190 219
person 0.07203507 376 512 415 572
person 0.071929984 242 111 277 149
person 0.071607664 751 62 771 83
person 0.06987295 335 151 361 180
person 0.06683944 48 589 71 621
person 0.06440057 365 133 390 158
person 0.064200185 830 84 850 105
person 0.060918514 297 191 353 258
person 0.06006751 190 518 247 572
person 0.058404613 1185 165 1196 184
person 0.058243636 747 67 759 83
person 0.05778166 565 564 584 596
person 0.057200875 718 113 737 137
person 0.057198215 570 41 588 61
person 0.056559034 366 399 393 436
person 0.055414885 1170 597 1223 744
person 0.054909218 -5 -278 11 -249
person 0.053562805 315 164 341 192
person 0.053145144 144 421 177 451
person 0.052966703 721 41 738 62
person 0.052549727 469 252 554 338
person 0.05185191 1184 145 1194 160
person 0.051467534 0 413 62 522
person 0.051114913 745 42 763 63
person 0.050826263 384 527 424 588
person 0.050761834 296 490 329 527
person 0.05069885 1180 192 1190 213
person 0.050620116 615 71 635 93
person 0.050271057 289 469 315 501
person 0.0493558 860 95 880 116
person 0.049195603 454 135 500 184
person 0.04888184 160 192 217 261
person 0.048817378 747 44 759 59
person 0.04862581 1259 -275 1271 -218
person 0.048569106 0 131 7 165
person 0.048493978 -4 -267 23 -154
person 0.048301708 -1 -281 7 -248
person 0.04798406 1264 156 1271 189
person 0.04775199 88 427 112 457
person 0.047718786 268 164 291 192
person 0.047576196 361 452 390 490
person 0.047277056 1176 824 1206 937
person 0.047255464 358 118 382 141
person 0.047113337 -5 -277 10 -269
person 0.04685088 -12 389 82 552
person 0.046789568 1194 167 1204 183
person 0.046763904 758 84 778 106
person 0.04648738 606 13 624 35
person 0.046369385 370 194 416 245
person 0.046134748 1257 211 1271 259
person 0.045206286 1264 179 1271 213
person 0.04511226 263 485 288 513
person 0.04509683 222 146 275 221
person 0.044939246 1133 117 1152 139
person 0.044799518 272 142 295 167
person 0.0445885 1169 257 1190 288
person 0.044062845 116 419 143 448
person 0.04396335 779 66 799 87
person 0.043646473 454 67 483 101
person 0.043375056 188 205 271 294
person 0.04309959 1264 132 1271 165
person 0.04303002 597 16 615 38
person 0.04298424 360 62 382 83
person 0.042906456 -4 -182 19 -45
person 0.04262572 45 575 66 606
person 0.04246979 105 136 124 159
person 0.042266153 1157 229 1177 259
person 0.042238716 619 89 639 111
person 0.04216758 137 401 161 427
person 0.04203542 1246 -165 1277 -67
person 0.041819293 235 -2 263 39
person 0.041736245 805 86 826 107
person 0.041554566 362 166 387 192
person 0.041469276 346 500 383 546
person 0.0411394 120 473 224 657
person 0.041021533 662 39 672 56
person 0.040999673 69 -90 100 21
person 0.04097453 1136 324 1183 398
person 0.040905274 1118 183 1137 212
person 0.040433235 1016 205 1045 243
person 0.04041348 584 214 622 252
person 0.040379163 296 -96 349 62
person 0.040339146 446 49 465 68
person 0.040308155 494 68 524 102
person 0.04024345 1000 158 1029 194
person 0.040140007 729 113 750 135
person 0.040086277 116 161 134 184
person 0.039950278 130 514 177 568
person 0.039694767 1264 203 1271 239
person 0.0395602 1131 133 1150 158
person 0.039540082 585 163 620 199
person 0.039414898 929 163 959 199
person 0.039323412 1114 165 1142 200
person 0.039294988 886 85 906 106
person 0.039105605 1154 211 1174 239
person 0.039102957 151 105 184 142
person 0.03901492 724 44 734 58
person 0.03894728 -5 133 11 162
person 0.038833275 541 161 578 196
person 0.03877732 395 70 427 104
person 0.038703594 833 86 847 99
person 0.03848656 1260 791 1271 860
person 0.038382836 1150 216 1178 254
person 0.038382076 827 160 859 197
person 0.03831369 294 65 327 100
person 0.03823213 425 248 509 333
person 0.038134243 655 31 679 72
person 0.038098983 1207 176 1223 204
person 0.03799564 752 152 783 189
person 0.037953302 1145 115 1159 135
person 0.037807893 341 61 364 82
person 0.0376949 348 88 361 102
person 0.037673973 224 208 247 237
person 0.037515283 1258 260 1271 309
person 0.037509765 1002 90 1022 111
person 0.037483785 319 200 350 226
person 0.037319034 1260 637 1269 736
person 0.037265465 192 238 216 263
person 0.037226915 314 120 337 142
person 0.037179794 242 134 266 160
person 0.037148483 -24 292 58 449
person 0.03704236 -21 478 53 648
person 0.036929987 1264 107 1271 140
person 0.036899712 1244 -252 1277 -162
person 0.036695633 881 161 912 197
person 0.03642008 313 132 325 154
person 0.03633769 128 445 154 472
person 0.036067627 1153 184 1173 213
person 0.0359765 789 114 810 137
person 0.03583467 551 115 585 147
person 0.03582253 789 85 810 107
person 0.035698283 1081 458 1167 668
person 0.035448156 1259 -231 1271 -166
person 0.03540118 1256 167 1270 212
person 0.035341218 459 183 483 209
person 0.035318505 806 164 836 199
person 0.035272475 911 91 931 112
person 0.03514761 1049 160 1077 195
person 0.035091847 345 142 359 165
person 0.034997076 1162 219 1195 275
person 0.03496103 573 43 583 58
person 0.034886032 63 58 90 96
person 0.03476418 931 85 951 105
person 0.03475224 175 294 266 383
person 0.03457298 1153 135 1173 159
person 0.034450058 648 164 681 200
person 0.034361903 0 -284 10 -221
person 0.034194037 -1 171 11 222
person 0.034006733 1160 235 1202 316
person 0.033998284 -5 275 11 308
person 0.03396265 1104 110 1124 132
person 0.033664573 98 114 129 152
person 0.03365883 97 334 189 422
person 0.033626784 693 156 727 193
person 0.03354004 708 86 729 108
person 0.03352025 427 280 512 369
person 0.033462934 731 84 752 106
person 0.033298414 33 564 50 597
person 0.03320636 298 64 318 85
person 0.03304426 1092 207 1121 246
person 0.033042014 -5 302 11 334
person 0.032932267 263 183 288 211
person 0.03287106 296 117 320 142
person 0.032843772 161 434 189 457
person 0.03283127 1154 161 1173 188
person 0.032767974 612 72 641 106
person 0.03273756 53 -278 72 -259
person 0.03255673 78 394 204 568
person 0.032503713 99 430 184 525
person 0.032482658 640 116 672 149
person 0.032451037 174 158 196 183
person 0.032450303 730 135 751 160
person 0.032415595 361 85 383 107
person 0.0323404 1158 282 1179 314
person 0.032272343 694 37 712 60
person 0.03223209 103 55 132 94
person 0.032206487 595 113 629 147
person 0.03217675 1136 119 1148 133
person 0.032166492 1108 185 1127 214
person 0.032117985 1264 227 1271 263
person 0.03208924 30 -278 46 -270
person 0.031983342 192 179 206 204
person 0.03181395 1260 834 1271 910
person 0.03179431 31 190 50 220
person 0.031790975 794 68 823 104
person 0.03176736 1206 217 1224 244
person 0.03173868 716 70 736 91
person 0.03171967 1259 158 1275 188
person 0.031570964 1245 -71 1276 28
person 0.031547632 389 158 414 183
person 0.031501614 498 130 532 162
person 0.03147942 197 535 249 592
person 0.03146665 833 72 853 92
person 0.031404752 1069 154 1088 181
person 0.03139123 0 290 10 370
person 0.031364866 1206 226 1223 255
person 0.031292956 242 517 270 543
person 0.031106401 438 123 508 229
person 0.031034322 619 73 631 88
person 0.030972566 240 112 262 135
person 0.030940002 30 -278 49 -259
person 0.030903976 937 851 965 926
person 0.030732026 326 321 414 407
person 0.03066337 550 72 581 107
person 0.030640751 1181 -259 1198 -210
person 0.030631484 862 97 876 111
person 0.030606432 1257 -278 1271 -269
person 0.030537268 265 210 291 236
person 0.030485863 687 90 708 111
person 0.030461278 247 420 273 447
person 0.030435467 17 197 43 235
person 0.030408386 1077 138 1097 163
person 0.030406961 225 129 247 155
person 0.03024765 888 851 916 926
person 0.030142557 225 -10 268 78
person 0.03010525 1101 169 1129 204
person 0.030055827 212 624 238 648
person 0.029957008 122 404 153 436
person 0.029832043 845 106 864 142
person 0.0298239 1030 134 1050 159
person 0.029763887 1259 181 1275 212
person 0.029741311 0 54 11 110
person 0.029740995 453 246 575 413
person 0.02962166 493 206 529 244
person 0.029574227 192 410 218 433
person 0.029381456 1010 144 1029 169
person 0.029351428 363 509 437 605
person 0.029283319 598 7 623 52
person 0.0292818 1256 -279 1274 -252
person 0.029167265 1168 180 1200 234
person 0.029031247 981 89 1001 109
person 0.028915867 759 342 832 438
person 0.028852781 215 167 228 192
person 0.028849756 153 471 273 649
person 0.028839188 1004 91 1018 105
person 0.028832728 749 68 776 103
person 0.028815523 101 -72 137 33
person 0.028765563 1096 132 1115 156
person 0.028743384 136 510 212 625
person 0.028704526 299 88 321 110
person 0.028655471 310 91 332 112
person 0.028536323 853 130 874 156
person 0.028430315 1259 134 1275 163
person 0.028378317 -11 682 37 836
person 0.028307704 1030 87 1050 108
person 0.028189255 101 160 113 176
person 0.028164648 -5 372 14 406
person 0.028157998 1079 109 1098 131
person 0.028154593 986 851 1014 926
person 0.02811854 0 364 9 411
person 0.028112167 242 211 265 237
person 0.028098239 -1 324 21 404
person 0.028097657 416 128 430 153
person 0.02807869 136 453 166 481
person 0.028043378 1002 135 1031 168
person 0.028019153 600 18 611 34
person 0.02798485 1029 -277 1043 -268
person 0.027932964 160 450 208 504
person 0.027878584 1035 851 1063 926
person 0.027871657 0 298 6 339
person 0.027870625 1004 -277 1019 -268
person 0.027835788 333 66 377 120
person 0.02771979 1259 206 1275 237
person 0.027678335 763 121 774 136
person 0.02766802 858 -277 872 -268
person 0.027626306 980 -277 995 -268
person 0.027574856 1052 88 1073 108
person 0.027482744 882 -277 897 -268
person 0.027470421 955 -277 970 -268
person 0.02742671 833 -277 848 -268
person 0.027376996 907 -277 921 -268
person 0.027365662 931 -277 946 -268
person 0.027197579 292 142 307 157
person 0.027162666 897 121 927 154
person 0.027135659 1078 92 1098 112
person 0.027135015 151 107 173 131
person 0.027094278 364 63 379 78
person 0.027089844 1098 -269 1118 -206
person 0.02704967 956 86 976 107
person 0.027017185 563 109 585 130
person 0.02700578 705 71 734 106
person 0.026998265 53 -278 70 -270
person 0.026988106 1259 229 1275 261
person 0.02696361 492 -112 543 66
person 0.026961885 1053 -277 1068 -268
person 0.026935102 566 28 589 71
person 0.026923688 173 234 198 261
person 0.026800891 995 205 1026 244
person 0.026743665 1264 82 1271 114
person 0.026737677 1132 -263 1150 -208
person 0.026708711 761 86 775 101
person 0.026703812 535 111 557 132
person 0.026578946 1105 164 1124 191
person 0.026559431 906 108 926 131
person 0.026551882 1004 108 1024 131
person 0.026516045 809 -277 824 -269
person 0.02648111 -1 271 6 311
person 0.026353493 844 111 855 125
person 0.026312731 335 43 357 62
person 0.026295492 225 115 248 140
person 0.026278278 1144 315 1176 362
person 0.026235916 443 200 480 237
person 0.026214266 810 68 830 89
person 0.026205856 -5 174 18 215
person 0.026193935 186 497 214 522
person 0.026174821 940 205 972 244
person 0.026107844 686 110 707 132
person 0.026096182 484 142 506 166
person 0.025967143 170 453 202 482
person 0.025966588 78 601 103 632
person 0.02590866 839 851 867 927
person 0.02565395 485 187 507 213
person 0.025647491 1055 110 1075 132
person 0.02564404 852 114 864 129
person 0.025571091 176 405 201 430
person 0.02553659 301 65 314 80
person 0.025535319 -1 156 6 190
person 0.025506789 610 15 620 31
person 0.025399424 1156 137 1170 152
person 0.025353065 1032 89 1047 103
person 0.025288522 1152 270 1187 327
person 0.025272701 1055 90 1069 103
person 0.025263513 1256 116 1270 161
person 0.025234519 808 87 824 101
person 0.025167082 583 112 604 133
person 0.025133826 590 726 612 807
person 0.025124008 -6 187 10 216
person 0.025033271 984 113 1004 136
person 0.025025714 809 -278 826 -252
person 0.02493262 1029 -278 1046 -251
person 0.024932202 834 -278 850 -251
person 0.024921706 1259 303 1271 359
person 0.024913691 1175 136 1201 170
person 0.024845202 174 415 260 501
person 0.024830341 710 156 732 183
person 0.024812566 1114 474 1135 506
person 0.024812002 622 91 635 106
person 0.024796188 382 594 411 621
person 0.024748186 1005 -279 1021 -251
person 0.024713932 858 -279 875 -251
person 0.02470136 513 162 536 188
person 0.024693452 366 467 389 497
person 0.024610959 906 137 926 163
person 0.024604801 711 88 726 102
person 0.024604676 392 122 415 144
person 0.024599502 840 84 869 120
person 0.024555989 784 132 806 157
person 0.024479974 883 -279 899 -251
person 0.024468668 1008 153 1028 182
person 0.024461761 246 415 268 437
person 0.024458034 980 -279 997 -251
person 0.024452465 348 479 451 655
person 0.024431199 785 -278 802 -253
person 0.024416808 169 134 191 159
person 0.024412215 499 454 524 495
person 0.024409266 1054 -278 1070 -252
person 0.024403302 149 550 200 607
person 0.024374465 -1 263 9 320
person 0.024331192 1095 870 1130 978
person 0.024329029 1123 206 1143 235
person 0.024322635 163 105 184 128
person 0.024316153 956 -279 972 -251
person 0.024302782 907 -279 924 -251
person 0.024249766 344 181 372 206
person 0.024243204 1033 114 1053 137
person 0.024234567 889 88 902 101
person 0.024230124 932 -279 948 -251
person 0.024194598 628 43 649 66
person 0.024154963 1077 -277 1092 -269
person 0.024150085 264 163 381 326
person 0.02399275 -5 507 27 617
person 0.023988469 88 152 128 206
person 0.023942532 0 653 7 782
person 0.0238928 1081 95 1095 108
person 0.023879597 880 110 900 133
person 0.023864292 784 -277 800 -269
person 0.023804847 339 45 353 59
person 0.023782054 945 124 975 157
person 0.0237601 144 120 195 196
person 0.02374907 1168 294 1197 335
person 0.023739705 1259 -182 1271 -117
person 0.023721397 957 140 977 166
person 0.023713028 734 85 749 100
person 0.023553409 885 206 918 246
person 0.023545275 -1 184 5 220
person 0.023493465 0 701 9 817
person 0.02340172 1260 109 1275 138
person 0.023336198 198 421 228 446
person 0.02333335 46 -4 83 89
person 0.023328759 259 119 360 268
person 0.023299772 -6 261 11 292
person 0.023287097 449 51 460 65
person 0.023260888 655 162 677 189
person 0.02325257 722 113 769 189
person 0.023248177 61 169 95 209
person 0.02320691 150 380 279 553
person 0.023205584 105 271 138 312
person 0.023190469 250 64 283 102
person 0.023177706 7 192 49 271
person 0.023153275 110 -7 151 84
person 0.023143345 829 134 851 160
person 0.023119688 791 850 818 927
person 0.023111172 1220 -278 1237 -270
person 0.02308292 0 -266 9 -174
person 0.02307015 307 -263 341 -168
person 0.023012599 665 92 686 112
person 0.022982242 472 153 486 178
person 0.022976642 983 90 998 104
person 0.022947272 823 205 857 244
person 0.022869777 152 270 287 431
person 0.022716984 197 524 231 548
person 0.022676433 893 198 940 268
person 0.022662763 1077 -278 1094 -253
person 0.022627635 277 454 303 484
person 0.022596039 759 -278 777 -254
person 0.022582147 1053 139 1073 163
person 0.022574956 -6 158 10 188
person 0.02257113 607 42 630 65
person 0.022529423 639 116 660 138
person 0.02252762 1034 125 1064 158
person 0.022523148 1174 231 1184 250
person 0.02251507 -4 421 15 453
person 0.022495538 991 881 1028 989
person 0.022480058 262 386 283 408
person 0.022439329 504 -260 536 -160
person 0.022424709 518 115 569 192
person 0.022380004 1182 850 1205 912
person 0.022314886 56 612 78 646
person 0.02229609 104 121 126 145
person 0.022241011 836 75 850 88
person 0.022237217 1134 135 1146 150
person 0.022205703 1125 166 1135 181
person 0.022192067 1107 90 1126 110
person 0.022186494 1264 251 1271 287
person 0.022166083 245 307 260 322
person 0.022100456 644 64 674 100
person 0.022095622 702 330 782 426
person 0.022055944 1084 851 1111 926
person 0.021993997 934 87 948 101
person 0.021984566 693 850 720 928
person 0.02192956 108 138 120 153
person 0.021840792 1054 178 1074 207
person 0.02182227 118 863 154 983
person 0.02181944 664 68 684 90
person 0.021792877 1181 114 1195 134
person 0.021764101 0 391 8 428
person 0.021749983 384 506 407 534
person 0.021744037 465 115 489 139
person 0.021723324 936 73 955 93
person 0.02171862 350 558 395 616
person 0.021709472 136 410 182 463
person 0.021629775 268 435 292 460
person 0.021610523 1259 254 1275 286
person 0.021599678 639 91 660 112
person 0.021586709 367 347 394 383
person 0.021571415 1025 153 1045 181
person 0.02154257 932 111 953 133
person 0.021539167 314 257 334 271
person 0.021491503 913 93 928 106
person 0.021469304 1031 905 1057 989
person 0.021422142 37 94 80 176
person 0.021368908 496 731 513 798
person 0.021334393 957 111 977 134
person 0.021323197 1107 112 1121 126
person 0.021304645 0 127 12 176
person 0.021268403 168 178 292 337
person 0.021218218 546 734 562 801
person 0.021207724 0 2 6 43
person 0.021187743 982 905 1008 989
person 0.0211733 66 615 90 646
person 0.02113144 638 205 675 242
person 0.021119533 363 550 469 744
person 0.02103661 154 109 168 126
person 0.021007344 566 95 587 116
person 0.020984618 -6 801 17 948
person 0.020977473 351 851 378 927
person 0.020962214 806 111 851 187
person 0.020957185 67 844 90 925
person 0.020955196 412 -262 444 -165
person 0.0209489 -4 394 12 425
person 0.020913009 73 302 219 458
person 0.020886585 1110 93 1123 106
person 0.02087771 1259 -134 1271 -69
person 0.02087191 1080 905 1106 989
person 0.02082939 656 185 678 213
person 0.020821247 812 161 834 188
person 0.020799745 1179 -220 1201 -163
person 0.020775203 595 850 622 928
person 0.020741018 759 -278 775 -269
person 0.02073453 382 517 412 545
person 0.020725422 1180 -169 1200 -113
person 0.020714497 1001 204 1048 276
person 0.020710884 1260 -43 1272 16
person 0.02070208 735 -278 753 -255
person 0.020633787 1264 57 1271 90
person 0.020590065 791 87 806 102
person 0.02057541 1220 -278 1239 -259
person 0.02052818 404 255 531 419
person 0.020525109 799 205 832 244
person 0.020501163 732 115 748 129
person 0.02044271 1154 255 1174 284
person 0.020429438 933 905 959 989
person 0.020375356 75 578 98 605
person 0.020369846 401 710 414 726
person 0.020363891 1259 957 1267 1011
person 0.020347467 209 876 248 987
person 0.020320743 448 850 476 927
person 0.020319493 240 305 264 325
person 0.020278698 691 -261 722 -162
person 0.020276694 367 49 389 68
person 0.020274818 690 92 705 106
person 0.020269712 1264 663 1271 708
person 0.020247795 1011 72 1024 86
person 0.020237628 644 850 671 928
person 0.02020305 206 542 242 566
person 0.020179553 742 849 769 927
person 0.020163802 805 117 819 132
person 0.02013493 612 111 633 132
person 0.020050546 489 280 546 352
person 0.020033568 512 -61 587 155
person 0.020033447 1124 231 1145 261
person 0.020022986 72 198 114 255
person 0.02001409 188 479 217 503
person 0.02000655 110 470 138 497
person 0.019988332 685 71 705 92
person 0.019976504 1101 -278 1119 -254
person 0.019968292 21 429 53 502
person 0.01996735 1101 -278 1117 -269
person 0.019949172 119 213 142 240
person 0.019908732 721 115 733 129
person 0.019903043 981 133 1001 158
person 0.019885411 682 135 704 159
person 0.01986557 1263 33 1271 67
person 0.019857114 598 -262 630 -163
person 0.019850072 348 116 365 130
person 0.019840864 543 93 564 114
person 0.019820247 546 850 574 928
person 0.019810963 90 -86 144 56
person 0.019807968 662 112 683 133
person 0.019806895 678 301 805 470
person 0.01976676 1103 205 1123 234
person 0.01973236 884 904 910 989
person 0.019714028 607 101 654 177
person 0.019708062 210 168 222 191
person 0.019692976 1126 93 1145 114
person 0.019682687 1079 669 1098 705
person 0.019635012 497 850 525 927
person 0.0196015 579 217 628 271
person 0.019594433 174 508 259 602
person 0.019520197 801 212 851 282
person 0.019514326 1008 69 1027 89
person 0.019499784 1143 448 1162 478
person 0.019473575 1128 194 1174 268
person 0.019456798 303 249 342 291
person 0.019439243 1036 -271 1064 -207
person 0.019388046 -4 324 13 356
person 0.019378567 381 540 422 571
person 0.019252932 515 140 538 163
person 0.01923082 212 60 245 99
person 0.019226205 584 -124 632 60
person 0.019208483 958 70 977 90
person 0.019199165 302 851 329 927
person 0.019183667 1082 252 1115 294
person 0.019140474 400 851 427 927
person 0.019128565 164 582 283 746
person 0.019122507 405 -50 487 160
person 0.019117763 836 904 862 989
person 0.019079017 19 377 36 410
person 0.019075438 537 133 559 156
person 0.01900627 740 206 776 246
person 0.018994438 216 -261 251 -169
person 0.018984057 371 52 385 65
person 0.018938687 193 105 306 272
person 0.01891189 77 162 99 187
person 0.01888804 -4 346 14 377
person 0.018866068 911 119 956 194
person 0.018857094 144 203 166 230
person 0.018765526 1264 641 1271 682
person 0.018705722 212 -22 275 103
person 0.018699879 1235 8 1270 103
person 0.018678876 1133 853 1157 915
person 0.018655512 201 905 227 989
person 0.018645449 782 159 804 186
person 0.018642705 249 905 275 989
person 0.018639168 298 904 324 989
person 0.018625777 729 158 751 185
person 0.018602548 787 904 813 989
person 0.018596683 1024 232 1045 262
person 0.018577741 568 203 648 292
person 0.01856815 561 134 583 156
person 0.018566266 347 904 373 989
person 0.018565703 1003 183 1024 212
person 0.018529182 952 158 973 187
person 0.018499823 186 204 198 231
person 0.018488014 959 88 973 102
person 0.018476818 929 161 950 190
person 0.018449616 437 179 462 204
person 0.018397322 66 550 87 576
person 0.018379254 1129 97 1142 110
person 0.018376436 396 904 422 989
person 0.018372111 1051 865 1075 947
person 0.018363066 651 -269 670 -209
person 0.018353058 710 -278 729 -256
person 0.018324481 1264 687 1270 732
person 0.018307215 745 30 770 70
person 0.018289873 930 135 951 160
person 0.018283205 587 212 610 240
person 0.018268075 269 110 292 133
person 0.01825204 738 904 764 989
person 0.01823439 113 828 148 950
person 0.018169854 442 -106 494 72
person 0.01816367 129 115 144 131
person 0.018144239 0 416 10 456
person 0.018137267 68 112 97 148
person 0.018131884 312 481 336 510
person 0.018131685 536 161 559 187
person 0.018122783 445 904 471 989
person 0.018117158 983 70 1002 90
person 0.018079309 580 45 600 67
person 0.018075043 354 715 364 748
person 0.018061863 297 290 436 447
person 0.018045789 1075 184 1095 212
person 0.01803726 737 504 750 538
person 0.018031007 102 -177 135 -65
person 0.018026864 20 422 40 454
person 0.017991867 1197 867 1232 981
person 0.017982379 689 206 725 244
person 0.017947122 689 904 715 989
person 0.017940005 92 442 120 473
person 0.017922597 1035 72 1048 86
person 0.017902736 439 121 463 144
person 0.017898258 1198 -278 1218 -259
person 0.01787826 494 904 520 990
person 0.017868284 1184 -120 1199 -68
person 0.017843632 150 36 177 76
person 0.017842146 242 167 256 191
person 0.01783044 288 203 317 226
person 0.0178297 1009 494 1031 527
person 0.01782711 1002 865 1026 947
person 0.017803289 453 700 463 717
person 0.01778822 89 203 110 229
person 0.017783612 667 71 680 86
person 0.017749604 640 904 666 989
person 0.017723635 542 904 568 990
person 0.0177099 0 -244 6 -196
person 0.017701028 1095 121 1123 155
person 0.01767632 1256 70 1270 116
person 0.017667752 1127 122 1154 155
person 0.017657122 909 66 928 86
person 0.017647786 584 227 610 256
person 0.017644629 0 -269 6 -222
person 0.01764329 591 904 617 989
person 0.017633457 0 857 15 957
person 0.017631633 1081 111 1095 125
person 0.017613323 152 905 178 990
person 0.017580522 374 741 385 774
person 0.017563254 304 882 343 991
person 0.017547633 926 795 949 853
person 0.017543057 407 550 437 576
person 0.017534412 293 -44 382 154
person 0.017513847 1263 7 1271 45
person 0.017498363 404 723 412 742
person 0.01746999 404 718 414 748
person 0.017434126 953 864 977 947
person 0.017430564 587 96 608 116
person 0.017408717 352 735 371 798
person 0.01736633 735 -278 751 -269
person 0.017359097 642 728 657 808
person 0.01733551 1099 865 1123 947
person 0.017333088 126 113 148 136
person 0.017329425 144 134 165 156
person 0.017292857 856 71 876 91
person 0.017292809 1194 141 1212 166
person 0.017291464 253 850 281 927
person 0.017273631 25 541 43 575
person 0.017229928 661 135 683 158
person 0.017221926 1101 231 1122 260
person 0.017195048 954 208 975 238
person 0.017167678 779 501 790 533
person 0.017155848 1129 905 1155 990
person 0.017152987 879 136 900 162
person 0.017151942 828 208 850 237
person 0.017149996 1156 162 1170 179
person 0.017142443 -1 257 6 294
person 0.017113376 421 93 524 267
person 0.017111098 835 -171 863 -109
person 0.017105822 886 69 905 89
person 0.01708021 710 202 764 271
person 0.017073743 295 566 343 621
person 0.017051455 1252 739 1273 820
person 0.017044941 602 -269 620 -209
person 0.017036524 637 71 658 93
person 0.017007554 788 -278 820 -183
person 0.016998969 549 205 586 242
person 0.016993193 398 736 417 799
person 0.016992182 215 642 246 666
person 0.016990501 131 172 242 333
person 0.016989753 344 138 360 156
person 0.016981376 1263 926 1270 979
person 0.016974423 635 132 657 156
person 0.016938329 890 883 928 994
person 0.016919838 1028 183 1049 212
person 0.016893731 1125 -278 1143 -256
person 0.016893668 812 184 834 212
person 0.016883748 209 433 238 459
person 0.01687888 684 158 706 185
person 0.016853854 741 -272 759 -209
person 0.016845783 167 466 200 495
person 0.016802402 0 951 10 1007
person 0.016793417 878 162 899 190
person 0.01678845 165 -271 183 -212
person 0.016742505 225 605 244 617
person 0.016718172 318 430 408 512
person 0.016691731 686 -278 705 -256
person 0.016681349 702 -270 720 -208
person 0.016680175 123 140 144 161
person 0.016676445 586 134 608 157
person 0.016667174 375 722 386 755
person 0.016640255 503 107 575 214
person 0.01661156 287 439 309 464
person 0.01660549 905 158 926 187
person 0.01659163 1228 123 1266 210
person 0.016545106 668 95 683 108
person 0.016539078 904 864 928 947
person 0.016537108 1260 84 1275 113
person 0.016508974 151 97 176 120
person 0.016506588 54 904 81 990
person 0.016501015 384 617 421 643
person 0.016474865 209 530 239 554
person 0.01647406 1099 135 1112 149
person 0.016465403 559 161 581 186
person 0.016450945 0 6 9 73
person 0.016446717 1207 41 1224 66
person 0.016426252 1007 122 1051 198
person 0.016414015 1198 -278 1215 -270
person 0.01640895 -1 137 6 155
person 0.016400063 1261 863 1271 953
person 0.016388943 639 159 662 185
person 0.016380168 969 268 1002 313
person 0.016375605 986 73 999 87
person 0.016367873 785 520 799 556
person 0.01636121 172 501 204 524
person 0.016350448 1197 867 1220 951
person 0.016326338 424 707 436 722
person 0.01630449 217 174 231 199
person 0.01628241 1177 905 1203 989
person 0.016246354 825 185 847 213
person 0.016241774 1077 229 1098 259
person 0.016217321 1178 807 1200 861
person 0.016183872 123 -257 159 -161
person 0.016178468 418 724 428 746
person 0.016157094 1160 408 1170 424
person 0.016105527 -1 709 6 755
person 0.016105006 360 392 398 449
person 0.016070375 306 -58 338 10
person 0.016069923 944 71 972 105
person 0.016059643 793 882 830 995
person 0.016057292 1032 68 1051 89
person 0.016055068 34 593 53 626
person 0.016036315 1122 257 1143 287
person 0.016027877 355 447 395 504
person 0.016018042 102 397 128 427
person 0.016017757 497 18 523 61
person 0.01601237 1136 -225 1159 -160
person 0.015970577 1116 445 1135 476
person 0.015962701 523 23 533 38
person 0.01594921 491 629 516 659
person 0.015948702 0 805 10 904
person 0.015926251 223 -278 242 -255
person 0.015924636 518 118 540 140
person 0.015858946 199 -278 217 -255
person 0.015852233 487 60 509 81
person 0.015844967 447 734 464 799
person 0.015830385 1259 277 1275 310
person 0.015829206 714 35 738 74
person 0.015811075 642 94 657 108
person 0.015804457 892 75 921 110
person 0.015803047 248 -278 266 -255
person 0.015792467 806 132 817 145
person 0.015777266 397 316 409 334
person 0.015770745 739 314 853 469
person 0.015740974 983 181 1004 211
person 0.015728472 855 864 879 947
person 0.015716111 336 484 419 577
person 0.015697533 272 -278 290 -255
person 0.015675541 695 881 732 994
person 0.015663855 517 489 541 530
person 0.015662216 1260 -89 1271 -24
person 0.015659284 207 -170 241 -63
person 0.015642937 1004 230 1025 260
person 0.015638914 220 600 250 620
person 0.0156344 297 -278 315 -255
person 0.015631003 697 39 708 56
person 0.015596732 860 75 873 88
person 0.015591609 340 31 369 74
person 0.015582339 266 528 292 551
person 0.01557858 51 596 68 610
person 0.0155632 321 -278 339 -255
person 0.015561784 369 705 382 727
person 0.015540869 610 43 626 60
person 0.015531016 1151 95 1170 116
person 0.015524208 345 -278 364 -255
person 0.01550535 370 -278 388 -255
person 0.015500744 119 163 131 177
person 0.01549942 588 164 610 189
person 0.015498846 597 881 634 993
person 0.015496218 126 -266 140 -211
person 0.015492595 1058 112 1071 126
person 0.015476947 499 882 537 993
person 0.015475565 394 -278 413 -255
person 0.015462289 929 183 950 213
person 0.015454575 1250 308 1274 351
person 0.015445262 174 -278 193 -255
person 0.015441079 162 556 190 580
person 0.015436541 1263 274 1271 311
person 0.015430722 733 185 756 211
person 0.015423487 936 -268 964 -200
person 0.015420736 398 213 537 364
person 0.015409317 419 -278 437 -255
person 0.015399755 939 76 951 89
person 0.01538817 497 43 516 62
person 0.015384615 759 183 781 210
person 0.015343828 1127 751 1144 817
person 0.015333932 401 883 440 992
person 0.015326556 1125 -278 1141 -269
person 0.015310322 961 74 974 87
person 0.015307613 978 161 999 189
person 0.015303731 0 319 8 360
person 0.015302832 252 738 269 800
person 0.015288361 692 695 708 777
person 0.015286416 662 -278 681 -256
person 0.015279542 563 597 587 632
person 0.015269271 495 259 541 317
person 0.015264825 103 904 129 991
person 0.015245364 80 -265 93 -209
person 0.015243544 298 166 312 192
person 0.0152376415 1155 98 1167 112
person 0.01520762 237 237 265 261
person 0.015193272 387 574 420 598
person 0.015189507 1205 16 1223 42
person 0.015179808 780 31 796 70
person 0.015169347 443 -278 461 -255
person 0.015138119 587 183 611 212
person 0.015132789 886 -268 914 -200
person 0.015126544 93 182 118 208
person 0.015108354 683 187 705 214
person 0.015097629 97 -20 159 107
person 0.0150940055 115 493 151 521
person 0.015091618 1130 700 1145 777
person 0.01508575 114 185 137 211
person 0.015073825 1103 111 1145 187
person 0.015050247 1258 347 1270 410
person 0.015037642 963 728 971 747
person 0.01500111 608 161 630 187
person 0.015000445 999 75 1027 109
person 0.014975286 183 181 195 206
person 0.014941056 533 184 555 212
person 0.014939175 287 58 333 112
person 0.014930785 467 -278 486 -255
person 0.014922211 1264 618 1271 659
person 0.014919911 154 44 175 66
person 0.014914256 781 185 803 212
person 0.014911784 0 -221 6 -171
person 0.014876405 696 724 714 809
person 0.01485942 111 483 155 540
person 0.014851687 140 374 170 403
person 0.01484522 1259 623 1276 655
person 0.014819219 632 44 646 61
person 0.014806343 710 -278 726 -269
person 0.014802852 512 185 535 211
person 0.014758245 446 740 458 775
person 0.014738727 150 -278 168 -255
person 0.014737612 187 623 267 722
person 0.014733021 407 571 435 595
person 0.014722567 272 312 295 331
person 0.014717247 931 205 952 235
person 0.014709825 985 -269 1014 -201
person 0.014692716 167 250 201 288
person 0.014654859 594 71 616 93
person 0.0146246 219 358 248 381
person 0.014622869 143 363 171 390
person 0.014619152 1007 110 1021 125
person 0.014616914 77 -278 95 -258
person 0.014602167 952 183 973 213
person 0.014598059 703 602 772 834
person 0.014583819 984 737 1000 794
person 0.014566649 1042 391 1136 578
person 0.014550531 519 20 537 39
person 0.01453868 342 445 364 473
person 0.0145353265 1178 749 1197 817
person 0.014531441 445 35 471 75
person 0.014517538 445 261 484 304
person 0.014514282 79 379 101 410
person 0.014513139 492 -278 510 -255
person 0.014500627 966 285 1014 362
person 0.014500478 1098 256 1119 286
person 0.014495846 814 44 833 65
person 0.014495811 879 184 900 213
person 0.014480371 1167 289 1210 370
person 0.014466284 367 864 390 947
person 0.014454556 1263 163 1271 180
person 0.014448728 912 70 925 83
person 0.014446937 562 16 593 80
person 0.014442767 609 137 631 159
person 0.014433398 1122 281 1144 311
person 0.014415935 1074 259 1095 288
person 0.014412487 189 598 216 621
person 0.014404903 167 108 179 123
person 0.014385094 554 -270 571 -210
person 0.014383384 221 232 246 256
person 0.014362888 640 73 654 89
person 0.014357604 780 792 803 854
person 0.014348638 -4 -281 16 -198
person 0.014342455 1131 809 1155 864
person 0.014322758 806 864 830 947
person 0.014318795 809 207 831 236
person 0.014315523 813 522 825 557
person 0.014314177 208 -273 225 -213
person 0.014309045 586 114 601 127
person 0.014288192 146 74 177 114
person 0.01428427 878 794 901 852
person 0.014275411 979 209 999 238
person 0.01427162 705 184 728 211
person 0.014248313 638 -278 657 -256
person 0.01423791 123 -190 146 -110
person 0.014213129 1074 208 1094 237
person 0.014212428 247 486 273 509
person 0.014208306 125 -278 144 -256
person 0.014179942 952 230 973 260
person 0.014173004 740 741 752 772
person 0.014160001 134 593 171 618
person 0.014154164 436 609 461 631
person 0.014143042 0 758 10 855
person 0.014121431 516 -278 535 -255
person 0.014116347 502 446 518 480
person 0.014102776 56 169 76 194
person 0.014079108 347 331 377 368
person 0.014073563 716 742 727 773
person 0.014066233 302 89 317 104
person 0.01405945 318 865 341 947
person 0.014052741 1156 405 1175 428
person 0.014051229 979 231 1000 261
person 0.014033945 437 615 473 677
person 0.014017105 880 206 901 236
person 0.01398934 477 723 487 756
person 0.01398256 416 864 439 947
person 0.013952509 199 447 231 473
person 0.013948554 1019 -4 1056 83
person 0.013945215 49 519 71 547
person 0.013915636 96 607 121 633
person 0.013910101 138 525 168 551
person 0.013888762 1259 646 1276 677
person 0.013867469 1151 673 1169 707
person 0.013866196 494 724 506 758
person 0.013864775 144 186 166 212
person 0.013852055 1035 116 1049 130
person 0.013849386 49 -119 113 65
person 0.013819915 191 378 220 401
person 0.013804366 959 737 971 773
person 0.013802541 880 865 900 896
person 0.013800607 293 -219 325 -102
person 0.013795689 375 725 384 746
person 0.013788859 299 21 330 65
person 0.013785818 789 -276 806 -207
person 0.013785533 203 -38 292 150
person 0.013768449 606 552 690 744
person 0.013754929 485 89 507 110
person 0.013746878 1084 -261 1093 -219
person 0.01374371 1263 139 1271 155
person 0.013743057 855 865 876 896
person 0.013741047 172 705 187 726
person 0.013731804 1250 -277 1274 -206
person 0.013727799 584 47 597 63
person 0.0137229385 -15 -201 38 -27
person 0.013695989 614 -278 632 -256
person 0.013693451 920 467 940 499
person 0.013687488 1252 834 1273 919
person 0.013683614 791 -261 801 -219
person 0.013680666 903 206 924 236
person 0.013655171 630 438 650 459
person 0.013645248 715 138 727 153
person 0.013634456 541 -278 559 -255
person 0.013633417 589 -278 608 -256
person 0.013630072 1253 874 1272 967
person 0.013627186 0 682 6 729
person 0.013623013 486 113 508 135
person 0.013607639 1059 70 1071 85
person 0.013600504 565 -278 584 -256
person 0.013584111 1031 736 1048 797
person 0.01358408 370 336 382 358
person 0.01357909 758 864 781 947
person 0.013567835 240 174 252 201
person 0.01355903 412 605 440 629
person 0.013557564 493 22 512 42
person 0.013550117 682 793 705 855
person 0.013522527 831 865 851 896
person 0.013519653 854 160 876 187
person 0.013503598 464 864 488 948
person 0.0135007715 817 47 829 62
person 0.013498892 491 638 517 671
person 0.013491394 421 740 434 774
person 0.013484943 1118 664 1139 704
person 0.013474829 588 -86 606 -56
person 0.013472161 -4 -263 10 -228
person 0.013469599 1116 506 1138 533
person 0.013469359 417 315 429 333
person 0.013460017 399 741 411 774
person 0.013450027 440 865 461 896
person 0.013443126 416 865 436 896
person 0.013442481 290 451 304 476
person 0.013441129 269 865 293 947
person 0.0134352045 1100 821 1131 951
person 0.013424318 686 -278 702 -269
person 0.013416004 140 543 174 567
person 0.0134068625 688 112 703 126
person 0.01340212 0 478 9 577
person 0.013390902 82 626 180 819
person 0.013384894 1125 638 1143 672
person 0.013369789 1150 -278 1169 -257
person 0.01336899 709 864 732 947
person 0.013362356 149 -185 167 -125
person 0.013354086 457 397 474 439
person 0.013344853 215 570 256 597
person 0.0133270845 1109 294 1207 463
person 0.013308044 1129 -258 1166 -171
person 0.013304162 1055 423 1121 542
person 0.013302039 904 865 925 895
person 0.013296194 465 865 485 896
person 0.013291324 98 49 137 106
person 0.013286377 391 865 412 896
person 0.013278373 1046 259 1078 302
person 0.013256019 239 448 267 475
person 0.013245369 515 -86 535 -58
person 0.0132434005 440 622 470 650
person 0.013241283 126 142 140 156
person 0.01321601 204 850 232 927
person 0.013192737 354 721 362 740
person 0.013192134 986 115 1000 129
person 0.013183018 660 864 683 948
person 0.013155424 764 29 775 43
person 0.013153555 0 -196 6 -147
person 0.013152533 437 793 461 852
person 0.01313911 924 -5 960 84
person 0.013102982 215 307 243 329
person 0.013095252 1263 186 1271 203
person 0.013095184 497 26 508 40
person 0.013084466 975 796 998 855
person 0.013070238 1003 440 1025 475
person 0.013064807 1131 742 1142 777
person 0.013057142 1127 -124 1139 -64
person 0.013045158 639 183 662 211
person 0.013044195 489 865 509 896
person 0.013041679 807 865 827 896
person 0.013038094 842 -281 861 -205
person 0.013010432 464 187 479 203
person 0.013007291 367 865 387 896
person 0.013006875 69 -134 92 -55
person 0.012991482 857 208 879 237
person 0.01298925 1054 230 1074 260
person 0.012982692 889 72 901 85
person 0.012981977 285 393 435 551
person 0.012971124 729 788 755 865
person 0.012957055 441 306 455 325
person 0.012956872 560 184 583 211
person 0.012950385 566 112 581 124
person 0.012947326 486 793 510 852
person 0.012946028 -5 6 10 38
person 0.012943469 360 570 387 595
person 0.012936337 469 740 481 774
person 0.012933055 218 475 244 497
person 0.012919189 465 23 485 44
person 0.0129037285 608 -54 681 171
person 0.012890453 514 865 534 896
person 0.012886759 1102 669 1120 705
person 0.012858941 569 282 705 462
person 0.012852623 909 111 923 124
person 0.012850572 261 226 287 251
person 0.012850513 -4 188 60 292
person 0.012844077 -5 593 11 624
person 0.012805081 487 207 510 233
person 0.012804418 703 124 744 177
person 0.012800024 220 865 244 947
person 0.012796216 0 341 9 381
person 0.012790821 0 505 10 624
person 0.012780131 144 161 165 183
person 0.012774458 256 -273 274 -213
person 0.012773888 1056 67 1075 88
person 0.012773515 289 414 322 452
person 0.012761638 0 732 7 779
person 0.012758527 1194 613 1227 646
person 0.012754474 324 742 336 776
person 0.012752612 587 864 607 896
person 0.012745459 1260 59 1275 89
person 0.012741379 538 864 558 896
person 0.012738069 611 864 632 896
person 0.01273513 562 864 583 896
person 0.012731912 343 864 363 896
person 0.012717823 310 227 347 251
person 0.012716605 584 795 607 855
person 0.01271308 300 738 317 796
person 0.012710699 337 268 373 306
person 0.012707672 650 22 683 83
person 0.012706325 636 864 656 896
person 0.012705183 884 -168 914 -108
person 0.012702258 1052 207 1072 236
person 0.012701643 352 339 362 358
person 0.012701038 199 -183 216 -126
person 0.012671864 964 720 974 759
person 0.012667788 490 -86 509 -57
person 0.0126668215 929 864 949 895
person 0.012666387 758 206 780 234
person 0.012655861 611 864 634 948
person 0.012654835 782 864 802 896
person 0.012642979 513 864 537 948
person 0.012635153 513 210 535 236
person 0.012627435 256 576 369 749
person 0.012626216 1245 688 1276 815
person 0.012616012 792 115 807 129
person 0.012610518 201 743 216 777
person 0.0125892805 660 864 680 896
person 0.012585075 495 742 507 776
person 0.012580143 1148 866 1171 949
person 0.01257986 226 744 237 774
person 0.012575992 369 593 399 620
person 0.012562689 1263 114 1271 131
person 0.012503952 587 665 605 700
person 0.012495511 830 792 852 852
person 0.012469731 562 864 586 948
person 0.012462803 252 302 289 340
person 0.012452885 -4 -237 10 -204
person 0.012443728 1258 302 1275 335
person 0.012441221 1262 715 1270 758
person 0.0124393515 318 864 339 896
person 0.012437945 199 619 228 645
person 0.01242344 48 478 73 507
person 0.012413773 684 864 705 896
person 0.0124097755 635 -86 654 -73
person 0.012409401 408 615 439 640
person 0.01240367 176 741 192 776
person 0.012386841 246 86 263 101
person 0.012380269 1077 737 1094 804
person 0.012370641 487 82 592 259
person 0.012355026 170 600 200 623
person 0.012352192 758 864 778 896
person 0.012340254 539 -109 557 -78
person 0.012336694 1115 -3 1153 82
person 0.012335374 267 663 290 696
person 0.012311416 1080 140 1094 154
person 0.012307242 662 -278 678 -269
person 0.012304627 497 697 514 777
person 0.012300867 423 -11 464 91
person 0.012294317 349 338 368 362
person 0.012291364 937 726 947 748
person 0.012289258 709 864 729 896
person 0.01227276 242 796 266 855
person 0.0122716 1104 470 1131 509
person 0.012268774 33 -13 92 111
person 0.012265231 101 -278 120 -257
person 0.012260126 0 586 6 631
person 0.012257228 340 795 363 853
person 0.012251305 52 434 74 462
person 0.012248699 767 -261 778 -219
person 0.0122396955 1040 68 1068 103
person 0.012231623 733 864 753 896
person 0.01223119 901 185 922 214
person 0.012221906 607 184 630 211
person 0.012215461 294 864 314 896
person 0.012202637 -3 129 20 168
person 0.012191308 0 593 9 736
person 0.012187662 -1 -215 15 -117
person 0.012173685 1252 788 1273 867
person 0.012157886 769 501 778 526
person 0.012149636 97 386 123 415
person 0.012136709 540 -87 559 -57
person 0.012136663 104 623 127 653
person 0.012133679 502 -271 519 -211
person 0.012132166 1215 14 1232 44
person 0.012110981 1259 36 1275 66
person 0.012110268 949 490 976 527
person 0.012094014 836 39 855 61
person 0.012090636 987 -71 1019 28
person 0.012090044 1232 667 1280 834
person 0.012086474 0 28 6 68
person 0.012068296 0 -16 7 28
person 0.012066682 55 557 78 585
person 0.012046372 0 -172 6 -122
person 0.012039256 359 553 389 578
person 0.012032549 567 21 587 41
person 0.011994477 442 143 455 166
person 0.011988088 365 309 380 327
person 0.011979856 841 -229 864 -151
person 0.011979134 0 374 14 471
person 0.011967829 742 520 755 555
person 0.01196753 953 864 974 895
person 0.011951754 48 576 63 593
person 0.011942083 269 864 290 896
person 0.011939679 962 374 1065 580
person 0.011939005 122 30 147 74
person 0.011928688 1003 730 1012 747
person 0.01192053 463 203 488 226
person 0.011911632 1048 288 1084 350
person 0.011882109 143 567 183 596
person 0.011879874 94 828 172 1021
person 0.011876472 325 42 342 57
person 0.011874099 595 314 682 412
person 0.011868663 1157 721 1168 757
person 0.011867981 780 207 802 235
person 0.011863608 1173 -278 1193 -259
person 0.0118531035 998 807 1042 951
person 0.011838597 245 864 265 896
person 0.011836846 958 744 968 763
person 0.011830266 635 470 649 503
person 0.011822609 590 98 605 112
person 0.011822553 1263 299 1271 336
person 0.011822236 71 864 93 949
person 0.011810032 1146 432 1165 458
person 0.011806198 564 -110 582 -78
person 0.011800814 1251 -187 1273 -109
person 0.011800769 389 793 412 850
person 0.011796989 0 780 6 829
person 0.011785709 789 29 799 43
person 0.011782367 467 336 476 356
person 0.011770138 906 232 927 261
person 0.0117488075 1156 185 1170 204
person 0.011746598 107 124 121 140
person 0.0117368875 221 864 241 896
person 0.011733216 -6 210 13 240
person 0.011682456 320 -109 338 -78
person 0.011680689 163 96 185 119
person 0.01166975 564 -87 582 -57
person 0.011666644 823 262 866 321
person 0.011665952 641 118 656 131
person 0.011657296 1195 373 1216 398
person 0.011646066 856 316 928 419
person 0.01164353 1210 180 1220 198
person 0.011642866 535 207 558 234
person 0.01164031 959 113 973 127
person 0.011639942 167 618 197 640
person 0.011636689 295 -109 313 -78
person 0.011632002 297 163 314 181
person 0.011616037 1175 -268 1202 -200
person 0.011605164 344 -109 362 -78
person 0.011604885 0 925 6 979
person 0.011603814 1057 164 1071 188
person 0.011597843 233 408 279 461
person 0.0115975095 322 720 334 758
person 0.011597368 787 739 802 776
person 0.011596575 73 -186 95 -104
person 0.011592236 488 159 501 183
person 0.011587019 305 -273 322 -213
person 0.011586828 126 -237 142 -171
person 0.011580659 1248 695 1270 776
person 0.011571875 21 531 40 561
person 0.011571771 196 864 216 896
person 0.011549029 935 113 949 127
person 0.011537804 816 -262 825 -219
person 0.011531796 244 114 258 128
person 0.011531623 0 804 6 853
person 0.011514042 54 880 73 916
person 0.011508789 340 697 352 717
person 0.011503913 597 687 613 773
person 0.011500851 370 132 384 155
person 0.011495789 612 -86 630 -57
person 0.01149011 499 45 511 60
person 0.0114855245 195 141 217 165
person 0.011467949 43 249 73 293
person 0.011465986 182 829 268 1014
person 0.0114645595 -5 568 11 599
person 0.011462986 1060 -262 1069 -219
person 0.011452384 502 436 517 468
person 0.011444798 1155 742 1167 775
person 0.0114375865 1198 145 1209 159
person 0.011429157 491 339 503 356
person 0.011413911 395 336 407 361
person 0.011409779 514 330 531 350
person 0.011405734 1150 -278 1166 -269
person 0.011400622 1215 167 1233 195
person 0.011392656 763 740 778 775
person 0.011392022 887 737 904 798
person 0.0113901105 188 252 214 277
person 0.0113780135 762 139 775 156
person 0.011377241 -5 521 12 552
person 0.011372314 470 146 484 167
person 0.011369826 615 113 629 127
person 0.0113685345 534 163 584 214
person 0.0113654 437 154 451 179
person 0.011360044 19 406 38 438
person 0.01134967 333 209 362 232
person 0.0113493325 76 -278 93 -270
person 0.011344806 507 792 558 914
person 0.011341262 638 -278 654 -269
person 0.011340502 681 208 704 236
person 0.011329532 584 610 663 829
person 0.01132528 978 863 998 895
person 0.011312847 883 112 897 126
person 0.01131023 82 407 103 438
person 0.011308128 110 848 135 927
person 0.011307909 472 707 482 724
person 0.011293684 0 516 7 556
person 0.011290176 1263 350 1271 385
person 0.011278196 271 -109 289 -78
person 0.011276372 854 185 876 213
person 0.011266759 1246 257 1276 321
person 0.011266753 1217 215 1236 244
person 0.011257648 348 742 360 776
person 0.011252542 937 733 956 797
person 0.0112465285 23 88 88 198
person 0.011239473 984 738 995 772
person 0.011218703 172 865 195 948
person 0.011216878 322 284 337 302
person 0.011216248 369 -109 386 -77
person 0.0111991335 217 8 258 67
person 0.011199096 833 -7 869 89
person 0.011186783 561 612 590 648
person 0.011169869 730 208 752 236
person 0.011160057 212 352 254 389
person 0.0111598885 645 -238 660 -176
person 0.011152135 659 -87 678 -74
person 0.011149948 522 425 541 462
person 0.011144749 1084 -71 1117 23
person 0.011132707 416 180 442 207
person 0.011131494 748 124 789 178
person 0.011123162 1189 -34 1203 12
person 0.011116205 58 51 94 110
person 0.011114002 1263 88 1270 106
person 0.011111414 0 -170 10 -74
person 0.0111111365 215 -94 273 56
person 0.011108727 250 -182 265 -130
person 0.011107271 314 232 344 244
person 0.011105039 764 522 777 556
person 0.011098637 1264 905 1271 955
person 0.011098606 389 63 433 116
person 0.011092834 983 729 993 746
person 0.0110915685 0 755 6 804
person 0.011088761 344 279 359 295
person 0.011077473 0 -147 6 -98
person 0.011076835 1258 353 1275 383
person 0.011076453 147 136 162 151
person 0.01107624 442 18 462 40
person 0.011065432 1173 -278 1190 -270
person 0.011047222 562 209 585 236
person 0.01104209 1150 689 1160 731
person 0.011028722 891 -226 915 -151
person 0.011025934 549 183 670 349
person 0.011025263 611 -86 629 -73
person 0.01101755 978 492 1002 525
person 0.011004558 0 490 7 529
person 0.011003816 144 504 173 526
person 0.010982887 404 130 418 152
person 0.010980856 347 18 361 33
person 0.010975664 142 405 157 418
person 0.010971813 1108 -260 1118 -219
person 0.010957831 109 -121 130 -63
person 0.010935002 942 250 975 291
person 0.010911334 42 186 62 214
person 0.010877529 605 212 629 238
person 0.01087299 597 -239 612 -179
person 0.010859808 0 853 7 901
person 0.010857807 -5 32 10 63
person 0.010855624 383 401 413 439
person 0.010854472 195 603 211 614
person 0.010839186 656 208 679 235
person 0.010836819 1024 798 1048 857
person 0.010826111 341 481 365 508
person 0.010819448 980 383 1001 411
person 0.010818306 466 -85 484 -55
person 0.010814046 109 397 156 454
person 0.010813541 172 864 192 896
person 0.010812775 198 791 262 917
person 0.0108040115 0 829 7 877
person 0.010800328 637 -86 655 -57
person 0.010796365 236 571 267 592
person 0.010795825 251 372 286 408
person 0.010790134 1055 714 1065 757
person 0.010781063 176 606 194 618
person 0.01077761 803 800 844 956
person 0.010776024 578 164 626 216
person 0.010773031 -1 561 6 605
person 0.0107711 620 625 640 660
person 0.0107633695 118 523 152 548
person 0.010741109 46 493 70 523
person 0.010739021 613 -278 630 -269
person 0.010737415 452 -272 469 -212
person 0.010731603 354 -272 371 -213
person 0.010730697 604 792 654 915
person 0.0107223885 232 545 283 601
person 0.010717973 1226 581 1239 681
person 0.010715416 -6 257 19 327
person 0.010706074 1124 -182 1158 -88
person 0.010693677 632 252 680 309
person 0.010692351 246 -109 264 -78
person 0.0106903985 1068 832 1148 1011
person 0.010684872 859 519 872 553
person 0.010663009 535 794 558 854
person 0.010647201 705 208 728 236
person 0.010643911 395 23 414 44
person 0.010638333 54 857 71 893
person 0.010633411 1214 44 1232 71
person 0.010627779 515 -109 533 -78
person 0.01062607 223 -278 239 -269
person 0.010622361 906 842 924 873
person 0.010617255 926 233 947 262
person 0.010611907 931 841 948 873
person 0.010604461 364 88 379 101
person 0.010592405 198 -278 215 -269
person 0.010588338 936 737 948 773
person 0.01057411 588 -110 606 -79
person 0.010572917 1002 863 1023 895
person 0.010565972 568 98 584 111
person 0.010560907 290 407 313 433
person 0.0105579635 566 64 587 86
person 0.010557406 92 494 126 524
person 0.010553954 310 618 341 648
person 0.01054809 247 -278 263 -269
person 0.010540155 900 803 943 955
person 0.010532385 71 -57 95 6
person 0.010529314 271 88 288 104
person 0.010521652 1262 739 1270 780
person 0.010520267 704 801 746 956
person 0.010508773 447 60 489 113
person 0.010505064 634 212 657 239
person 0.010500718 891 250 925 294
person 0.01049577 665 114 680 127
person 0.01049412 741 726 758 807
person 0.01049125 1187 -80 1203 -25
person 0.010486309 272 -278 288 -269
person 0.010485653 221 512 247 532
person 0.010485628 602 228 626 254
person 0.010484554 1168 407 1180 425
person 0.01048255 99 454 142 501
person 0.010479751 188 207 203 224
person 0.010476449 1143 495 1234 689
person 0.010473038 1117 623 1136 654
person 0.010472066 156 849 183 927
person 0.010467175 882 842 899 873
person 0.010460262 557 403 582 433
person 0.010459201 840 -262 850 -219
person 0.0104544405 716 -259 730 -219
person 0.010452259 296 -278 312 -269
person 0.010450396 1263 210 1271 228
person 0.0104406765 671 447 680 470
person 0.010426611 390 457 420 499
person 0.010412082 320 -278 337 -269
person 0.010407289 829 231 851 260
person 0.010402034 589 -278 605 -269
person 0.01039941 1260 407 1271 475
person 0.010396891 227 -84 266 25
person 0.010390672 614 842 631 874
person 0.010386863 1049 257 1071 286
person 0.010385991 345 -278 361 -269
person 0.010385707 1082 69 1094 84
person 0.010385551 403 -272 420 -213
person 0.010385108 26 932 44 970
person 0.0103827175 305 790 364 909
person 0.010380253 174 -278 190 -269
person 0.0103781475 589 842 606 874
person 0.010373496 638 842 655 874
person 0.010373467 369 -278 386 -269
person 0.0103733 455 581 549 761
person 0.010364316 394 -278 410 -269
person 0.010362385 -4 860 11 893
person 0.0103577105 244 382 271 405
person 0.01033552 418 -278 434 -269
person 0.010328957 565 842 582 874
person 0.010328255 345 842 362 874
person 0.01032823 554 636 575 670
person 0.010325726 1035 -262 1045 -219
person 0.010325366 123 864 146 949
person 0.010323475 1259 10 1275 42
person 0.01031952 1062 295 1104 355
person 0.0103189545 321 841 338 874
person 0.0103157265 818 495 826 520
person 0.010309527 742 -261 753 -219
person 0.010308943 738 252 782 311
person 0.010297526 0 -123 7 -74
person 0.010292244 287 607 337 666
person 0.010290647 1079 65 1098 87
person 0.010289996 537 -19 574 92
person 0.010289612 467 842 484 874
person 0.01028731 288 614 322 646
person 0.010283962 420 157 433 182
person 0.010282981 443 842 460 874
person 0.010278275 369 842 387 874
person 0.010276399 1050 447 1071 484
person 0.010272252 663 842 680 874
person 0.010265603 394 842 411 874
person 0.010261146 570 24 583 39
person 0.010259593 80 -231 93 -164
person 0.010257477 491 842 509 874
person 0.010256934 442 -278 459 -269
person 0.010256832 296 841 313 874
person 0.010250555 396 15 426 56
person 0.010249496 277 826 365 1010
person 0.010247756 418 842 435 874
person 0.010245748 1263 882 1271 928
person 0.010239314 519 742 531 775
person 0.010236468 -1 205 7 243
person 0.010236198 540 842 558 874
person 0.010233976 516 842 533 874
person 0.010216299 369 20 389 40
person 0.010215377 196 411 214 425
person 0.0102122985 735 -9 770 94
person 0.010207831 467 -278 483 -269
person 0.0102035245 264 404 288 428
person 0.010201738 115 546 144 566
person 0.010197786 785 842 802 874
person 0.010194721 831 445 852 476
person 0.010190987 301 -186 315 -133
person 0.010183857 978 731 1004 807
person 0.010183453 393 -109 411 -77
person 0.010177509 185 593 230 652
person 0.010173474 314 459 335 486
person 0.01016685 564 -278 581 -269
person 0.010158173 1033 445 1055 482
person 0.0101527525 687 842 704 874
person 0.010152076 30 116 48 143
person 0.010148091 691 -259 706 -220
person 0.010146065 858 842 875 874
person 0.01013862 518 625 542 657
person 0.010132043 151 741 166 777
person 0.010128323 1156 727 1166 747
person 0.010115848 297 521 323 547
person 0.010113532 390 48 411 67
person 0.010108087 538 114 553 126
person 0.010107996 1106 742 1117 776
person 0.010101324 50 32 73 78
person 0.010099369 597 512 623 567
person 0.010091124 809 842 826 874
person 0.010086482 491 -278 508 -269
person 0.010084197 833 842 851 874
person 0.010073022 91 -188 142 -38
person 0.010070654 469 27 481 42
person 0.010062457 691 742 703 776
person 0.010054129 1264 593 1271 633
person 0.010053759 317 65 334 82
person 0.010051543 760 842 777 874
person 0.010048516 271 284 298 305
person 0.010040494 1263 398 1271 436
person 0.010037959 544 25 555 40
person 0.010025783 1204 114 1222 138
person 0.010021889 555 465 579 507
person 0.010017245 111 89 218 261
person 0.010011704 1026 211 1038 235
person 0.0100106215 1188 68 1215 105
person 0.0100070825 937 720 949 759
person 0.010005817 586 445 597 471
