person 0.75749385 763 137 790 171
person 0.74047714 848 218 886 265
person 0.72647434 639 176 669 211
person 0.7161078 925 66 940 87
person 0.7143623 838 144 865 176
person 0.70878905 531 162 559 195
person 0.7012402 957 90 974 112
person 0.6906979 940 106 959 132
person 0.67494047 741 94 760 120
person 0.66995573 807 73 823 94
person 0.66373926 896 65 911 86
person 0.6569589 297 140 314 162
person 0.6561628 910 85 927 107
person 0.6555437 991 109 1007 134
person 0.6555429 594 166 623 199
person 0.6551499 944 191 978 236
person 0.6532795 751 52 765 70
person 0.65133274 794 173 830 218
person 0.64916575 471 120 489 144
person 0.6481727 728 176 764 220
person 0.64712536 808 114 828 139
person 0.64660466 499 124 524 154
person 0.64623225 571 99 589 123
person 0.645713 665 133 691 165
person 0.64366335 313 146 331 170
person 0.6397005 363 146 381 172
person 0.6384358 774 100 797 129
person 0.63809216 887 110 906 135
person 0.6351442 918 137 943 168
person 0.63383615 659 75 677 97
person 0.62967646 830 106 849 131
person 0.62956256 724 53 738 70
person 0.62348104 714 87 732 110
person 0.61203384 485 98 502 118
person 0.60693836 396 153 414 179
person 0.5949917 786 64 803 84
person 0.58909816 505 95 522 115
person 0.58064747 672 105 691 130
person 0.57640916 694 69 710 90
person 0.5751111 546 95 563 116
person 0.56877685 864 127 890 158
person 0.5669618 994 84 1009 104
person 0.5582516 420 121 437 142
person 0.55322653 504 78 519 95
person 0.54488367 833 83 851 104
person 0.5377676 605 54 619 71
person 0.5199164 988 162 1013 195
person 0.516714 627 58 642 74
person 0.51062304 455 91 470 110
person 0.5048767 620 90 638 111
person 0.48956063 429 98 446 116
person 0.4712843 567 69 583 88
person 0.46706265 870 84 887 104
person 0.46502942 391 107 410 127
person 0.42232653 672 54 688 72
person 0.42139676 884 168 913 201
person 0.4156624 86 276 145 364
person 0.4155555 551 78 566 97
person 0.40738845 794 87 813 109
person 0.40601993 983 154 1009 187
person 0.4028728 530 105 548 127
person 0.39789754 629 74 646 94
person 0.37520847 883 106 901 131
person 0.37119028 434 195 459 225
person 0.36974314 460 117 481 140
person 0.36051875 601 108 619 129
person 0.32966465 638 69 655 90
person 0.3241713 410 136 429 158
person 0.31946248 993 204 1020 238
person 0.31100658 711 68 728 87
person 0.3087711 730 76 747 96
person 0.30850652 692 115 713 139
person 0.29957032 639 53 654 70
person 0.29556996 500 121 519 143
person 0.289509 897 63 908 79
person 0.2846631 607 55 617 67
person 0.2790418 388 104 404 121
person 0.2764235 187 308 234 367
person 0.2680743 593 140 620 169
person 0.25023377 789 63 800 78
person 0.24499938 641 98 658 119
person 0.2425342 372 151 393 177
person 0.23493369 935 99 953 120
person 0.23395222 795 152 824 184
person 0.23393933 588 80 605 99
person 0.23376343 704 116 725 140
person 0.23184417 603 70 620 88
person 0.229208 901 139 922 164
person 0.22315654 88 218 131 281
person 0.22039853 527 98 546 120
person 0.21678123 641 54 652 65
person 0.21319991 680 58 695 75
person 0.20696342 638 110 656 133
person 0.20241591 726 54 736 66
person 0.20132199 891 61 914 90
person 0.198977 699 127 728 158
person 0.1956694 670 39 685 55
person 0.19386698 748 70 766 91
person 0.19344111 668 95 689 119
person 0.19343728 709 71 735 102
person 0.19103408 753 53 763 66
person 0.18187648 833 77 846 97
person 0.17883468 524 168 553 199
person 0.17625593 806 96 826 119
person 0.17374934 923 63 945 92
person 0.16986994 399 134 420 157
person 0.16833001 385 108 402 127
person 0.16473113 980 138 999 162
person 0.1643878 457 92 468 104
person 0.16093557 932 69 949 89
person 0.15951091 308 139 326 172
person 0.1589501 935 200 973 244
person 0.15870081 823 61 838 78
person 0.15626234 673 40 682 52
person 0.15277709 506 79 517 91
person 0.15243469 630 95 657 124
person 0.15150343 430 99 440 111
person 0.15055229 923 112 942 136
person 0.14954624 636 151 665 183
person 0.14884895 74 258 155 388
person 0.14826028 430 107 449 126
person 0.14726181 747 52 769 81
person 0.14604668 838 177 874 213
person 0.14500536 569 71 580 83
person 0.14405315 553 75 563 92
person 0.14349252 610 92 630 113
person 0.14293861 717 58 734 74
person 0.1337146 863 78 879 96
person 0.12809816 683 60 693 71
person 0.12749505 701 125 722 148
person 0.12614936 779 70 797 90
person 0.12506081 692 132 714 156
person 0.12397727 855 213 897 257
person 0.12372419 80 173 107 205
person 0.1233593 556 72 580 99
person 0.120732725 432 98 444 110
person 0.11685842 200 326 230 364
person 0.116065666 802 106 834 148
person 0.11593063 640 71 653 83
person 0.11593016 631 71 644 88
person 0.11503949 991 76 1012 105
person 0.1147352 838 139 858 163
person 0.11361217 859 87 879 108
person 0.1134526 94 297 132 352
person 0.11296359 465 125 484 148
person 0.11146372 688 94 709 117
person 0.107414 501 76 524 103
person 0.105658524 838 208 896 276
person 0.104929306 985 177 1024 242
person 0.10472184 109 360 173 460
person 0.10470716 857 130 881 156
person 0.10466024 661 174 694 207
person 0.104584 781 164 840 232
person 0.10422523 519 135 540 158
person 0.10366105 393 109 407 122
person 0.10262591 463 82 480 100
person 0.10223223 391 107 402 117
person 0.10189847 628 112 648 134
person 0.09893587 780 58 796 76
person 0.097512566 99 243 128 283
person 0.09522236 1074 632 1083 692
person 0.09228372 331 129 349 148
person 0.092226334 991 108 1001 129
person 0.09213955 997 85 1006 97
person 0.09091774 520 156 566 210
person 0.09086796 769 94 802 136
person 0.09082319 664 95 698 138
person 0.09030544 497 146 518 171
person 0.09007709 643 134 665 157
person 0.08901724 518 79 535 97
person 0.08900754 305 169 331 198
person 0.088618636 0 116 10 169
person 0.08796002 195 316 227 355
person 0.08776408 335 170 362 198
person 0.08624934 987 90 1004 112
person 0.08489393 1071 99 1083 138
person 0.08426417 932 182 987 256
person 0.08403758 1029 151 1047 176
person 0.08338044 696 70 707 84
person 0.08331338 837 124 876 188
person 0.08264623 757 114 799 177
person 0.08249939 -4 279 43 380
person 0.08249805 369 135 390 156
person 0.081459865 1077 89 1083 117
person 0.08136547 388 146 421 188
person 0.080881454 390 170 416 199
person 0.08077982 927 68 937 81
person 0.08025241 958 108 977 132
person 0.080059536 545 61 561 78
person 0.0792773 432 133 451 153
person 0.079202116 628 160 675 215
person 0.07860204 650 35 663 48
person 0.07854755 600 60 626 88
person 0.07778635 665 145 687 169
person 0.077405445 90 210 124 251
person 0.07722837 589 148 610 169
person 0.07610295 588 139 608 163
person 0.075918 36 474 111 619
person 0.07584845 1073 221 1083 270
person 0.075072676 928 138 949 163
person 0.07502151 236 301 274 348
person 0.07490098 -9 307 35 424
person 0.074064605 561 133 582 157
person 0.0740631 958 82 974 100
person 0.07316818 852 115 873 138
person 0.072381 933 98 965 141
person 0.0719228 998 132 1018 157
person 0.07151792 484 78 502 97
person 0.07072523 192 370 231 418
person 0.07067077 984 101 1014 146
person 0.069921814 1074 250 1083 307
person 0.069574304 625 41 638 53
person 0.068977766 400 155 411 176
person 0.06796807 366 148 377 169
person 0.067752846 281 142 297 160
person 0.06769695 334 156 354 179
person 0.06763844 1076 69 1083 96
person 0.06755964 240 372 279 418
person 0.06638027 745 109 767 133
person 0.065964445 547 64 557 76
person 0.065868124 1060 143 1083 177
person 0.06534059 928 63 939 79
person 0.06498361 825 64 835 76
person 0.064609185 592 51 605 63
person 0.06425746 1077 109 1083 137
person 0.064175785 733 187 758 213
person 0.06397551 988 79 1004 98
person 0.06394172 676 108 687 127
person 0.06381074 823 98 856 141
person 0.06379592 879 101 912 144
person 0.063631415 186 324 222 372
person 0.063310094 922 390 1010 561
person 0.06296417 578 98 594 119
person 0.06292208 1073 111 1087 136
person 0.06280905 944 108 955 129
person 0.06264602 662 113 704 175
person 0.06259352 751 129 773 153
person 0.062461115 537 157 554 189
person 0.062372956 631 210 666 245
person 0.06199503 834 108 845 129
person 0.06150666 808 129 828 153
person 0.06134743 1071 181 1083 226
person 0.06124402 643 185 664 210
person 0.061062813 725 111 745 136
person 0.06104002 1073 91 1086 115
person 0.0609703 600 39 613 52
person 0.06091506 828 65 838 76
person 0.06074487 632 69 649 101
person 0.06029348 587 141 625 184
person 0.06011283 659 211 694 245
person 0.05985224 413 159 432 180
person 0.059571005 930 154 954 179
person 0.059380796 564 58 581 76
person 0.059034076 333 124 349 142
person 0.058902588 906 85 919 106
person 0.058503583 464 110 496 152
person 0.058470953 805 156 829 179
person 0.05844014 1065 225 1086 263
person 0.058134858 1073 589 1081 655
person 0.057666123 740 181 764 205
person 0.05761929 723 136 743 158
person 0.057588942 712 170 775 238
person 0.056830436 356 138 387 181
person 0.056225695 716 206 760 250
person 0.05615789 844 238 892 299
person 0.055695392 1015 118 1030 141
person 0.05567028 0 101 9 151
person 0.055590004 732 73 744 90
person 0.055326294 685 152 708 174
person 0.055234462 548 90 560 109
person 0.05511671 802 177 827 201
person 0.055094093 920 245 962 290
person 0.05499441 -4 -239 10 -215
person 0.05497029 166 144 181 161
person 0.054738358 713 70 726 81
person 0.054474395 507 91 520 109
person 0.054154392 446 81 462 99
person 0.054005634 1072 -238 1083 -189
person 0.053734556 159 291 256 429
person 0.052787226 623 92 635 105
person 0.052689 1076 48 1083 76
person 0.05240099 1064 184 1085 220
person 0.052138876 114 257 151 306
person 0.05210818 935 71 948 83
person 0.05174298 563 91 596 134
person 0.051664665 465 171 494 202
person 0.051161367 465 85 477 96
person 0.05095869 487 94 500 111
person 0.05041523 263 179 290 207
person 0.05014022 996 201 1016 222
person 0.0500516 467 291 544 367
person 0.0500396 833 70 846 90
person 0.049890395 675 19 683 31
person 0.04947517 956 159 977 183
person 0.049355607 871 82 883 96
person 0.049171235 809 71 821 87
person 0.048959423 623 177 644 201
person 0.0489489 796 215 830 250
person 0.0486949 389 105 398 117
person 0.048554454 538 134 559 158
person 0.048316352 -1 -242 6 -214
person 0.04802815 461 114 478 131
person 0.047764126 624 133 645 154
person 0.04757683 430 209 459 241
person 0.047329515 1003 311 1060 400
person 0.04730511 1073 674 1083 728
person 0.047266696 604 111 615 123
person 0.047259845 1016 132 1033 156
person 0.04705923 -4 -239 8 -232
person 0.047017373 780 105 792 125
person 0.0469933 415 178 435 201
person 0.046852536 862 249 905 294
person 0.04663555 998 210 1017 232
person 0.046502568 662 69 674 91
person 0.04624564 -3 -230 19 -134
person 0.04609146 1077 130 1083 158
person 0.045931656 1072 131 1086 157
person 0.045851573 1060 -217 1088 -141
person 0.04558391 812 116 824 137
person 0.045546774 623 161 644 182
person 0.04552214 0 157 9 205
person 0.045364276 292 213 320 243
person 0.045343634 1073 71 1086 95
person 0.04530051 921 130 961 194
person 0.04510386 741 94 752 114
person 0.044487648 994 127 1031 196
person 0.044238772 90 360 179 525
person 0.044218212 1015 285 1056 354
person 0.044003062 872 88 883 99
person 0.043955028 788 135 809 159
person 0.04373244 315 145 327 162
person 0.043703865 4 425 83 554
person 0.043498967 494 110 530 154
person 0.04348586 520 156 542 180
person 0.043465175 744 206 788 249
person 0.043236848 983 477 1057 637
person 0.04310018 864 80 876 91
person 0.04307236 706 82 740 126
person 0.042930588 474 125 485 145
person 0.042865675 859 54 875 71
person 0.042818826 66 192 155 312
person 0.04251016 913 89 924 102
person 0.042369176 955 373 1018 458
person 0.042299993 527 92 544 110
person 0.042294838 422 117 434 137
person 0.0422454 654 19 662 32
person 0.04219542 782 61 793 72
person 0.04213041 587 211 620 244
person 0.041839454 886 108 897 127
person 0.041149754 502 31 518 50
person 0.041084286 575 105 586 124
person 0.041059025 966 74 990 103
person 0.041016586 260 214 288 244
person 0.04079981 955 139 976 162
person 0.040749773 996 503 1050 612
person 0.040727142 943 248 982 295
person 0.040624935 -1 293 14 415
person 0.040605668 938 58 953 76
person 0.0404292 653 67 685 109
person 0.040315043 110 297 148 348
person 0.040278878 413 132 427 150
person 0.04000913 274 139 298 166
person 0.039845698 371 175 390 198
person 0.039765116 244 285 294 344
person 0.039745748 -5 113 22 190
person 0.039617382 434 371 450 392
person 0.039513737 916 238 981 316
person 0.039508287 518 132 562 193
person 0.03918681 952 194 970 231
person 0.039120033 1061 -144 1087 -59
person 0.03901982 3 149 36 226
person 0.038952395 300 137 335 180
person 0.03883833 436 385 456 411
person 0.038391437 12 291 41 354
person 0.038318705 153 252 192 301
person 0.038305566 1076 27 1082 57
person 0.0378178 1071 -239 1083 -231
person 0.03780285 559 157 581 180
person 0.037716962 331 434 363 467
person 0.037572548 836 88 847 99
person 0.037397124 267 67 291 97
person 0.03721253 299 141 311 154
person 0.03714739 960 92 971 105
person 0.03668237 874 157 896 178
person 0.036670957 84 132 110 162
person 0.036670588 1070 -240 1085 -217
person 0.03662966 221 357 294 429
person 0.03656942 1072 -201 1082 -144
person 0.03650834 169 145 177 158
person 0.03649568 505 126 516 146
person 0.035974838 644 290 719 360
person 0.035889193 613 20 621 32
person 0.03585522 596 38 605 51
person 0.035792466 696 116 709 135
person 0.03577639 350 171 370 195
person 0.03568259 462 287 566 439
person 0.035560712 426 81 441 98
person 0.035191104 692 36 708 53
person 0.035184726 602 199 623 222
person 0.035100877 890 197 912 217
person 0.035039954 1074 710 1083 771
person 0.034989 511 211 543 243
person 0.034985725 654 -111 720 63
person 0.03494722 736 249 810 322
person 0.03467454 272 150 291 171
person 0.03459797 448 84 459 96
person 0.0345046 872 129 883 149
person 0.034488097 433 150 452 172
person 0.034214824 0 239 11 310
person 0.034209758 0 -244 8 -191
person 0.03371946 840 722 864 786
person 0.03371811 1072 151 1086 178
person 0.033668924 388 111 399 123
person 0.03348822 237 351 277 397
person 0.033480998 694 39 705 51
person 0.033388518 672 15 687 32
person 0.033378515 1004 -224 1018 -183
person 0.033212073 799 722 822 787
person 0.03295254 704 150 726 171
person 0.032759763 1034 141 1049 164
person 0.032697193 45 -240 61 -223
person 0.03268416 792 248 834 294
person 0.0325331 984 302 1071 460
person 0.03237422 764 149 853 279
person 0.032200363 664 196 687 217
person 0.032095168 388 527 409 552
person 0.03208719 340 625 354 670
person 0.032071266 918 164 1001 296
person 0.031981748 26 -239 39 -233
person 0.031950407 200 301 222 323
person 0.031899914 756 619 770 679
person 0.0318697 796 187 822 211
person 0.03179616 547 38 562 55
person 0.031707972 -3 -159 15 -42
person 0.031703353 1062 253 1086 310
person 0.031690344 382 211 412 244
person 0.03155098 0 597 7 687
person 0.03152569 664 177 687 198
person 0.031404324 1073 50 1086 75
person 0.031359058 1001 704 1029 793
person 0.031332087 323 239 394 313
person 0.03126064 434 182 454 203
person 0.031235516 633 17 641 31
person 0.03118825 593 36 608 53
person 0.031060798 62 58 83 93
person 0.030889997 25 -239 42 -223
person 0.030878447 550 41 558 54
person 0.030728057 525 58 542 76
person 0.030560357 559 176 581 198
person 0.030526258 456 150 476 172
person 0.030426675 751 -119 821 63
person 0.030400444 469 65 493 94
person 0.030274305 339 115 365 142
person 0.030116007 278 262 318 310
person 0.030082418 163 139 187 167
person 0.03004734 663 251 706 298
person 0.029935308 497 173 518 194
person 0.029914176 364 142 376 161
person 0.029896457 422 177 470 234
person 0.029832331 881 722 905 786
person 0.02977939 1001 241 1013 253
person 0.029655248 796 90 810 102
person 0.0295011 1070 59 1082 97
person 0.029495394 183 176 227 239
person 0.029271066 821 183 912 304
person 0.02925759 533 109 544 122
person 0.029220136 332 215 362 248
person 0.029125564 967 405 1049 574
person 0.02910939 799 63 830 107
person 0.028962098 57 717 77 785
person 0.028959338 591 95 628 138
person 0.02892446 644 95 656 113
person 0.02886796 935 418 1001 529
person 0.028795334 371 167 418 226
person 0.028741654 479 34 496 53
person 0.028738553 199 316 225 338
person 0.028649405 -4 169 9 195
person 0.02859399 1076 149 1083 179
person 0.028530767 739 249 780 296
person 0.028497908 967 -228 982 -179
person 0.028322412 849 177 871 197
person 0.028038386 705 66 740 110
person 0.02792878 1021 91 1036 111
person 0.027880764 464 54 480 74
person 0.027751923 582 173 605 196
person 0.02774405 -1 247 21 311
person 0.027743211 357 117 374 135
person 0.027735088 879 177 901 200
person 0.027671367 506 57 523 77
person 0.027594965 420 194 440 218
person 0.027515873 617 194 638 217
person 0.02744542 477 148 497 169
person 0.02737848 960 85 971 96
person 0.027356358 856 -239 868 -231
person 0.027303811 1072 366 1081 439
person 0.02729955 835 -239 847 -231
person 0.027169585 876 -239 889 -231
person 0.027167192 137 407 242 555
person 0.027138384 298 147 311 166
person 0.027075684 897 -239 910 -231
person 0.02695118 45 -239 59 -233
person 0.026919685 577 91 595 112
person 0.026897024 757 722 780 787
person 0.026844893 1039 -239 1053 -232
person 0.026778141 814 -239 826 -231
person 0.026719423 887 54 918 100
person 0.026524238 430 68 455 96
person 0.026516298 457 213 490 245
person 0.026270676 872 193 895 213
person 0.026244938 666 -42 742 129
person 0.026183696 1073 285 1082 347
person 0.026122637 780 70 795 83
person 0.025952062 715 722 738 787
person 0.025862847 704 248 748 294
person 0.025846947 932 -233 949 -179
person 0.025815232 623 62 658 106
person 0.0257777 861 57 872 68
person 0.025725327 918 -239 930 -231
person 0.02567296 1007 723 1026 774
person 0.025656117 1072 -159 1082 -102
person 0.025592636 487 478 505 504
person 0.025566414 0 104 6 139
person 0.025425011 629 616 647 682
person 0.025337564 651 16 666 33
person 0.025304826 200 272 231 305
person 0.0252951 587 616 606 682
person 0.025286483 785 106 796 125
person 0.025257628 315 117 331 134
person 0.025127979 277 170 323 230
person 0.025110202 214 178 240 205
person 0.025078092 814 -240 828 -217
person 0.02500725 591 -45 667 127
person 0.024969306 0 165 6 199
person 0.024932956 835 -240 849 -217
person 0.02490997 600 149 612 167
person 0.024898954 1045 110 1061 134
person 0.024826197 793 -239 806 -231
person 0.024823645 588 591 610 658
person 0.024673633 -1 326 23 399
person 0.024567984 793 -240 808 -218
person 0.02452474 168 177 195 205
person 0.024499327 856 -240 870 -216
person 0.02445101 0 123 6 160
person 0.024445511 999 252 1036 300
person 0.024141682 918 56 949 102
person 0.024096826 877 -240 891 -216
person 0.024089364 960 173 984 196
person 0.024052007 840 -98 889 42
person 0.02402565 879 58 895 76
person 0.024019398 932 738 963 829
person 0.02397979 854 221 880 242
person 0.023963591 576 119 637 203
person 0.023939194 898 -240 912 -216
person 0.023840792 -2 1 11 28
person 0.023730295 670 616 689 683
person 0.02357227 772 -240 787 -219
person 0.023549583 1039 -240 1055 -223
person 0.023463609 -3 127 10 155
person 0.023459764 432 260 551 388
person 0.02344954 757 -41 829 135
person 0.023438131 1076 254 1083 284
person 0.023437956 671 138 683 158
person 0.023364643 299 104 325 133
person 0.023333639 343 607 352 635
person 0.023299193 1076 4 1083 35
person 0.023265395 285 48 309 78
person 0.02325534 279 104 293 120
person 0.02325316 798 624 812 678
person 0.023224134 295 415 405 560
person 0.023192544 290 170 311 192
person 0.023190318 540 197 561 217
person 0.023144832 377 128 420 194
person 0.023077955 278 109 293 126
person 0.02307041 1073 29 1086 55
person 0.023054888 263 -228 291 -147
person 0.022995537 727 155 749 178
person 0.022946391 918 -240 932 -217
person 0.022818133 219 141 244 168
person 0.022723252 299 627 313 672
person 0.02257174 938 -239 951 -232
person 0.022540329 1004 -189 1018 -144
person 0.022537177 505 33 514 47
person 0.022481907 772 -239 785 -232
person 0.02246535 -5 192 9 218
person 0.02243756 189 597 200 616
person 0.0224307 715 621 728 677
person 0.022424385 0 146 6 182
person 0.022349257 474 116 487 135
person 0.022346959 193 298 216 323
person 0.022298224 452 100 494 165
person 0.022265173 0 -229 8 -151
person 0.02226498 246 313 270 336
person 0.022222439 936 352 1031 480
person 0.022213018 674 722 697 788
person 0.022104 209 -4 231 30
person 0.022097189 990 82 1001 94
person 0.02201745 -3 108 10 135
person 0.022010116 1076 94 1083 108
person 0.021964712 751 -240 766 -220
person 0.021933386 1072 257 1087 283
person 0.021920564 994 111 1004 126
person 0.02191783 0 346 8 439
person 0.02189265 124 382 168 436
person 0.021883432 59 506 76 534
person 0.021874657 601 -107 672 72
person 0.021858081 373 194 393 216
person 0.021773385 342 250 373 283
person 0.021769151 549 215 579 246
person 0.021766778 717 90 729 103
person 0.02172361 569 34 585 52
person 0.02170153 211 220 240 249
person 0.021629263 400 136 417 149
person 0.021608079 610 16 625 33
person 0.021605877 335 469 433 628
person 0.021559885 1072 236 1087 262
person 0.02155571 1021 -240 1037 -223
person 0.02151591 433 -228 462 -148
person 0.021499658 571 37 582 50
person 0.02147806 604 139 616 158
person 0.021463035 756 -234 772 -181
person 0.021446656 582 194 603 214
person 0.021373464 437 375 447 387
person 0.021344544 966 725 986 777
person 0.021308675 340 722 364 788
person 0.021243807 632 722 655 788
person 0.021181028 939 -240 953 -218
person 0.021117827 0 -2 7 32
person 0.021100497 1021 -239 1034 -232
person 0.021098506 845 745 877 839
person 0.021076083 1018 500 1047 524
person 0.021052722 187 82 226 150
person 0.021050293 -3 161 15 199
person 0.021005666 923 723 947 786
person 0.02099794 480 311 553 394
person 0.020994162 0 -7 9 44
person 0.020968104 878 768 901 840
person 0.020944618 1077 567 1083 599
person 0.020939207 756 39 771 55
person 0.020922238 865 223 890 243
person 0.020921154 826 69 856 111
person 0.0209081 1076 234 1083 263
person 0.020903092 293 105 334 173
person 0.020901402 118 326 155 376
person 0.02081355 849 228 883 254
person 0.020777836 456 316 526 397
person 0.020747012 837 768 859 840
person 0.020746576 1076 74 1082 88
person 0.020736907 1073 -118 1082 -61
person 0.02071013 604 249 680 321
person 0.02068108 590 722 613 788
person 0.020642478 419 608 431 639
person 0.020635756 346 446 366 468
person 0.020615168 1072 172 1087 198
person 0.020581903 614 248 658 296
person 0.020572841 749 153 771 176
person 0.020565089 322 610 332 640
person 0.02055393 1073 813 1079 859
person 0.020539382 335 434 354 454
person 0.020515118 847 250 880 285
person 0.020512158 720 -233 736 -180
person 0.02046218 382 722 405 787
person 0.020459885 838 -241 869 -166
person 0.020456597 685 176 706 196
person 0.020444997 252 568 267 598
person 0.020427294 261 257 293 290
person 0.020353433 266 98 291 126
person 0.020345222 920 768 942 840
person 0.020341527 133 180 160 209
person 0.02028186 457 176 477 196
person 0.020254606 492 134 590 268
person 0.020220134 688 18 697 32
person 0.020187296 268 -85 315 51
person 0.020184914 878 -157 898 -110
person 0.020170428 190 589 201 622
person 0.020153755 795 768 817 840
person 0.020151654 1076 53 1082 68
person 0.020136533 -3 150 10 178
person 0.020124434 114 73 153 140
person 0.020097269 383 59 408 89
person 0.020087428 738 79 823 227
person 0.020070592 299 722 322 788
person 0.020037284 927 113 938 132
person 0.019992456 281 106 289 118
person 0.019964816 298 118 314 136
person 0.019949077 923 141 935 162
person 0.0199299 1004 -146 1016 -101
person 0.019811861 518 193 539 213
person 0.01980257 989 93 1001 105
person 0.019801157 987 67 1016 113
person 0.01971475 0 601 5 644
person 0.019703424 1047 98 1063 120
person 0.019683598 -13 103 30 204
person 0.019681253 512 -229 542 -150
person 0.019676141 582 257 624 305
person 0.019639015 284 144 294 155
person 0.019619443 216 93 226 109
person 0.019599477 789 675 809 726
person 0.019597812 884 -235 901 -182
person 0.019590352 503 383 514 398
person 0.019525154 423 722 447 787
person 0.019519636 234 434 275 482
person 0.019454584 1076 586 1082 620
person 0.019419976 753 768 776 840
person 0.019397324 229 342 254 362
person 0.019371392 633 623 645 673
person 0.019358696 730 -240 745 -220
person 0.019347718 679 -232 694 -180
person 0.01933573 257 722 280 788
person 0.019306416 0 189 5 222
person 0.019289233 -12 560 41 703
person 0.019288613 369 513 389 532
person 0.019282492 351 -227 380 -147
person 0.01925057 549 722 572 788
person 0.01925035 751 -239 764 -232
person 0.019239414 674 624 687 674
person 0.019233854 641 109 654 125
person 0.01919973 -9 -169 22 -29
person 0.019196687 214 113 226 127
person 0.019195976 99 736 130 837
person 0.019068748 223 570 237 597
person 0.019059643 346 463 369 486
person 0.019022375 1058 -77 1086 10
person 0.019019509 923 -156 935 -109
person 0.019002805 0 90 6 123
person 0.018982215 507 623 520 672
person 0.018977225 187 320 214 345
person 0.01895199 938 100 951 113
person 0.018938154 813 212 916 352
person 0.018937279 0 -44 5 -2
person 0.018926853 959 -240 974 -219
person 0.018915161 713 34 729 51
person 0.018854976 1072 216 1087 242
person 0.018845592 507 722 530 788
person 0.01880599 424 625 438 674
person 0.018767336 503 119 516 136
person 0.018728849 40 214 68 251
person 0.018705621 335 676 350 719
person 0.018669883 742 46 774 91
person 0.018663839 625 92 663 136
person 0.018656638 414 109 448 152
person 0.018611634 25 452 60 542
person 0.018578177 1021 77 1036 96
person 0.01855981 912 201 934 219
person 0.018540803 549 623 562 675
person 0.018530946 53 502 93 595
person 0.018521661 958 -239 972 -232
person 0.018477453 121 226 152 261
person 0.018476546 0 688 13 770
person 0.018459797 712 768 734 840
person 0.018408256 166 257 186 283
person 0.018404072 1003 686 1023 729
person 0.018388212 208 -12 240 68
person 0.01838751 0 727 12 812
person 0.018387476 0 226 10 278
person 0.01838515 912 173 934 193
person 0.018379323 984 611 994 640
person 0.018353911 670 133 684 151
person 0.018347515 1019 737 1050 832
person 0.018347353 599 -227 629 -149
person 0.018314296 382 -96 425 51
person 0.018301452 639 -233 654 -182
person 0.01825908 716 38 726 50
person 0.018225852 853 734 874 804
person 0.018208036 558 197 580 217
person 0.018206945 895 734 915 804
person 0.01814147 184 -225 213 -146
person 0.018138982 39 422 56 447
person 0.018072415 465 722 488 788
person 0.01806929 105 -72 134 23
person 0.01804919 238 608 247 640
person 0.018028978 301 608 310 640
person 0.018006574 809 569 826 599
person 0.01798856 697 132 709 153
person 0.017940247 -3 97 17 159
person 0.017936738 203 331 313 458
person 0.017921455 169 600 179 615
person 0.017916204 1019 170 1040 194
person 0.017911388 851 268 868 279
person 0.017886225 136 98 161 127
person 0.017880129 858 -41 923 137
person 0.017868787 382 626 396 674
person 0.017816316 1077 547 1083 578
person 0.017793844 1076 273 1083 303
person 0.017793661 58 134 82 165
person 0.01778767 758 43 768 54
person 0.017782098 681 -226 712 -148
person 0.017747177 0 -211 5 -169
person 0.017713178 696 149 787 282
person 0.01768017 670 768 692 840
person 0.017678538 216 722 239 788
person 0.017657295 0 -231 5 -192
person 0.017653666 572 91 586 115
person 0.017635787 603 170 615 192
person 0.017567588 598 136 697 273
person 0.017528648 811 -77 834 -58
person 0.01750635 1073 -78 1082 -24
person 0.0174854 798 -235 813 -180
person 0.017481117 508 60 520 74
person 0.017453374 136 3 168 89
person 0.017431121 748 675 767 724
person 0.017401077 759 -235 790 -158
person 0.017371561 490 -41 565 130
person 0.017356275 936 175 958 196
person 0.017318312 176 747 210 841
person 0.01731368 767 175 790 197
person 0.017308027 812 734 832 804
person 0.017307393 957 257 969 271
person 0.01727873 866 232 893 254
person 0.017261727 155 441 228 535
person 0.017261202 428 84 437 96
person 0.017243916 710 -240 725 -221
person 0.017232107 442 -44 511 132
person 0.017173981 629 768 651 841
person 0.017160151 1076 786 1082 831
person 0.017138144 139 453 234 618
person 0.017137574 894 173 905 195
person 0.017131198 858 395 950 553
person 0.017129835 215 256 321 381
person 0.01709654 841 -236 856 -180
person 0.01705713 584 19 593 32
person 0.017019013 104 -222 134 -139
person 0.017017283 630 14 645 31
person 0.016992223 937 734 957 804
person 0.0169173 440 -100 488 43
person 0.016914349 496 66 529 110
person 0.01690365 669 94 686 108
person 0.016886827 832 -76 855 -59
person 0.016884973 -4 -38 8 -10
person 0.016867759 985 249 1074 402
person 0.016844235 334 132 347 143
person 0.016824275 0 808 8 855
person 0.016820498 392 192 413 214
person 0.016809098 706 177 727 198
person 0.016794283 587 768 609 841
person 0.016788749 593 -234 608 -183
person 0.016761057 399 79 416 98
person 0.016757198 39 255 71 308
person 0.016751071 961 768 984 841
person 0.016743565 898 211 997 358
person 0.01673687 379 767 401 841
person 0.016730782 1045 416 1055 474
person 0.01672915 337 767 359 841
person 0.016700694 858 222 875 263
person 0.016694658 171 768 193 841
person 0.016672347 642 78 727 222
person 0.0166476 881 61 893 73
person 0.01663864 615 606 624 638
person 0.016633634 141 28 162 64
person 0.01662384 420 767 443 841
person 0.016598985 822 340 892 419
person 0.016596906 545 767 567 841
person 0.01657135 296 767 318 841
person 0.016563728 977 381 997 406
person 0.016533332 145 43 168 77
person 0.016532348 504 767 526 841
person 0.016527232 962 644 976 692
person 0.016526759 462 767 484 841
person 0.016525388 205 285 229 309
person 0.016511807 441 199 452 220
person 0.016509531 583 -96 600 -71
person 0.01648073 482 35 492 49
person 0.016466701 212 767 234 841
person 0.016443055 254 767 276 841
person 0.016417649 1073 6 1086 33
person 0.01641313 46 767 69 841
person 0.016399724 94 720 115 787
person 0.016372548 419 -240 435 -220
person 0.01637165 211 -240 227 -219
person 0.016366659 336 -240 351 -219
person 0.016361348 440 -240 455 -220
person 0.016361149 315 -240 331 -219
person 0.016358187 357 -240 372 -219
person 0.016355656 232 -240 247 -219
person 0.016352242 190 -240 206 -220
person 0.016352234 398 -240 414 -220
person 0.016348345 294 -240 310 -219
person 0.0163466 253 -240 268 -219
person 0.016345808 273 -240 289 -219
person 0.016338205 377 -240 393 -219
person 0.016334413 481 -240 497 -220
person 0.016328398 461 -240 476 -220
person 0.016310906 502 -240 518 -220
person 0.016270598 562 -96 579 -70
person 0.016246764 1020 597 1033 611
person 0.016245393 1074 733 1083 809
person 0.016243825 129 768 151 841
person 0.016242215 258 627 271 669
person 0.016202742 1076 114 1083 128
person 0.016201656 729 -239 743 -232
person 0.01619418 0 584 5 625
person 0.016191103 523 -240 539 -220
person 0.016184155 996 238 1017 256
person 0.016161423 169 -240 185 -220
person 0.016149236 715 222 828 360
person 0.016146872 940 198 966 220
person 0.01611515 46 -16 74 70
person 0.0160943 1002 642 1018 691
person 0.016066976 0 642 8 723
person 0.016065761 1076 214 1083 244
person 0.016049465 280 610 289 641
person 0.016046869 1003 768 1025 840
person 0.016043624 1009 311 1045 364
person 0.016035745 303 291 341 339
person 0.016011167 174 722 197 788
person 0.016007952 970 -204 985 -145
person 0.015999978 821 549 837 576
person 0.015998656 979 -240 995 -221
person 0.015962882 983 139 995 158
person 0.015945865 1011 522 1049 544
person 0.015943328 1076 296 1082 326
person 0.01590596 544 -240 559 -220
person 0.01590355 499 26 522 59
person 0.015894454 1072 276 1087 302
person 0.015877532 217 567 232 594
person 0.015857086 1076 169 1083 199
person 0.015837846 87 51 111 86
person 0.015832445 770 734 790 804
person 0.015826434 418 675 434 720
person 0.015824324 1071 299 1086 324
person 0.015817799 354 735 372 760
person 0.015808182 804 314 905 462
person 0.015777133 759 750 791 845
person 0.015768243 841 -161 852 -113
person 0.015767947 340 -47 409 132
person 0.015759313 0 620 5 661
person 0.015758056 565 -240 580 -220
person 0.015757302 1020 736 1039 808
person 0.015752643 226 123 236 135
person 0.015742969 187 735 205 760
person 0.01573677 333 735 351 760
person 0.015731454 375 735 392 760
person 0.015730634 1051 10 1082 89
person 0.01570099 224 414 262 465
person 0.015686244 563 89 658 230
person 0.015674952 174 627 188 671
person 0.015644884 148 -240 164 -220
person 0.015638584 313 442 387 520
person 0.015613881 208 735 226 760
person 0.015576321 586 553 605 608
person 0.01556863 1076 33 1082 48
person 0.015564443 188 333 216 359
person 0.015557284 307 221 414 361
person 0.015552741 312 735 330 760
person 0.015537394 257 752 291 844
person 0.015525112 207 411 305 554
person 0.015514663 100 -54 124 9
person 0.015513426 707 114 722 130
person 0.015512375 87 99 112 131
person 0.015499769 396 735 413 760
person 0.015494378 790 -78 813 -58
person 0.015487447 -5 677 13 807
person 0.01547279 621 265 744 384
person 0.015460111 167 735 184 760
person 0.015438874 482 56 500 76
person 0.015438013 438 383 453 402
person 0.015437267 1077 527 1083 558
person 0.015424552 141 -234 156 -183
person 0.015409352 941 61 952 73
person 0.015409287 292 734 309 760
person 0.015404434 229 734 247 760
person 0.0153992055 129 604 139 637
person 0.015398677 217 628 230 669
person 0.015394094 659 -139 707 -17
person 0.01538942 887 445 958 611
person 0.015385439 964 609 973 640
person 0.015379321 197 115 208 130
person 0.015373648 689 -240 705 -221
person 0.015369467 477 174 497 194
person 0.015360321 666 30 689 61
person 0.015351042 300 164 336 209
person 0.015321332 579 232 699 375
person 0.0153129315 250 734 267 760
person 0.015300671 927 -207 940 -152
person 0.015296618 344 60 370 88
person 0.015273516 271 734 288 760
person 0.015268468 944 -224 952 -189
person 0.01526244 -3 -8 10 18
person 0.015246945 963 51 979 70
person 0.015238994 603 -96 621 -71
person 0.015231604 1071 20 1082 59
person 0.015226534 286 210 325 254
person 0.015180558 943 608 952 641
person 0.015177641 585 -240 601 -220
person 0.015173101 527 392 536 405
person 0.015166519 416 734 434 760
person 0.015164739 187 251 205 275
person 0.015163016 502 12 517 29
person 0.0151540395 542 -96 558 -70
person 0.015133998 1033 152 1042 174
person 0.015097297 466 608 475 639
person 0.015064029 890 112 903 125
person 0.015061051 68 -229 79 -181
person 0.015006858 627 606 636 642
person 0.014976349 0 -191 5 -148
person 0.014963116 503 147 513 170
person 0.014960192 335 127 346 137
person 0.014951207 187 378 217 413
person 0.014937722 723 215 748 234
person 0.014882624 482 -97 545 69
person 0.014856452 128 -240 143 -220
person 0.014847997 810 216 834 233
person 0.01483905 820 -136 866 -17
person 0.014828124 437 734 455 760
person 0.014814399 83 488 100 513
person 0.014811075 591 750 623 846
person 0.014808938 161 417 202 465
person 0.014794885 0 355 17 429
person 0.014793148 684 15 700 32
person 0.014787317 852 -75 875 -60
person 0.014749698 435 134 449 147
person 0.014745598 979 -239 992 -232
person 0.014734053 551 63 585 107
person 0.0147274025 953 -233 986 -160
person 0.014713246 1065 -240 1085 -178
person 0.014702265 581 675 601 725
person 0.014680951 549 584 564 654
person 0.014676751 107 -229 119 -182
person 0.014643159 88 767 110 842
person 0.014639416 424 751 457 844
person 0.014627212 480 -96 496 -70
person 0.014607472 1062 94 1088 145
person 0.01459349 521 -96 537 -70
person 0.014590029 500 -96 516 -70
person 0.014589088 65 -240 81 -222
person 0.014588247 376 151 392 168
person 0.014586128 458 734 476 760
person 0.014563602 606 -240 622 -220
person 0.014509858 350 483 377 506
person 0.014496302 947 207 973 231
person 0.014477002 675 749 707 844
person 0.0144676035 1068 545 1077 621
person 0.014459175 669 -240 685 -221
person 0.014446914 507 751 540 844
person 0.014437236 479 734 496 760
person 0.014435493 340 752 374 845
person 0.014424454 256 608 266 640
person 0.014417181 520 734 538 760
person 0.014417086 975 196 999 218
person 0.014411992 222 433 290 518
person 0.014399793 500 734 517 760
person 0.01438863 104 -166 124 -97
person 0.014380565 706 199 728 219
person 0.014378564 706 676 726 726
person 0.014378024 541 734 559 760
person 0.014376408 384 167 421 211
person 0.014374463 1000 -240 1013 -232
person 0.014362815 562 734 580 760
person 0.014346393 787 570 804 599
person 0.014346049 -2 222 21 281
person 0.014337441 583 734 600 760
person 0.014337394 907 147 918 167
person 0.014334348 737 42 747 54
person 0.014321513 778 -225 787 -189
person 0.014315544 0 641 5 683
person 0.014305973 247 341 270 360
person 0.014289266 507 254 548 304
person 0.014286386 552 -235 567 -184
person 0.014257841 138 135 164 164
person 0.01425778 -3 -242 13 -171
person 0.014234798 107 -240 122 -220
person 0.0142205525 0 -58 8 5
person 0.01419914 604 734 621 760
person 0.01419655 625 734 642 760
person 0.014173551 146 734 163 761
person 0.014165878 1000 -240 1015 -222
person 0.014139009 61 -118 80 -50
person 0.014120069 459 -96 475 -69
person 0.014093768 976 219 1001 238
person 0.01409347 95 325 132 378
person 0.014080795 1072 195 1087 222
person 0.014077055 817 85 900 230
person 0.014071259 645 734 663 760
person 0.014067033 748 215 770 233
person 0.014044908 1003 -107 1016 -62
person 0.014030271 -3 -103 16 9
person 0.014023992 381 76 397 95
person 0.013977637 648 -240 663 -220
person 0.013975283 666 734 684 760
person 0.013972096 729 734 749 805
person 0.0139675 935 424 955 449
person 0.013965792 740 -138 787 -16
person 0.013954346 825 544 841 572
person 0.013936112 709 -239 723 -232
person 0.013935671 477 23 498 57
person 0.013922397 250 381 271 402
person 0.01390723 1075 -205 1082 -167
person 0.0139053725 148 114 168 137
person 0.013875106 627 -240 643 -220
person 0.013857619 1076 443 1083 473
person 0.0138339 962 687 983 732
person 0.013831005 963 245 973 256
person 0.013810931 168 148 179 165
person 0.013807702 459 173 500 216
person 0.0138048325 102 280 129 297
person 0.013800568 133 624 146 675
person 0.013799802 687 734 705 760
person 0.013765334 212 94 237 122
person 0.013759269 372 52 389 71
person 0.013735246 529 608 538 641
person 0.013703913 1067 709 1084 780
person 0.01370053 1059 290 1084 351
person 0.013677784 133 721 155 788
person 0.013674079 402 128 440 170
person 0.013659663 423 405 441 429
person 0.013621585 258 -42 331 134
person 0.013619876 439 93 500 184
person 0.013619728 97 -148 125 -51
person 0.013553617 1066 -163 1084 -95
person 0.013536432 923 606 932 642
person 0.013531028 708 734 725 760
person 0.013528641 -4 240 13 267
person 0.013519711 393 150 497 292
person 0.01351779 641 213 663 232
person 0.013515247 -3 -226 8 -197
person 0.013513677 282 95 340 190
person 0.013509824 58 51 86 104
person 0.0134917945 1068 639 1085 684
person 0.013478993 969 155 1042 291
person 0.01346141 59 92 82 126
person 0.013456819 301 300 422 446
person 0.0134254685 624 -97 642 -72
person 0.01341051 1067 742 1083 821
person 0.0134039875 451 381 468 404
person 0.013399825 799 -225 807 -189
person 0.013397878 882 -204 902 -143
person 0.013376049 174 99 199 129
person 0.0133740045 -11 136 61 283
person 0.013369425 963 630 973 660
person 0.013367871 1036 148 1046 170
person 0.013359144 329 167 367 210
person 0.013323993 60 176 87 210
person 0.013319004 320 322 400 396
person 0.013311944 466 56 476 70
person 0.013310911 827 296 869 344
person 0.013291561 569 19 579 33
person 0.013275723 503 616 523 682
person 0.0132756 0 -170 5 -127
person 0.013242423 623 591 643 658
person 0.013236379 424 385 441 407
person 0.01323331 854 199 877 220
person 0.013228746 222 120 239 137
person 0.013228137 122 404 163 458
person 0.013210472 255 212 293 257
person 0.013193146 705 130 718 142
person 0.013176681 196 609 205 641
person 0.0131703755 735 39 750 55
person 0.013166856 265 575 279 603
person 0.013153202 505 14 514 27
person 0.013151951 729 734 746 760
person 0.013141292 -2 594 20 709
person 0.013117524 1002 215 1013 226
person 0.013096546 101 487 123 512
person 0.013091696 796 36 812 54
person 0.013065183 880 -5 913 81
person 0.013058968 377 676 391 718
person 0.013057475 770 -79 792 -57
person 0.013054469 343 612 350 629
person 0.0130075 -4 93 9 120
person 0.012949495 350 88 441 231
person 0.012948751 260 -189 288 -95
person 0.012933275 96 -84 140 44
person 0.0129099935 -1 -186 13 -102
person 0.012903748 142 506 162 527
person 0.012892238 1075 -164 1082 -126
person 0.012862948 356 608 366 636
person 0.012857997 171 -158 184 -113
person 0.012843474 750 734 767 760
person 0.012820061 1075 -185 1082 -146
person 0.012803556 687 733 707 805
person 0.012791844 777 37 792 54
person 0.012790803 178 -175 205 -82
person 0.012761645 509 -235 524 -185
person 0.012741762 911 119 968 209
person 0.012740353 541 161 552 182
person 0.012735826 439 -96 454 -69
person 0.0126947425 893 582 903 619
person 0.01265431 712 17 736 48
person 0.012622125 109 618 122 685
person 0.012608649 217 608 226 640
person 0.012602536 984 632 994 659
person 0.012599937 0 661 5 704
person 0.0125624575 577 109 590 121
person 0.012538449 233 586 244 618
person 0.012529667 215 587 225 618
person 0.012517848 1000 -153 1019 -91
person 0.0124978125 735 609 744 642
person 0.012493965 623 674 642 724
person 0.012489041 -3 -205 8 -176
person 0.012468069 829 176 854 199
person 0.012441719 1075 -123 1082 -84
person 0.012441472 906 139 917 159
person 0.012430854 0 -147 8 -66
person 0.012420983 342 145 442 290
person 0.012399921 770 733 788 760
person 0.01239675 689 -239 703 -232
person 0.01237715 154 154 247 301
person 0.012359909 974 394 1000 420
person 0.012352716 0 -149 5 -107
person 0.0123331845 1076 575 1083 588
person 0.012332732 498 404 516 429
person 0.012304188 1075 -143 1082 -105
person 0.012284304 40 303 70 359
person 0.012280701 999 -232 1021 -173
person 0.012278375 404 426 423 450
person 0.01226712 130 -159 142 -112
person 0.012261043 86 -240 102 -221
person 0.012259999 549 609 558 641
person 0.012257834 877 277 889 288
person 0.012248069 645 -97 663 -72
person 0.012245797 543 28 567 59
person 0.012230752 830 675 850 726
person 0.012207385 1075 -102 1082 -63
person 0.012163586 893 176 906 187
person 0.012156696 1000 -195 1020 -133
person 0.012150037 445 609 454 641
person 0.01214744 177 -236 191 -184
person 0.01213156 978 735 998 807
person 0.012118764 -4 250 15 277
person 0.012114216 1029 492 1054 554
person 0.0121105425 188 284 212 310
person 0.012106578 791 733 809 760
person 0.01208653 1039 486 1049 558
person 0.012069149 819 32 834 51
person 0.012060896 685 197 707 216
person 0.012041338 672 587 692 656
person 0.012036585 468 -235 482 -185
person 0.012033865 -4 607 8 637
person 0.012021649 487 608 496 640
person 0.0119895 61 733 79 806
person 0.011980873 426 -235 440 -185
person 0.011966559 1075 607 1082 642
person 0.011965077 327 219 367 264
person 0.011942381 335 454 376 504
person 0.011929756 501 675 516 723
person 0.011924929 978 589 988 621
person 0.011912957 1019 218 1040 240
person 0.0118925935 993 -14 1008 10
person 0.011865475 566 16 582 33
person 0.011856495 812 733 830 760
person 0.01184292 371 137 388 148
person 0.0118301995 800 19 823 54
person 0.011820687 252 676 266 721
person 0.011819234 593 148 605 167
person 0.011812487 384 -236 399 -185
person 0.011805196 645 733 665 805
person 0.011798379 418 -96 433 -69
person 0.011795528 1035 462 1053 486
person 0.0117665045 872 -75 895 -60
person 0.01175079 1002 199 1012 221
person 0.011741518 545 400 559 429
person 0.011724195 1077 192 1083 223
person 0.0117175225 540 306 643 452
person 0.01171086 0 682 5 724
person 0.011703528 281 112 290 123
person 0.011691719 92 296 130 310
person 0.0116837 508 608 517 640
person 0.011674646 350 505 377 526
person 0.011640408 51 603 60 635
person 0.011639438 0 785 5 832
person 0.011619968 58 493 76 517
person 0.011618912 998 160 1009 183
person 0.011610876 940 399 965 429
person 0.011610591 676 604 685 638
person 0.011581237 146 446 164 455
person 0.0115766805 833 733 850 760
person 0.011569901 671 -205 689 -151
person 0.011568036 -5 218 10 244
person 0.011564945 293 -96 308 -69
person 0.011561163 522 136 536 155
person 0.011560498 999 598 1010 613
person 0.011551151 39 478 60 509
person 0.011550466 1076 135 1083 149
person 0.011544827 820 -226 828 -189
person 0.011536422 125 734 142 761
person 0.011531095 168 121 179 137
person 0.01150566 870 -76 894 -67
person 0.011498189 923 -226 931 -189
person 0.011496097 0 -128 5 -86
person 0.011491866 757 -225 766 -189
person 0.011491161 540 676 559 725
person 0.011491129 96 201 117 222
person 0.011484296 455 382 464 398
person 0.011481843 0 -103 8 -25
person 0.011473896 1003 210 1012 231
person 0.011429227 107 -205 120 -148
person 0.011410242 79 703 146 867
person 0.011406515 1077 506 1083 536
person 0.011401123 354 733 374 805
person 0.01139757 482 384 494 400
person 0.011396475 604 733 623 805
person 0.011389992 397 -96 412 -69
person 0.011385745 37 465 55 492
person 0.011378872 396 734 415 805
person 0.0113764 177 226 207 257
person 0.011373852 359 94 375 112
person 0.011349279 647 218 658 229
person 0.011346887 147 595 156 613
person 0.011326952 132 -104 150 -55
person 0.011326867 65 -240 79 -232
person 0.01131657 1017 200 1037 222
person 0.011315557 744 90 758 110
person 0.011311941 1077 768 1083 811
person 0.011310522 312 733 332 805
person 0.011309622 668 -239 682 -232
person 0.01130542 343 -236 357 -185
person 0.011295128 1066 -123 1084 -54
person 0.011281324 519 406 537 431
person 0.011273337 910 706 979 857
person 0.011270918 125 -10 172 112
person 0.011245043 655 606 664 639
person 0.011241853 175 56 200 90
person 0.011200305 875 295 914 344
person 0.0111760385 856 278 870 291
person 0.011171735 46 747 62 777
person 0.011149254 145 101 165 121
person 0.011134685 100 -110 119 -58
person 0.011122988 793 714 808 741
person 0.011118511 111 501 132 531
person 0.011109303 580 16 596 33
person 0.011095999 964 -223 973 -189
person 0.011090508 63 -162 81 -92
person 0.011087694 214 -159 226 -115
person 0.011087558 854 733 871 760
person 0.011081939 172 673 225 777
person 0.011067713 226 573 234 589
person 0.011063215 1076 555 1083 568
person 0.011060195 842 139 854 159
person 0.011058787 299 341 330 374
person 0.011045731 188 734 207 806
person 0.011032066 953 259 973 276
person 0.011021142 456 373 466 386
person 0.011016214 562 734 582 805
person 0.011015524 262 59 295 106
person 0.011006541 293 676 308 719
person 0.0110043455 667 -117 682 -91
person 0.011000459 1075 -82 1082 -42
person 0.010995226 595 53 631 98
person 0.010993976 45 498 63 528
person 0.010987181 229 734 249 806
person 0.010987176 982 570 997 600
person 0.010984455 402 411 420 432
person 0.01098372 252 398 275 419
person 0.010981954 772 714 787 741
person 0.010957355 751 714 766 741
person 0.010955878 271 733 290 806
person 0.010941084 483 408 499 429
person 0.0109299645 437 734 457 805
person 0.010920911 332 193 350 216
person 0.010916529 1017 242 1038 264
person 0.010903367 521 402 533 425
person 0.010878294 419 -239 432 -232
person 0.010873554 803 490 889 635
person 0.01087339 439 -239 453 -232
person 0.010868617 210 -239 224 -232
person 0.010867259 190 -239 204 -232
person 0.010865403 335 -239 349 -232
person 0.010865285 398 -239 412 -232
person 0.010864521 481 -239 495 -232
person 0.010862073 314 -239 328 -232
person 0.01086197 356 -239 370 -232
person 0.010858343 460 -239 474 -232
person 0.010857826 502 -239 516 -232
person 0.010856071 231 -239 245 -232
person 0.010853418 377 -239 391 -232
person 0.01085286 294 -239 308 -232
person 0.010851759 1066 670 1085 735
person 0.010850618 252 -239 266 -232
person 0.010849333 273 -239 287 -232
person 0.010849262 857 15 865 29
person 0.010838752 421 592 431 623
person 0.010826825 0 -107 5 -65
person 0.010824103 874 733 892 760
person 0.010817974 943 613 951 631
person 0.010815494 520 734 540 805
person 0.0108125815 1018 318 1037 342
person 0.010802621 479 734 499 805
person 0.010789421 47 330 73 387
person 0.010787009 176 74 233 172
person 0.010780712 523 -239 537 -232
person 0.010771014 268 73 354 222
person 0.010769617 970 26 993 60
person 0.010764056 169 -239 183 -232
person 0.010761872 454 217 474 239
person 0.010755701 768 198 793 217
person 0.010754103 218 -236 232 -185
person 0.010752759 551 391 559 406
person 0.010747652 333 461 363 488
person 0.010737158 0 703 5 745
person 0.010735557 1046 74 1061 96
person 0.010733486 99 700 127 810
person 0.0107310405 794 290 835 339
person 0.010729061 603 579 613 616
person 0.010719689 1051 -156 1092 -40
person 0.0107049225 514 36 531 55
person 0.010681103 570 608 579 640
person 0.010674666 220 570 229 587
person 0.010670694 647 -117 662 -91
person 0.010668167 235 100 245 114
person 0.010665046 0 565 5 605
person 0.010659977 0 724 6 765
person 0.010637902 543 -239 557 -232
person 0.010635337 975 235 997 253
person 0.010629394 731 714 745 741
person 0.0106185675 811 107 826 130
person 0.0106155975 570 403 580 433
person 0.0106081925 841 -226 849 -189
person 0.0105971685 315 -96 330 -68
person 0.010593295 691 152 703 173
person 0.010583952 564 -239 578 -232
person 0.010580597 752 18 775 52
person 0.010576236 647 -239 661 -232
person 0.010576005 301 -236 315 -185
person 0.0105669685 839 16 847 30
person 0.01054486 505 589 526 657
person 0.010540264 224 35 243 54
person 0.01054022 814 714 829 741
person 0.01052548 455 197 475 218
person 0.0105123725 754 221 765 231
person 0.010507563 665 674 684 725
person 0.010489199 148 -239 162 -232
person 0.010481279 91 138 108 160
person 0.010480345 147 589 158 621
person 0.010480232 382 614 391 642
person 0.010457959 196 -25 245 93
person 0.010452295 1071 532 1088 552
person 0.010447926 256 -161 268 -117
person 0.010433309 88 373 131 427
person 0.010432324 1075 594 1082 609
person 0.010429731 916 -109 928 -67
person 0.01042184 423 371 441 392
person 0.010419342 727 -96 747 -76
person 0.010418132 185 -102 204 -55
person 0.010417316 425 69 515 220
person 0.01041592 585 -239 599 -232
person 0.010415187 39 276 59 298
person 0.010407607 -3 626 8 654
person 0.010403326 388 461 408 483
person 0.01040145 980 237 994 248
person 0.010391236 22 792 37 824
person 0.0103843585 690 92 707 109
person 0.010376252 119 527 138 550
person 0.010374426 1023 488 1046 513
person 0.010371568 0 236 8 269
person 0.0103708375 863 129 876 151
person 0.010368876 1076 749 1083 787
person 0.010368646 710 715 725 742
person 0.010340746 97 211 119 234
person 0.010339618 49 622 59 654
person 0.010334184 0 -65 5 -24
person 0.01032366 531 261 571 311
person 0.010319188 154 703 228 860
person 0.010283448 259 -236 274 -185
person 0.010281768 1024 95 1034 106
person 0.0102786 244 369 266 387
person 0.010273135 0 -86 5 -45
person 0.010266674 879 265 892 275
person 0.010251044 666 -97 684 -72
person 0.010244743 606 -239 620 -232
person 0.010244192 500 193 520 213
person 0.010240266 155 612 165 643
person 0.0102330055 1006 730 1055 851
person 0.010231789 749 -95 769 -76
person 0.01022923 546 203 556 215
person 0.010202884 273 -95 288 -69
person 0.010190183 626 215 648 235
person 0.010186779 778 92 794 113
person 0.01018514 46 728 61 758
person 0.01017809 253 136 270 152
person 0.01016974 439 56 458 77
person 0.010158485 523 12 539 30
person 0.010153303 601 -145 650 -18
person 0.010144484 627 -239 641 -232
person 0.010139649 351 197 371 219
person 0.0101354625 211 -96 226 -69
person 0.0101347305 220 52 245 85
person 0.010126248 835 714 849 741
person 0.010122402 356 749 375 777
person 0.010120524 322 613 330 631
person 0.010119033 173 611 183 642
person 0.010114735 -4 730 9 758
person 0.010107061 335 749 354 777
person 0.010101648 689 715 704 742
person 0.010096495 263 672 311 769
person 0.01009223 916 585 927 622
person 0.010084073 377 749 395 777
person 0.010079943 879 15 887 29
person 0.010078781 378 629 391 661
person 0.010076455 541 9 557 28
person 0.010076236 1076 -18 1083 14
person 0.010072717 190 749 208 777
person 0.010067973 -5 295 9 319
person 0.010063497 45 442 63 468
person 0.010053404 872 678 892 727
person 0.010046263 544 12 554 27
person 0.010043916 315 749 333 777
person 0.010042746 64 518 82 548
person 0.010032975 168 677 183 720
person 0.010031161 877 542 891 570
person 0.010027799 585 715 600 742
person 0.010023251 606 715 621 742
person 0.010021885 895 732 913 760
person 0.010010995 127 -239 141 -232
person 0.010007342 958 277 969 289
person 0.010007031 294 749 312 777
person 0.010006455 593 497 612 548
person 0.010003692 398 749 416 777
