person 0.7004139 555 125 579 153
person 0.6705243 491 158 515 188
person 0.66943264 439 150 464 178
person 0.60103714 696 154 722 184
person 0.5934617 393 111 415 136
person 0.5804143 329 103 345 122
person 0.5465342 772 131 805 173
person 0.5314692 839 67 851 82
person 0.5285091 506 60 519 77
person 0.5147167 535 187 562 220
person 0.5016002 856 72 868 88
person 0.040253405 342 115 359 133
person 0.031256773 339 111 355 128
person 0.028717665 841 69 848 79
person 0.01944281 858 73 866 84
person 0.013519036 506 59 515 73
person 0.010937384 501 57 521 80
