person 0.6602956 916 108 932 131
person 0.44424847 661 56 675 75
person 0.21803756 632 27 648 48
person 0.21696427 124 239 156 288
person 0.14184263 663 58 672 70
person 0.13718873 44 260 81 327
person 0.13309632 974 152 989 174
person 0.1256776 662 61 672 78
person 0.121246085 978 135 992 155
person 0.119062416 970 171 985 194
person 0.11366096 657 50 678 78
person 0.10608929 538 26 553 45
person 0.10407857 0 269 8 334
person 0.10131893 946 252 1002 345
person 0.094781406 628 55 643 73
person 0.09285618 1021 598 1030 660
person 0.088278964 746 75 759 93
person 0.087445565 0 237 8 285
person 0.08482818 126 247 166 310
person 0.08108739 938 447 1008 598
person 0.08061586 138 277 170 327
person 0.074240826 666 57 681 74
person 0.07232944 190 336 226 381
person 0.07147143 631 57 641 69
person 0.07106207 964 207 1001 270
person 0.07023231 616 64 633 83
person 0.067614585 966 171 990 204
person 0.064732604 668 64 684 83
person 0.06461281 935 229 1013 378
person 0.061446708 925 108 941 129
person 0.05965845 942 389 1019 554
person 0.05927633 136 308 167 356
person 0.058726363 1020 559 1028 623
person 0.058164243 635 28 645 42
person 0.056557864 534 22 555 52
person 0.05612753 248 346 269 369
person 0.055714376 740 71 756 90
person 0.055432517 48 257 70 298
person 0.055335876 623 60 633 71
person 0.05500472 -4 -227 9 -204
person 0.054383744 1019 -226 1029 -179
person 0.05419562 190 326 211 345
person 0.052362468 620 58 636 74
person 0.052080367 970 191 988 216
person 0.0516499 929 276 1002 448
person 0.05066402 25 238 101 369
person 0.04873418 172 319 211 364
person 0.04844909 1020 640 1030 693
person 0.048323918 0 -230 6 -203
person 0.04825121 3 104 14 144
person 0.048154134 -3 -218 18 -127
person 0.04792602 30 409 73 524
person 0.047689896 249 356 269 379
person 0.04750021 -1 355 12 471
person 0.047368485 933 131 949 151
person 0.047060274 -4 -227 8 -220
person 0.047032557 370 491 386 515
person 0.04703163 37 446 96 592
person 0.0469672 837 84 852 103
person 0.04630126 248 188 270 219
person 0.045901515 601 64 616 80
person 0.04581446 349 44 370 72
person 0.045779027 1023 128 1030 153
person 0.045577094 894 107 911 128
person 0.045373004 766 350 838 507
person 0.045172855 18 299 31 366
person 0.044844452 6 111 14 135
person 0.044595465 676 102 692 125
person 0.044554766 749 77 757 88
person 0.044528093 927 124 951 153
person 0.04447962 403 513 417 540
person 0.044132557 -4 241 8 268
person 0.043897796 244 340 265 362
person 0.043459248 618 66 630 78
person 0.04330895 3 113 17 134
person 0.042626675 908 127 925 149
person 0.04227623 710 90 726 110
person 0.04198868 0 237 5 272
person 0.041807562 189 282 225 329
person 0.041634183 950 671 978 754
person 0.04162172 710 162 733 194
person 0.040843446 135 -74 160 18
person 0.040321793 1019 171 1029 216
person 0.039711677 910 99 938 142
person 0.03967247 965 200 994 241
person 0.039239906 -1 271 15 340
person 0.03918544 514 95 540 123
person 0.039104834 0 255 5 290
person 0.039063845 489 91 514 120
person 0.03867119 541 28 549 41
person 0.038628776 0 0 5 34
person 0.038372442 133 221 160 255
person 0.038262386 961 228 994 277
person 0.03826091 1019 57 1029 97
person 0.038260814 669 60 678 71
person 0.038061656 1018 -227 1030 -220
person 0.03786301 912 89 928 108
person 0.03739983 -4 3 9 29
person 0.037396215 99 243 123 280
person 0.037229512 636 66 653 85
person 0.037163768 352 39 366 55
person 0.036936518 603 66 613 77
person 0.036934346 1018 -228 1032 -206
person 0.036595304 -4 259 8 285
person 0.036571223 269 186 291 218
person 0.03653932 50 265 65 292
person 0.03640044 406 94 431 121
person 0.036386576 742 352 810 513
person 0.036336094 855 84 871 102
person 0.03630808 37 418 50 445
person 0.036030892 739 84 754 104
person 0.035829313 71 315 95 368
person 0.03576377 1020 -191 1029 -136
person 0.035660002 -3 234 15 295
person 0.035332765 153 355 190 403
person 0.03529573 0 339 7 420
person 0.035273034 222 95 237 114
person 0.035231035 838 128 862 157
person 0.035221796 75 352 100 410
person 0.035199847 3 120 11 144
person 0.034960613 753 369 802 477
person 0.034908798 0 -232 8 -181
person 0.03487707 1009 -207 1035 -131
person 0.034769855 238 333 257 352
person 0.034712687 591 130 617 162
person 0.03455788 803 123 826 153
person 0.03421433 953 106 969 126
person 0.034202673 1021 675 1030 734
person 0.03403432 146 331 202 419
person 0.033958465 109 259 134 286
person 0.03393353 135 306 212 458
person 0.03377519 955 -213 968 -174
person 0.033767514 1024 67 1030 93
person 0.033721182 335 47 357 77
person 0.03366698 598 112 614 133
person 0.033572964 150 -90 190 43
person 0.03344888 666 54 689 83
person 0.03335234 749 85 765 105
person 0.03328023 163 239 190 273
person 0.033278957 551 132 577 163
person 0.03313136 141 370 212 534
person 0.03299916 1020 129 1033 152
person 0.032997258 57 251 73 275
person 0.03285544 980 138 989 150
person 0.032801352 149 277 211 355
person 0.032722738 635 124 660 157
person 0.032707904 43 -227 58 -212
person 0.032672103 1017 278 1026 342
person 0.032625485 594 105 617 132
person 0.032605972 635 99 659 128
person 0.032531984 728 87 752 117
person 0.032448035 -2 -151 15 -43
person 0.03236884 412 125 437 155
person 0.032177385 789 68 804 86
person 0.032040756 102 245 119 270
person 0.031982645 24 -227 37 -221
person 0.031973045 754 90 778 119
person 0.031556543 889 128 906 149
person 0.031520773 1023 104 1030 128
person 0.031431757 485 127 511 157
person 0.031410966 1023 144 1030 171
person 0.031393304 871 86 887 104
person 0.03133423 742 72 753 84
person 0.031305864 631 332 683 429
person 0.031237187 526 129 552 159
person 0.031155396 761 -63 783 -27
person 0.031066565 52 270 73 316
person 0.030967316 619 306 690 461
person 0.030893432 24 -227 40 -212
person 0.030872272 938 294 994 400
person 0.03085686 931 90 946 108
person 0.03078397 42 182 66 211
person 0.030765519 239 339 274 384
person 0.030594783 835 175 873 233
person 0.030576255 355 41 363 52
person 0.030572155 1019 236 1029 293
person 0.030510278 1019 129 1030 169
person 0.030482648 250 307 269 328
person 0.03037994 871 132 895 162
person 0.030353324 950 129 967 148
person 0.030101482 838 76 853 93
person 0.03005607 533 53 550 71
person 0.03003265 949 -86 989 40
person 0.029845016 986 194 999 247
person 0.029424626 716 68 733 87
person 0.029408116 919 -216 934 -170
person 0.029173445 674 92 690 112
person 0.029042115 442 91 467 119
person 0.028995998 869 108 886 127
person 0.028986575 613 58 637 86
person 0.028930627 54 682 73 747
person 0.028826883 252 194 275 227
person 0.028681958 487 177 512 212
person 0.028674867 1024 88 1030 114
person 0.02867227 568 91 593 119
person 0.028661514 132 298 164 321
person 0.028607363 370 517 385 544
person 0.028604107 874 167 900 199
person 0.028507477 323 593 337 641
person 0.028424865 671 66 682 78
person 0.028377028 788 166 813 200
person 0.028367346 722 126 746 158
person 0.028221013 845 170 870 203
person 0.028154697 830 104 846 123
person 0.028124293 562 29 578 47
person 0.028054792 745 67 767 95
person 0.02792101 44 435 60 464
person 0.027848406 893 86 909 105
person 0.02771215 640 107 656 130
person 0.027693616 438 128 465 159
person 0.027650034 355 136 380 166
person 0.027574304 796 -61 817 -24
person 0.027495287 286 320 356 458
person 0.027325975 814 -227 826 -220
person 0.027295245 297 259 349 351
person 0.027241265 478 587 496 652
person 0.027232232 794 -227 806 -220
person 0.027185924 984 143 999 165
person 0.027158193 833 -227 845 -220
person 0.0271063 980 202 1003 242
person 0.027060173 853 -227 865 -220
person 0.027023613 324 128 349 158
person 0.026959734 43 -227 56 -221
person 0.026952285 833 89 857 117
person 0.026938172 684 124 708 155
person 0.026917037 105 226 184 366
person 0.026916202 919 109 929 122
person 0.02691399 988 -227 1001 -221
person 0.026881328 850 76 866 93
person 0.02679468 73 481 122 597
person 0.026627729 774 -227 786 -220
person 0.026592176 582 91 619 150
person 0.02651498 932 144 949 167
person 0.026483988 768 164 792 198
person 0.026437934 393 537 409 565
person 0.02643064 767 128 790 158
person 0.026426954 215 455 234 478
person 0.026370855 1012 175 1032 210
person 0.026326202 197 298 222 320
person 0.026258128 1018 90 1029 127
person 0.026064625 598 583 615 650
person 0.026012555 490 76 506 93
person 0.026006768 438 45 462 72
person 0.025878267 442 590 455 644
person 0.025850644 698 68 714 87
person 0.025803132 97 209 122 242
person 0.02571771 887 -221 903 -170
person 0.025690129 789 344 848 434
person 0.025672473 873 -227 885 -220
person 0.02565054 104 496 123 521
person 0.025638418 649 152 687 208
person 0.02556203 697 55 712 72
person 0.025505213 874 383 963 540
person 0.02546232 773 322 861 467
person 0.025374932 517 105 534 127
person 0.025321836 1019 146 1033 170
person 0.025262613 558 586 576 652
person 0.025229411 797 95 822 124
person 0.025212893 364 91 389 119
person 0.025145993 812 125 829 148
person 0.025078883 815 86 831 104
person 0.025067065 722 154 761 213
person 0.02505933 652 158 676 191
person 0.025034701 774 -228 788 -206
person 0.024961203 192 507 215 529
person 0.024936296 886 702 916 789
person 0.024908556 794 -228 808 -206
person 0.024810381 974 108 990 129
person 0.024725707 -13 305 47 451
person 0.02458771 957 687 975 736
person 0.024579871 559 52 584 79
person 0.024564872 754 -227 766 -220
person 0.024557438 734 62 756 90
person 0.024512243 957 51 979 83
person 0.024500092 887 95 911 122
person 0.024499377 754 -228 768 -207
person 0.024473187 1024 240 1030 270
person 0.024472125 814 -228 827 -205
person 0.02441875 792 87 808 106
person 0.02440372 839 687 861 748
person 0.024069194 834 -228 847 -205
person 0.024048112 518 585 536 651
person 0.024029473 57 65 78 96
person 0.023993546 578 71 595 88
person 0.023926863 854 -228 867 -205
person 0.023915285 186 357 227 404
person 0.023874873 662 89 699 149
person 0.023835637 525 51 550 79
person 0.023833364 536 55 548 68
person 0.02374839 839 87 849 98
person 0.02374244 -1 331 24 423
person 0.02368665 1020 105 1033 128
person 0.023585051 988 -227 1003 -211
person 0.023531722 653 43 682 88
person 0.023519728 355 -207 382 -130
person 0.023517383 353 77 388 139
person 0.023514364 0 -217 8 -143
person 0.023488713 402 593 415 644
person 0.023465782 343 36 359 53
person 0.02342157 1020 166 1033 190
person 0.023374826 734 -228 748 -208
person 0.023374265 1021 68 1033 91
person 0.023283731 -6 538 25 688
person 0.02327983 638 91 655 111
person 0.02323944 799 687 822 748
person 0.023237871 131 242 148 280
person 0.023171537 995 77 1026 146
person 0.023105875 759 686 782 748
person 0.023038032 699 86 715 105
person 0.02297622 799 122 814 144
person 0.022966396 856 110 872 129
person 0.022948356 1024 164 1030 192
person 0.022937294 652 84 670 103
person 0.022935433 873 -228 887 -206
person 0.022932164 623 279 661 344
person 0.022924619 57 -111 76 -49
person 0.022921355 872 75 888 92
person 0.022835279 962 96 985 123
person 0.022781799 284 592 299 641
person 0.02275549 -4 280 10 308
person 0.022750778 473 456 486 485
person 0.02273777 560 71 576 88
person 0.022713317 335 42 353 62
person 0.022695106 794 110 810 130
person 0.022681331 771 545 786 572
person 0.02265508 611 338 628 363
person 0.022609496 413 49 436 77
person 0.022518499 892 -227 904 -220
person 0.022500359 984 132 998 152
person 0.022475626 489 184 506 208
person 0.022446584 776 73 792 91
person 0.02243972 192 343 224 366
person 0.022397302 775 86 790 106
person 0.022281365 804 709 834 798
person 0.022242798 239 360 264 383
person 0.02221117 951 147 968 168
person 0.022179052 127 -88 165 39
person 0.02211006 734 -227 746 -220
person 0.02205673 1020 90 1033 112
person 0.022047954 816 110 832 130
person 0.022043975 600 57 616 74
person 0.021993734 890 162 930 221
person 0.021980261 731 -62 743 -25
person 0.021908363 835 731 856 799
person 0.021890149 641 -212 669 -133
person 0.021866597 688 108 704 130
person 0.021739129 714 -228 729 -209
person 0.021678459 274 -210 301 -133
person 0.021619 1007 237 1031 294
person 0.02161004 918 689 938 739
person 0.021606456 796 731 817 799
person 0.021575823 919 -71 946 17
person 0.021527417 971 -228 986 -211
person 0.021488575 745 339 800 434
person 0.021448521 533 65 550 82
person 0.021443198 1020 11 1028 65
person 0.021426896 333 90 355 117
person 0.021420563 56 301 132 457
person 0.021412069 245 131 269 159
person 0.021393713 715 104 731 127
person 0.021315632 950 167 967 191
person 0.021244735 0 275 6 312
person 0.021224769 115 248 136 272
person 0.021221861 0 224 5 255
person 0.021216078 403 686 425 749
person 0.021206437 596 122 613 146
person 0.021204695 875 731 896 799
person 0.021200651 893 -228 906 -207
person 0.021103943 971 -227 984 -221
person 0.02108091 -3 24 10 48
person 0.021068111 552 317 570 343
person 0.021067118 517 -179 543 -94
person 0.021062728 174 217 200 250
person 0.021062048 757 111 772 131
person 0.021002997 128 405 159 456
person 0.020923585 0 408 6 504
person 0.020921271 368 202 409 265
person 0.020904403 955 -180 968 -137
person 0.020894857 135 319 165 342
person 0.020876031 813 71 829 89
person 0.020856036 384 539 399 567
person 0.02085514 741 84 777 144
person 0.020828845 0 85 6 115
person 0.02081408 1024 47 1030 73
person 0.020807713 889 144 906 167
person 0.020760996 0 119 20 152
person 0.020752486 878 688 901 748
person 0.020742858 720 686 742 749
person 0.020715294 478 75 495 93
person 0.020700466 519 66 535 83
person 0.020693913 612 84 628 103
person 0.020686928 1003 281 1027 339
person 0.02067347 486 62 511 89
person 0.0206522 364 590 377 639
person 0.020634161 492 85 509 104
person 0.020590326 602 59 613 71
person 0.020582028 363 687 386 749
person 0.020570824 823 91 859 152
person 0.020563917 443 686 465 749
person 0.020544026 1020 773 1026 817
person 0.020540357 176 497 201 516
person 0.020539714 756 731 777 799
person 0.020523671 716 -224 745 -148
person 0.020487588 622 33 637 52
person 0.020484595 954 652 973 694
person 0.020424874 869 125 887 147
person 0.020415857 177 -214 204 -137
person 0.020390954 6 115 13 129
person 0.020346187 1025 520 1030 550
person 0.020332031 676 161 701 195
person 0.020331612 522 686 544 749
person 0.02031035 169 158 208 218
person 0.020263152 561 686 583 749
person 0.020230558 830 128 847 150
person 0.020199245 96 697 124 796
person 0.020176904 913 166 939 197
person 0.020173505 916 53 938 84
person 0.020132734 157 418 179 437
person 0.020107653 186 78 220 143
person 0.020080296 556 144 573 169
person 0.020027038 559 55 575 72
person 0.020011997 497 78 534 137
person 0.020003133 293 132 316 161
person 0.019988075 637 582 655 648
person 0.019984508 0 21 6 52
person 0.019974368 955 93 970 111
person 0.019891752 936 581 945 610
person 0.019847529 680 686 702 749
person 0.019834436 653 107 670 128
person 0.019830542 857 87 868 98
person 0.019788433 282 63 305 91
person 0.019787248 -4 641 13 770
person 0.019767532 101 -210 129 -132
person 0.019741358 482 686 504 749
person 0.019670079 601 686 623 750
person 0.019663973 791 70 802 81
person 0.019622322 851 197 874 229
person 0.01959745 159 447 235 603
person 0.019522686 128 172 151 200
person 0.019513514 998 314 1009 390
person 0.019474331 26 219 38 255
person 0.019466212 136 342 160 361
person 0.019376256 25 161 57 226
person 0.019374099 324 687 346 749
person 0.01934761 976 151 986 167
person 0.01929859 215 341 294 510
person 0.01929442 714 53 730 71
person 0.01928826 952 -125 978 -30
person 0.019281235 894 74 909 91
person 0.01926875 852 127 869 149
person 0.019262385 138 229 155 254
person 0.019252753 231 76 245 94
person 0.019219846 99 477 117 501
person 0.019219365 594 -176 620 -90
person 0.01920491 716 731 738 799
person 0.019063726 -4 227 8 253
person 0.019054178 694 -228 709 -209
person 0.019028518 1025 539 1030 571
person 0.018980106 914 143 932 165
person 0.018964535 912 -228 926 -208
person 0.018960854 915 611 927 659
person 0.018933574 224 96 233 111
person 0.018910984 452 87 469 105
person 0.01887934 714 -227 727 -220
person 0.018837951 366 160 390 193
person 0.018818324 0 334 5 369
person 0.018807603 561 58 572 70
person 0.018774264 851 699 871 764
person 0.018771674 210 349 233 366
person 0.018755784 841 79 850 90
person 0.018738743 258 175 297 235
person 0.018728547 769 -13 783 19
person 0.018724235 953 281 990 331
person 0.018719643 776 108 792 128
person 0.018679487 535 107 552 128
person 0.018647494 1013 132 1033 164
person 0.018635232 169 706 200 799
person 0.01856703 149 398 185 445
person 0.018562028 1024 555 1029 589
person 0.018526439 287 236 363 372
person 0.01851763 88 381 114 441
person 0.018510176 757 -143 779 -90
person 0.01850969 640 687 662 749
person 0.018500475 189 515 212 537
person 0.018493585 632 19 647 36
person 0.018487021 92 172 116 200
person 0.018481432 911 -227 924 -220
person 0.018476376 0 692 12 773
person 0.018377108 577 86 594 105
person 0.018375078 124 -3 153 81
person 0.018369157 -4 88 10 112
person 0.018317038 171 437 197 459
person 0.01828594 731 108 747 130
person 0.018274853 797 -141 820 -93
person 0.018272031 1002 -9 1028 78
person 0.018258303 719 70 730 82
person 0.018254966 916 654 936 697
person 0.01823555 76 316 88 363
person 0.018162986 319 -85 361 50
person 0.01814422 638 123 655 148
person 0.018096285 656 36 670 56
person 0.018083366 568 -212 596 -133
person 0.018082293 837 -222 860 -171
person 0.018080343 722 711 753 802
person 0.018041007 595 28 611 47
person 0.01802246 41 205 64 237
person 0.017999249 812 698 831 765
person 0.017951712 940 177 1025 302
person 0.017931884 499 106 516 127
person 0.017898299 774 144 791 168
person 0.01788584 242 304 264 326
person 0.017854968 677 730 698 799
person 0.017832747 553 128 570 151
person 0.017822953 143 282 165 306
person 0.017813731 565 30 574 43
person 0.01776857 465 266 522 356
person 0.017748315 0 -200 5 -161
person 0.017728733 162 731 183 799
person 0.017710721 522 0 554 69
person 0.017703233 -1 314 5 352
person 0.017699644 929 168 947 191
person 0.01769408 191 218 217 250
person 0.017660694 0 -220 5 -182
person 0.017644694 174 173 198 201
person 0.017638793 156 344 181 361
person 0.017623235 426 80 462 139
person 0.017620692 969 701 999 791
person 0.017620677 204 131 227 159
person 0.017618885 597 85 614 105
person 0.017613182 891 699 910 765
person 0.01760034 1020 -153 1029 -94
person 0.017553959 738 53 753 72
person 0.017549107 220 339 280 428
person 0.017547725 202 170 226 199
person 0.01753806 496 166 514 190
person 0.017529847 813 148 830 172
person 0.017524641 513 162 539 195
person 0.017510131 580 73 592 84
person 0.017493766 189 254 216 289
person 0.01747807 256 380 278 403
person 0.01747016 563 712 593 804
person 0.017448861 0 -13 5 21
person 0.017445361 626 496 681 668
person 0.017437909 792 544 809 572
person 0.0174165 913 72 928 90
person 0.017405896 748 545 763 572
person 0.01738041 873 163 890 187
person 0.017315488 1 79 28 153
person 0.017312162 202 730 223 799
person 0.017311903 517 90 533 108
person 0.017286588 439 730 460 799
person 0.017272886 475 88 492 107
person 0.017264519 400 730 421 799
person 0.017244926 494 -209 522 -131
person 0.017241566 215 91 238 118
person 0.017226705 93 181 132 241
person 0.017226575 914 731 935 800
person 0.017218215 581 18 589 30
person 0.01720589 224 359 265 407
person 0.01719608 479 730 500 799
person 0.017159497 1023 748 1029 791
person 0.017152946 284 687 306 749
person 0.017144412 360 730 381 800
person 0.017132837 123 731 144 800
person 0.017122498 321 730 342 800
person 0.017113961 242 730 263 800
person 0.017100355 829 148 846 171
person 0.017087922 281 730 302 800
person 0.017072398 422 -207 450 -130
person 0.017047107 255 329 275 351
person 0.016959669 -4 44 9 68
person 0.016952587 637 730 658 800
person 0.016949458 288 90 312 117
person 0.016944563 519 730 540 800
person 0.016920853 675 -228 690 -210
person 0.016885964 907 208 924 233
person 0.01687616 419 108 436 129
person 0.016841542 203 414 214 424
person 0.016822288 0 768 8 814
person 0.016815215 0 294 5 329
person 0.01681505 0 651 8 729
person 0.016766904 537 145 554 169
person 0.016721858 817 544 833 571
person 0.016711066 538 89 554 107
person 0.016676188 558 730 579 800
person 0.0166678 594 148 611 173
person 0.016648913 643 709 673 802
person 0.016648725 598 730 619 800
person 0.016627604 0 51 8 96
person 0.016625874 44 730 65 800
person 0.016619748 870 150 887 173
person 0.016596891 1022 697 1030 770
person 0.016590625 476 185 494 209
person 0.016577702 553 640 571 690
person 0.016559418 80 283 110 335
person 0.016546201 52 473 82 583
person 0.016545687 353 497 374 523
person 0.016544819 0 412 5 450
person 0.016503988 473 642 492 690
person 0.01650316 679 587 692 648
person 0.016500188 173 132 197 159
person 0.016497843 155 358 185 379
person 0.016492575 66 333 120 435
person 0.016484944 965 238 991 261
person 0.016479217 455 129 472 151
person 0.016471643 130 253 230 380
person 0.016467968 853 79 864 90
person 0.01645442 244 595 258 643
person 0.01645177 772 126 788 149
person 0.016422054 930 539 945 568
person 0.016400848 173 424 194 441
person 0.01638023 478 -228 492 -208
person 0.016374161 229 377 249 398
person 0.016369617 398 -228 413 -208
person 0.016363857 201 -228 215 -208
person 0.01636243 418 -228 433 -208
person 0.016361041 319 -228 334 -208
person 0.016360495 458 -228 473 -208
person 0.016360413 379 -228 394 -208
person 0.016359277 300 -228 314 -208
person 0.016359216 220 -228 235 -208
person 0.016358586 339 -228 354 -208
person 0.016358279 240 -228 255 -208
person 0.016357644 260 -228 275 -208
person 0.016357012 280 -228 295 -208
person 0.016355071 430 165 455 200
person 0.01635278 359 -228 374 -208
person 0.016351514 928 111 939 122
person 0.01634945 924 16 938 57
person 0.01634613 181 -228 196 -208
person 0.016340612 438 -228 453 -208
person 0.016324354 497 -228 512 -208
person 0.016305108 273 81 307 146
person 0.016300298 246 711 277 801
person 0.01628157 244 687 267 749
person 0.016246445 890 538 905 567
person 0.016235162 907 -5 938 73
person 0.01623108 269 581 278 608
person 0.01623067 954 731 975 799
person 0.016208155 863 318 959 462
person 0.016194202 554 109 571 129
person 0.016190108 410 161 433 195
person 0.01617793 161 -228 176 -208
person 0.016157277 970 700 989 768
person 0.016127983 559 23 581 53
person 0.016123982 -8 -161 22 -30
person 0.016115405 517 -228 532 -209
person 0.016108835 0 -96 8 -28
person 0.016089953 966 220 991 245
person 0.016080746 183 323 205 342
person 0.016068356 537 -228 552 -209
person 0.016057013 0 -138 8 -64
person 0.016055612 870 198 896 232
person 0.016043466 981 405 1010 458
person 0.015998252 911 -84 952 37
person 0.01598452 1019 187 1034 211
person 0.015966965 89 685 110 748
person 0.015959999 151 448 175 467
person 0.015958806 931 -228 946 -210
person 0.01593706 1023 26 1030 53
person 0.01592536 556 87 573 105
person 0.015902398 788 205 815 242
person 0.015898893 700 70 711 81
person 0.015891813 893 166 910 190
person 0.015843272 694 -227 707 -220
person 0.015813077 540 261 594 351
person 0.01578388 214 330 234 348
person 0.015758965 29 414 41 443
person 0.01574653 54 87 77 116
person 0.01574452 351 29 370 62
person 0.015742356 917 579 926 610
person 0.015728856 699 58 710 69
person 0.015714208 84 134 108 160
person 0.015703104 574 106 591 127
person 0.015699184 729 -14 743 19
person 0.015697718 772 698 791 765
person 0.015683483 141 -228 156 -209
person 0.015672518 580 56 590 68
person 0.015650868 646 337 711 530
person 0.015638225 569 155 608 212
person 0.015636742 967 260 989 280
person 0.015629668 -1 -176 12 -98
person 0.015572473 55 132 79 159
person 0.015567737 513 642 531 690
person 0.0155671025 557 -228 572 -209
person 0.015565633 65 -217 75 -172
person 0.015525789 953 131 965 142
person 0.015521832 124 134 148 160
person 0.015511825 -3 298 9 325
person 0.015500046 297 699 314 723
person 0.015487253 4 142 22 163
person 0.015460808 454 74 471 92
person 0.015457652 382 204 421 267
person 0.015432767 62 313 87 372
person 0.015422787 317 699 334 723
person 0.015422322 982 357 1010 410
person 0.015420375 912 167 929 190
person 0.015411927 880 54 903 85
person 0.015407956 277 699 294 723
person 0.015392064 1024 281 1030 309
person 0.015367629 536 67 547 79
person 0.015357328 165 433 201 484
person 0.015356269 411 93 427 112
person 0.015348606 1024 224 1030 254
person 0.015346638 663 -176 690 -91
person 0.015336785 897 -213 905 -179
person 0.01532875 255 91 278 118
person 0.015328212 455 26 476 56
person 0.015304758 573 552 586 627
person 0.015294406 575 126 592 150
person 0.015289488 916 599 925 628
person 0.015285482 613 356 633 384
person 0.015269614 555 345 573 367
person 0.015241297 603 17 626 48
person 0.015232375 733 147 750 172
person 0.015228873 922 -194 936 -136
person 0.015198733 793 183 810 208
person 0.015187203 731 126 747 150
person 0.015166968 953 607 969 659
person 0.015164739 601 160 628 194
person 0.0151629085 84 730 104 801
person 0.015161628 655 -228 670 -210
person 0.015147762 83 658 120 772
person 0.015127525 484 713 514 804
person 0.015117177 129 256 151 282
person 0.0151157295 337 699 353 723
person 0.015108659 439 127 455 149
person 0.015106921 102 -218 114 -173
person 0.015106845 258 699 274 723
person 0.015028294 434 88 451 107
person 0.015017293 518 494 534 523
person 0.015010333 433 642 452 690
person 0.015010158 850 147 867 170
person 0.015000939 693 168 710 194
person 0.014988685 134 -222 148 -174
person 0.014978578 443 43 458 62
person 0.01497838 955 109 966 120
person 0.014967671 645 -220 659 -171
person 0.014962771 521 55 537 72
person 0.01496157 0 -181 5 -141
person 0.014943162 404 713 435 803
person 0.014941189 577 -228 591 -209
person 0.014914614 562 73 573 84
person 0.014902752 235 79 242 91
person 0.014898089 121 -228 136 -209
person 0.0148924235 577 54 593 71
person 0.014868586 560 163 587 196
person 0.014861897 752 87 763 99
person 0.014859411 303 347 339 422
person 0.01485491 887 21 907 56
person 0.01484868 785 521 801 548
person 0.014832569 1025 502 1030 531
person 0.014824426 1013 -227 1032 -169
person 0.014788103 1023 133 1029 146
person 0.014777539 936 600 945 626
person 0.014776061 973 10 982 25
person 0.01476799 59 -152 77 -87
person 0.014752768 238 699 254 723
person 0.014748507 719 -223 733 -170
person 0.014743284 0 41 5 72
person 0.014697935 817 88 829 100
person 0.014689312 574 147 591 171
person 0.014686036 72 485 139 671
person 0.014683117 651 125 668 149
person 0.014676067 931 -227 944 -220
person 0.014669595 522 -152 532 -110
person 0.01463113 450 238 535 389
person 0.01461784 474 128 491 150
person 0.014615512 437 164 455 189
person 0.01460312 325 714 356 804
person 0.014600981 62 -228 77 -211
person 0.014594725 6 166 19 204
person 0.01459382 685 -221 699 -171
person 0.014576331 356 699 373 723
person 0.014565813 816 74 826 85
person 0.0145436 -3 -230 13 -163
person 0.014533687 101 225 120 251
person 0.014532143 1019 244 1034 266
person 0.014517299 0 -40 4 -1
person 0.01451513 1024 184 1030 213
person 0.01449887 741 86 751 99
person 0.014494837 26 397 39 426
person 0.014469201 0 520 6 630
person 0.014457074 478 166 495 190
person 0.014451634 636 -228 651 -209
person 0.014442674 873 88 885 99
person 0.014427715 284 77 298 94
person 0.014418618 109 84 145 151
person 0.014379065 614 699 630 723
person 0.014361606 794 146 810 170
person 0.014337826 0 -3 8 46
person 0.01433282 433 187 450 211
person 0.014330543 521 301 555 376
person 0.014314717 780 577 788 615
person 0.014313289 594 699 611 723
person 0.014299317 951 -227 963 -220
person 0.01425965 634 699 650 723
person 0.014258317 101 -228 116 -209
person 0.014254885 534 126 550 150
person 0.014240072 362 147 377 171
person 0.014238305 218 698 234 723
person 0.014232611 952 183 969 206
person 0.014228222 1024 72 1029 86
person 0.014227707 8 140 17 164
person 0.014217925 420 123 436 146
person 0.014214886 330 468 351 489
person 0.014204167 299 366 353 470
person 0.01419753 802 55 826 83
person 0.0141501315 596 -228 611 -209
person 0.014143202 796 -223 818 -170
person 0.014131014 613 108 630 129
person 0.014108419 951 -228 966 -211
person 0.014098566 521 68 532 79
person 0.014086999 574 698 591 723
person 0.014083569 713 92 723 104
person 0.014081762 616 -228 631 -209
person 0.014060361 1023 -77 1029 -40
person 0.014048256 406 -182 433 -95
person 0.014033609 1023 528 1030 540
person 0.014031036 786 499 804 525
person 0.014026774 497 145 514 170
person 0.014023359 760 -227 774 -168
person 0.01402156 755 125 772 149
person 0.014018679 100 -156 119 -91
person 0.014017037 476 106 493 126
person 0.014004074 0 354 6 389
person 0.014001836 135 478 159 501
person 0.0140009 -4 -35 8 -7
person 0.013996591 282 577 291 605
person 0.013991148 414 533 430 563
person 0.013989064 779 76 789 87
person 0.013984316 1015 674 1031 742
person 0.013979103 678 167 695 192
person 0.0139716705 493 78 503 89
person 0.013969502 734 163 751 189
person 0.013967913 1022 -195 1029 -159
person 0.013963993 578 15 593 31
person 0.013952207 740 -214 748 -179
person 0.0139438845 949 303 988 378
person 0.013943741 790 167 806 193
person 0.0139233 910 537 925 567
person 0.013916747 436 221 490 315
person 0.013914 653 698 670 723
person 0.013904963 376 698 393 723
person 0.013898713 1024 259 1030 288
person 0.013890651 -4 -8 8 16
person 0.01388952 597 18 607 31
person 0.013867985 512 126 529 150
person 0.013832438 55 443 72 470
person 0.013824393 437 108 454 128
person 0.013820195 851 186 868 211
person 0.013794696 0 447 7 544
person 0.01379179 1017 513 1026 590
person 0.013785332 624 36 634 49
person 0.013779837 345 37 355 50
person 0.013773228 198 698 215 724
person 0.013759523 157 -132 182 -32
person 0.013752472 554 698 571 723
person 0.013750505 942 -137 983 -14
person 0.013740924 0 432 5 471
person 0.013716178 790 -104 816 -69
person 0.013699448 675 -227 688 -220
person 0.0136792315 936 584 944 602
person 0.013668852 1023 319 1029 349
person 0.0136516215 1020 48 1033 71
person 0.013648386 250 639 294 738
person 0.013640697 954 11 963 25
person 0.013632077 733 698 752 765
person 0.013622463 851 165 869 189
person 0.01361874 1015 706 1030 781
person 0.013555956 837 64 859 93
person 0.013555338 729 648 764 770
person 0.013554515 760 -214 768 -180
person 0.0135494545 3 -15 28 68
person 0.013518209 -3 -215 8 -187
person 0.013503693 830 166 847 191
person 0.0134755 330 163 354 198
person 0.013467997 689 378 709 401
person 0.013455059 538 15 554 32
person 0.013416447 494 127 511 150
person 0.013409959 -4 319 8 347
person 0.013406535 535 698 551 723
person 0.013393341 514 145 531 169
person 0.013389719 148 377 187 401
person 0.013379329 835 183 852 208
person 0.013366827 673 698 690 724
person 0.013351522 1023 4 1029 36
person 0.013337421 0 392 5 430
person 0.013333839 634 318 654 345
person 0.013325541 167 656 205 768
person 0.013322052 649 646 682 773
person 0.01331918 59 457 78 485
person 0.01331227 878 224 938 306
person 0.0132849645 578 30 594 49
person 0.013280865 178 698 195 724
person 0.013275406 206 -16 234 72
person 0.013248374 557 492 613 681
person 0.013244228 396 698 413 723
person 0.013240179 319 589 340 651
person 0.013237862 719 239 759 301
person 0.013235956 463 462 477 492
person 0.013228267 872 600 886 646
person 0.013222853 194 329 208 339
person 0.013220819 971 323 989 337
person 0.013198809 456 106 472 126
person 0.013181499 214 365 238 385
person 0.013176959 969 478 997 497
person 0.0131673645 0 -161 5 -121
person 0.013143061 149 456 175 480
person 0.013142004 301 432 374 603
person 0.013130233 148 298 173 320
person 0.013107576 672 125 689 149
person 0.013083776 1024 482 1030 509
person 0.013077823 751 -103 775 -56
person 0.013065521 615 146 632 170
person 0.013049869 460 31 476 49
person 0.013044693 795 89 806 101
person 0.013040065 1023 547 1030 560
person 0.013030991 205 687 227 749
person 0.013019179 -4 418 8 444
person 0.013005932 634 145 652 169
person 0.012997518 515 698 531 723
person 0.012967603 585 1 619 70
person 0.0129602505 480 166 520 225
person 0.01294947 911 186 928 211
person 0.0129332375 1024 -59 1030 -20
person 0.012914952 1022 -156 1029 -119
person 0.01291319 191 358 225 381
person 0.012907114 530 16 559 61
person 0.012902861 1024 203 1030 234
person 0.012896959 1023 301 1029 330
person 0.012862681 374 515 382 546
person 0.012824582 611 127 628 150
person 0.012818685 1022 -176 1029 -139
person 0.012806509 394 642 413 690
person 0.012794489 373 494 382 518
person 0.012760654 -4 338 8 365
person 0.012755092 225 76 241 96
person 0.012743214 1023 247 1030 260
person 0.012742741 207 440 241 487
person 0.012730335 436 74 453 92
person 0.012705344 902 204 928 238
person 0.012703735 966 140 997 183
person 0.012694324 966 95 980 113
person 0.012693602 693 698 709 724
person 0.012692849 973 170 982 187
person 0.012688189 716 125 733 150
person 0.012684475 690 363 709 386
person 0.012684325 640 574 650 607
person 0.012677949 495 698 512 724
person 0.012676773 416 698 432 723
person 0.012676265 343 73 359 92
person 0.01267592 453 147 469 171
person 0.012674422 335 443 355 466
person 0.012665808 930 700 949 767
person 0.012654817 914 91 925 102
person 0.012650082 474 145 491 170
person 0.01264224 718 590 731 652
person 0.012632262 756 145 772 170
person 0.012622655 757 202 783 239
person 0.012622501 217 63 239 93
person 0.012619351 159 698 175 724
person 0.012612977 595 -71 610 -48
person 0.01258547 571 647 604 772
person 0.01258473 608 -221 622 -172
person 0.012571203 165 687 188 749
person 0.012569434 57 697 76 767
person 0.012543917 652 147 669 171
person 0.012535148 360 564 373 617
person 0.012520849 454 165 471 189
person 0.012519317 737 599 746 627
person 0.012510482 64 643 76 698
person 0.012497278 1019 206 1034 230
person 0.012484977 -3 -194 8 -167
person 0.012476632 0 -61 5 -23
person 0.012459289 594 15 610 32
person 0.012448873 806 -15 820 18
person 0.012437862 1013 637 1032 699
person 0.012409786 102 -194 115 -141
person 0.012402899 602 250 684 383
person 0.012402695 875 78 885 89
person 0.012394888 60 473 80 501
person 0.012394637 475 698 492 724
person 0.012393325 0 564 7 658
person 0.01238917 0 629 5 669
person 0.012367501 812 166 829 191
person 0.012359204 436 698 452 723
person 0.012358523 634 163 651 188
person 0.012352704 868 542 882 571
person 0.012349546 90 -130 116 -37
person 0.01234458 197 478 219 500
person 0.012328573 359 110 375 131
person 0.012327743 340 25 359 59
person 0.01229723 766 389 786 410
person 0.012295799 950 -220 971 -164
person 0.012279162 20 378 32 407
person 0.012278068 82 -228 97 -210
person 0.012259451 456 698 472 723
person 0.012251888 77 668 139 827
person 0.012250867 966 17 979 60
person 0.012237298 247 65 271 94
person 0.01223092 500 272 572 429
person 0.012225003 805 234 846 295
person 0.0122244675 323 -184 349 -92
person 0.012217094 598 29 608 43
person 0.012214976 562 -154 572 -110
person 0.012211359 655 -227 668 -221
person 0.0121736275 980 479 1005 499
person 0.012161604 262 78 276 95
person 0.01216044 375 87 392 107
person 0.012148836 58 25 78 58
person 0.012125407 777 88 788 100
person 0.012107981 0 591 5 630
person 0.012093998 693 698 712 766
person 0.012085683 713 698 729 723
person 0.012083093 244 583 253 613
person 0.012081909 0 610 5 650
person 0.012076662 194 285 220 309
person 0.012051814 342 168 432 300
person 0.012033134 917 584 924 601
person 0.01202895 199 411 219 426
person 0.012015274 487 194 510 232
person 0.012003889 800 -189 819 -128
person 0.012003188 0 -141 5 -101
person 0.011999603 1023 -97 1029 -60
person 0.0119900815 435 148 452 172
person 0.011984902 402 95 418 114
person 0.011982542 231 289 249 307
person 0.011978552 -4 64 9 88
person 0.011977943 410 19 432 52
person 0.011971934 42 555 54 592
person 0.011947148 1022 -136 1029 -99
person 0.01193671 824 1 856 70
person 0.011912171 753 53 768 73
person 0.011911452 160 -91 175 -65
person 0.011893955 720 492 785 668
person 0.011890996 20 320 33 350
person 0.011883804 931 557 941 592
person 0.011870397 983 506 1046 679
person 0.011863182 0 571 5 610
person 0.0118388375 612 329 629 355
person 0.011838781 142 448 162 469
person 0.011828559 960 298 987 319
person 0.011821534 717 599 726 626
person 0.011812642 775 181 792 207
person 0.011811318 0 649 5 689
person 0.011792321 850 453 938 606
person 0.011783555 177 427 190 436
person 0.011781268 521 549 535 629
person 0.011777488 371 37 385 54
person 0.011749207 1023 -40 1029 0
person 0.011745907 127 686 148 749
person 0.011743377 92 -103 111 -54
person 0.0117370915 0 -82 5 -42
person 0.011733034 951 -185 970 -126
person 0.011732099 934 92 944 103
person 0.011726257 813 183 830 208
person 0.011725836 895 88 907 100
person 0.011699767 178 104 194 124
person 0.011695423 337 698 355 766
person 0.011691296 1023 489 1030 500
person 0.011684037 352 43 364 62
person 0.01165901 995 354 1006 413
person 0.011648244 74 482 94 507
person 0.011645699 0 747 5 791
person 0.011642186 533 167 550 190
person 0.011634617 780 -214 787 -180
person 0.011630889 512 167 530 189
person 0.011624274 1016 606 1031 651
person 0.011622527 971 264 985 276
person 0.0116211455 148 667 216 820
person 0.011589821 781 524 796 551
person 0.011583656 878 -214 886 -179
person 0.011582794 504 254 529 311
person 0.011572431 401 551 416 619
person 0.011564814 865 673 931 816
person 0.011553857 195 465 218 485
person 0.011553308 64 136 78 154
person 0.011548936 317 127 333 149
person 0.011541878 140 -91 155 -65
person 0.011516061 258 698 276 766
person 0.011495332 482 -151 493 -109
person 0.011484739 345 38 374 84
person 0.011470705 178 698 197 766
person 0.011469326 376 698 395 766
person 0.0114683695 552 166 570 190
person 0.011467105 44 711 59 739
person 0.0114665255 416 698 435 766
person 0.011453357 961 487 998 577
person 0.011438923 139 698 155 724
person 0.011427832 523 318 552 343
person 0.011426545 420 198 501 365
person 0.011424735 297 698 316 766
person 0.011418376 733 697 749 723
person 0.0113826 536 379 552 406
person 0.011346904 1024 731 1030 771
person 0.011341647 653 698 672 766
person 0.01133287 62 -228 75 -221
person 0.011322243 575 -71 591 -48
person 0.011321939 720 -214 729 -180
person 0.011311434 455 698 474 766
person 0.011307697 231 93 246 112
person 0.011300529 149 289 170 311
person 0.01128136 152 325 176 343
person 0.011278377 226 580 234 609
person 0.011272301 495 698 514 766
person 0.011263769 723 198 748 235
person 0.011258136 74 494 97 520
person 0.011248066 204 579 214 609
person 0.01124526 173 344 199 362
person 0.011232464 1019 228 1034 250
person 0.011228064 526 236 609 387
person 0.011227429 983 326 1011 383
person 0.011223618 628 356 651 381
person 0.011218369 636 -227 649 -220
person 0.011180103 832 600 850 646
person 0.011177725 1023 510 1030 521
person 0.011177541 218 698 237 766
person 0.011166448 1023 109 1029 121
person 0.011148717 -4 398 8 424
person 0.011140767 1022 -116 1029 -80
person 0.01112621 889 411 950 518
person 0.011111466 890 203 908 228
person 0.011108972 881 341 945 434
person 0.011096073 117 284 140 307
person 0.011089241 833 107 844 118
person 0.011080523 227 79 237 93
person 0.011076135 537 499 553 527
person 0.011072547 625 555 633 588
person 0.011062673 0 373 5 410
person 0.0110528795 294 146 310 171
person 0.011051968 0 -122 5 -82
person 0.011035032 0 61 6 91
person 0.011027774 934 12 943 26
person 0.011027057 535 698 553 766
person 0.011005124 493 536 507 565
person 0.011003603 995 545 1041 661
person 0.010987585 975 32 984 48
person 0.010983808 978 434 1007 488
person 0.010975725 896 109 908 121
person 0.010974188 168 -224 182 -175
person 0.01096043 161 423 175 433
person 0.0109517705 917 -212 925 -179
person 0.010947386 212 20 231 56
person 0.010934966 898 577 907 611
person 0.010930799 339 10 355 29
person 0.010924198 614 698 632 766
person 0.010917769 1023 577 1029 611
person 0.010908366 753 697 769 723
person 0.010902447 798 235 829 286
person 0.010897871 115 -19 159 102
person 0.0108963335 0 -102 5 -62
person 0.01088777 477 -227 490 -220
person 0.010884967 0 669 5 709
person 0.010882682 180 -90 195 -65
person 0.010881009 962 280 987 299
person 0.010870771 46 250 61 276
person 0.010870283 457 -227 471 -220
person 0.010867187 398 -227 411 -220
person 0.010865496 717 56 727 67
person 0.010863373 418 -227 431 -220
person 0.010862001 200 -227 213 -220
person 0.010861683 378 -227 391 -220
person 0.010859814 319 -227 332 -220
person 0.010859342 180 -227 194 -220
person 0.010858784 299 -227 312 -220
person 0.01085862 339 -227 352 -220
person 0.010858078 220 -227 233 -220
person 0.010857431 240 -227 253 -220
person 0.010857084 279 -227 293 -220
person 0.010857053 259 -227 273 -220
person 0.0108563155 358 -227 372 -220
person 0.010854924 438 -227 451 -220
person 0.010853013 196 537 221 564
person 0.010851596 497 -227 510 -220
person 0.010850715 762 398 790 422
person 0.010845568 412 642 451 743
person 0.010819822 265 105 279 125
person 0.010817311 0 689 5 728
person 0.010809792 242 403 264 423
person 0.0108066825 64 -190 75 -135
person 0.010800761 239 569 249 586
person 0.01080015 152 493 222 670
person 0.010796436 972 483 993 492
person 0.010794496 756 597 766 628
person 0.010790958 299 109 315 130
person 0.010784816 777 595 786 626
person 0.010778144 375 110 392 130
person 0.0107718725 338 -71 353 -47
person 0.0107711 161 -227 174 -220
person 0.01077013 930 185 947 209
person 0.010767448 976 111 987 123
person 0.010764543 973 31 988 50
person 0.010763837 517 -227 530 -220
person 0.0107636945 179 502 197 509
person 0.0107568065 537 -227 550 -220
person 0.010754976 574 698 593 766
person 0.010749826 0 530 5 572
person 0.010715345 0 550 5 590
person 0.010713237 172 456 198 480
person 0.01070966 200 569 211 585
person 0.010708392 983 -54 1001 13
person 0.010707998 481 78 492 89
person 0.01070721 888 670 917 762
person 0.010706554 52 -95 76 2
person 0.01067245 396 108 413 129
person 0.010665967 832 647 852 694
person 0.010662646 131 365 164 415
person 0.010653778 757 590 772 649
person 0.010647718 564 -222 577 -174
person 0.010638189 897 584 905 601
person 0.01063621 636 22 644 33
person 0.0106322225 785 210 818 258
person 0.010629143 719 -114 729 -67
person 0.010622902 799 -215 807 -180
person 0.010609299 752 167 769 192
person 0.010601114 625 17 653 63
person 0.010598803 891 187 908 211
person 0.010595858 139 698 158 766
person 0.010590721 43 692 58 721
person 0.010584896 556 -227 570 -220
person 0.0105775725 247 169 304 252
person 0.010577413 250 224 310 309
person 0.010573472 983 204 1002 228
person 0.0105672125 100 697 118 766
person 0.010564132 616 -227 629 -220
person 0.010551783 1021 378 1028 407
person 0.010544344 208 462 283 604
person 0.010541324 418 680 432 706
person 0.010522267 398 680 412 706
person 0.010513553 358 126 374 148
person 0.010511921 1023 93 1029 106
person 0.010511569 141 -227 154 -220
person 0.010504444 185 -50 242 122
person 0.010503914 319 112 335 132
person 0.010497508 928 498 948 518
person 0.010495319 956 584 964 603
person 0.010493032 438 679 452 706
person 0.010487166 1023 -21 1029 15
person 0.010480072 358 162 374 189
person 0.010461955 1020 -73 1032 -44
person 0.010455081 497 680 511 706
person 0.01045012 993 395 1005 458
person 0.010449789 495 87 507 98
person 0.0104429675 517 680 531 706
person 0.010436504 718 -172 745 -89
person 0.010434338 782 669 850 818
person 0.010432497 714 147 730 172
person 0.01042912 458 679 471 706
person 0.01042788 978 469 1005 525
person 0.010427122 988 110 1002 131
person 0.010423988 477 680 491 706
person 0.010422267 695 679 709 706
person 0.010416569 239 642 253 684
person 0.010406974 1023 339 1029 370
person 0.010405937 761 575 769 611
person 0.010405907 625 573 633 604
person 0.0104034385 21 753 35 784
person 0.010394125 477 -90 491 -65
person 0.0103930505 229 -87 271 57
person 0.010390619 576 -227 589 -220
person 0.010387383 962 499 999 516
person 0.010384447 125 300 144 321
person 0.0103798425 1023 712 1030 749
person 0.01037635 592 163 610 187
person 0.01037141 653 317 672 344
person 0.010367159 480 495 538 680
person 0.010363319 772 697 789 723
person 0.010351706 537 680 551 706
person 0.010345909 676 32 690 51
person 0.01033096 689 11 711 42
person 0.010324917 474 539 487 568
person 0.010312281 331 638 372 738
person 0.010309634 378 680 392 706
person 0.010306598 764 443 834 596
person 0.010306501 0 492 5 531
person 0.010305246 361 576 371 605
person 0.01030278 -3 695 8 721
person 0.01029563 884 239 915 288
person 0.010286277 964 303 983 314
person 0.010273058 523 57 534 68
person 0.010269039 1010 49 1033 102
person 0.010263767 295 346 314 370
person 0.010252768 725 7 746 38
person 0.010246155 589 -62 618 21
person 0.010245748 181 680 195 706
person 0.010243249 209 306 230 325
person 0.010240628 302 129 318 151
person 0.0102394745 675 680 689 706
person 0.010237382 37 405 52 434
person 0.010231866 -4 -56 8 -29
person 0.010231084 692 144 709 169
person 0.010229109 301 582 311 609
person 0.010224244 596 -227 609 -220
person 0.010219988 1019 284 1034 305
person 0.010216232 338 146 354 170
person 0.010194648 956 695 1004 808
person 0.010194465 1023 563 1029 578
person 0.010190809 556 680 571 706
person 0.010183438 318 -71 333 -47
person 0.01018104 200 680 214 706
person 0.010180646 20 212 46 264
person 0.010176384 0 480 6 585
person 0.010173619 336 107 352 128
person 0.010169672 657 22 691 89
person 0.010166726 986 163 1003 187
person 0.010153183 250 397 273 420
person 0.010142148 -4 438 8 464
person 0.0101316795 538 277 556 305
person 0.010131612 896 599 905 627
person 0.010118121 -13 628 27 752
person 0.010118092 491 645 525 773
person 0.010090896 965 503 998 510
person 0.010086654 161 680 175 706
person 0.01008612 415 148 432 171
person 0.010084554 31 536 38 573
person 0.010052004 896 76 907 87
person 0.01005121 80 351 92 407
person 0.01005095 60 -43 79 0
person 0.010036466 121 -227 134 -220
person 0.010028268 801 -214 830 -139
person 0.010024913 126 -196 138 -147
person 0.010020498 144 457 164 480
person 0.010019406 220 680 234 706
person 0.010018153 0 612 8 688
person 0.010016308 817 555 826 591
person 0.010011917 655 680 669 706
person 0.010009289 957 96 968 107
person 0.01000389 638 531 664 641
