person 0.7453257 698 99 715 121
person 0.74504775 482 108 500 131
person 0.7411772 918 88 932 110
person 0.73635155 665 145 690 176
person 0.7326892 788 67 803 87
person 0.73063576 736 59 750 76
person 0.7257698 873 145 896 176
person 0.725087 939 117 955 141
person 0.72008044 416 88 431 108
person 0.7196792 390 94 406 113
person 0.71960163 352 117 369 139
person 0.7180745 360 96 375 117
person 0.7166594 816 168 843 204
person 0.712982 633 143 658 174
person 0.7126848 954 87 968 107
person 0.70983297 985 110 1000 133
person 0.7097493 794 136 817 165
person 0.70867026 517 80 532 99
person 0.7071995 769 77 784 97
person 0.7053304 294 127 311 150
person 0.7029338 571 68 585 86
person 0.70159864 608 93 625 114
person 0.6986315 582 134 605 164
person 0.69313836 895 80 909 100
person 0.68805695 834 115 852 139
person 0.68560356 757 129 780 157
person 0.6850154 816 72 831 92
person 0.67583174 534 71 549 89
person 0.67142206 827 95 842 114
person 0.6705312 651 73 665 91
person 0.66321236 929 133 946 158
person 0.6571494 768 203 802 247
person 0.6516509 881 88 896 108
person 0.6509051 583 98 601 122
person 0.6485627 407 112 423 134
person 0.6447855 335 119 351 141
person 0.63920295 1001 106 1016 127
person 0.63685566 487 76 504 96
person 0.6349949 251 185 296 246
person 0.6306113 684 182 719 227
person 0.62741506 671 85 686 105
person 0.625591 710 58 724 75
person 0.6234251 853 76 869 94
person 0.61851007 687 135 711 163
person 0.6119942 441 83 456 101
person 0.6097753 387 111 404 133
person 0.6088448 855 111 871 133
person 0.60152704 536 103 553 124
person 0.6013077 420 129 438 153
person 0.5875285 949 105 964 127
person 0.5810799 777 104 794 128
person 0.57832193 456 87 471 106
person 0.5648225 954 197 978 233
person 0.5632462 661 58 674 75
person 0.56221193 979 146 997 171
person 0.56196666 559 86 574 105
person 0.5571341 435 113 452 135
person 0.5511433 595 69 612 90
person 0.55072135 896 119 912 143
person 0.54011846 355 141 378 168
person 0.539017 747 104 764 127
person 0.5301806 629 60 643 76
person 0.52995175 464 101 480 122
person 0.518756 976 126 992 148
person 0.5165458 441 138 459 162
person 0.5164854 688 57 701 73
person 0.5103871 313 125 330 147
person 0.50083566 598 63 612 80
person 0.4665633 616 76 630 94
person 0.4472777 881 124 898 147
person 0.43810892 681 53 691 69
person 0.43228483 624 75 640 93
person 0.41709563 485 86 501 105
person 0.3730422 892 124 909 149
person 0.32141092 909 104 923 126
person 0.21487477 625 87 641 105
person 0.19263572 845 77 860 94
person 0.1861846 631 57 641 72
person 0.18385461 862 93 879 114
person 0.15370527 854 114 878 144
person 0.15250026 375 109 392 129
person 0.1374709 867 75 881 93
person 0.13657546 430 91 448 112
person 0.1224848 904 97 919 119
person 0.12205091 575 92 594 114
person 0.12035071 500 106 517 126
person 0.084221415 675 77 687 98
person 0.07875094 899 123 921 153
person 0.07784785 651 37 661 54
person 0.077440396 541 106 558 127
person 0.075638615 994 103 1009 124
person 0.062232528 601 65 609 77
person 0.060740177 609 60 621 76
person 0.06035468 634 134 654 159
person 0.05518249 516 86 533 107
person 0.052165333 818 65 832 81
person 0.051633544 559 79 570 100
person 0.05052877 489 72 502 87
person 0.050416682 476 79 493 98
person 0.046785474 690 58 699 71
person 0.04330283 714 99 732 118
person 0.04009057 641 41 655 60
person 0.035507783 684 70 699 89
person 0.035004657 352 137 371 161
person 0.034163147 713 60 722 72
person 0.03289001 513 77 536 103
person 0.03253146 531 64 546 80
person 0.032151196 250 189 286 228
person 0.031339917 766 73 789 99
person 0.025495887 651 74 676 102
person 0.023265459 740 101 758 121
person 0.022344325 856 75 867 89
person 0.020190042 440 82 449 99
person 0.019955212 573 71 582 82
person 0.01966531 536 73 546 84
person 0.019572623 945 100 960 122
person 0.017459245 597 68 609 83
person 0.016559917 617 77 628 89
person 0.015965827 644 44 652 57
person 0.015196149 986 103 1001 123
person 0.013027501 719 67 736 85
person 0.012975571 738 59 747 71
person 0.011077362 257 198 289 238
person 0.010823803 653 74 663 87
person 0.010284403 518 70 530 92
person 0.010049531 731 70 747 90
