person 0.7670812 1023 285 1061 339
person 0.75286704 579 155 609 192
person 0.749133 916 173 947 212
person 0.7288005 973 182 1001 221
person 0.72183454 1050 205 1079 245
person 0.70702636 656 69 675 93
person 0.68773353 952 92 972 119
person 0.687454 768 187 806 238
person 0.6793769 297 119 327 159
person 0.6780905 1071 164 1097 201
person 0.6746287 1018 129 1044 164
person 0.6734374 684 77 703 102
person 0.6729766 999 98 1018 123
person 0.6720909 636 104 657 132
person 0.6681495 974 119 999 153
person 0.6664068 721 115 742 142
person 0.6649888 452 97 483 133
person 0.66036695 820 132 847 165
person 0.6319812 586 69 604 91
person 0.63159275 713 178 743 217
person 0.62669814 656 160 688 201
person 0.6243977 618 73 636 96
person 0.6222258 919 80 938 104
person 0.61996377 370 100 402 138
person 0.6185652 848 93 868 119
person 0.60793906 926 145 954 181
person 0.5939113 899 111 925 144
person 0.58780915 715 70 733 91
person 0.5839947 195 126 221 160
person 0.55240744 756 118 782 149
person 0.5449772 567 79 585 101
person 0.5428556 1066 133 1091 167
person 0.5069948 993 178 1027 220
person 0.49517015 758 102 778 126
person 0.48904607 340 132 370 170
person 0.44129777 806 106 832 139
person 0.4395966 509 76 528 99
person 0.40908238 265 175 303 227
person 0.4032306 534 75 553 97
person 0.3925342 531 140 563 176
person 0.38548732 508 98 538 129
person 0.37332007 192 257 241 322
person 0.37289438 1084 207 1112 248
person 0.3718438 808 99 831 124
person 0.369056 766 163 795 197
person 0.35302094 533 97 554 123
person 0.3439125 725 159 754 195
person 0.31148875 587 91 607 115
person 0.30254158 366 147 402 186
person 0.27946103 477 95 501 120
person 0.27722996 706 76 727 100
person 0.27306867 842 91 862 115
person 0.2689004 721 92 741 114
person 0.2633838 528 98 561 134
person 0.2588338 1070 348 1112 416
person 0.24901807 554 128 576 152
person 0.24583834 826 128 849 154
person 0.22973856 292 131 328 175
person 0.22196454 581 65 607 95
person 0.2190588 582 93 610 124
person 0.2141175 707 66 724 85
person 0.19141361 643 148 665 177
person 0.18881468 502 101 524 126
person 0.18787323 751 120 772 145
person 0.18701227 447 146 482 184
person 0.18188822 762 79 781 100
person 0.1805592 711 68 737 97
person 0.17657144 902 105 925 130
person 0.1750718 837 88 856 109
person 0.17299326 1059 126 1086 160
person 0.16913724 1088 220 1117 258
person 0.16522013 644 93 665 118
person 0.16389813 365 94 409 160
person 0.1572194 915 103 935 128
person 0.15716395 368 102 391 129
person 0.15065707 253 167 314 245
person 0.14886591 1072 527 1130 655
person 0.14592257 667 174 700 212
person 0.14446388 1081 269 1123 338
person 0.14154857 194 235 245 302
person 0.14060907 911 167 956 228
person 0.1387336 751 77 771 98
person 0.13871603 972 98 994 124
person 0.1354484 605 92 627 117
person 0.13145186 1013 272 1072 351
person 0.12969048 346 179 389 228
person 0.1290005 943 157 974 195
person 0.12455583 498 318 564 397
person 0.12316342 1162 682 1172 748
person 0.12298096 1086 123 1108 150
person 0.11848216 397 100 430 134
person 0.11821678 382 50 409 83
person 0.11598222 982 407 1027 477
person 0.11476594 925 117 949 143
person 0.114290595 713 107 749 153
person 0.11267579 1050 221 1082 260
person 0.11255359 697 112 724 142
person 0.11109053 984 184 1008 213
person 0.11107453 630 95 665 141
person 0.11009418 882 101 902 125
person 0.10972094 703 321 750 388
person 0.10776786 543 128 569 153
person 0.10539607 858 142 890 177
person 0.10399321 944 117 966 144
person 0.10390738 879 75 905 107
person 0.10159267 759 73 786 104
person 0.098296516 557 101 579 125
person 0.09687473 1080 192 1121 261
person 0.09614379 752 112 787 157
person 0.09533905 901 83 922 105
person 0.094874635 718 73 730 85
person 0.09470243 754 178 816 251
person 0.09398309 1085 285 1119 326
person 0.09392734 949 310 999 376
person 0.093011834 1061 167 1083 195
person 0.09295793 495 128 518 151
person 0.092762776 625 74 639 93
person 0.09205785 814 183 847 220
person 0.09176137 197 227 236 266
person 0.09119811 945 82 969 113
person 0.09048777 743 63 762 82
person 0.09046525 629 31 646 51
person 0.08990023 649 151 697 212
person 0.08820385 463 112 490 138
person 0.0872851 671 103 693 128
person 0.08681952 203 182 234 217
person 0.086733796 801 105 838 153
person 0.08645638 923 159 950 188
person 0.08636941 1027 127 1046 153
person 0.08577843 1007 103 1028 128
person 0.085776545 214 186 244 222
person 0.08567762 514 119 537 143
person 0.08495585 905 385 952 455
person 0.084441595 468 83 489 104
person 0.08333342 408 147 442 183
person 0.08327658 718 69 732 81
person 0.0831873 581 152 604 177
person 0.0827358 1075 178 1096 205
person 0.08269825 589 70 601 82
person 0.082425445 610 64 629 83
person 0.08203334 537 77 551 90
person 0.08176561 228 485 250 513
person 0.0811399 218 239 259 291
person 0.081010945 1012 205 1033 230
person 0.08079455 812 117 857 184
person 0.080493025 511 76 522 95
person 0.080290414 784 147 807 171
person 0.080214284 1076 124 1102 157
person 0.0801788 191 121 209 145
person 0.07909019 395 108 418 131
person 0.07858187 806 85 826 105
person 0.078382924 547 66 566 85
person 0.07750796 648 171 698 233
person 0.077480786 444 96 490 161
person 0.07736356 199 265 235 308
person 0.07683196 1037 201 1082 268
person 0.07611088 658 68 671 85
person 0.07582258 1161 638 1170 715
person 0.07463984 822 178 872 240
person 0.074483395 709 69 721 81
person 0.07411716 1161 244 1173 296
person 0.07382621 717 148 764 212
person 0.073186144 627 63 646 82
person 0.07226541 623 302 672 371
person 0.07195762 666 171 687 198
person 0.07192252 1076 322 1118 376
person 0.07191346 877 117 900 144
person 0.07176173 1102 170 1122 197
person 0.071365565 1004 184 1025 211
person 0.07129903 788 123 810 148
person 0.07046336 1159 149 1172 193
person 0.070157036 582 185 616 223
person 0.07012729 739 148 761 174
person 0.07011977 571 64 590 84
person 0.06956844 765 147 789 173
person 0.06940531 670 28 689 48
person 0.06895019 704 121 726 147
person 0.06878468 511 136 546 171
person 0.06872437 812 97 827 118
person 0.0686351 841 85 875 133
person 0.06788025 217 450 240 476
person 0.06787482 1030 138 1052 167
person 0.06787121 1161 358 1171 436
person 0.06786747 279 119 300 146
person 0.0678021 650 120 671 146
person 0.06769105 881 75 901 95
person 0.0667291 852 123 874 148
person 0.06651252 1153 248 1176 289
person 0.06636634 1069 445 1156 627
person 0.06598054 789 103 811 125
person 0.06586911 1160 267 1171 327
person 0.06551278 735 223 767 261
person 0.06516481 570 75 582 95
person 0.06510201 993 169 1016 197
person 0.06472409 203 130 216 151
person 0.06401851 721 148 743 174
person 0.063638575 240 480 264 507
person 0.06353498 456 77 485 110
person 0.06305017 534 160 560 184
person 0.06300734 203 158 224 184
person 0.062555954 512 78 526 91
person 0.062425256 697 103 719 127
person 0.06171628 960 230 992 268
person 0.06122535 568 139 616 202
person 0.06069157 1113 403 1143 466
person 0.060596358 188 110 231 181
person 0.06037769 620 75 633 89
person 0.06036878 937 151 960 176
person 0.06028053 141 243 177 282
person 0.060096886 1037 169 1059 197
person 0.059980225 1084 475 1148 595
person 0.059735708 523 103 566 151
person 0.059559178 951 190 975 217
person 0.058907043 1024 303 1062 358
person 0.058345158 295 181 318 206
person 0.05820574 0 118 6 149
person 0.057486843 268 181 292 206
person 0.05743185 1099 148 1119 174
person 0.05740358 677 64 696 84
person 0.056658044 1160 313 1171 385
person 0.0562756 783 170 808 194
person 0.056146163 97 218 143 285
person 0.056119945 850 89 869 108
person 0.056095697 1055 187 1078 215
person 0.055895112 415 184 448 219
person 0.055714406 185 163 206 190
person 0.05554585 354 145 379 171
person 0.0554161 802 225 844 274
person 0.05516899 586 117 609 142
person 0.054997925 -5 -259 10 -233
person 0.054903917 56 522 99 670
person 0.054247223 1155 194 1170 245
person 0.05424277 106 231 136 270
person 0.054053526 51 300 66 331
person 0.053588722 762 63 783 82
person 0.053474113 1160 -258 1172 -205
person 0.05336653 725 117 738 139
person 0.053320494 130 273 169 327
person 0.052718785 523 65 542 85
person 0.05245732 896 -106 953 45
person 0.052221943 558 67 595 114
person 0.05202623 778 194 804 220
person 0.051985983 0 132 11 178
person 0.051818673 769 191 797 217
person 0.05162281 811 114 824 134
person 0.05142508 324 178 365 227
person 0.051163286 912 68 946 116
person 0.051159956 862 189 895 224
person 0.050794665 1071 -91 1123 47
person 0.050771926 672 122 694 146
person 0.050769072 167 238 265 373
person 0.050602857 1105 182 1126 209
person 0.050309483 968 143 989 171
person 0.050234325 45 290 73 351
person 0.050064504 758 104 769 125
person 0.049889497 337 167 403 248
person 0.049492452 1083 11 1095 26
person 0.049386676 973 166 996 194
person 0.04915569 -3 -249 21 -145
person 0.049075518 376 144 399 169
person 0.04904447 1075 139 1087 160
person 0.048841845 1147 367 1173 433
person 0.048821006 43 315 61 350
person 0.04865561 827 -123 906 65
person 0.04861661 988 142 1010 169
person 0.048602875 701 32 721 54
person 0.048583403 1160 101 1173 145
person 0.048318855 -1 -263 7 -232
person 0.048262544 544 183 595 247
person 0.0475357 898 145 921 171
person 0.047059387 -4 -259 9 -251
person 0.04698608 1003 -102 1058 43
person 0.046842042 763 124 776 146
person 0.046408277 224 473 261 527
person 0.046281744 999 231 1033 268
person 0.046245217 604 146 626 173
person 0.045936577 455 111 481 139
person 0.045867935 35 299 75 373
person 0.04560877 1105 212 1128 239
person 0.045458335 412 52 441 84
person 0.045006238 449 177 501 241
person 0.04488074 217 153 249 189
person 0.044795252 1148 -237 1179 -153
person 0.044785555 285 69 313 101
person 0.04475686 938 161 959 189
person 0.04463133 662 177 683 207
person 0.044610206 268 168 290 195
person 0.044609588 362 20 377 40
person 0.044456795 364 162 388 186
person 0.044453364 557 143 580 168
person 0.044301245 539 179 573 217
person 0.044171374 -5 296 9 327
person 0.044123653 1006 167 1029 196
person 0.044020336 640 105 653 128
person 0.04394493 1070 135 1109 210
person 0.04379127 731 18 741 32
person 0.04352566 702 21 711 34
person 0.04349076 -5 618 27 784
person 0.043231126 907 226 945 266
person 0.043147445 861 238 903 287
person 0.043132916 638 156 659 185
person 0.043120272 1152 61 1166 112
person 0.043087047 142 147 171 178
person 0.04299723 0 291 5 332
person 0.042780045 439 180 485 230
person 0.042590078 1060 12 1071 27
person 0.042519417 726 -123 808 60
person 0.042379554 635 221 676 272
person 0.042294316 749 39 767 58
person 0.042124692 787 56 808 76
person 0.042058785 997 255 1086 398
person 0.04200115 253 463 275 488
person 0.04186279 813 267 865 332
person 0.041455623 143 -88 173 18
person 0.041382875 1069 130 1088 157
person 0.041185282 515 101 530 123
person 0.040625587 765 80 778 92
person 0.040586818 632 33 642 47
person 0.04043537 795 79 815 99
person 0.040085312 192 70 218 103
person 0.039929006 1160 588 1169 673
person 0.039923843 1150 274 1173 319
person 0.03988246 956 273 991 312
person 0.039313976 363 114 389 143
person 0.03928455 905 116 918 138
person 0.039267395 671 148 694 174
person 0.039179847 232 493 252 522
person 0.039169107 1161 117 1177 143
person 0.039136536 1054 56 1077 89
person 0.039075427 539 299 614 387
person 0.03887594 697 144 719 169
person 0.038587205 748 14 760 28
person 0.03855722 1161 727 1172 789
person 0.038501207 306 133 328 161
person 0.038034096 1145 321 1173 385
person 0.03797121 1013 292 1047 332
person 0.037917607 875 143 898 167
person 0.03781746 1098 228 1122 252
person 0.03776554 1159 -259 1172 -251
person 0.03776307 557 7 574 29
person 0.037613813 738 192 764 216
person 0.037418045 560 129 571 151
person 0.03734677 1040 183 1060 210
person 0.037269026 676 68 712 114
person 0.037254535 1097 125 1115 149
person 0.03712587 761 104 775 117
person 0.036983266 606 121 629 145
person 0.03696973 291 169 314 196
person 0.036868334 771 227 803 268
person 0.036791187 210 453 233 479
person 0.036613304 1158 -260 1174 -235
person 0.036569156 0 138 8 169
person 0.03643133 1165 116 1173 144
person 0.03630522 503 189 537 225
person 0.036293976 274 391 294 415
person 0.03625234 965 84 983 105
person 0.03624948 229 105 261 139
person 0.035876274 1001 311 1040 365
person 0.035871606 552 13 567 34
person 0.035793554 -3 -171 17 -47
person 0.0357326 242 152 328 291
person 0.035549577 699 19 715 36
person 0.035506707 832 168 854 192
person 0.03548466 302 258 355 323
person 0.035477504 1086 -243 1101 -198
person 0.035450414 864 781 890 851
person 0.03536085 589 222 631 273
person 0.035301264 321 60 348 92
person 0.035286386 1000 68 1025 100
person 0.03526309 922 81 935 95
person 0.03525276 1007 127 1051 198
person 0.035060022 499 68 537 114
person 0.035053656 43 481 57 514
person 0.034918774 955 324 990 368
person 0.03488175 269 391 300 428
person 0.03486845 0 -265 9 -207
person 0.034813337 451 159 477 183
person 0.034785792 909 781 935 851
person 0.034721375 277 113 340 208
person 0.034704037 410 42 426 61
person 0.034700174 374 160 396 181
person 0.034639698 1154 104 1176 139
person 0.034637403 148 458 180 517
person 0.03449187 903 135 966 224
person 0.03448483 574 67 587 80
person 0.034461364 1162 767 1172 837
person 0.03443196 988 209 1011 234
person 0.034418706 706 385 770 487
person 0.034340233 240 495 261 522
person 0.034337513 1161 -218 1171 -156
person 0.034301236 1086 226 1109 252
person 0.034252614 55 381 67 414
person 0.034090515 1165 251 1172 284
person 0.034087542 397 117 422 142
person 0.034063444 1046 -246 1062 -195
person 0.03399695 681 22 692 36
person 0.033923004 450 147 475 172
person 0.03390698 1160 254 1176 281
person 0.03377837 1010 -251 1027 -196
person 0.033729397 309 483 338 521
person 0.033644684 673 30 686 44
person 0.033586286 159 420 179 446
person 0.033520162 1161 143 1176 171
person 0.033349887 1041 13 1052 29
person 0.033301998 457 86 478 107
person 0.033275798 160 427 181 456
person 0.033240397 618 40 636 60
person 0.03308592 772 16 783 31
person 0.032806683 1105 10 1116 26
person 0.032762386 344 129 367 155
person 0.032750323 1165 98 1173 127
person 0.032696664 49 -260 66 -242
person 0.032557905 1024 130 1037 152
person 0.032531157 56 276 71 307
person 0.032294508 290 97 312 122
person 0.03222435 427 104 450 127
person 0.0322063 1076 -138 1108 -40
person 0.03219239 1093 55 1117 89
person 0.032068368 980 125 992 148
person 0.03202439 -4 121 10 146
person 0.031981304 28 -259 42 -252
person 0.031971134 537 99 551 113
person 0.031935345 648 60 683 107
person 0.03186228 728 16 744 33
person 0.03184612 369 675 383 725
person 0.031824134 765 65 780 77
person 0.031757794 0 311 6 356
person 0.031426344 1125 400 1137 467
person 0.031403244 856 146 878 171
person 0.031353418 567 336 630 431
person 0.031305235 255 108 274 130
person 0.031295117 481 96 495 116
person 0.031253424 897 193 918 218
person 0.031190613 0 379 6 425
person 0.031103095 0 355 5 399
person 0.030985178 903 403 991 579
person 0.030978471 576 88 616 134
person 0.030890608 27 -259 45 -242
person 0.030810986 171 -103 218 48
person 0.030800223 854 167 876 191
person 0.030668572 1161 100 1176 127
person 0.030662136 -4 1 11 31
person 0.030586544 316 272 348 310
person 0.03058404 357 16 382 53
person 0.030487845 895 -56 974 130
person 0.03044672 61 776 83 849
person 0.030426534 50 496 66 529
person 0.030165598 685 229 726 280
person 0.030158678 819 782 845 851
person 0.030155512 314 237 349 275
person 0.030058641 1080 171 1092 195
person 0.030025477 725 97 738 108
person 0.02992493 1165 141 1172 173
person 0.029895669 140 193 172 228
person 0.029895198 810 166 833 190
person 0.029893981 266 224 310 275
person 0.02988314 575 60 612 108
person 0.029853517 263 473 282 499
person 0.029832216 137 342 158 368
person 0.029808205 1077 360 1109 406
person 0.029541552 608 163 632 189
person 0.02939755 -1 284 8 343
person 0.02937935 1044 361 1086 416
person 0.02930116 918 440 981 550
person 0.029139234 615 349 676 451
person 0.029036144 0 384 9 473
person 0.02897116 819 673 834 735
person 0.028935377 957 -254 975 -197
person 0.028885698 1165 231 1172 264
person 0.028858697 198 104 219 127
person 0.028841723 814 -50 899 132
person 0.02875405 548 32 565 55
person 0.028735653 289 421 311 444
person 0.028619688 1160 234 1176 262
person 0.028549865 686 74 700 94
person 0.028416142 19 365 31 398
person 0.028392972 275 406 297 432
person 0.028359856 -3 140 12 167
person 0.028356722 949 -165 963 -122
person 0.028299306 902 168 927 192
person 0.02823408 550 69 563 81
person 0.027876781 128 321 153 347
person 0.027838513 106 193 137 225
person 0.027811315 220 173 241 198
person 0.027806837 639 638 653 712
person 0.027802916 1031 461 1095 573
person 0.027793812 86 550 133 688
person 0.027777009 111 149 138 179
person 0.027689053 881 -259 894 -251
person 0.027635865 755 121 768 142
person 0.027585624 1030 288 1056 311
person 0.02757266 736 161 831 302
person 0.027474297 477 296 582 421
person 0.027397383 903 -259 917 -251
person 0.027376654 751 40 763 55
person 0.027332583 529 509 543 540
person 0.027317371 825 398 907 577
person 0.02731205 721 -42 809 133
person 0.027285106 858 -259 872 -251
person 0.02718981 926 -259 940 -251
person 0.02718494 222 146 243 171
person 0.027091613 1165 74 1172 102
person 0.027074313 0 -2 6 36
person 0.027069163 949 -259 962 -251
person 0.027040616 433 584 450 615
person 0.02703598 971 -259 985 -251
person 0.02700838 526 516 540 557
person 0.026993066 630 31 658 65
person 0.026982933 1051 229 1074 254
person 0.026955057 223 121 244 144
person 0.026951157 49 -260 64 -252
person 0.026900519 293 379 315 398
person 0.02689277 630 66 644 78
person 0.02688461 347 72 431 225
person 0.026827158 1125 -259 1139 -252
person 0.026825279 0 115 11 162
person 0.02677158 954 89 967 108
person 0.026766235 955 781 980 851
person 0.02671667 1084 760 1114 860
person 0.026624316 273 178 293 223
person 0.026616866 404 431 420 455
person 0.026483897 217 184 238 210
person 0.026369574 376 45 414 94
person 0.026296074 591 96 603 109
person 0.026279919 106 259 172 343
person 0.026256563 990 84 1009 106
person 0.026255276 270 501 354 677
person 0.026224274 410 556 429 582
person 0.026204186 351 520 408 628
person 0.026130961 840 91 852 103
person 0.026022 107 752 133 880
person 0.025978342 603 317 686 489
person 0.025904628 1052 333 1131 481
person 0.025863808 836 -259 850 -251
person 0.025800217 663 32 681 52
person 0.02578744 1034 105 1053 128
person 0.025771933 993 -259 1007 -251
person 0.02573718 71 359 85 390
person 0.02564323 1039 691 1053 745
person 0.025642758 991 231 1012 254
person 0.02562998 506 63 523 84
person 0.025489928 0 124 6 140
person 0.025318552 706 60 743 107
person 0.025268039 881 352 975 515
person 0.02523181 317 -237 348 -150
person 0.025159748 959 367 1050 509
person 0.025079474 181 144 201 169
person 0.025069922 476 393 488 418
person 0.025068 1165 53 1172 81
person 0.02502331 0 94 6 125
person 0.024997432 859 -260 874 -235
person 0.024996996 0 416 10 526
person 0.024879286 836 -260 852 -236
person 0.024795242 881 -260 897 -235
person 0.024697127 405 31 429 67
person 0.024632372 -4 727 14 874
person 0.024580505 27 469 72 610
person 0.02446975 693 354 780 517
person 0.024428703 904 -260 919 -234
person 0.024421012 272 206 304 237
person 0.024277661 170 352 240 444
person 0.024270123 561 9 571 25
person 0.024247421 1039 214 1061 242
person 0.024205498 0 340 9 415
person 0.02414176 858 277 899 331
person 0.024105115 927 -260 942 -234
person 0.024050934 229 505 260 558
person 0.024031691 639 19 650 33
person 0.024025265 876 168 898 192
person 0.024004873 555 15 563 30
person 0.023983702 845 95 858 108
person 0.023974875 814 -260 829 -237
person 0.023954153 986 124 998 145
person 0.023919115 949 -260 964 -234
person 0.0238931 767 269 807 323
person 0.023858937 853 144 895 192
person 0.023855684 678 20 696 37
person 0.023854496 972 -260 987 -234
person 0.02384294 516 141 540 164
person 0.023835551 324 674 339 730
person 0.023811573 774 167 785 190
person 0.023807364 236 65 263 97
person 0.023785701 1084 695 1101 746
person 0.023708332 560 169 584 193
person 0.023682844 459 23 484 56
person 0.023679206 465 164 489 184
person 0.023659112 818 -253 834 -198
person 0.023651596 1130 21 1142 73
person 0.023644395 110 561 129 592
person 0.023633989 552 20 580 53
person 0.023608787 1017 11 1028 28
person 0.023596965 549 313 644 473
person 0.023534566 219 442 243 466
person 0.023531927 1124 -260 1142 -241
person 0.023525627 1055 417 1091 474
person 0.023525259 1008 801 1042 899
person 0.023497678 0 -248 9 -164
person 0.023472887 462 30 479 52
person 0.023441048 825 138 836 161
person 0.023390826 593 289 630 348
person 0.023322219 920 212 942 236
person 0.023316123 840 422 898 538
person 0.023218911 1015 430 1105 599
person 0.023189168 405 -233 436 -146
person 0.023180462 346 260 423 339
person 0.02310564 1016 79 1035 101
person 0.023097683 22 436 35 469
person 0.02309186 211 323 253 375
person 0.022963934 1036 232 1058 256
person 0.022916202 994 -260 1009 -235
person 0.022791324 153 319 255 489
person 0.022753717 598 33 625 64
person 0.02274214 582 194 603 216
person 0.022678852 813 -259 827 -251
person 0.022656104 698 169 721 195
person 0.02265197 1015 -259 1029 -251
person 0.022595646 999 782 1025 851
person 0.022575203 -1 274 5 311
person 0.022527399 1165 209 1172 242
person 0.022503238 1089 781 1110 838
person 0.022420632 793 14 805 30
person 0.022410555 290 430 310 455
person 0.02239832 804 390 873 486
person 0.022395208 681 289 774 421
person 0.022326538 222 107 243 129
person 0.022323303 776 -253 793 -197
person 0.022304049 1160 212 1176 240
person 0.022249663 911 -254 928 -197
person 0.02223985 204 443 238 497
person 0.022216389 65 -126 87 -56
person 0.022212101 599 272 696 429
person 0.02220363 258 463 287 500
person 0.022170573 831 73 867 120
person 0.022157887 684 780 709 852
person 0.022118002 774 781 799 852
person 0.022098847 1102 250 1125 275
person 0.022096723 -4 317 9 349
person 0.022086775 1160 167 1176 196
person 0.022074118 562 38 581 61
person 0.022046912 382 81 405 104
person 0.022040939 831 128 844 149
person 0.021963168 46 20 69 59
person 0.021962836 722 272 762 325
person 0.021928897 903 85 920 97
person 0.021905223 503 782 529 853
person 0.021837544 904 -165 919 -124
person 0.021802759 66 415 80 447
person 0.021794703 210 432 249 482
person 0.021723907 898 734 919 787
person 0.021654164 202 475 225 501
person 0.021642087 790 -260 806 -238
person 0.021638084 504 100 520 117
person 0.02158093 741 213 766 237
person 0.02157143 1125 35 1142 58
person 0.021544324 1105 -260 1122 -241
person 0.021534868 286 528 308 556
person 0.021523219 186 495 213 541
person 0.021512553 998 -55 1074 136
person 0.021419961 1018 205 1028 229
person 0.021415647 49 359 72 430
person 0.021413477 53 367 64 402
person 0.021404726 375 506 396 534
person 0.021345302 639 781 664 852
person 0.02134463 720 39 740 59
person 0.021264553 951 831 975 909
person 0.021223526 790 58 805 71
person 0.021206843 298 658 308 690
person 0.021204874 0 335 5 382
person 0.021203488 1016 -260 1032 -236
person 0.021188349 336 105 358 129
person 0.021170069 996 831 1020 909
person 0.021145286 1010 233 1031 254
person 0.021103539 1161 -174 1172 -109
person 0.021103011 684 672 698 732
person 0.021084458 1105 -259 1120 -252
person 0.021072617 1160 190 1176 218
person 0.021052206 -1 305 8 394
person 0.021025153 679 67 694 80
person 0.020934524 143 112 171 144
person 0.020876972 337 498 419 668
person 0.020798624 549 781 574 853
person 0.020788414 87 404 100 436
person 0.02078116 799 -146 854 -20
person 0.020767491 899 204 922 228
person 0.02075396 178 324 226 376
person 0.020748766 198 368 224 378
person 0.020739036 1113 455 1141 519
person 0.020736732 1033 289 1051 335
person 0.020690681 639 669 653 733
person 0.020679666 517 269 630 430
person 0.020673225 594 781 619 853
person 0.020646568 228 25 252 63
person 0.020625843 188 110 207 131
person 0.020532986 906 831 930 909
person 0.020505648 115 -239 146 -151
person 0.020495523 982 360 1022 414
person 0.020444086 458 782 484 852
person 0.020438042 137 -10 172 81
person 0.020421933 1164 31 1172 60
person 0.02037836 769 202 800 230
person 0.020226913 1142 195 1174 251
person 0.020195682 311 106 333 130
person 0.020194827 729 781 754 852
person 0.020185089 737 -251 754 -195
person 0.020150676 1161 880 1168 929
person 0.020129578 414 674 428 727
person 0.020111607 42 202 71 234
person 0.020095201 506 340 555 414
person 0.020069087 324 148 420 293
person 0.020055884 -5 278 9 308
person 0.01994308 462 628 475 689
person 0.019875703 1165 187 1172 220
person 0.019859504 825 277 857 317
person 0.019835316 119 92 163 165
person 0.019828726 1156 690 1174 740
person 0.019800304 143 673 157 736
person 0.01973066 812 726 828 782
person 0.01971487 278 781 303 853
person 0.019711247 768 -260 785 -239
person 0.01963966 368 782 394 852
person 0.019490536 -4 361 9 392
person 0.019478697 -1 88 29 169
person 0.019455032 461 19 477 40
person 0.019436888 957 -219 972 -169
person 0.019422013 860 831 884 909
person 0.019403487 1161 76 1176 101
person 0.019395899 110 794 141 909
person 0.019360492 874 68 910 118
person 0.01934685 21 178 59 251
person 0.019323852 269 403 301 440
person 0.019310424 790 -259 804 -251
person 0.01929452 473 83 485 101
person 0.01928465 1165 612 1171 648
person 0.019257903 717 216 740 239
person 0.019236038 636 17 654 35
person 0.01920809 899 271 944 322
person 0.019201266 1165 164 1172 198
person 0.01912857 -4 386 9 418
person 0.01911295 995 13 1005 29
person 0.019099228 1095 295 1116 320
person 0.019065235 205 -242 237 -155
person 0.019057356 295 385 316 408
person 0.019023295 1045 784 1067 841
person 0.018985203 136 282 160 307
person 0.018946609 806 60 826 80
person 0.018944796 363 509 388 537
person 0.018935537 1038 -260 1054 -238
person 0.018926278 1105 32 1118 51
person 0.018910922 790 80 883 237
person 0.018872652 809 88 823 99
person 0.018860534 562 188 585 209
person 0.018846015 1124 55 1141 79
person 0.018813875 524 35 543 58
person 0.018805575 194 -13 230 74
person 0.0187875 472 60 491 82
person 0.01876886 102 778 125 851
person 0.018725498 1066 661 1075 695
person 0.018699456 392 -207 422 -111
person 0.01869942 0 651 5 694
person 0.018683922 605 191 626 215
person 0.018674152 265 88 358 244
person 0.018662745 364 666 386 736
person 0.018631617 815 831 839 909
person 0.018608501 1024 292 1061 318
person 0.018605521 439 444 454 467
person 0.018592585 0 787 14 879
person 0.018558348 1037 -259 1052 -251
person 0.01853852 335 441 352 464
person 0.018535284 233 781 258 853
person 0.01853025 907 680 922 731
person 0.018496271 1165 632 1171 670
person 0.018477492 356 182 380 205
person 0.018471388 1102 277 1125 300
person 0.01846013 208 159 220 182
person 0.018453652 180 -92 211 20
person 0.018394466 858 728 875 784
person 0.018387029 431 608 450 642
person 0.018364808 1166 526 1172 558
person 0.018355679 912 810 947 911
person 0.018323092 851 97 865 110
person 0.018310282 691 -252 708 -196
person 0.018295636 1148 146 1177 202
person 0.018289082 283 657 292 691
person 0.01825239 399 431 426 464
person 0.018243723 0 505 8 620
person 0.018231317 628 -105 685 32
person 0.018223684 1065 665 1074 684
person 0.018141527 725 666 746 739
person 0.01813665 700 187 724 214
person 0.018119419 160 394 181 417
person 0.018106228 890 -143 947 -21
person 0.018090868 32 471 45 504
person 0.018085402 721 -147 777 -22
person 0.018069852 770 31 788 50
person 0.018061295 323 781 348 853
person 0.018035945 1002 100 1015 114
person 0.018030183 447 584 462 617
person 0.018010747 273 148 296 173
person 0.018009664 496 138 518 158
person 0.017998239 460 606 474 640
person 0.017982725 770 830 794 909
person 0.017935932 119 666 132 753
person 0.017915012 1082 104 1100 125
person 0.017903725 188 781 213 852
person 0.0178941 813 14 824 30
person 0.017845137 10 272 100 420
person 0.0178259 1059 243 1143 402
person 0.017779924 1096 520 1131 542
person 0.017772881 -4 30 11 58
person 0.017747443 0 -229 6 -183
person 0.017731773 865 -255 882 -196
person 0.017729148 191 404 224 444
person 0.017724583 430 579 446 608
person 0.01771357 1043 658 1053 696
person 0.017674897 0 401 6 444
person 0.017658105 0 -251 6 -208
person 0.017642438 635 -31 724 139
person 0.017577872 0 741 9 829
person 0.017563468 282 208 308 232
person 0.017551607 1125 83 1143 107
person 0.017529288 356 371 374 390
person 0.017512651 691 108 730 155
person 0.017509352 725 830 749 909
person 0.017506005 45 341 61 375
person 0.0175008 153 414 186 469
person 0.017487505 1159 277 1176 303
person 0.017472845 996 115 1059 214
person 0.01747274 0 468 6 511
person 0.017471896 127 -115 187 70
person 0.017435662 244 126 265 150
person 0.017419023 150 254 172 279
person 0.017403262 276 515 312 572
person 0.017389266 594 671 607 728
person 0.017369138 1041 831 1065 909
person 0.017365621 413 782 439 852
person 0.017318426 1083 -207 1103 -154
person 0.017242195 1014 795 1036 870
person 0.017239086 182 378 198 391
person 0.01722003 680 830 704 909
person 0.017217012 0 644 8 747
person 0.017200368 621 42 632 56
person 0.017167503 1084 741 1105 789
person 0.01715658 1102 9 1119 29
person 0.017155068 427 122 450 144
person 0.017150695 0 491 6 535
person 0.01711989 241 386 262 406
person 0.017104467 692 25 719 57
person 0.017102992 645 -7 710 107
person 0.017070958 197 260 227 283
person 0.017051749 635 830 659 909
person 0.017016333 642 -253 658 -198
person 0.016981998 337 508 361 536
person 0.016978616 185 831 209 909
person 0.016977478 200 18 222 59
person 0.016968424 1002 -224 1017 -168
person 0.016960686 455 830 479 909
person 0.016954955 969 794 991 870
person 0.016953237 500 830 524 909
person 0.01695041 590 830 614 909
person 0.016937844 545 830 569 909
person 0.016919758 1103 797 1136 901
person 0.01690529 410 830 434 909
person 0.016880851 918 277 1022 418
person 0.016868029 1164 851 1171 899
person 0.016863173 745 -260 762 -239
person 0.016851272 110 277 143 334
person 0.016846659 986 -143 1041 -22
person 0.016807508 0 874 9 925
person 0.016802188 130 319 164 379
person 0.016799416 365 830 389 910
person 0.01679015 1166 590 1172 623
person 0.016715093 193 803 227 912
person 0.016704783 38 235 64 273
person 0.016699191 61 317 78 349
person 0.016693601 483 -4 526 68
person 0.01667363 1165 503 1172 535
person 0.016669933 865 672 880 731
person 0.016646242 142 436 161 467
person 0.016642354 1019 36 1036 56
person 0.016600743 230 830 254 909
person 0.016598985 320 830 344 910
person 0.016593171 232 532 258 582
person 0.016575944 0 162 7 195
person 0.016557936 144 780 168 852
person 0.016529975 140 831 164 910
person 0.016517323 274 103 295 126
person 0.016502611 939 72 974 120
person 0.016499275 275 830 299 910
person 0.016479595 50 830 74 910
person 0.016463565 412 628 426 692
person 0.016462862 885 106 988 248
person 0.01642425 322 661 333 691
person 0.016406957 1164 273 1172 306
person 0.016406072 674 728 694 782
person 0.016381053 363 -260 380 -238
person 0.01638073 386 -260 403 -238
person 0.01637675 68 349 83 381
person 0.01637291 409 -260 425 -238
person 0.016366007 551 224 593 277
person 0.016365217 228 -260 245 -238
person 0.016361058 341 -260 358 -238
person 0.016361011 521 -260 538 -238
person 0.016357811 251 -260 268 -238
person 0.016357368 431 -260 448 -238
person 0.0163535 273 -260 290 -238
person 0.01635254 454 -260 470 -238
person 0.016348774 370 223 415 275
person 0.016347963 296 -260 313 -238
person 0.016346062 544 -260 561 -238
person 0.016344504 206 -260 223 -238
person 0.016343309 476 -260 493 -238
person 0.016339445 318 -260 335 -238
person 0.01633425 84 563 104 592
person 0.016318291 499 -260 515 -238
person 0.016285969 498 126 514 143
person 0.016261877 425 74 514 228
person 0.016251856 1085 831 1109 909
person 0.016238056 108 249 134 275
person 0.016186045 566 -260 583 -238
person 0.01617808 550 677 562 727
person 0.01616438 183 -260 200 -238
person 0.016155252 24 412 33 447
person 0.016143404 -5 97 10 122
person 0.016115807 382 -4 423 72
person 0.016108692 1104 796 1125 873
person 0.016088624 767 -259 782 -251
person 0.016085856 709 626 719 666
person 0.016071666 407 434 416 450
person 0.016069742 234 672 248 728
person 0.016041275 632 728 648 782
person 0.016030975 1042 663 1052 682
person 0.01601648 225 372 244 384
person 0.016010229 1060 -260 1077 -239
person 0.01598065 316 795 335 823
person 0.015978431 924 794 946 870
person 0.015977554 295 454 315 479
person 0.015973462 469 144 491 165
person 0.015908595 1104 148 1115 171
person 0.01590375 338 795 357 822
person 0.015899481 293 795 312 823
person 0.01588939 334 166 356 188
person 0.015887504 1104 497 1134 522
person 0.015871534 1038 76 1057 97
person 0.015859295 292 0 330 82
person 0.015838142 119 730 133 785
person 0.015821703 589 -260 606 -238
person 0.015807869 107 103 134 135
person 0.015783977 361 795 380 822
person 0.015773483 648 546 666 579
person 0.0157484 271 795 289 823
person 0.015742946 25 449 39 484
person 0.015729344 1147 534 1158 623
person 0.015700128 -2 319 14 407
person 0.015679693 736 -246 771 -162
person 0.015656425 161 -260 178 -238
person 0.0156365 289 538 315 566
person 0.015593482 611 -260 628 -238
person 0.015589011 1161 55 1176 80
person 0.015584788 926 12 936 28
person 0.015560535 360 475 383 504
person 0.015547926 517 -6 533 16
person 0.015547734 383 795 402 822
person 0.015544267 24 387 34 422
person 0.015538651 1065 683 1076 715
person 0.015538375 284 536 344 652
person 0.0155351935 340 660 351 691
person 0.015535033 785 356 887 527
person 0.01550345 248 795 267 823
person 0.01549539 74 -248 86 -196
person 0.01548784 138 727 159 785
person 0.015475638 85 395 99 426
person 0.01544522 1009 22 1033 61
person 0.015425189 1090 543 1134 563
person 0.015414454 586 -104 603 -76
person 0.015406323 0 26 7 62
person 0.015405098 506 27 533 60
person 0.015397896 84 545 105 577
person 0.015379756 1163 792 1172 876
person 0.015368105 773 33 784 47
person 0.015343476 1021 -243 1030 -205
person 0.015335562 -1 -201 14 -112
person 0.015317203 406 795 425 822
person 0.015315658 142 365 162 392
person 0.015308575 154 130 172 152
person 0.015305873 471 -235 504 -148
person 0.015298853 837 60 857 82
person 0.0152905155 226 795 244 823
person 0.015278667 68 424 79 459
person 0.015259344 265 231 380 378
person 0.015231046 480 423 494 464
person 0.015183657 518 122 533 136
person 0.015181326 60 75 86 111
person 0.015174462 0 625 5 669
person 0.015167865 1164 434 1171 467
person 0.015143753 1154 767 1173 845
person 0.0151397195 552 -245 586 -159
person 0.015136728 0 -159 9 -73
person 0.015133889 194 123 205 137
person 0.01511025 428 794 447 822
person 0.015090308 460 676 473 727
person 0.015053059 724 -260 741 -239
person 0.015045498 358 528 383 555
person 0.015021414 1085 34 1098 52
person 0.01501431 1128 35 1138 53
person 0.014992297 67 538 91 571
person 0.014990529 443 219 486 271
person 0.014978678 913 -221 926 -171
person 0.014975603 949 13 959 30
person 0.014970047 0 -207 6 -161
person 0.014957389 1166 547 1172 579
person 0.014942039 292 86 313 108
person 0.014937126 451 794 470 822
person 0.014917297 952 12 976 51
person 0.01490385 858 13 869 29
person 0.014902149 538 165 555 177
person 0.014897908 634 -260 651 -238
person 0.014874442 366 662 378 695
person 0.0148708215 138 -260 155 -238
person 0.014866876 1165 480 1172 512
person 0.014866032 95 830 119 911
person 0.014865089 203 795 222 823
person 0.014848073 837 13 848 29
person 0.014846266 503 544 517 579
person 0.014832158 1129 96 1146 121
person 0.01476303 1060 -259 1074 -251
person 0.014753538 789 794 808 822
person 0.014734911 884 78 898 89
person 0.014730656 972 13 983 30
person 0.01472375 766 794 785 822
person 0.014720997 81 457 104 527
person 0.014718598 543 184 566 206
person 0.014715443 699 411 721 442
person 0.014714803 -5 343 9 375
person 0.014712313 614 632 629 704
person 0.014706853 563 794 582 822
person 0.014691274 933 149 946 172
person 0.014690983 541 794 560 822
person 0.0146871805 450 72 491 120
person 0.014684491 473 794 492 822
person 0.014663738 811 794 830 822
person 0.014662972 496 794 515 822
person 0.0146544585 279 23 303 59
person 0.014650618 465 -204 497 -112
person 0.014650164 1152 -260 1175 -193
person 0.014647073 518 794 537 822
person 0.014629205 116 -249 129 -197
person 0.014613094 151 366 173 389
person 0.014595871 609 -105 627 -76
person 0.014588754 71 -260 88 -241
person 0.014570742 491 227 533 280
person 0.014546265 257 461 269 486
person 0.0145407915 1060 102 1078 125
person 0.014533995 67 -174 87 -100
person 0.014529944 586 794 605 822
person 0.014524428 744 794 762 823
person 0.014516343 855 597 885 702
person 0.0145125985 564 -104 581 -75
person 0.014508084 55 151 82 182
person 0.014497569 -3 -262 15 -186
person 0.0144651765 618 143 723 296
person 0.014457251 879 794 900 871
person 0.014449325 1047 -216 1063 -158
person 0.014444797 956 359 996 416
person 0.014441824 -1 446 6 488
person 0.014440386 0 -15 6 24
person 0.014376747 1082 -260 1096 -251
person 0.014372275 1038 36 1057 57
person 0.014366724 153 -254 169 -198
person 0.014342496 406 47 427 71
person 0.014325438 965 214 986 240
person 0.014306827 608 794 627 822
person 0.014299433 199 235 226 260
person 0.014292572 1036 254 1059 278
person 0.0142907845 267 499 335 590
person 0.014279987 833 190 856 212
person 0.014271163 640 813 674 917
person 0.014264725 51 515 69 548
person 0.014251924 721 794 740 823
person 0.014249593 691 108 794 247
person 0.014243378 537 100 646 247
person 0.014239195 116 -260 133 -239
person 0.014235234 1164 657 1171 695
person 0.014232056 656 -260 673 -239
person 0.014205915 730 811 764 916
person 0.014204293 1010 301 1038 327
person 0.014204186 834 794 853 822
person 0.014197317 739 168 750 190
person 0.014193361 905 13 915 30
person 0.014189345 246 475 259 504
person 0.014169468 1082 -260 1099 -240
person 0.014134922 0 -46 5 -1
person 0.014129765 300 187 313 198
person 0.014129446 1119 458 1141 482
person 0.01412428 701 -260 718 -239
person 0.014119426 279 810 314 913
person 0.014106866 181 794 199 823
person 0.014051699 1166 567 1172 600
person 0.014050496 1036 584 1053 616
person 0.01404339 399 9 416 33
person 0.014037819 -5 -41 9 -9
person 0.014022153 820 -244 829 -205
person 0.014015391 631 794 650 823
person 0.013999466 598 -254 614 -199
person 0.0139988875 1070 117 1107 165
person 0.01399213 698 794 717 823
person 0.013991821 321 455 424 611
person 0.013981983 422 453 438 479
person 0.013979997 237 542 262 571
person 0.0139731495 855 190 878 213
person 0.0139539 166 79 253 239
person 0.0139484815 882 14 892 30
person 0.01394266 234 632 250 711
person 0.013941471 0 463 8 570
person 0.013937115 1051 24 1075 66
person 0.013929737 651 -246 686 -161
person 0.013921507 770 667 792 740
person 0.013917605 1057 250 1080 274
person 0.013878912 704 404 782 597
person 0.013855711 880 593 899 622
person 0.013844013 653 794 672 823
person 0.013841892 73 731 86 794
person 0.013841507 1065 35 1077 53
person 0.013839321 279 65 319 115
person 0.013836256 128 294 156 321
person 0.013829224 -4 -10 10 18
person 0.01382856 780 242 891 397
person 0.013825355 1163 -223 1171 -181
person 0.013820396 676 794 695 823
person 0.013820344 1009 512 1103 691
person 0.013799563 1032 -251 1068 -173
person 0.013758643 32 345 40 378
person 0.013751066 992 -164 1005 -118
person 0.013725889 856 794 875 822
person 0.013723907 274 518 297 547
person 0.013714991 1010 183 1020 212
person 0.013694705 679 -260 696 -239
person 0.013689895 485 552 497 608
person 0.013686369 679 269 719 326
person 0.013686182 820 812 855 916
person 0.013672839 792 104 809 116
person 0.013668923 797 81 811 93
person 0.013667116 665 33 677 48
person 0.013650235 905 108 922 120
person 0.013649643 945 -85 970 -63
person 0.013628956 740 30 767 62
person 0.0136212725 -3 278 15 352
person 0.013612798 0 -110 9 -32
person 0.013601214 658 19 669 34
person 0.013600286 494 735 515 786
person 0.013580024 105 527 122 558
person 0.013554891 639 660 649 694
person 0.01355472 745 -259 760 -252
person 0.013553189 158 455 186 485
person 0.013543006 178 401 201 421
person 0.0135384835 514 152 624 309
person 0.013531525 12 363 66 479
person 0.013523939 753 65 792 113
person 0.013516461 -4 -245 9 -214
person 0.013509228 923 -85 948 -63
person 0.013439712 988 285 1011 308
person 0.013425614 114 -179 135 -105
person 0.013413833 331 430 361 464
person 0.013404043 503 -174 514 -122
person 0.013399302 1155 802 1173 888
person 0.013363268 885 59 902 80
person 0.013356556 504 679 517 726
person 0.0133324405 80 381 92 417
person 0.013324496 1123 448 1135 521
person 0.013317219 1165 458 1172 489
person 0.013307567 176 -162 204 -48
person 0.013301632 126 -27 178 106
person 0.01330119 0 424 6 467
person 0.01330107 550 813 584 918
person 0.013294406 1127 11 1138 33
person 0.013283595 1041 743 1063 793
person 0.013265621 968 -85 992 -62
person 0.013259968 0 -184 6 -138
person 0.013247701 676 377 695 402
person 0.013238148 793 28 811 47
person 0.01323243 834 794 855 871
person 0.013216788 1088 684 1099 712
person 0.013210825 428 82 448 103
person 0.013202766 733 163 745 188
person 0.013196418 97 70 124 106
person 0.013177412 409 668 431 739
person 0.013170983 87 238 188 393
person 0.013167859 1042 611 1061 648
person 0.013158687 1079 168 1093 185
person 0.013157225 775 674 788 730
person 0.013148672 296 379 312 393
person 0.013148059 900 -85 925 -62
person 0.01314313 105 -149 136 -43
person 0.013111261 0 671 6 715
person 0.013110884 526 68 539 80
person 0.013103586 189 671 203 728
person 0.0130954245 620 278 660 336
person 0.013092306 3 195 17 239
person 0.013065637 449 733 470 785
person 0.013059602 1118 216 1137 242
person 0.013028004 820 -257 856 -175
person 0.0130202705 231 485 247 498
person 0.013008962 1010 258 1033 279
person 0.0129816355 458 98 472 121
person 0.012962056 928 -262 964 -184
person 0.012958646 1160 530 1178 552
person 0.01294969 242 377 263 395
person 0.012947862 990 634 1000 674
person 0.012940429 763 726 786 797
person 0.012939789 413 44 422 58
person 0.012929775 1149 96 1178 153
person 0.012927992 831 734 871 879
person 0.012919628 879 794 898 822
person 0.012914945 420 149 528 306
person 0.01290407 987 299 1010 322
person 0.012859971 743 -8 786 78
person 0.012856006 1164 -178 1171 -136
person 0.012843952 588 732 603 783
person 0.012840898 719 729 740 784
person 0.012826084 542 -104 558 -75
person 0.012819971 559 23 604 97
person 0.012811935 319 -205 349 -102
person 0.012811574 393 624 408 709
person 0.012809306 337 485 407 582
person 0.012770172 787 150 897 301
person 0.0127653275 203 139 214 153
person 0.012762228 382 104 396 126
person 0.012735436 828 589 846 618
person 0.012713661 968 635 978 675
person 0.012707438 942 734 964 787
person 0.012696035 1164 -201 1171 -159
person 0.012687842 547 -173 559 -122
person 0.012685813 1164 258 1172 272
person 0.012664347 877 -86 902 -62
person 0.012663954 948 118 961 140
person 0.012655747 903 56 920 77
person 0.012638432 1162 -135 1172 -61
person 0.012636967 29 320 38 353
person 0.0126350215 386 444 404 465
person 0.0126292 0 -5 9 52
person 0.0126264235 141 132 159 152
person 0.01261622 789 794 810 871
person 0.012605064 1081 -251 1105 -188
person 0.0125989765 582 208 605 229
person 0.012594314 518 166 541 185
person 0.012590443 1058 -168 1129 -9
person 0.012584285 -4 165 11 192
person 0.012560123 164 633 176 714
person 0.012544324 158 794 177 823
person 0.012521799 1059 795 1080 872
person 0.012503752 412 226 454 278
person 0.012496159 309 552 334 578
person 0.012493235 365 22 373 37
person 0.0124905165 590 665 610 739
person 0.012489735 -4 -222 9 -191
person 0.012480311 113 280 136 306
person 0.012478431 579 361 617 388
person 0.012474741 359 371 370 386
person 0.012471487 312 188 334 211
person 0.012468756 826 11 852 46
person 0.012445112 1165 122 1172 136
person 0.012439023 279 672 294 726
person 0.012432833 545 11 611 117
person 0.012428022 285 637 302 708
person 0.012424891 517 455 532 502
person 0.012401409 474 604 486 644
person 0.012396914 182 -27 237 98
person 0.012374166 772 169 787 182
person 0.01236661 117 -221 130 -161
person 0.012359804 47 632 61 674
person 0.012342214 223 421 247 439
person 0.012337065 269 231 294 252
person 0.012318613 65 793 86 872
person 0.01231076 442 447 450 463
person 0.012308493 899 327 939 384
person 0.012301187 456 100 475 112
person 0.0122998655 929 118 942 140
person 0.012294514 459 813 493 918
person 0.012294038 982 84 1077 247
person 0.012287336 186 61 223 112
person 0.012286399 2 334 83 503
person 0.01228287 1164 36 1171 53
person 0.012271507 -4 498 9 528
person 0.012266947 0 716 6 761
person 0.012261777 148 65 174 100
person 0.0122616505 93 -260 110 -240
person 0.012255415 -4 475 9 505
person 0.012252887 233 483 245 509
person 0.012252327 0 -162 6 -116
person 0.012242176 266 273 311 325
person 0.012218723 901 793 920 822
person 0.012208409 1163 678 1171 716
person 0.0122074885 650 208 673 231
person 0.012180103 631 -105 650 -78
person 0.012179197 327 17 352 52
person 0.012158378 1110 645 1119 659
person 0.012140667 300 182 312 204
person 0.01212491 842 -244 851 -205
person 0.012124783 45 320 59 340
person 0.01212122 217 262 245 285
person 0.0121140685 641 113 654 134
person 0.012101349 183 368 230 423
person 0.012091087 1051 99 1131 245
person 0.012088642 453 57 473 79
person 0.012062254 287 213 304 226
person 0.012058107 252 525 275 553
person 0.012054159 941 211 965 234
person 0.012041124 115 557 179 772
person 0.012038848 196 347 223 360
person 0.012036864 0 696 9 783
person 0.012016993 546 130 565 144
person 0.012014843 1160 33 1175 58
person 0.01200601 411 585 428 616
person 0.011995167 1102 232 1118 246
person 0.011984106 968 645 976 669
person 0.011983746 0 603 5 651
person 0.011979849 1134 130 1152 153
person 0.01197949 518 793 539 871
person 0.011973345 1140 57 1169 117
person 0.011969482 152 501 180 566
person 0.011969357 192 412 228 433
person 0.011957091 445 184 470 205
person 0.011952602 1021 36 1031 53
person 0.011941566 417 631 428 666
person 0.011935338 723 -260 738 -252
person 0.011916347 368 812 403 917
person 0.011915651 1107 482 1134 507
person 0.011910543 741 733 780 880
person 0.01190748 941 411 978 471
person 0.011907357 277 381 298 398
person 0.011899504 563 793 585 871
person 0.011898971 273 731 288 780
person 0.01188422 659 683 672 715
person 0.011874071 473 794 495 871
person 0.011869166 992 -4 1007 12
person 0.011863128 743 794 765 871
person 0.011862317 324 358 344 375
person 0.011850519 884 103 899 116
person 0.01185049 1159 507 1177 529
person 0.01184281 469 168 485 179
person 0.011832786 1059 165 1142 321
person 0.011808985 796 239 807 250
person 0.011804167 540 138 555 163
person 0.011797962 658 3 702 85
person 0.011791304 0 738 6 784
person 0.011788998 0 693 6 739
person 0.011775944 1091 209 1102 237
person 0.011766943 698 794 720 871
person 0.011761492 72 182 172 335
person 0.011759775 436 587 449 664
person 0.011751394 678 -127 694 -98
person 0.011750846 33 607 42 648
person 0.011741778 405 652 415 687
person 0.011733542 1153 724 1174 796
person 0.011732934 177 412 202 433
person 0.0117324805 608 793 630 871
person 0.011727992 655 -126 671 -98
person 0.011727328 1164 -155 1171 -114
person 0.011723556 1165 103 1172 118
person 0.011722296 379 165 391 176
person 0.011715674 551 34 561 50
person 0.011685853 182 403 197 417
person 0.011673882 318 731 333 778
person 0.011662906 855 -86 880 -62
person 0.01165979 407 53 447 102
person 0.011658905 1059 645 1067 664
person 0.011657169 559 96 577 117
person 0.011651128 1009 285 1033 307
person 0.011648647 8 -20 37 73
person 0.011647736 140 391 201 490
person 0.011637897 186 271 242 295
person 0.011635757 164 655 174 691
person 0.011614544 0 850 6 900
person 0.011611117 254 658 264 693
person 0.011607319 48 408 59 443
person 0.011603349 1021 656 1030 695
person 0.011601862 253 86 272 108
person 0.011599089 365 443 383 466
person 0.01158555 292 357 314 376
person 0.011567975 0 71 6 106
person 0.011558656 244 149 265 172
person 0.01154708 520 -104 536 -75
person 0.011537951 772 13 800 47
person 0.0115321865 383 794 405 872
person 0.011517059 1137 -248 1185 -136
person 0.011510113 50 809 67 841
person 0.011507938 428 794 450 871
person 0.011495907 990 -86 1014 -62
person 0.011490999 999 -244 1008 -205
person 0.011489553 1060 637 1069 669
person 0.011488139 653 794 675 871
person 0.011485909 542 736 557 786
person 0.011475265 625 190 648 212
person 0.011470889 924 793 943 822
person 0.011466764 1099 54 1117 77
person 0.011461588 109 -119 129 -63
person 0.011450798 311 120 323 146
person 0.011443739 46 541 66 573
person 0.0114357695 1082 -161 1101 -109
person 0.011420422 142 393 161 419
person 0.011412759 872 12 896 49
person 0.011398441 635 364 657 390
person 0.011389696 1072 141 1085 155
person 0.011386299 0 -139 6 -94
person 0.011385461 647 96 663 110
person 0.01137226 503 529 517 562
person 0.011359488 767 731 783 785
person 0.0113539295 160 -104 177 -75
person 0.011348434 1163 722 1171 762
person 0.011334746 64 518 81 549
person 0.011326909 70 -260 85 -252
person 0.011321763 327 360 339 373
person 0.0113078505 480 554 495 587
person 0.011306097 725 -222 745 -163
person 0.011291187 908 11 933 50
person 0.011280669 338 794 359 872
person 0.011266691 797 -244 807 -205
person 0.011265287 649 149 661 174
person 0.011262447 1159 438 1176 462
person 0.011256543 184 83 205 107
person 0.011244333 277 390 290 407
person 0.011214842 293 794 314 872
person 0.011199988 1163 700 1171 740
person 0.011198456 1089 126 1105 138
person 0.011197628 636 680 649 713
person 0.0111944135 626 460 642 493
person 0.011191226 1160 552 1178 573
person 0.011190936 326 240 442 389
person 0.011181163 192 744 232 877
person 0.011181077 1164 7 1171 40
person 0.011179243 363 728 378 779
person 0.01115619 920 742 963 873
person 0.011148266 361 187 375 199
person 0.011145853 589 36 608 58
person 0.011142443 0 -71 5 -27
person 0.011121593 -5 52 10 78
person 0.011117562 -1 100 5 117
person 0.011108921 1044 -242 1053 -204
person 0.011089911 551 -255 567 -200
person 0.011086073 989 257 1012 277
person 0.011081385 0 544 8 672
person 0.01107905 1121 572 1188 774
person 0.011072035 969 -4 985 12
person 0.011051514 313 164 336 189
person 0.011045517 698 210 720 231
person 0.011040389 203 794 224 871
person 0.01103806 351 645 358 663
person 0.011037707 411 567 431 597
person 0.011025794 349 136 361 164
person 0.011022259 248 794 269 872
person 0.011014303 46 484 55 502
person 0.011010133 265 542 293 571
person 0.011006276 1165 831 1172 877
person 0.010996263 1014 -4 1029 12
person 0.010993043 224 106 267 155
person 0.010991447 947 -4 962 12
person 0.010988933 472 86 486 96
person 0.010984223 275 439 298 461
person 0.010979163 999 615 1013 649
person 0.01097422 68 -96 92 -26
person 0.010951124 943 229 963 251
person 0.010948522 632 -126 649 -97
person 0.010939159 73 -216 86 -154
person 0.0109390095 1118 429 1141 454
person 0.010937963 696 374 719 399
person 0.010933698 1016 231 1026 255
person 0.010922205 890 461 923 526
person 0.010917147 328 371 357 405
person 0.0109093385 946 793 965 822
person 0.0109065445 138 628 148 670
person 0.010896288 0 761 6 806
person 0.010892351 222 457 236 468
person 0.010883992 0 -116 6 -71
person 0.010879038 543 -259 558 -251
person 0.010878792 521 -259 536 -251
person 0.010878444 385 -259 401 -251
person 0.010877355 363 -259 378 -251
person 0.010875448 661 -151 716 -26
person 0.010871047 408 -259 423 -251
person 0.010867207 0 513 6 559
person 0.010865403 340 -259 355 -251
person 0.010863497 228 -259 243 -251
person 0.010863379 0 784 6 828
person 0.010859661 205 -259 220 -251
person 0.010859465 700 -260 716 -252
person 0.010859081 430 -259 446 -251
person 0.010857448 250 -259 265 -251
person 0.010856305 453 -259 468 -251
person 0.010854728 273 -259 288 -251
person 0.010851463 295 -259 310 -251
person 0.010849973 476 -259 491 -251
person 0.010849856 318 -259 333 -251
person 0.01084676 1128 56 1137 74
person 0.010845241 498 -259 513 -251
person 0.010833333 1154 -178 1173 -103
person 0.010821868 4 -124 29 -6
person 0.010821781 858 773 874 802
person 0.010818867 865 -245 873 -205
person 0.010817352 393 9 408 31
person 0.010816652 273 188 288 197
person 0.010809079 86 474 99 507
person 0.010794806 168 -173 211 -25
person 0.010782196 1058 300 1085 323
person 0.010779309 566 -259 581 -251
person 0.010778922 428 143 450 165
person 0.010775409 70 520 91 603
person 0.0107680885 967 298 990 322
person 0.010767163 -4 657 9 688
person 0.010766579 984 764 1059 927
person 0.010763243 1119 13 1146 76
person 0.0107631525 183 -259 198 -251
person 0.010752718 0 -94 6 -49
person 0.010748443 794 255 805 268
person 0.010746466 582 346 606 371
person 0.010742391 13 230 27 274
person 0.010735624 388 48 404 71
person 0.010717958 1109 683 1121 711
person 0.0107173985 360 -117 384 -82
person 0.010702706 408 425 425 447
person 0.0107002575 49 787 66 820
person 0.010694994 534 -12 631 149
person 0.010694505 -5 75 10 102
person 0.010693627 -4 125 20 187
person 0.010690611 230 665 251 738
person 0.010675597 141 346 154 362
person 0.010674152 853 93 867 103
person 0.010666124 875 190 897 214
person 0.010662848 901 675 925 744
person 0.010651546 236 -177 247 -124
person 0.010645 1126 143 1144 169
person 0.010638981 272 510 293 537
person 0.010593019 59 97 85 130
person 0.0105929645 995 33 1013 55
person 0.01059023 588 -259 603 -251
person 0.010578061 196 416 225 427
person 0.010564865 416 614 427 646
person 0.010564506 872 495 952 674
person 0.010550424 222 451 235 474
person 0.010547617 998 654 1008 694
person 0.010537962 923 627 933 664
person 0.010534194 380 106 398 116
person 0.010530592 0 618 13 725
person 0.010523593 247 190 268 214
person 0.010522436 611 -259 626 -251
person 0.01052055 525 15 544 37
person 0.010510949 1094 -47 1166 148
person 0.010510027 105 86 170 188
person 0.010509297 0 48 6 83
person 0.010505634 579 -198 613 -107
person 0.010495774 881 773 897 801
person 0.010495453 456 164 472 177
person 0.010494745 160 -259 175 -251
person 0.010489244 1160 594 1177 618
person 0.0104795685 1107 420 1137 462
person 0.010470861 362 367 391 399
person 0.010464937 1117 477 1139 501
person 0.010463491 452 -116 472 -75
person 0.010449918 1023 614 1037 649
person 0.010434841 967 279 990 301
person 0.010425877 397 637 406 668
person 0.010421554 368 166 384 180
person 0.010412412 61 398 83 472
person 0.01041104 150 353 171 373
person 0.010408569 700 -127 717 -99
person 0.010404779 354 326 477 489
person 0.010403424 54 304 63 319
person 0.010402187 1015 237 1027 249
person 0.010401366 469 -11 532 92
person 0.0103924675 942 474 971 500
person 0.010390966 24 856 40 891
person 0.010387392 231 529 251 559
person 0.010382502 -4 452 9 482
person 0.010373613 132 325 149 339
person 0.010364395 356 418 384 451
person 0.010357746 -4 790 10 820
person 0.0103534935 252 629 264 669
person 0.010344357 1160 571 1178 594
person 0.01032921 633 -259 648 -251
person 0.010314272 183 -103 199 -74
person 0.010301542 618 656 628 690
person 0.010299484 656 773 672 803
person 0.010294625 1164 -133 1171 -92
person 0.010289718 808 194 833 216
person 0.010288728 362 645 372 666
person 0.01028682 1164 620 1171 636
person 0.01027991 155 540 176 569
person 0.010279599 988 187 1006 202
person 0.010269475 -4 407 9 438
person 0.01026791 891 664 900 682
person 0.010266533 1045 183 1055 208
person 0.010261655 678 773 694 803
person 0.01025015 255 387 332 467
person 0.0102458075 191 -255 207 -200
person 0.010245386 499 -109 512 -62
person 0.010237976 379 351 458 436
person 0.010211956 -11 80 39 188
person 0.010211074 607 213 629 235
person 0.010208539 32 636 42 673
person 0.010203813 633 773 649 803
person 0.010202336 171 457 192 484
person 0.010199033 203 629 215 667
person 0.010197357 678 -259 693 -251
person 0.010191367 836 773 852 802
person 0.010189953 656 -259 671 -251
person 0.0101854615 773 -242 786 -205
person 0.010182549 315 57 354 106
person 0.010179766 149 322 170 344
person 0.010175717 969 792 988 822
person 0.010174536 902 -4 917 12
person 0.010168914 589 14 608 34
person 0.010161256 1093 548 1132 557
person 0.010149801 177 374 203 393
person 0.010136515 198 208 222 233
person 0.010133669 280 382 294 395
person 0.010128078 135 254 159 279
person 0.010123347 138 -104 154 -75
person 0.010123175 722 -150 738 -121
person 0.0101150265 147 15 172 56
person 0.01010958 22 368 29 387
person 0.010100145 150 438 186 535
person 0.010096023 314 86 333 108
person 0.010095227 681 -223 700 -166
person 0.010092935 243 480 262 494
person 0.010092469 701 773 717 803
person 0.010091593 300 126 319 137
person 0.010083754 1085 320 1110 341
person 0.010081726 295 810 315 840
person 0.010076455 1163 -103 1172 -22
person 0.010068482 318 810 338 840
person 0.010063568 925 -4 940 12
person 0.010055097 346 389 365 411
person 0.010046898 1164 -111 1171 -70
person 0.010044462 114 793 134 872
person 0.010043835 179 729 200 784
person 0.010040968 135 793 154 823
person 0.010033936 273 810 293 840
person 0.0100323735 708 -168 797 -8
person 0.010026797 923 11 940 31
person 0.010018904 138 -259 153 -251
person 0.010013642 340 810 361 840
person 0.010008854 491 167 513 184
person 0.010007078 611 773 627 803
