person 0.71999687 746 156 776 191
person 0.7141148 580 77 597 98
person 0.7082515 554 77 570 96
person 0.6986323 806 158 834 193
person 0.6982015 799 61 815 80
person 0.6953891 615 77 632 95
person 0.6847747 373 150 400 178
person 0.6707284 471 103 488 124
person 0.6689622 495 184 526 217
person 0.6586059 844 97 862 120
person 0.65190446 855 63 870 82
person 0.64429533 928 115 951 145
person 0.6396616 491 83 507 100
person 0.61661583 438 155 464 184
person 0.60492086 786 74 803 93
person 0.59660596 197 235 252 307
person 0.5833126 687 137 714 169
person 0.57530385 741 78 761 102
person 0.5515789 507 109 525 131
person 0.5395614 255 242 302 304
person 0.52719826 434 124 452 149
person 0.506185 508 78 523 95
person 0.4696239 464 122 489 149
person 0.40679199 565 107 590 134
person 0.25352952 497 105 515 127
person 0.20845872 321 161 351 190
person 0.19648367 509 99 528 120
person 0.14875403 309 160 337 187
person 0.13563971 753 81 771 101
person 0.10095628 324 169 355 198
person 0.09802213 803 80 822 100
person 0.08938823 790 62 816 90
person 0.044055253 455 178 488 211
person 0.037571374 365 173 396 203
person 0.03632765 563 101 583 124
person 0.035653155 610 75 635 100
person 0.033098314 376 147 397 170
person 0.028444571 616 90 634 108
person 0.027590156 347 161 368 182
person 0.027524559 489 79 514 104
person 0.02560343 851 59 873 85
person 0.025187077 461 120 480 145
person 0.02298599 479 86 496 102
person 0.02261922 914 127 940 157
person 0.01983273 607 79 625 97
person 0.010211605 463 102 480 122
