person 0.74678624 881 76 899 99
person 0.7381473 697 176 728 212
person 0.72983056 737 197 769 236
person 0.7194239 520 164 550 198
person 0.7170116 987 160 1015 196
person 0.7161631 333 123 353 150
person 0.7133384 607 75 625 96
person 0.7113025 811 89 830 115
person 0.7100113 713 65 731 86
person 0.7079347 815 66 833 86
person 0.7021528 1057 177 1083 213
person 0.70114934 885 212 919 255
person 0.70013154 604 104 624 129
person 0.6971937 525 103 546 128
person 0.69706553 887 134 914 168
person 0.6934107 1167 202 1193 241
person 0.6930169 440 102 459 126
person 0.6901924 554 87 574 109
person 0.68974644 959 104 978 131
person 0.68827605 921 149 948 184
person 0.68796796 1026 109 1045 134
person 0.6840906 1097 147 1116 175
person 0.6811796 534 84 553 104
person 0.6809672 859 108 880 137
person 0.6807753 779 57 797 79
person 0.6807395 356 127 376 155
person 0.6783078 675 113 696 139
person 0.67736924 583 86 602 108
person 0.6748219 1122 120 1139 146
person 0.6747931 1172 246 1201 292
person 0.67362505 266 151 295 184
person 0.6733343 639 82 660 108
person 0.6714713 1150 143 1168 169
person 0.6669367 709 102 729 127
person 0.6653784 851 66 869 89
person 0.66421545 735 60 753 81
person 0.6636926 748 156 776 189
person 0.6630215 1086 211 1114 253
person 0.6595928 1049 277 1086 330
person 0.6594666 679 67 698 90
person 0.65706444 811 125 837 158
person 0.6570552 242 148 264 177
person 0.6548818 375 109 394 135
person 0.6529255 970 237 1008 290
person 0.6493487 800 219 833 260
person 0.6408355 475 96 494 118
person 0.63846 751 85 771 111
person 0.63680637 1084 119 1102 146
person 0.63340646 482 121 502 147
person 0.6254659 1202 172 1222 200
person 0.622649 1184 136 1202 161
person 0.6166694 450 134 471 162
person 0.6135394 82 301 140 369
person 0.6090855 572 128 593 156
person 0.60531235 947 91 965 113
person 0.6041288 1143 176 1162 206
person 0.58349574 1201 194 1226 231
person 0.5826561 981 125 1001 155
person 0.5808771 403 118 423 146
person 0.578744 1066 118 1084 144
person 0.5689685 998 97 1019 125
person 0.56193835 914 115 935 143
person 0.54615104 1201 143 1219 169
person 0.54058534 934 96 952 120
person 0.4907181 1007 118 1026 145
person 0.4654811 1111 136 1129 163
person 0.375575 832 91 852 118
person 0.34219974 741 103 762 127
person 0.32676792 681 72 700 97
person 0.3232064 1073 161 1092 189
person 0.28542748 717 88 737 110
person 0.17319916 994 93 1013 118
person 0.14777409 654 125 675 149
person 0.14110737 1181 169 1201 197
person 0.114826605 1113 122 1140 156
person 0.10334988 863 89 884 114
person 0.08900816 876 72 903 104
person 0.082514495 515 105 535 128
person 0.0623382 1180 134 1205 168
person 0.051054914 624 121 647 146
person 0.04638328 424 118 443 145
person 0.04500839 894 109 917 138
person 0.04495392 767 78 788 102
person 0.043425117 583 82 613 112
person 0.039994095 1038 349 1075 405
person 0.039513275 941 88 968 119
person 0.033524394 1107 380 1138 422
person 0.032090966 1196 134 1223 169
person 0.031801708 1220 151 1229 184
person 0.029088307 803 80 822 103
person 0.025105732 702 86 723 109
person 0.023777477 446 103 467 127
person 0.022172378 605 130 628 157
person 0.021788057 637 123 669 154
person 0.021427965 473 89 501 118
person 0.021123905 706 67 725 87
person 0.020403484 1179 154 1199 185
person 0.017961694 1214 154 1232 181
person 0.017881334 998 97 1009 119
person 0.017511018 405 112 419 136
person 0.014946693 1066 160 1086 188
person 0.01494286 1240 129 1247 162
person 0.0135321235 450 90 470 111
person 0.01271869 1111 168 1131 197
person 0.011989381 775 57 802 86
person 0.011438665 447 145 478 178
person 0.0113561945 1234 167 1241 206
person 0.011334788 636 84 649 107
person 0.010056456 444 92 462 113
