person 0.7764818 685 144 713 177
person 0.74303097 618 93 635 113
person 0.7332238 576 90 593 110
person 0.7307817 955 132 980 164
person 0.72575843 591 157 619 190
person 0.7181915 405 156 432 185
person 0.7181765 744 151 774 183
person 0.7129278 820 147 848 181
person 0.7094998 398 108 417 129
person 0.7011683 904 143 929 175
person 0.69768536 609 71 624 88
person 0.69316304 731 88 748 110
person 0.692918 812 88 830 111
person 0.69177675 339 130 357 149
person 0.68891495 701 110 726 138
person 0.6806598 790 124 816 154
person 0.6804784 519 165 546 195
person 0.678603 629 176 660 212
person 0.6644022 514 87 531 105
person 0.65865916 766 107 790 134
person 0.63669956 465 101 482 122
person 0.63600993 423 111 441 132
person 0.6342471 654 115 674 138
person 0.5987456 880 171 910 209
person 0.5968492 557 164 586 195
person 0.5960954 690 98 707 119
person 0.59446317 482 111 500 132
person 0.5881726 683 32 700 52
person 0.58233196 482 133 507 160
person 0.5804204 547 97 564 116
person 0.5756391 361 131 379 152
person 0.5551949 505 111 524 133
person 0.49828464 399 132 419 154
person 0.47739375 370 151 390 174
person 0.43860242 377 174 405 202
person 0.43247738 693 49 709 68
person 0.36092788 721 103 739 127
person 0.2942433 737 126 757 151
person 0.2715953 693 71 709 90
person 0.21905981 697 81 714 102
person 0.1098874 349 127 375 153
person 0.07017158 656 144 678 171
person 0.037566744 406 133 425 154
person 0.037230313 680 27 704 57
person 0.031186327 605 70 629 95
person 0.0303468 605 92 624 113
person 0.025365328 747 164 778 195
person 0.022849808 982 137 1007 169
person 0.018047318 689 58 713 86
person 0.01413356 644 141 673 172
person 0.01268939 336 125 354 143
person 0.010075161 393 149 415 172
