person 0.62744063 105 233 144 293
person 0.32912892 196 219 222 254
person 0.31564185 10 274 47 336
person 0.28652456 158 230 192 274
person 0.16222194 20 278 42 319
person 0.11282224 -1 236 7 283
person 0.10980735 995 158 1008 205
person 0.10535384 186 210 226 266
person 0.100388534 961 222 998 290
person 0.0984712 966 301 1014 407
person 0.096755765 165 233 207 292
person 0.09202651 989 145 1001 180
person 0.08447883 -1 224 9 264
person 0.08278663 955 288 1022 448
person 0.08234793 47 260 77 306
person 0.08206879 980 199 1013 268
person 0.08188909 948 444 1011 600
person 0.07715044 104 217 142 262
person 0.076722205 305 352 332 402
person 0.06897244 170 273 206 317
person 0.0686747 175 338 235 414
person 0.066984385 189 -70 217 9
person 0.06594678 942 372 1011 552
person 0.06452271 235 99 248 117
person 0.06366863 714 91 728 111
person 0.06317993 85 220 163 335
person 0.062861025 181 252 219 298
person 0.060726196 98 241 129 288
person 0.059987817 250 201 274 232
person 0.058754504 53 271 72 293
person 0.057531714 179 325 218 369
person 0.05729516 284 189 307 219
person 0.056201164 769 363 831 524
person 0.055097897 630 62 644 78
person 0.05500834 -4 -218 9 -195
person 0.054850705 1002 -217 1011 -171
person 0.05451104 242 337 275 384
person 0.05406669 632 64 640 75
person 0.05381086 98 192 138 251
person 0.052369308 487 188 509 222
person 0.052115954 104 -62 131 19
person 0.0512015 -3 239 13 279
person 0.048782617 1002 635 1011 684
person 0.048615113 995 189 1008 245
person 0.048324976 0 -221 6 -194
person 0.047687538 1002 19 1011 70
person 0.047551405 941 206 1015 354
person 0.04705769 -3 -218 8 -211
person 0.046307396 291 391 325 438
person 0.04466402 718 78 733 96
person 0.044642977 101 475 116 501
person 0.04462162 546 126 570 154
person 0.0445283 -3 -209 18 -121
person 0.043975078 347 49 370 77
person 0.042375084 313 405 349 454
person 0.041454725 838 378 910 537
person 0.041265413 1002 592 1011 652
person 0.04115973 501 136 525 166
person 0.04076396 744 79 758 96
person 0.040569395 709 95 723 114
person 0.03986213 159 319 247 447
person 0.039750088 736 87 751 106
person 0.039346747 612 284 649 350
person 0.038955804 -3 -139 15 -39
person 0.03851728 571 24 579 36
person 0.03843111 1001 -218 1012 -211
person 0.037635986 472 128 497 158
person 0.037562117 14 179 46 243
person 0.037555084 1003 669 1012 727
person 0.037370015 1001 47 1011 86
person 0.037350707 1000 -219 1014 -197
person 0.037197817 638 128 661 157
person 0.03696123 930 -89 967 49
person 0.03691423 505 173 529 206
person 0.036903173 984 167 1010 220
person 0.03689339 628 67 643 86
person 0.036727767 389 136 414 167
person 0.03661885 1000 263 1010 332
person 0.036064867 117 132 141 158
person 0.03564208 1002 -182 1011 -129
person 0.035548925 64 463 133 615
person 0.035461657 0 -223 8 -173
person 0.035318162 489 199 505 224
person 0.03508552 508 94 534 122
person 0.03476367 938 -204 951 -166
person 0.03449692 36 263 55 287
person 0.034477074 -8 252 70 362
person 0.03422661 -3 7 10 33
person 0.034098778 110 227 135 247
person 0.034042206 290 277 345 355
person 0.033867314 873 -94 911 51
person 0.03376049 711 91 733 119
person 0.03350417 196 0 229 73
person 0.033499412 -4 266 8 291
person 0.03347798 992 -199 1017 -122
person 0.033353593 582 141 607 171
person 0.033117656 468 102 494 129
person 0.033036664 246 343 267 365
person 0.032751523 433 126 459 157
person 0.03269683 42 -218 57 -203
person 0.032681648 0 3 6 38
person 0.032499522 100 -46 123 8
person 0.032418765 80 280 109 329
person 0.032359023 15 184 37 215
person 0.03226232 1 125 9 152
person 0.03216932 269 181 309 238
person 0.032138966 183 338 216 356
person 0.03212138 640 63 649 74
person 0.032109648 44 474 85 601
person 0.031992186 990 147 996 176
person 0.031977694 370 498 386 521
person 0.03197596 24 -218 37 -212
person 0.031944368 231 94 254 120
person 0.031741414 -11 401 22 527
person 0.031641427 777 344 813 412
person 0.031522024 717 130 740 159
person 0.031330142 -12 299 29 403
person 0.031322993 550 99 575 127
person 0.0312282 785 680 807 740
person 0.031195646 968 236 990 278
person 0.031175775 735 173 759 207
person 0.031133913 245 187 270 217
person 0.031101452 74 480 90 507
person 0.031008676 -4 217 16 268
person 0.03094919 746 680 768 740
person 0.0309056 903 -207 917 -163
person 0.030889276 835 167 858 201
person 0.030888133 24 -218 39 -203
person 0.030868514 -5 282 8 308
person 0.030776538 313 309 334 346
person 0.030682603 677 131 700 160
person 0.030473322 597 33 611 51
person 0.030355897 566 336 584 359
person 0.03031573 1006 108 1012 134
person 0.030297283 721 81 730 92
person 0.030151956 0 236 5 268
person 0.03013456 787 129 811 158
person 0.030027399 637 61 652 77
person 0.029962964 241 298 274 344
person 0.02992664 849 166 873 200
person 0.029453812 989 272 1013 330
person 0.029383315 940 681 958 728
person 0.02937635 909 23 922 65
person 0.029322136 40 178 66 207
person 0.029145373 487 29 509 57
person 0.029076347 975 469 1007 521
person 0.02886112 273 133 298 162
person 0.028664337 111 -46 134 7
person 0.02865704 673 98 696 124
person 0.02864602 1005 128 1011 156
person 0.028366745 237 101 245 114
person 0.02819595 424 85 461 142
person 0.028124051 369 520 386 545
person 0.028079253 21 279 39 304
person 0.028065225 366 93 390 120
person 0.02802557 246 400 268 421
person 0.02799586 568 22 582 37
person 0.027949765 872 -211 886 -163
person 0.027914297 159 -111 187 -30
person 0.02788844 351 83 388 143
person 0.027801255 358 130 383 159
person 0.02777856 403 52 427 79
person 0.027772516 824 681 846 740
person 0.027760847 707 680 729 741
person 0.027756428 934 663 962 746
person 0.027740743 627 58 650 85
person 0.027701477 227 455 249 478
person 0.027640611 783 169 808 203
person 0.027623419 825 130 849 160
person 0.027617374 700 73 716 91
person 0.027604923 -1 300 9 387
person 0.027465187 648 20 656 33
person 0.027447063 593 29 613 58
person 0.027377924 819 -218 831 -211
person 0.027311118 201 133 226 160
person 0.027243411 838 -218 850 -211
person 0.02723932 677 108 693 130
person 0.027090535 53 675 72 739
person 0.027046217 194 176 221 207
person 0.026980031 971 -218 984 -212
person 0.026961986 548 580 565 647
person 0.026951868 42 -218 55 -212
person 0.026911167 313 132 338 162
person 0.026908359 644 74 660 92
person 0.026885059 635 95 659 122
person 0.026845913 799 -218 811 -211
person 0.02676977 677 90 692 109
person 0.026664149 248 317 269 340
person 0.02660716 979 138 1004 187
person 0.02656001 748 131 772 160
person 0.026545892 744 90 767 118
person 0.026490733 248 133 273 160
person 0.026402887 187 329 209 345
person 0.026384508 351 34 372 63
person 0.026310325 676 76 691 94
person 0.026136033 168 134 193 160
person 0.026129335 0 97 10 143
person 0.026111746 114 182 141 210
person 0.026107866 835 431 898 587
person 0.026099253 706 165 731 198
person 0.026082344 766 591 775 621
person 0.026015844 396 97 421 124
person 0.025857622 1001 384 1010 457
person 0.025808975 717 93 726 104
person 0.025794772 438 106 464 132
person 0.025751084 514 53 538 80
person 0.025739519 -8 521 35 668
person 0.025635239 490 80 506 97
person 0.025614962 857 -218 869 -211
person 0.025541669 784 590 793 620
person 0.02545841 939 648 953 686
person 0.025413617 0 -4 9 49
person 0.025355551 601 35 608 48
person 0.025341662 608 22 616 34
person 0.025246779 184 352 230 398
person 0.025224945 797 -94 836 54
person 0.025217628 205 222 224 244
person 0.025191363 167 231 187 253
person 0.025171187 668 680 690 741
person 0.025103766 407 30 428 59
person 0.025071366 800 -219 813 -197
person 0.025053862 247 309 266 329
person 0.025026334 1000 96 1011 133
person 0.024977045 870 696 900 780
person 0.024844715 626 578 644 643
person 0.024828505 271 -1 304 68
person 0.02482683 760 91 776 109
person 0.024799809 55 -104 75 -44
person 0.024771748 527 52 543 70
person 0.024731321 819 -219 832 -197
person 0.024712529 971 174 986 199
person 0.024710268 864 132 887 161
person 0.02469611 669 72 684 91
person 0.024692407 780 -219 794 -198
person 0.024616139 1001 130 1015 154
person 0.024579762 594 96 618 123
person 0.024547417 586 151 602 174
person 0.024497278 598 55 620 82
person 0.02448266 630 69 640 81
person 0.024459418 168 -48 193 5
person 0.024449816 780 -218 792 -211
person 0.024328323 938 584 946 600
person 0.024317583 930 134 953 164
person 0.02430026 158 231 181 254
person 0.024287077 746 81 755 92
person 0.024286162 506 145 522 169
person 0.024273183 0 -208 7 -136
person 0.024263507 839 -219 852 -197
person 0.024250764 631 162 656 194
person 0.024248559 786 398 820 483
person 0.024203606 446 56 470 82
person 0.024120217 733 -97 771 51
person 0.024110006 83 -113 111 -31
person 0.024104774 258 386 277 405
person 0.02409142 76 490 94 517
person 0.023937814 -1 127 13 150
person 0.02393555 0 263 5 295
person 0.023911504 235 241 278 301
person 0.023857273 838 89 854 107
person 0.023852786 209 28 229 60
person 0.023840386 -2 106 12 131
person 0.023837859 646 18 659 34
person 0.023804553 872 19 885 61
person 0.023669032 971 -218 986 -203
person 0.02365196 0 24 6 57
person 0.02360507 56 254 75 274
person 0.02353585 864 683 883 732
person 0.023503242 629 680 651 742
person 0.023465449 114 214 135 237
person 0.02342831 920 592 929 618
person 0.023383204 676 164 700 196
person 0.02338054 801 582 808 602
person 0.023203997 509 579 526 644
person 0.023180593 1006 90 1012 115
person 0.023120485 939 594 949 617
person 0.023057655 760 -219 774 -199
person 0.023056278 858 -219 871 -197
person 0.022950875 978 313 1006 368
person 0.022933448 504 107 519 127
person 0.022905663 707 -208 732 -129
person 0.02289135 112 288 148 334
person 0.022770353 -2 -12 20 70
person 0.022769334 830 95 853 122
person 0.022722663 272 -67 301 14
person 0.022567404 504 170 522 195
person 0.022564195 633 -207 659 -130
person 0.022515008 470 578 488 644
person 0.022504214 556 -210 583 -135
person 0.022438273 139 209 228 347
person 0.02243138 444 116 459 136
person 0.022389738 877 -218 889 -211
person 0.022380585 987 456 1002 528
person 0.022351379 668 95 683 115
person 0.022303388 810 172 848 231
person 0.022290695 804 589 813 620
person 0.022284873 -1 76 25 147
person 0.022200162 136 493 152 515
person 0.022195216 173 80 210 141
person 0.02217654 776 94 792 111
person 0.02213997 901 592 910 621
person 0.022132007 284 198 308 231
person 0.022128819 713 69 735 97
person 0.02212417 958 167 1028 309
person 0.022088673 292 96 315 121
person 0.022077063 440 26 463 55
person 0.02201371 821 723 841 790
person 0.022000583 184 276 216 310
person 0.021997923 835 19 848 60
person 0.021949334 167 234 183 270
person 0.021934185 435 680 457 741
person 0.021927424 823 590 831 620
person 0.021919228 103 500 119 526
person 0.021903476 948 23 961 64
person 0.021854494 740 69 761 97
person 0.021821935 718 110 734 130
person 0.021809611 -3 28 10 53
person 0.021795563 280 308 357 446
person 0.02177595 444 125 460 147
person 0.021736365 525 278 543 306
person 0.02172934 822 91 838 108
person 0.021723133 587 579 605 644
person 0.021696582 791 96 815 123
person 0.021659303 900 131 924 161
person 0.021616906 0 -9 5 25
person 0.021590443 860 723 880 790
person 0.021577815 954 -219 969 -203
person 0.021574557 539 264 576 331
person 0.021487974 838 199 861 235
person 0.021469383 507 91 523 110
person 0.021404585 113 92 130 111
person 0.021391464 0 225 5 256
person 0.021370633 760 -218 772 -211
person 0.021355275 782 723 803 790
person 0.021240877 576 96 612 157
person 0.021223148 741 -219 755 -200
person 0.021221135 343 16 376 85
person 0.021216588 980 151 996 176
person 0.021206206 590 680 612 742
person 0.021202909 425 190 442 214
person 0.021179443 954 -218 966 -212
person 0.021168064 877 -219 891 -198
person 0.021156635 666 59 689 87
person 0.021155179 324 96 349 123
person 0.021153575 195 -49 220 5
person 0.021095907 586 20 596 32
person 0.02109495 586 164 611 196
person 0.020989142 579 336 597 361
person 0.020937212 551 680 573 741
person 0.020936757 96 213 125 244
person 0.020935256 497 255 522 309
person 0.020920083 554 528 570 599
person 0.020867174 506 491 520 519
person 0.020834727 513 680 534 742
person 0.020822672 821 583 828 602
person 0.020807736 1002 110 1015 132
person 0.02074074 836 691 855 756
person 0.020705853 592 35 606 53
person 0.020597816 981 95 1010 167
person 0.020586045 739 89 748 101
person 0.020574853 788 704 819 789
person 0.020503078 165 239 189 261
person 0.020499542 680 128 697 151
person 0.020450417 1004 8 1011 38
person 0.020414038 56 66 79 102
person 0.020383624 649 95 683 157
person 0.020331832 743 723 764 790
person 0.020330984 566 75 582 91
person 0.02031153 561 130 577 153
person 0.020292656 356 681 379 741
person 0.02025822 239 381 327 528
person 0.020248612 528 42 543 58
person 0.020232338 764 80 779 96
person 0.020229334 559 20 581 49
person 0.020224363 825 -214 840 -165
person 0.020220162 475 60 500 87
person 0.020189116 116 7 148 83
person 0.020174807 395 681 418 741
person 0.020171829 527 70 542 86
person 0.020163493 968 478 1001 572
person 0.020113459 88 173 114 200
person 0.020079881 553 165 579 197
person 0.020065177 1002 765 1008 808
person 0.020044247 522 32 544 60
person 0.02002535 797 691 816 756
person 0.019829364 625 20 633 32
person 0.019818816 800 128 816 150
person 0.019791953 -1 314 16 381
person 0.019788608 837 353 891 444
person 0.019741876 745 -213 760 -164
person 0.019740237 771 407 843 580
person 0.019736787 856 89 872 107
person 0.019717515 552 59 576 84
person 0.019684473 801 90 817 107
person 0.019671263 232 31 252 62
person 0.019658752 646 75 657 87
person 0.019648427 506 75 522 92
person 0.019635893 729 161 766 218
person 0.019633101 397 -211 425 -136
person 0.019604763 974 579 981 595
person 0.01957823 468 115 484 135
person 0.019547665 791 56 813 84
person 0.019481257 304 374 327 400
person 0.01945139 1 118 13 164
person 0.019428624 568 89 584 109
person 0.01941944 547 111 563 132
person 0.019390287 39 305 70 357
person 0.019354735 95 689 122 788
person 0.019348722 66 362 149 539
person 0.019344922 611 303 677 462
person 0.019335233 37 81 58 112
person 0.019330677 715 -212 730 -163
person 0.019307988 868 96 891 123
person 0.019304547 704 723 725 790
person 0.019288816 474 680 495 741
person 0.019248711 881 591 890 621
person 0.019237304 1002 554 1011 623
person 0.019210113 356 589 365 619
person 0.01920414 793 240 830 301
person 0.01918797 192 241 215 263
person 0.019163333 957 583 965 598
person 0.019139992 783 -214 798 -165
person 0.019104427 835 79 850 96
person 0.019051783 595 37 602 50
person 0.019047286 483 176 522 233
person 0.019026533 604 60 620 77
person 0.018982245 938 -171 951 -130
person 0.018953564 84 136 109 164
person 0.01893299 896 -219 910 -200
person 0.018930608 702 75 713 86
person 0.018899938 674 -211 689 -164
person 0.018897263 760 109 776 128
person 0.018856812 1004 30 1011 56
person 0.018801015 -8 -148 22 -26
person 0.018792659 529 53 540 66
person 0.018746106 580 94 596 113
person 0.018715728 233 482 256 501
person 0.018702917 76 459 91 484
person 0.018696578 40 137 65 167
person 0.01869537 633 -212 647 -165
person 0.018672094 694 263 731 327
person 0.018632846 1004 562 1012 571
person 0.018631049 -5 298 8 323
person 0.018620826 875 692 894 757
person 0.01861289 975 434 1005 486
person 0.01861122 721 -219 735 -201
person 0.018609954 278 681 301 741
person 0.018579047 642 166 659 191
person 0.018553797 586 72 602 89
person 0.018507408 450 91 468 111
person 0.018475706 966 507 996 560
person 0.018415645 896 -218 908 -211
person 0.018393885 175 103 197 130
person 0.01837319 759 691 778 756
person 0.018358773 667 18 675 31
person 0.018324573 909 54 931 84
person 0.018304875 1005 49 1011 75
person 0.018285584 485 88 522 146
person 0.018283634 665 722 686 790
person 0.018276673 607 63 617 74
person 0.018275002 606 70 622 87
person 0.018250057 794 16 808 56
person 0.018239629 812 87 845 154
person 0.018220566 248 492 270 513
person 0.018208683 667 107 683 128
person 0.01819887 47 207 73 237
person 0.01816995 526 92 542 110
person 0.018167034 799 72 814 88
person 0.0181521 96 -72 137 35
person 0.018123228 490 88 506 106
person 0.018104391 1 104 8 133
person 0.018097706 952 695 982 781
person 0.017973615 0 685 12 764
person 0.017954562 746 591 755 621
person 0.017942619 238 593 250 621
person 0.017935798 -1 278 4 312
person 0.01793227 780 111 797 130
person 0.017931657 740 -218 753 -211
person 0.017927382 87 -96 105 -49
person 0.017921366 487 -207 515 -134
person 0.017911455 781 128 797 151
person 0.017887214 230 321 292 401
person 0.01785685 783 583 789 603
person 0.017830618 327 54 350 81
person 0.01779121 40 279 60 302
person 0.017767845 855 167 871 192
person 0.01774651 0 -192 5 -153
person 0.017739017 903 683 922 731
person 0.017733999 163 -208 192 -135
person 0.017714547 265 87 302 147
person 0.017709138 428 112 445 132
person 0.017702777 965 -128 989 -27
person 0.01769482 651 567 659 598
person 0.01768172 390 165 405 191
person 0.017671486 626 538 637 603
person 0.017662158 0 -211 5 -174
person 0.017647794 241 706 273 792
person 0.017628107 -9 625 19 763
person 0.017609023 643 89 658 108
person 0.017605651 548 74 564 90
person 0.017600853 453 78 469 95
person 0.017586552 626 722 647 791
person 0.017584017 999 385 1009 395
person 0.017569425 863 55 884 84
person 0.017536378 249 356 268 378
person 0.017522622 937 610 950 653
person 0.017514685 898 723 919 791
person 0.017512953 563 111 579 133
person 0.017500855 162 174 190 201
person 0.017493619 433 125 450 147
person 0.017488053 43 254 61 276
person 0.01747688 246 64 269 93
person 0.017475333 523 172 540 195
person 0.017466495 702 108 718 129
person 0.017458411 671 75 681 86
person 0.017408865 174 327 206 357
person 0.017391987 623 329 671 435
person 0.017387563 65 458 79 485
person 0.017360983 369 692 386 716
person 0.01735747 389 692 405 716
person 0.017351452 828 56 850 85
person 0.017335199 896 92 911 110
person 0.01730861 166 699 196 791
person 0.017303582 546 93 562 112
person 0.017299455 1001 377 1009 405
person 0.017293999 7 140 16 168
person 0.017280463 594 -69 621 23
person 0.017244337 594 -214 608 -166
person 0.017242195 350 692 366 716
person 0.017235134 678 78 689 89
person 0.017168764 427 169 443 193
person 0.017157424 331 692 347 716
person 0.01715465 258 593 270 621
person 0.017149458 160 723 180 790
person 0.01714225 268 434 310 480
person 0.01713971 564 148 581 171
person 0.017089834 0 -131 8 -58
person 0.017073454 308 358 328 386
person 0.017065007 587 722 608 791
person 0.017059362 936 149 951 173
person 0.017050471 652 153 690 210
person 0.017046068 729 325 764 399
person 0.017037313 178 107 194 126
person 0.017026993 456 480 469 507
person 0.01701961 311 692 328 716
person 0.017018398 878 92 893 109
person 0.016986106 290 331 346 419
person 0.016981656 781 73 796 89
person 0.016981466 200 96 224 122
person 0.016962897 1004 397 1011 423
person 0.01696164 820 109 836 128
person 0.016942402 354 722 375 791
person 0.016931556 633 19 654 51
person 0.016913494 1005 740 1011 782
person 0.016903609 786 201 810 238
person 0.016897336 917 91 932 109
person 0.016897121 100 241 145 259
person 0.016888237 315 722 336 791
person 0.016882483 910 96 933 123
person 0.016869506 627 -85 670 48
person 0.016854819 408 692 425 716
person 0.016852245 585 -82 626 44
person 0.01685129 393 722 413 791
person 0.016848665 936 13 946 28
person 0.016846422 219 444 257 487
person 0.016832095 292 692 308 716
person 0.016831463 -4 48 9 72
person 0.016822958 0 760 8 804
person 0.01680256 24 271 40 295
person 0.016789684 -3 -5 8 20
person 0.016788866 99 89 136 152
person 0.016784506 659 57 674 74
person 0.01677457 702 -219 717 -201
person 0.016767133 548 722 569 791
person 0.016764563 524 499 537 528
person 0.01674852 132 -213 146 -166
person 0.016739208 276 722 297 791
person 0.016731722 198 723 219 791
person 0.016731715 709 706 739 794
person 0.016728837 432 722 452 791
person 0.016727338 877 112 892 131
person 0.016724454 121 723 141 791
person 0.01667478 799 112 815 131
person 0.016665915 661 59 672 71
person 0.016641606 509 722 530 791
person 0.016636293 958 595 967 616
person 0.01663404 471 722 491 791
person 0.016630793 237 722 258 791
person 0.016615415 317 681 340 741
person 0.0166154 272 692 289 716
person 0.016609207 957 13 965 28
person 0.016608475 502 266 518 293
person 0.016598346 1005 592 1011 624
person 0.01658928 468 77 484 95
person 0.016577002 250 -112 279 -31
person 0.016554467 941 96 964 124
person 0.016538985 43 722 64 791
person 0.016523745 959 566 968 577
person 0.016521519 605 19 620 35
person 0.01650532 0 -90 8 -21
person 0.016501164 0 645 8 721
person 0.016489089 57 -144 75 -81
person 0.016443301 430 224 485 315
person 0.016437627 265 324 283 348
person 0.01643483 888 187 926 247
person 0.016391281 516 -76 544 13
person 0.016386269 469 -219 484 -200
person 0.016381122 489 -219 503 -200
person 0.016380714 428 692 444 716
person 0.016357511 528 -219 542 -200
person 0.016356906 112 520 128 545
person 0.016356798 450 -219 464 -200
person 0.01635594 197 -219 212 -200
person 0.016355226 314 -219 328 -200
person 0.016355002 391 -219 406 -200
person 0.01635436 333 -219 348 -200
person 0.016353853 508 -219 523 -200
person 0.01635333 372 -219 387 -200
person 0.016353201 294 -219 309 -200
person 0.016352389 353 -219 367 -200
person 0.01635189 217 -219 231 -200
person 0.01635146 604 110 619 132
person 0.01635093 236 -219 251 -200
person 0.016350402 255 -219 270 -200
person 0.016350271 275 -219 289 -200
person 0.016348476 411 -219 425 -200
person 0.016335744 178 -219 192 -200
person 0.016330313 430 -219 445 -200
person 0.01632862 627 165 644 190
person 0.016320502 547 -219 562 -200
person 0.016311105 319 709 350 795
person 0.016309828 757 311 830 466
person 0.016303677 246 -210 275 -137
person 0.016302347 1002 92 1015 113
person 0.016292334 516 -121 542 -36
person 0.0162285 474 454 485 498
person 0.016192218 724 89 757 154
person 0.016189363 750 13 770 49
person 0.016186418 631 35 645 53
person 0.016183447 937 723 958 790
person 0.016169408 566 -219 581 -200
person 0.016163569 158 -219 173 -200
person 0.016148252 723 128 739 151
person 0.016138451 981 351 1008 410
person 0.016131047 717 381 783 541
person 0.016130827 819 76 834 92
person 0.016095411 554 -215 568 -167
person 0.016077284 866 -187 879 -139
person 0.016073348 669 13 689 47
person 0.016066484 160 179 249 297
person 0.016064133 116 93 127 107
person 0.016062386 838 110 854 129
person 0.016014699 253 692 269 716
person 0.016013196 466 126 482 148
person 0.016009644 683 147 699 171
person 0.015971806 80 334 147 422
person 0.015961397 277 258 362 371
person 0.015921775 858 110 874 130
person 0.015916927 915 -219 929 -201
person 0.015902974 447 692 464 715
person 0.015901534 664 16 678 32
person 0.01589869 334 47 351 66
person 0.015879968 -3 93 11 116
person 0.015877591 63 -208 74 -164
person 0.015869956 100 -209 112 -165
person 0.015857993 0 -48 7 13
person 0.01579538 697 378 714 402
person 0.015782014 515 -215 529 -167
person 0.01577851 861 590 870 621
person 0.01577022 720 691 738 757
person 0.015765142 842 590 851 620
person 0.015764987 584 109 600 130
person 0.015764218 711 97 720 109
person 0.015758136 899 167 924 200
person 0.015749613 -1 -167 12 -91
person 0.015735706 424 201 441 225
person 0.015723784 64 299 161 444
person 0.015722375 853 199 877 235
person 0.015693085 640 147 657 171
person 0.015685434 917 13 926 28
person 0.01567162 622 692 639 716
person 0.015667105 139 -219 153 -200
person 0.015662665 489 170 506 194
person 0.015655989 586 -219 601 -200
person 0.015627231 -3 -80 16 16
person 0.015620668 233 692 250 716
person 0.015616667 587 130 603 153
person 0.015610538 603 127 619 151
person 0.015608018 93 515 110 539
person 0.015603851 524 109 540 130
person 0.015601206 603 692 619 716
person 0.015599332 359 -215 373 -168
person 0.015573915 320 -215 334 -168
person 0.015571443 0 337 7 419
person 0.015565991 467 692 483 716
person 0.015556458 642 692 658 716
person 0.0155543415 285 349 366 515
person 0.015546595 914 168 930 193
person 0.015520906 99 -203 128 -128
person 0.015510063 663 -85 677 -60
person 0.015502097 206 350 231 366
person 0.015494124 507 -88 550 35
person 0.01549376 519 181 535 205
person 0.01548864 1005 260 1011 289
person 0.015488344 762 92 774 103
person 0.015485752 965 500 1025 674
person 0.0154787125 642 111 658 133
person 0.015458291 631 706 660 796
person 0.015435773 706 290 779 465
person 0.015430565 882 -204 889 -171
person 0.015430492 544 15 554 28
person 0.015425977 605 92 621 111
person 0.0154069215 542 631 562 692
person 0.015405113 476 -215 490 -167
person 0.01540118 583 692 600 716
person 0.015398837 329 -207 359 -135
person 0.015361554 987 -5 1010 91
person 0.015343642 1005 -11 1011 23
person 0.015342778 634 38 642 50
person 0.015340903 936 131 951 152
person 0.015335502 621 149 638 173
person 0.015329277 559 362 578 387
person 0.0153110195 740 148 756 172
person 0.0153106665 214 692 230 716
person 0.015306024 856 149 872 172
person 0.015305557 0 334 5 368
person 0.01530044 661 691 678 715
person 0.015293395 530 44 539 56
person 0.015289876 523 -85 541 -61
person 0.015246215 953 693 971 759
person 0.015228006 851 203 867 228
person 0.015226885 211 298 307 441
person 0.015223104 623 131 639 155
person 0.015222909 56 435 69 461
person 0.015177121 486 691 503 716
person 0.0151766725 564 691 580 716
person 0.015170765 605 -219 620 -200
person 0.015158331 281 -215 295 -168
person 0.015123376 398 -215 412 -168
person 0.015114947 681 -85 696 -61
person 0.015100551 449 265 503 356
person 0.01509497 720 -218 733 -212
person 0.015068318 503 130 520 153
person 0.015050339 437 -215 451 -168
person 0.015011681 194 692 211 716
person 0.015002602 353 636 366 675
person 0.014979135 995 -218 1014 -161
person 0.0149728535 840 581 847 599
person 0.014972015 60 -68 81 -7
person 0.014971389 506 691 522 716
person 0.014954691 545 691 561 716
person 0.014943933 82 722 102 792
person 0.014941385 508 77 519 88
person 0.01493792 0 -173 5 -133
person 0.014935668 239 445 259 463
person 0.014924431 0 -35 4 3
person 0.014905425 326 31 347 60
person 0.014891506 681 691 697 715
person 0.014885624 897 110 912 129
person 0.014881835 119 -219 134 -200
person 0.014876488 525 691 542 716
person 0.014851374 683 -219 697 -201
person 0.014822016 740 108 756 128
person 0.0148123605 0 354 6 386
person 0.014809626 1003 -146 1011 -87
person 0.014808125 390 -87 435 29
person 0.01480624 838 131 854 153
person 0.014801676 165 -215 180 -167
person 0.014790799 -1 293 4 328
person 0.014773555 1004 689 1012 762
person 0.014772245 765 580 775 606
person 0.0147712855 712 13 732 48
person 0.014764681 475 707 504 797
person 0.014762066 943 54 963 84
person 0.014753663 919 583 926 601
person 0.014744843 144 592 153 619
person 0.0147280395 -3 -221 13 -155
person 0.0147270635 794 187 810 212
person 0.014726496 494 32 508 50
person 0.014723848 906 -182 920 -130
person 0.014710164 187 -8 234 93
person 0.014685891 897 168 912 192
person 0.014682415 1003 404 1011 414
person 0.014678365 583 164 600 189
person 0.014674971 838 148 854 172
person 0.014655541 891 88 923 156
person 0.0146309845 562 366 575 378
person 0.014630635 529 72 539 83
person 0.014628353 386 540 403 566
person 0.014626798 915 -218 927 -211
person 0.014619501 546 144 563 168
person 0.014609724 875 168 890 192
person 0.014609498 1006 67 1012 92
person 0.014593471 240 680 262 741
person 0.014593292 61 -219 76 -202
person 0.014588411 242 -215 256 -168
person 0.014580414 414 202 497 365
person 0.014576885 778 149 794 172
person 0.01455577 553 705 582 796
person 0.0145362355 175 691 191 716
person 0.0145303 503 1 535 74
person 0.014470037 874 128 890 150
person 0.014464035 602 150 618 174
person 0.014461581 700 691 717 715
person 0.014461281 588 55 603 71
person 0.014453468 816 130 832 152
person 0.014452681 544 -85 561 -61
person 0.0144412145 898 14 907 28
person 0.0144326305 798 148 814 172
person 0.0144288875 43 491 56 520
person 0.01442244 876 149 892 172
person 0.014417995 412 168 428 193
person 0.014404605 801 75 812 85
person 0.014393723 386 520 404 545
person 0.014392782 914 148 929 172
person 0.014382086 783 -219 809 -142
person 0.014349656 397 706 427 794
person 0.0143492995 81 650 117 765
person 0.014345617 172 -94 231 57
person 0.014339208 0 315 4 353
person 0.01433738 0 44 5 76
person 0.014335142 391 635 405 677
person 0.014313741 625 110 641 131
person 0.01430943 577 0 608 78
person 0.014306161 759 128 776 149
person 0.014295474 934 -218 947 -211
person 0.014292711 48 344 58 359
person 0.01428977 204 -215 218 -168
person 0.014286097 667 581 681 639
person 0.014270641 1004 -186 1011 -151
person 0.014251034 915 187 930 212
person 0.014245669 622 356 642 383
person 0.014245589 100 -219 114 -201
person 0.014231787 855 77 870 94
person 0.014225914 262 -76 307 34
person 0.014216751 625 -219 639 -200
person 0.014200801 897 148 912 172
person 0.014152487 409 -84 424 -60
person 0.014142545 643 -85 657 -60
person 0.014140523 165 15 188 50
person 0.014138894 645 38 660 56
person 0.0141361905 816 149 832 173
person 0.014131625 564 -85 581 -62
person 0.014126783 0 411 5 448
person 0.014126252 740 184 756 211
person 0.01409628 934 -219 949 -202
person 0.014070763 853 -66 872 -56
person 0.01406565 701 -85 715 -62
person 0.014059324 866 11 890 66
person 0.014051274 779 96 789 107
person 0.014042915 855 131 871 153
person 0.014015608 898 605 910 648
person 0.013999229 347 -130 376 -47
person 0.013977289 727 591 735 621
person 0.013955382 766 82 776 93
person 0.013949898 992 336 1006 421
person 0.013936275 953 -140 990 -4
person 0.013936124 627 315 645 344
person 0.013916577 352 165 368 191
person 0.013904098 699 170 716 194
person 0.013898766 860 582 866 599
person 0.013886274 748 203 773 240
person 0.013874877 760 395 785 452
person 0.013860473 936 109 951 129
person 0.013848069 286 66 309 93
person 0.013847216 681 691 699 757
person 0.013840388 903 15 926 70
person 0.013836203 683 15 697 33
person 0.013829054 351 49 364 67
person 0.013803534 491 110 507 130
person 0.0137996785 851 187 868 212
person 0.013794475 88 677 107 740
person 0.013794138 662 167 679 191
person 0.013790363 664 -219 678 -201
person 0.013789617 40 475 54 503
person 0.01378904 994 476 1016 497
person 0.013786253 720 691 736 715
person 0.013778436 624 91 640 110
person 0.013776485 487 147 504 172
person 0.013774135 97 -140 114 -90
person 0.013771012 785 -205 793 -172
person 0.013767349 797 -56 850 128
person 0.013754709 437 236 515 386
person 0.0137434965 915 110 930 129
person 0.0137294205 492 82 503 93
person 0.0137253525 685 17 694 31
person 0.0137177 644 -219 659 -201
person 0.01370508 198 212 216 235
person 0.013666332 971 563 985 575
person 0.013659475 156 691 172 716
person 0.013646735 59 -47 81 9
person 0.013642353 0 566 5 604
person 0.013622843 914 130 929 151
person 0.013622199 1005 -90 1011 -54
person 0.013619503 776 -66 794 -56
person 0.013579959 513 59 528 76
person 0.013544318 578 366 595 390
person 0.013538967 428 -85 445 -61
person 0.013519075 -3 -206 8 -179
person 0.013515171 1004 611 1011 644
person 0.013497781 228 382 248 398
person 0.013473821 783 76 794 86
person 0.013462548 400 -76 429 9
person 0.013431635 376 496 429 662
person 0.013409391 235 330 255 347
person 0.013404238 996 668 1013 734
person 0.01337666 0 391 5 427
person 0.013375992 840 92 851 103
person 0.013371752 0 90 7 119
person 0.013364998 623 -85 638 -60
person 0.013364242 503 631 523 693
person 0.013359641 603 -85 619 -61
person 0.013344521 935 1 946 16
person 0.013329737 1004 -148 1011 -112
person 0.0133282 702 -218 715 -212
person 0.013321682 420 0 452 68
person 0.013320667 407 99 423 117
person 0.013309219 515 318 550 339
person 0.013309152 739 691 756 715
person 0.013298004 0 468 5 507
person 0.0132753495 860 241 898 303
person 0.013244653 584 -85 600 -62
person 0.013230289 896 129 912 150
person 0.0132261 0 585 5 624
person 0.013211037 354 17 370 35
person 0.013193507 4 143 21 166
person 0.013186239 1004 -168 1011 -131
person 0.013172905 622 17 637 33
person 0.013157386 796 168 812 193
person 0.013152973 739 168 755 193
person 0.013147471 608 72 618 83
person 0.013142053 699 130 715 153
person 0.01313969 843 203 859 229
person 0.013122124 838 82 848 93
person 0.01310543 0 560 7 651
person 0.013099141 707 585 720 641
person 0.013085088 166 55 189 85
person 0.013077479 954 0 965 16
person 0.013076008 829 11 853 65
person 0.013071892 0 -153 5 -114
person 0.013035297 403 -40 423 -1
person 0.013014763 602 167 619 191
person 0.013010946 201 680 223 741
person 0.013001819 899 582 906 599
person 0.013000523 766 -205 774 -171
person 0.012995836 103 231 123 251
person 0.012990161 537 490 584 664
person 0.012990082 389 -84 405 -60
person 0.012989806 135 345 159 362
person 0.012965546 0 488 5 527
person 0.012959037 352 69 367 89
person 0.012952841 661 130 677 153
person 0.012950507 666 -187 682 -137
person 0.012948971 184 357 229 375
person 0.012948562 584 18 599 34
person 0.012941354 724 147 740 171
person 0.012922661 520 232 595 389
person 0.012918692 761 147 777 171
person 0.012911153 421 176 445 209
person 0.012897172 465 92 482 111
person 0.012890033 824 93 835 104
person 0.012888646 76 661 136 818
person 0.012884927 429 97 445 115
person 0.012868797 523 403 532 429
person 0.012866236 208 213 226 235
person 0.012849539 161 592 172 620
person 0.012848442 265 386 283 406
person 0.012848049 318 166 344 197
person 0.012845201 936 93 951 111
person 0.012840777 738 131 754 153
person 0.012829944 1005 -71 1011 -34
person 0.012809475 759 691 775 715
person 0.012793024 408 109 425 129
person 0.012792868 0 545 5 585
person 0.012786119 804 594 811 613
person 0.012780913 485 131 501 153
person 0.012772716 39 417 53 446
person 0.012762924 57 369 72 388
person 0.012761771 934 167 949 193
person 0.012757188 541 14 557 30
person 0.012749257 819 166 835 191
person 0.012736821 967 258 989 283
person 0.01272278 497 381 504 400
person 0.012720108 917 615 930 644
person 0.012703669 213 217 305 359
person 0.012702396 911 208 927 234
person 0.012693835 0 449 5 488
person 0.012692432 821 79 831 89
person 0.012691057 -4 67 10 91
person 0.0126874605 876 1 888 16
person 0.012687168 0 372 5 406
person 0.012673616 244 631 290 729
person 0.01266996 559 171 598 227
person 0.012666071 899 76 914 94
person 0.012664531 1004 629 1011 663
person 0.012663555 590 57 601 69
person 0.01265887 511 531 528 602
person 0.012652684 999 480 1012 490
person 0.012651577 994 13 1012 72
person 0.012648742 428 148 444 172
person 0.0126279155 997 698 1012 773
person 0.012624913 217 461 240 481
person 0.0125961 277 594 289 622
person 0.012595239 544 -123 571 -33
person 0.012592689 988 306 1007 327
person 0.01258953 115 92 138 120
person 0.012570363 779 168 796 193
person 0.012552271 482 487 536 671
person 0.012548879 105 593 113 618
person 0.01254257 878 582 885 599
person 0.012535148 -1 99 16 137
person 0.012534482 562 168 579 191
person 0.012529178 546 283 564 311
person 0.012527283 630 -187 642 -141
person 0.012518214 933 -211 954 -156
person 0.012516452 702 16 716 33
person 0.012514302 840 576 849 605
person 0.012511979 995 302 1003 329
person 0.012500768 269 365 289 387
person 0.012489653 219 592 231 621
person 0.0124785425 -3 -186 8 -159
person 0.012467441 520 307 542 329
person 0.012463972 642 691 660 758
person 0.012462811 592 255 670 383
person 0.012461114 550 76 561 87
person 0.012457383 121 192 139 214
person 0.012456672 525 507 535 538
person 0.012453441 849 665 915 804
person 0.012450674 314 636 327 674
person 0.012431855 195 306 218 322
person 0.012430983 568 77 579 87
person 0.012419574 952 109 967 129
person 0.012415294 821 14 829 29
person 0.012407133 298 113 313 133
person 0.012404312 976 112 991 133
person 0.012401169 915 692 933 759
person 0.012397531 564 637 596 767
person 0.012373526 1005 572 1011 603
person 0.012357726 778 690 795 715
person 0.012350773 874 -66 890 -56
person 0.012320378 447 168 463 192
person 0.0123140365 897 206 914 232
person 0.012307932 878 14 887 29
person 0.01230672 0 623 5 663
person 0.012304599 680 57 695 74
person 0.012299784 1004 -129 1011 -93
person 0.012295787 203 51 226 81
person 0.012289176 660 149 677 173
person 0.012274281 -4 -30 8 -3
person 0.012272732 482 471 494 499
person 0.012269333 80 -219 95 -201
person 0.012257031 804 92 814 103
person 0.012250406 841 185 858 211
person 0.012246079 648 40 657 53
person 0.012233362 700 148 716 172
person 0.012222194 373 95 389 114
person 0.012218879 735 425 760 483
person 0.012216461 135 -143 153 -93
person 0.012207896 874 -53 927 128
person 0.012194202 124 593 133 619
person 0.012183472 402 187 462 267
person 0.012152562 430 635 443 679
person 0.012142679 788 9 813 62
person 0.012136514 993 436 1014 460
person 0.0121292565 435 584 447 633
person 0.012115238 136 691 152 716
person 0.012107639 506 203 524 227
person 0.012105985 833 -66 853 -57
person 0.012105842 507 396 518 422
person 0.012076787 0 430 5 468
person 0.012063436 977 130 993 153
person 0.012063238 717 -51 773 127
person 0.012045071 395 584 408 632
person 0.012040931 680 92 690 104
person 0.012036893 879 77 894 94
person 0.012036751 859 577 868 605
person 0.01200726 795 -66 814 -57
person 0.012001266 100 244 126 265
person 0.011994454 534 18 543 30
person 0.011986959 863 -205 870 -171
person 0.011983689 818 13 833 31
person 0.0119730905 347 169 388 227
person 0.011970632 1004 -109 1011 -73
person 0.011967681 603 336 658 522
person 0.0119529525 484 636 517 767
person 0.011952823 509 93 520 104
person 0.011948245 387 -121 415 -35
person 0.011922901 0 -134 5 -95
person 0.011917363 57 690 74 758
person 0.011912518 389 152 405 176
person 0.011905404 532 16 546 32
person 0.011904782 896 1 907 16
person 0.011904036 816 245 832 268
person 0.011901338 0 604 5 643
person 0.011900653 45 453 58 481
person 0.011887972 686 592 695 619
person 0.011874357 639 636 672 766
person 0.011834352 129 26 150 59
person 0.011822805 159 633 205 736
person 0.011820426 722 169 738 193
person 0.01181253 388 97 404 115
person 0.011805436 955 169 972 194
person 0.011803973 446 148 462 172
person 0.011788926 682 -218 695 -212
person 0.011777299 798 690 814 715
person 0.011732193 199 592 211 621
person 0.011728969 568 58 584 74
person 0.011725057 814 -66 834 -57
person 0.011712202 410 149 426 172
person 0.011710166 205 423 296 584
person 0.011707771 986 425 1001 488
person 0.011704841 759 185 775 211
person 0.01170323 59 347 71 361
person 0.011684186 257 412 317 502
person 0.011675587 0 643 5 682
person 0.01167315 898 222 915 247
person 0.01167254 98 -185 114 -133
person 0.011663389 181 592 192 621
person 0.011657274 198 309 214 319
person 0.011653297 526 151 543 174
person 0.011648647 0 739 5 782
person 0.011643843 483 492 496 521
person 0.011640847 800 15 810 29
person 0.011622768 355 -73 385 9
person 0.011618151 237 486 252 498
person 0.011610051 1002 473 1011 499
person 0.011600336 823 594 829 613
person 0.011570141 603 691 621 758
person 0.0115698185 519 304 551 384
person 0.011566073 0 526 5 567
person 0.011551075 500 275 518 302
person 0.0115437275 43 704 58 732
person 0.011530808 628 486 683 676
person 0.011529991 857 1 868 16
person 0.01152414 1005 -34 1011 4
person 0.011522734 302 395 324 420
person 0.011522283 772 554 787 579
person 0.01151033 704 17 713 31
person 0.011510064 683 60 692 71
person 0.011492867 -1 207 4 235
person 0.0114920065 987 454 1011 479
person 0.011491725 240 396 280 439
person 0.01147752 248 486 270 504
person 0.011475015 896 187 912 212
person 0.011456829 634 -43 694 126
person 0.011453497 30 548 38 581
person 0.011449157 468 167 484 191
person 0.011446848 601 548 620 620
person 0.011445893 639 316 658 345
person 0.011445844 241 244 268 279
person 0.011441572 859 14 869 29
person 0.011440978 29 531 36 568
person 0.011437204 896 13 911 31
person 0.011428549 250 437 278 456
person 0.011419178 589 74 599 85
person 0.011417585 57 377 72 398
person 0.011411425 720 -84 735 -64
person 0.011408622 252 462 274 480
person 0.011401639 811 238 841 288
person 0.011396136 783 185 800 210
person 0.011392237 707 -187 720 -136
person 0.011381077 146 660 212 811
person 0.011374684 0 507 5 547
person 0.011367441 367 111 383 131
person 0.011358275 954 12 968 31
person 0.011357114 429 -39 449 -3
person 0.011356665 953 95 968 113
person 0.011352249 262 373 296 424
person 0.011342378 805 -206 812 -172
person 0.011341562 626 569 636 605
person 0.011327181 61 -219 74 -212
person 0.011307734 919 94 929 105
person 0.0112931095 338 592 348 621
person 0.011289879 504 -86 521 -61
person 0.011277229 817 690 833 715
person 0.011273996 279 596 293 633
person 0.011266616 1002 69 1015 91
person 0.011265548 1005 278 1011 308
person 0.0112619735 447 691 466 758
person 0.011238837 720 581 728 598
person 0.011233608 370 691 388 758
person 0.0112295095 659 473 698 606
person 0.011222136 567 30 578 45
person 0.011219655 -1 -50 12 22
person 0.011198299 110 180 146 223
person 0.011186779 915 1 927 16
person 0.011183745 911 221 928 246
person 0.011177993 798 14 813 31
person 0.011157821 76 161 159 302
person 0.011149679 124 679 145 741
person 0.011144603 -9 69 33 163
person 0.011144056 494 409 507 458
person 0.011142626 292 691 310 758
person 0.011138299 -4 209 8 233
person 0.011132591 409 691 427 758
person 0.011125077 859 92 869 103
person 0.011121986 934 -177 953 -119
person 0.011119659 274 637 288 675
person 0.01111407 41 116 52 130
person 0.011110921 331 691 349 758
person 0.011099579 675 377 694 399
person 0.01108931 1006 553 1011 580
person 0.011081208 434 76 450 94
person 0.01107998 564 691 582 758
person 0.011078986 999 432 1010 462
person 0.011077805 260 81 275 99
person 0.011063747 841 379 860 408
person 0.011059142 467 147 483 171
person 0.011054308 850 378 869 406
person 0.011052797 1006 723 1012 763
person 0.0110427 486 691 505 758
person 0.011026864 1005 -206 1011 -171
person 0.011025399 944 166 969 199
person 0.011017566 20 366 29 390
person 0.011015831 357 586 370 630
person 0.011014812 123 314 162 360
person 0.011011084 347 329 359 355
person 0.011007569 0 -114 5 -75
person 0.011001834 404 269 486 428
person 0.010999369 329 464 350 483
person 0.010996034 41 434 55 464
person 0.010988177 543 171 560 194
person 0.010980364 525 691 544 758
person 0.0109800175 405 635 443 732
person 0.0109771285 741 673 755 698
person 0.010971156 758 -66 774 -56
person 0.010963429 658 317 677 347
person 0.010952426 718 -86 734 -75
person 0.010947417 235 -41 254 -1
person 0.010945847 761 673 774 698
person 0.0109455325 725 -203 737 -172
person 0.010944763 123 -186 136 -138
person 0.010937028 989 152 997 165
person 0.01093444 898 36 912 54
person 0.010929552 549 54 565 71
person 0.010926237 365 388 379 411
person 0.01092597 -3 493 8 520
person 0.010921246 20 377 32 404
person 0.010920329 746 -205 755 -171
person 0.010918248 333 705 350 731
person 0.010909564 901 -204 909 -171
person 0.010909467 133 366 155 382
person 0.010906632 350 398 373 433
person 0.0108946385 524 129 541 152
person 0.010894161 250 194 266 216
person 0.0108844265 162 679 184 741
person 0.010882134 469 -218 482 -211
person 0.01088064 488 -218 501 -211
person 0.0108782435 63 636 75 691
person 0.010876062 1004 268 1011 280
person 0.010872754 936 186 952 211
person 0.010870478 527 -218 540 -211
person 0.010867935 508 -218 521 -211
person 0.010863891 449 -218 462 -211
person 0.010863809 547 -218 560 -211
person 0.010858937 313 705 331 731
person 0.010854611 391 -218 404 -211
person 0.010854048 313 -218 326 -211
person 0.010853843 333 -218 346 -211
person 0.010853796 197 -218 210 -211
person 0.010853377 372 -218 385 -211
person 0.010852866 294 -218 307 -211
person 0.010852789 352 -218 365 -211
person 0.01085092 410 -218 424 -211
person 0.010850516 274 -218 287 -211
person 0.010850414 216 -218 229 -211
person 0.010849938 235 -218 249 -211
person 0.010849917 255 -218 268 -211
person 0.010849559 177 -218 190 -211
person 0.010844708 430 -218 443 -211
person 0.0108394455 253 691 271 758
person 0.010836343 132 476 152 497
person 0.010830136 323 433 348 457
person 0.010817566 63 -181 74 -128
person 0.0108159585 0 682 5 720
person 0.010799218 999 400 1015 421
person 0.010793208 740 14 755 32
person 0.010789014 1005 113 1011 125
person 0.010784486 352 705 369 731
person 0.010781546 840 14 849 28
person 0.010776224 566 -218 579 -211
person 0.010760847 0 662 5 701
person 0.01075879 158 -218 171 -211
person 0.010755467 210 246 231 265
person 0.010747627 592 -188 603 -142
person 0.010738672 372 705 389 731
person 0.010738521 827 -187 840 -142
person 0.01072349 177 340 205 357
person 0.0107034175 214 691 233 758
person 0.0106999995 294 705 311 731
person 0.010664328 1005 580 1011 594
person 0.010655441 106 -2 154 103
person 0.010645664 0 -95 5 -56
person 0.010643299 43 685 57 714
person 0.010637304 493 58 508 75
person 0.010636733 496 134 529 178
person 0.010630362 115 240 132 284
person 0.010627333 780 673 794 697
person 0.010621168 199 429 211 438
person 0.010611972 663 -218 676 -212
person 0.010601578 373 590 382 619
person 0.010599163 352 -104 366 -78
person 0.010589093 758 169 775 193
person 0.010574199 26 252 41 275
person 0.010574199 722 673 735 698
person 0.010568758 0 542 18 673
person 0.010550041 721 14 736 32
person 0.0105434675 391 705 408 731
person 0.010542925 102 574 114 655
person 0.010533499 492 90 503 101
person 0.01053329 677 333 696 361
person 0.0105243875 585 -218 599 -211
person 0.010510027 837 1 849 16
person 0.01050273 818 2 829 15
person 0.010497746 138 -218 151 -211
person 0.010488958 411 705 428 731
person 0.010486118 191 330 205 339
person 0.010471358 274 705 292 731
person 0.010470193 699 634 717 681
person 0.010468652 449 -103 464 -78
person 0.010466621 100 615 112 643
person 0.010453582 776 558 784 572
person 0.0104499115 1005 240 1011 271
person 0.01044656 992 308 1004 319
person 0.010444218 175 691 194 757
person 0.010435948 112 501 128 524
person 0.010430016 -9 -20 28 85
person 0.010423265 767 661 835 807
person 0.010421952 488 -104 502 -78
person 0.01041911 -3 474 8 501
person 0.01041704 605 -218 618 -211
person 0.010416342 21 745 35 775
person 0.010410623 724 16 733 30
person 0.010397868 136 231 157 250
person 0.010394189 836 689 853 715
person 0.010390227 898 94 908 105
person 0.010376535 705 -203 717 -172
person 0.010376473 552 38 562 51
person 0.01037613 491 368 501 386
person 0.010373295 702 673 716 698
person 0.010369688 40 544 52 584
person 0.010364298 992 501 1008 510
person 0.010353074 843 -206 851 -171
person 0.010342629 917 36 932 54
person 0.010338412 896 203 920 240
person 0.010327305 824 -206 832 -171
person 0.010326739 430 705 447 731
person 0.010323674 369 -85 385 -60
person 0.01032065 579 304 595 331
person 0.010316277 -3 688 8 714
person 0.010306009 176 -26 242 125
person 0.010303179 353 89 369 107
person 0.010291962 425 631 446 691
person 0.010278853 235 302 256 322
person 0.010265696 333 -104 347 -78
person 0.010265569 0 605 8 682
person 0.01025492 976 -22 1013 115
person 0.010248868 220 660 290 807
person 0.010235289 261 -11 309 87
person 0.010232566 555 349 617 532
person 0.010229461 465 188 482 211
person 0.01022822 644 -218 657 -212
person 0.010217249 255 705 272 731
person 0.010212071 187 342 213 350
person 0.010206656 865 657 908 752
person 0.010205341 474 459 483 487
person 0.010191753 917 75 932 93
person 0.01017166 706 592 715 620
person 0.010170503 469 -104 483 -78
person 0.01016721 449 705 467 731
person 0.010163655 880 94 890 105
person 0.01015941 996 368 1008 378
person 0.010152872 571 60 581 71
person 0.01014912 624 -218 637 -212
person 0.010143804 1005 705 1012 741
person 0.010140458 966 410 1001 501
person 0.010136529 626 -192 644 -130
person 0.010125465 232 384 244 394
person 0.010120973 408 129 424 150
person 0.010117609 745 208 776 257
person 0.010097185 786 237 815 288
person 0.010090454 335 88 350 105
person 0.010089957 1000 264 1016 286
person 0.010085515 779 13 794 31
person 0.010082687 259 95 275 113
person 0.01007276 64 470 79 498
person 0.0100666 605 705 622 731
person 0.010065664 716 642 750 763
person 0.01005711 468 470 484 501
person 0.010047672 469 705 486 731
person 0.010047478 552 57 562 68
person 0.010046619 624 705 642 731
person 0.010042063 326 385 343 407
person 0.010038418 278 -40 297 -2
person 0.01002471 782 14 790 29
person 0.010024231 105 -40 118 1
person 0.010023309 119 -218 132 -211
person 0.010014586 236 705 253 731
person 0.010009181 158 673 172 699
person 0.010009086 971 593 981 617
person 0.010007532 586 705 603 731
