person 0.7841127 824 329 866 383
person 0.7521485 1040 167 1057 192
person 0.7493907 872 266 901 304
person 0.74724376 384 233 409 267
person 0.7399479 783 237 812 275
person 0.73081523 959 231 986 268
person 0.7296232 649 181 668 208
person 0.72782207 796 181 814 206
person 0.7251772 635 162 653 185
person 0.72488284 256 224 275 250
person 0.72469115 693 244 723 281
person 0.7216009 1012 201 1032 227
person 0.7200126 323 237 349 270
person 0.7187706 965 159 982 183
person 0.7177415 585 245 616 284
person 0.7177362 816 228 844 264
person 0.71743566 608 178 628 205
person 0.7152875 631 258 663 296
person 0.6975682 890 143 906 166
person 0.6915575 940 312 977 364
person 0.6846992 909 180 928 207
person 0.683494 292 224 317 257
person 0.6817366 1079 295 1107 336
person 0.6788764 928 154 946 178
person 0.6788733 683 167 701 191
person 0.6759886 714 269 752 318
person 0.6714567 864 162 880 185
person 0.6693848 926 271 955 310
person 0.6631849 1014 177 1033 201
person 0.65638375 812 151 829 173
person 0.65491176 1075 181 1092 205
person 0.6545666 837 162 854 185
person 0.65377563 334 196 353 221
person 0.6519865 1027 232 1052 268
person 0.6468812 1074 216 1093 243
person 0.6462417 410 191 429 215
person 0.64468396 1087 254 1112 290
person 0.6107208 1115 195 1133 221
person 0.6075973 845 194 864 221
person 0.5999462 973 199 994 225
person 0.5990606 585 170 603 194
person 0.59223044 701 208 728 241
person 0.59094787 462 169 479 191
person 0.5886768 520 172 538 194
person 0.5861613 1002 168 1020 191
person 0.58400375 474 218 494 244
person 0.57690555 754 298 793 348
person 0.57047826 794 137 809 156
person 0.56818056 743 150 760 173
person 0.56643206 510 201 529 225
person 0.5608001 551 172 569 193
person 0.55990857 730 154 746 175
person 0.55575466 747 201 769 226
person 0.5521887 475 194 493 218
person 0.5328001 710 146 726 166
person 0.52812165 410 214 430 241
person 0.515856 726 133 737 150
person 0.5152435 1106 231 1124 259
person 0.5128913 585 202 605 229
person 0.5126839 759 159 776 181
person 0.5111097 498 170 515 191
person 0.51018804 976 177 995 202
person 0.4813551 445 221 465 246
person 0.47465804 1003 289 1034 331
person 0.46124402 760 222 786 255
person 0.42489126 670 145 688 167
person 0.4184919 547 154 564 173
person 0.41096985 546 197 565 221
person 0.39154413 468 175 486 196
person 0.38504738 838 203 869 246
person 0.3805589 928 174 948 199
person 0.33891377 613 163 631 183
person 0.33444968 1105 218 1124 246
person 0.32732368 791 151 810 174
person 0.3270866 745 142 761 159
person 0.322289 167 304 203 356
person 0.31359282 1117 184 1134 207
person 0.31299016 542 204 570 235
person 0.30249715 673 143 684 159
person 0.30203468 887 166 906 191
person 0.30026725 808 221 832 248
person 0.27861267 1120 189 1136 214
person 0.2717654 589 209 611 235
person 0.26376218 560 170 582 191
person 0.25595334 935 278 967 317
person 0.25076762 548 167 574 198
person 0.2444877 556 202 576 225
person 0.22691457 1039 217 1060 243
person 0.2233052 717 251 750 291
person 0.22205018 931 284 970 334
person 0.21824777 704 172 724 196
person 0.21337445 999 284 1041 348
person 0.21090935 973 170 991 204
person 0.21080926 908 185 933 218
person 0.20879541 358 217 385 250
person 0.20602162 814 318 876 392
person 0.20269823 796 138 806 152
person 0.1923554 748 144 758 156
person 0.1887151 543 220 567 247
person 0.18598251 549 156 561 168
person 0.18249017 1076 203 1094 228
person 0.18219718 762 165 783 189
person 0.17975606 156 302 218 382
person 0.17825828 959 159 976 182
person 0.17558311 712 148 723 162
person 0.17007503 736 151 762 182
person 0.16485767 808 202 830 227
person 0.1637486 954 203 975 227
person 0.1634368 896 147 914 170
person 0.15955381 437 220 458 246
person 0.15918747 1071 278 1111 348
person 0.15861677 796 217 819 244
person 0.15689039 454 193 477 218
person 0.15539393 818 281 858 321
person 0.1533673 663 157 683 178
person 0.15042807 940 173 962 199
person 0.14753065 541 280 577 319
person 0.14703174 1131 438 1170 516
person 0.1452986 713 142 724 159
person 0.1450878 538 236 573 274
person 0.14353502 245 263 271 297
person 0.1428638 761 321 806 372
person 0.14101034 463 164 480 183
person 0.13855717 965 217 990 245
person 0.13394758 804 174 824 198
person 0.13385822 1068 193 1089 218
person 0.13301203 703 202 726 227
person 0.13244879 1039 191 1060 217
person 0.13230678 732 148 744 171
person 0.13136156 500 172 512 185
person 0.12998573 388 224 412 250
person 0.12910533 750 174 771 197
person 0.12328756 605 195 627 222
person 0.12307866 745 279 795 340
person 0.12251168 994 201 1017 226
person 0.12215974 669 141 680 158
person 0.12140637 1157 244 1172 288
person 0.1208151 150 308 179 345
person 0.12060752 1117 195 1141 231
person 0.11930129 601 220 625 247
person 0.115845874 1121 217 1139 243
person 0.11376991 557 162 576 181
person 0.111502506 713 219 736 245
person 0.1113468 402 234 432 267
person 0.11034606 1167 197 1174 226
person 0.10882164 634 272 667 311
person 0.1075339 424 194 445 218
person 0.10689951 1167 218 1174 249
person 0.10525628 503 164 520 182
person 0.104482226 1049 288 1079 325
person 0.10249135 555 223 577 248
person 0.10222366 834 211 874 262
person 0.10176333 991 245 1013 272
person 0.101398416 790 132 814 162
person 0.10080893 928 195 949 221
person 0.09985296 335 221 357 247
person 0.09819698 743 211 769 239
person 0.096953556 762 153 774 175
person 0.09577947 365 241 387 269
person 0.09529878 523 173 535 187
person 0.09370357 392 200 413 223
person 0.09369371 1068 206 1100 255
person 0.093631394 519 164 538 182
person 0.092872426 1162 221 1178 248
person 0.09248773 826 226 847 252
person 0.09170321 579 197 616 243
person 0.09011422 467 237 497 267
person 0.08992897 585 288 620 325
person 0.08986271 1162 199 1178 225
person 0.089839 815 152 826 166
person 0.0894541 553 174 566 187
person 0.08931527 263 226 283 250
person 0.08886596 250 235 273 263
person 0.08759064 1007 320 1038 360
person 0.08694109 464 171 476 185
person 0.086147025 695 316 736 366
person 0.085583754 842 320 886 371
person 0.08481861 1060 243 1081 270
person 0.084694155 1106 261 1126 288
person 0.08421425 471 176 484 188
person 0.083486825 719 170 739 192
person 0.08344633 1055 267 1076 295
person 0.083266936 669 135 693 165
person 0.08173049 496 218 518 243
person 0.081638046 1167 238 1174 270
person 0.07914416 628 191 649 219
person 0.07862067 740 192 776 239
person 0.0784291 1115 424 1158 499
person 0.077932745 248 213 282 259
person 0.07792894 593 163 611 181
person 0.0772583 779 135 792 153
person 0.076691926 466 208 502 254
person 0.076186515 325 196 344 219
person 0.07535252 1016 214 1038 241
person 0.073530674 920 319 962 370
person 0.07329127 500 236 533 270
person 0.0730826 623 247 671 309
person 0.07278273 1161 241 1178 268
person 0.07182331 1164 374 1174 441
person 0.071420416 1048 328 1079 367
person 0.07117174 579 233 627 294
person 0.06996923 1083 246 1104 273
person 0.069783986 691 278 735 327
person 0.06919921 928 300 988 380
person 0.06918287 967 191 1001 239
person 0.06917371 762 196 784 220
person 0.06888005 145 -86 175 20
person 0.068491094 342 576 360 604
person 0.06841298 538 240 563 265
person 0.06825867 676 195 696 220
person 0.06762859 514 216 535 240
person 0.06668091 860 239 907 304
person 0.06652835 600 248 624 272
person 0.066179 240 276 271 311
person 0.06537444 716 131 741 161
person 0.06532135 1109 234 1121 256
person 0.06458411 988 219 1010 245
person 0.06456099 841 186 875 234
person 0.06430908 1005 192 1039 240
person 0.06393949 40 295 68 330
person 0.0635538 1005 170 1017 184
person 0.06335968 173 305 197 331
person 0.06332825 51 261 77 294
person 0.06261897 717 199 739 223
person 0.062444452 642 172 677 217
person 0.062035184 600 169 636 213
person 0.061897486 536 267 585 328
person 0.061772596 286 297 319 335
person 0.061608143 363 201 384 224
person 0.061232373 1 -7 12 57
person 0.0607902 588 204 601 225
person 0.060164884 201 240 228 270
person 0.059760593 1130 242 1151 268
person 0.05900121 1150 -230 1181 -149
person 0.05897601 968 362 1006 415
person 0.058605086 892 147 903 161
person 0.057381757 434 179 453 198
person 0.0572227 1074 216 1086 238
person 0.057060633 1162 332 1173 391
person 0.057047218 681 217 703 243
person 0.05580537 317 222 338 247
person 0.055665776 266 241 287 267
person 0.055382475 424 245 445 270
person 0.05529485 499 124 516 146
person 0.055004757 -5 -253 10 -226
person 0.05493853 876 193 897 218
person 0.054646604 1016 230 1060 294
person 0.054464906 1080 240 1120 311
person 0.05436482 825 354 877 421
person 0.0540819 1046 694 1054 719
person 0.054046463 402 202 438 250
person 0.053704314 720 267 747 292
person 0.053531606 951 213 973 240
person 0.05347289 236 215 253 235
person 0.05325524 1076 291 1098 319
person 0.053142015 651 245 676 270
person 0.052904215 206 236 225 259
person 0.052798398 905 370 950 421
person 0.052734166 615 166 629 177
person 0.052492805 931 155 943 169
person 0.052426152 854 364 896 415
person 0.052402306 588 173 600 186
person 0.052206405 406 179 432 209
person 0.05195288 478 196 490 211
person 0.05188769 722 246 746 271
person 0.051776007 210 347 249 397
person 0.051726483 854 218 875 244
person 0.051562417 1068 694 1076 717
person 0.051298566 1162 -251 1174 -198
person 0.051142413 1161 285 1173 333
person 0.051100846 537 200 576 247
person 0.05091103 -3 -243 21 -138
person 0.0503902 929 236 974 302
person 0.050270498 128 314 148 341
person 0.050135043 560 165 574 176
person 0.049900908 1163 506 1173 588
person 0.049755838 1042 165 1055 183
person 0.049645964 898 287 923 314
person 0.0493079 145 283 233 420
person 0.04924267 630 249 654 273
person 0.049159847 1009 266 1032 293
person 0.04903261 645 264 670 291
person 0.04877987 757 236 808 299
person 0.04843689 707 319 748 370
person 0.048317492 -1 -256 7 -225
person 0.047740836 840 163 851 179
person 0.047698475 505 167 517 179
person 0.047330856 1167 175 1174 201
person 0.047233596 466 167 476 179
person 0.04713794 754 -99 806 37
person 0.047051143 -4 -252 9 -245
person 0.04696716 538 -71 574 20
person 0.046839133 560 242 583 266
person 0.04657361 1007 280 1029 307
person 0.04626202 -1 240 9 287
person 0.046132077 92 427 113 454
person 0.045780323 548 197 562 213
person 0.045181658 988 256 1010 282
person 0.04480447 63 -91 91 20
person 0.044612713 1024 695 1031 719
person 0.044591807 946 374 997 443
person 0.044566613 1153 375 1178 440
person 0.04390391 640 137 658 157
person 0.043834288 673 270 726 333
person 0.04352134 1153 288 1175 327
person 0.043359548 373 227 419 289
person 0.043338075 191 208 219 239
person 0.04327213 491 241 513 266
person 0.043152303 638 164 650 177
person 0.043125257 913 188 925 209
person 0.043079514 448 240 468 264
person 0.043016657 815 140 833 160
person 0.04300885 602 261 628 288
person 0.04293088 412 186 431 206
person 0.042856403 328 280 360 317
person 0.04263524 738 240 762 264
person 0.04255834 651 215 673 241
person 0.042515032 1078 183 1089 197
person 0.042134374 509 196 522 218
person 0.042008344 650 132 676 162
person 0.041807055 1100 558 1154 672
person 0.04143507 1164 521 1175 633
person 0.04140732 550 140 567 158
person 0.04125909 325 187 361 234
person 0.041221455 308 222 354 287
person 0.040801667 515 291 550 328
person 0.0402571 469 167 480 178
person 0.04015674 499 190 537 236
person 0.04003209 415 790 440 860
person 0.04000268 282 273 331 338
person 0.039574884 866 163 877 179
person 0.039356634 630 218 652 244
person 0.03920706 876 215 896 241
person 0.03919462 1153 338 1176 382
person 0.03914508 879 243 902 269
person 0.038839683 1117 197 1129 213
person 0.03881105 38 429 56 454
person 0.038667753 1051 380 1090 433
person 0.038650714 925 245 947 271
person 0.038559396 797 296 893 422
person 0.038472507 941 307 967 332
person 0.03840511 1120 188 1131 201
person 0.03836829 1162 176 1178 200
person 0.038267475 1087 321 1126 373
person 0.03804504 -3 -164 17 -36
person 0.038002428 692 -80 727 14
person 0.03764367 1161 -253 1174 -244
person 0.03747908 227 382 267 436
person 0.03736908 979 363 1021 415
person 0.03733904 328 172 355 204
person 0.037091415 1104 292 1125 318
person 0.037035637 635 325 682 375
person 0.03691688 1045 715 1056 745
person 0.03690693 978 174 992 194
person 0.036843527 652 188 665 209
person 0.03658964 768 224 780 246
person 0.036570635 1105 419 1184 584
person 0.036503643 2 313 15 369
person 0.036496785 782 256 808 283
person 0.036493994 424 266 446 290
person 0.036481064 1160 -254 1176 -228
person 0.036480047 1012 -244 1029 -190
person 0.036452994 1017 176 1030 192
person 0.036365084 1163 689 1173 757
person 0.036175974 900 216 921 242
person 0.036060747 324 790 350 860
person 0.0360283 359 280 392 317
person 0.035922904 1040 262 1062 289
person 0.035896055 370 790 395 860
person 0.035610203 1012 161 1029 182
person 0.035540916 675 243 699 268
person 0.03553773 832 269 853 291
person 0.035489418 148 348 255 514
person 0.035476662 771 547 795 573
person 0.035265867 0 -258 9 -200
person 0.035159994 460 790 485 859
person 0.035079073 336 265 356 290
person 0.0349297 237 206 253 227
person 0.03490684 279 790 304 860
person 0.034845505 724 455 790 547
person 0.03475942 156 -56 183 10
person 0.034734834 1164 777 1174 844
person 0.034730975 1088 -236 1103 -192
person 0.034696326 1004 696 1010 722
person 0.034597475 922 218 943 244
person 0.034525637 595 166 609 177
person 0.034510635 820 131 847 163
person 0.034433186 460 280 493 314
person 0.034232743 1163 737 1174 797
person 0.034223095 967 161 979 175
person 0.034049034 420 279 451 314
person 0.03387823 156 246 184 277
person 0.0337563 760 306 788 332
person 0.033754356 298 225 311 248
person 0.033739988 69 -57 94 11
person 0.033468504 -1 7 15 37
person 0.033377007 1163 -211 1173 -149
person 0.033367954 0 -11 20 62
person 0.033365324 506 790 531 860
person 0.03333269 164 381 242 475
person 0.033313077 898 150 913 163
person 0.033290632 1067 716 1078 745
person 0.03321548 445 46 469 82
person 0.03319725 62 784 83 858
person 0.033170164 838 -108 890 38
person 0.03310606 1091 692 1099 717
person 0.033096064 70 405 136 496
person 0.032901704 407 267 428 293
person 0.03283396 863 134 880 157
person 0.03281649 1123 193 1133 207
person 0.03280992 0 301 12 353
person 0.032671124 49 -253 66 -235
person 0.03266638 1084 767 1113 870
person 0.032550547 717 278 747 309
person 0.032499537 552 114 568 134
person 0.032471962 127 334 166 390
person 0.032461513 862 241 883 267
person 0.03245508 1087 530 1167 698
person 0.0323084 478 218 490 235
person 0.032047696 877 271 896 308
person 0.032004707 449 219 462 236
person 0.031994537 897 140 913 161
person 0.03196222 28 -253 42 -246
person 0.031940658 1166 202 1174 217
person 0.031646468 1115 578 1143 646
person 0.031439617 1047 -239 1063 -189
person 0.031311873 502 126 513 142
person 0.031295814 1000 290 1023 317
person 0.031218829 1062 284 1085 309
person 0.03111545 960 -246 977 -191
person 0.031066187 377 269 398 295
person 0.031026417 924 129 948 160
person 0.030884989 962 162 973 175
person 0.030877538 28 -253 45 -235
person 0.030865025 413 195 426 207
person 0.030845972 283 167 308 198
person 0.030778218 42 599 55 632
person 0.030606493 1161 22 1172 76
person 0.03044792 1161 68 1173 115
person 0.030398244 1108 219 1121 234
person 0.030332427 337 198 350 211
person 0.030200724 550 790 575 859
person 0.030179879 300 201 319 223
person 0.030148856 1108 304 1129 332
person 0.030008288 958 694 965 720
person 0.029807728 -5 240 10 270
person 0.029789409 0 590 6 631
person 0.029512871 511 161 547 209
person 0.029406393 234 171 261 203
person 0.029402828 353 214 391 262
person 0.029391887 1022 371 1070 442
person 0.029149475 1008 165 1041 213
person 0.02913501 932 137 948 159
person 0.029123724 1146 242 1177 296
person 0.029096091 16 411 81 503
person 0.029072141 908 413 949 469
person 0.029050298 686 170 698 185
person 0.028937737 723 274 741 314
person 0.028893443 -1 236 6 272
person 0.028869148 1155 169 1171 210
person 0.028737945 858 268 880 294
person 0.028737517 788 283 811 306
person 0.028630733 570 139 588 157
person 0.02859428 705 359 781 440
person 0.028527409 274 737 290 787
person 0.0285111 842 135 859 157
person 0.028484473 1163 256 1172 291
person 0.028472407 316 263 338 292
person 0.028290305 245 203 264 225
person 0.028119445 173 363 215 420
person 0.028115647 706 565 788 748
person 0.027957404 1134 257 1154 285
person 0.027868789 542 161 579 208
person 0.027765295 1089 791 1110 846
person 0.027724879 941 266 962 294
person 0.027722206 334 242 344 267
person 0.027697 928 -252 941 -244
person 0.02767201 595 790 620 859
person 0.027662093 586 321 631 371
person 0.027558293 638 168 649 183
person 0.027544789 950 -252 964 -244
person 0.02748505 900 270 923 297
person 0.027485022 809 264 832 288
person 0.027472984 1037 680 1049 700
person 0.027425034 905 -252 919 -244
person 0.027395746 414 677 429 737
person 0.02733097 787 171 821 217
person 0.02731798 0 500 7 542
person 0.027275294 904 238 926 264
person 0.02725503 607 449 703 614
person 0.027247982 289 257 313 281
person 0.027226679 949 317 967 360
person 0.027203167 973 -252 986 -244
person 0.027162855 1166 223 1174 239
person 0.027075194 363 222 377 244
person 0.027038064 0 318 23 362
person 0.026930343 49 -253 64 -246
person 0.02692625 1068 170 1100 218
person 0.026775762 1147 -154 1178 -63
person 0.026771855 1127 -253 1141 -245
person 0.02673612 435 137 451 156
person 0.026666366 328 242 341 266
person 0.026620066 930 174 945 190
person 0.026604429 343 184 361 205
person 0.026590912 882 -252 896 -244
person 0.026588468 707 214 720 236
person 0.026507014 655 803 677 877
person 0.026468027 517 242 539 265
person 0.026423715 555 117 564 131
person 0.026416596 1120 423 1146 472
person 0.026373297 765 169 780 183
person 0.026360255 761 287 787 311
person 0.02635003 902 180 939 228
person 0.026328752 705 432 805 603
person 0.026310723 673 157 709 204
person 0.02629413 1160 105 1172 147
person 0.02627901 3 4 10 41
person 0.02619677 493 282 545 345
person 0.026143115 1000 302 1023 327
person 0.026133327 540 264 565 288
person 0.026118828 748 289 773 313
person 0.026100636 610 803 632 877
person 0.026008114 372 165 399 196
person 0.025935063 283 -243 314 -156
person 0.025838315 700 804 722 877
person 0.025827931 727 840 751 916
person 0.02581021 565 803 587 878
person 0.025792476 1162 634 1171 711
person 0.025663419 -1 454 5 497
person 0.025651332 642 -124 677 -37
person 0.025606597 1079 -76 1113 12
person 0.025605092 681 840 706 916
person 0.025517588 995 -252 1009 -244
person 0.02536646 606 422 681 500
person 0.02532452 981 695 989 722
person 0.025291162 498 116 528 149
person 0.025282228 3 -18 30 86
person 0.025192006 906 -253 921 -228
person 0.025119232 772 840 796 917
person 0.025113802 745 804 768 877
person 0.02510933 648 280 674 305
person 0.02503149 883 -253 898 -229
person 0.025019431 636 840 661 916
person 0.025009843 970 263 994 289
person 0.024950633 928 -253 943 -228
person 0.024947235 1032 158 1065 208
person 0.024945524 273 257 295 284
person 0.024802048 912 -247 929 -191
person 0.024762472 866 -247 883 -190
person 0.024759606 1 -8 7 32
person 0.024739815 817 840 841 917
person 0.024733322 867 169 878 183
person 0.024708696 1022 713 1032 744
person 0.024609115 103 -139 132 -35
person 0.024590345 358 259 380 284
person 0.024583125 860 -252 874 -244
person 0.024581157 951 -253 966 -228
person 0.02457467 543 -127 577 -40
person 0.024556912 225 265 245 290
person 0.024556348 911 278 1000 421
person 0.02449641 812 218 827 240
person 0.024403209 591 840 616 917
person 0.024389708 159 434 263 617
person 0.024389483 0 612 5 656
person 0.024375854 860 -253 876 -229
person 0.024366807 820 -247 837 -191
person 0.024332114 828 153 862 201
person 0.024325566 1009 809 1044 908
person 0.024306906 179 -159 207 -53
person 0.02430431 234 790 259 861
person 0.02429113 99 -54 126 12
person 0.024224551 973 -253 988 -228
person 0.02415438 818 15 830 35
person 0.024085734 520 803 542 878
person 0.024081888 1070 383 1110 438
person 0.024047144 862 839 886 917
person 0.023961902 292 596 317 625
person 0.023946181 552 142 564 155
person 0.023939773 840 16 852 36
person 0.023939656 597 122 626 154
person 0.023891939 766 264 789 288
person 0.023886515 790 804 813 877
person 0.023797257 0 -242 9 -157
person 0.023783825 794 474 864 564
person 0.023767242 315 734 336 789
person 0.023751654 1089 754 1104 797
person 0.023733096 546 840 570 917
person 0.023698414 176 -85 205 27
person 0.023697402 500 118 517 136
person 0.023592846 402 277 452 341
person 0.023577698 244 278 265 303
person 0.023449015 1126 -253 1144 -235
person 0.023434656 837 -253 853 -230
person 0.02337789 718 577 781 691
person 0.023364648 854 153 888 202
person 0.023337344 271 -167 301 -66
person 0.023293635 221 241 242 263
person 0.023215223 399 486 414 515
person 0.023139756 0 -63 11 40
person 0.023130763 571 686 582 718
person 0.023035564 996 -253 1011 -229
person 0.023023171 907 839 931 917
person 0.02298975 782 335 808 358
person 0.022967273 813 286 837 309
person 0.02295665 501 839 525 917
person 0.022886172 799 571 888 755
person 0.022821328 364 181 382 200
person 0.022820562 105 428 124 452
person 0.022820516 775 790 802 859
person 0.022736175 198 -239 229 -153
person 0.02272302 593 211 606 232
person 0.022648524 -6 256 10 284
person 0.022626622 1153 509 1175 581
person 0.022586275 1085 681 1093 699
person 0.02254697 390 238 402 261
person 0.022473566 145 208 173 238
person 0.022461178 1005 167 1016 179
person 0.022442356 1100 81 1124 116
person 0.022428384 906 14 922 38
person 0.022407865 -14 480 34 600
person 0.022381986 818 144 830 156
person 0.022373952 837 -253 851 -245
person 0.022332257 232 192 279 259
person 0.022306351 864 16 875 37
person 0.022288295 1017 -253 1031 -244
person 0.022276161 474 802 496 878
person 0.022254407 776 362 813 417
person 0.022248324 728 367 771 420
person 0.022227641 726 -130 761 -33
person 0.022203963 952 839 976 917
person 0.022200413 456 839 480 917
person 0.022194376 781 -246 798 -189
person 0.022129565 1068 681 1078 700
person 0.022123659 1055 82 1082 116
person 0.022118615 592 135 610 154
person 0.022101399 138 293 190 358
person 0.02194392 1163 -166 1174 -104
person 0.021856558 814 -253 831 -231
person 0.021849928 858 286 880 311
person 0.021828277 735 -238 769 -155
person 0.021813117 935 693 943 722
person 0.021808 941 322 972 351
person 0.021793682 1067 157 1083 179
person 0.021771587 236 180 252 200
person 0.021764344 618 137 636 156
person 0.021750078 96 250 125 281
person 0.021749813 624 479 693 583
person 0.021673443 890 170 903 185
person 0.021672862 834 289 857 312
person 0.021669319 1092 262 1105 286
person 0.021636145 866 791 891 859
person 0.021555101 914 817 950 916
person 0.021550873 188 790 214 861
person 0.021510474 503 119 513 134
person 0.021487923 559 199 574 216
person 0.02145764 1088 708 1104 757
person 0.021456124 835 804 858 878
person 0.02142224 901 305 925 331
person 0.02139191 1107 -253 1124 -235
person 0.021383295 411 839 435 917
person 0.021371257 965 165 999 212
person 0.021349825 644 -239 678 -156
person 0.02134727 396 234 438 282
person 0.021346204 1034 237 1046 260
person 0.021343216 548 675 563 753
person 0.02129184 1167 665 1174 702
person 0.021289859 885 14 900 39
person 0.021259429 -3 307 19 346
person 0.021157928 1018 -253 1033 -230
person 0.021155337 45 200 73 234
person 0.021126444 640 790 666 859
person 0.021105707 543 113 571 145
person 0.021071685 617 689 627 717
person 0.020973545 1088 156 1105 180
person 0.020955024 -5 460 9 490
person 0.020925734 1107 -253 1121 -245
person 0.020863643 818 -246 852 -164
person 0.020857532 997 839 1021 918
person 0.020777171 594 688 605 718
person 0.020728014 54 382 155 522
person 0.02072729 176 296 197 319
person 0.02065593 366 839 390 917
person 0.020555792 1083 388 1179 532
person 0.020538213 880 804 903 879
person 0.02051534 545 452 641 618
person 0.020461835 1101 333 1122 358
person 0.020333998 414 218 427 232
person 0.020314064 1003 795 1025 850
person 0.020308947 427 127 452 158
person 0.02030495 408 735 423 790
person 0.020295614 1100 119 1125 152
person 0.020286301 1166 687 1173 725
person 0.020263672 283 -94 331 48
person 0.020253977 819 790 845 859
person 0.02022777 545 319 588 371
person 0.020206455 429 802 451 878
person 0.020203548 685 790 711 859
person 0.020106206 741 267 765 291
person 0.020093724 280 685 294 738
person 0.020085322 919 312 943 337
person 0.020073926 468 -240 502 -157
person 0.020045443 792 551 818 578
person 0.020024044 416 73 443 110
person 0.020011818 852 570 873 598
person 0.019977303 1004 83 1030 117
person 0.019933777 434 162 451 181
person 0.019916913 176 309 194 348
person 0.019908415 556 265 580 287
person 0.019871244 114 -234 146 -144
person 0.01985953 321 839 345 918
person 0.019827541 0 386 108 525
person 0.019826353 1163 888 1170 938
person 0.019787725 764 302 782 343
person 0.019664379 448 261 470 286
person 0.019624976 896 493 970 586
person 0.019609673 457 602 480 684
person 0.019556211 108 806 140 915
person 0.019526009 1165 244 1173 258
person 0.019512642 876 304 900 327
person 0.019497022 458 670 474 743
person 0.019426905 838 679 849 697
person 0.019337425 282 670 291 704
person 0.01932616 1165 531 1173 565
person 0.019288976 912 794 935 850
person 0.01927134 791 -253 808 -232
person 0.019267052 219 423 245 441
person 0.019265039 499 672 520 747
person 0.019241547 0 440 8 513
person 0.019208271 814 -253 829 -245
person 0.019194365 102 787 125 859
person 0.019121308 976 194 991 216
person 0.01910543 684 684 695 719
person 0.019068534 525 685 535 720
person 0.019062148 275 839 299 918
person 0.019052664 297 232 309 255
person 0.01897971 1038 284 1061 310
person 0.018956646 385 -240 418 -156
person 0.018947393 1128 417 1142 479
person 0.01893133 1079 336 1100 360
person 0.01892421 1039 -253 1056 -231
person 0.018912746 1078 217 1090 233
person 0.018891804 370 683 385 740
person 0.018889034 0 749 9 838
person 0.018837571 127 -117 186 75
person 0.0188031 492 -138 525 -47
person 0.018759724 736 -244 753 -189
person 0.018752212 798 172 811 200
person 0.018728957 110 -19 144 79
person 0.018725684 86 405 106 428
person 0.018693117 1085 -200 1105 -148
person 0.01867761 363 734 379 787
person 0.018670244 950 412 991 468
person 0.018639317 565 -240 599 -158
person 0.018624285 0 480 6 526
person 0.018615987 926 803 948 879
person 0.018599464 383 184 401 202
person 0.018568415 798 189 811 209
person 0.018554017 509 -75 543 20
person 0.018550357 384 802 406 879
person 0.018519893 437 182 451 194
person 0.018518874 693 -246 710 -190
person 0.018517822 966 287 989 311
person 0.018505493 868 413 906 469
person 0.018424517 643 -247 659 -192
person 0.018415619 723 -49 805 134
person 0.018345147 230 839 254 918
person 0.018335842 -3 506 11 536
person 0.018317519 1039 -253 1053 -245
person 0.018308239 0 795 14 887
person 0.018298382 -3 -3 11 26
person 0.018281095 1111 262 1123 285
person 0.018267497 371 -172 402 -76
person 0.018155832 841 687 851 719
person 0.018145073 1145 28 1177 117
person 0.018096348 864 693 871 713
person 0.017978312 472 259 496 282
person 0.017947147 1166 551 1174 587
person 0.017921558 185 839 209 918
person 0.017915433 117 679 131 750
person 0.017909635 639 688 650 718
person 0.017906072 890 -99 943 46
person 0.017890774 1013 324 1037 347
person 0.017822208 707 686 717 718
person 0.017807601 55 248 72 273
person 0.01775194 0 -222 6 -177
person 0.017748855 270 202 288 223
person 0.01771935 1138 103 1174 181
person 0.017678648 730 790 757 858
person 0.017674923 798 -149 845 -12
person 0.01766144 0 -244 6 -201
person 0.017655633 9 358 23 415
person 0.017631657 957 795 979 850
person 0.017612645 927 14 944 38
person 0.017536156 1095 35 1118 73
person 0.017496306 460 235 502 281
person 0.017466716 248 803 267 831
person 0.017462216 226 803 245 831
person 0.017433032 823 328 866 348
person 0.017431367 271 803 290 831
person 0.01741907 1165 517 1173 530
person 0.01739704 963 124 989 155
person 0.017395746 425 197 443 209
person 0.017383596 598 -248 615 -193
person 0.017370276 53 218 71 245
person 0.017349193 550 -106 573 -54
person 0.017329108 558 -8 597 76
person 0.017318029 1165 180 1174 193
person 0.017309988 204 399 222 410
person 0.017290985 842 714 853 747
person 0.01727321 308 602 328 629
person 0.017271657 223 425 241 437
person 0.017257934 1029 -244 1066 -168
person 0.01725656 293 803 313 831
person 0.017244047 441 37 473 92
person 0.017226674 0 635 5 680
person 0.0171772 466 430 566 606
person 0.0171706 95 445 199 612
person 0.017169144 203 803 222 831
person 0.017167665 24 296 64 368
person 0.017147858 769 -253 786 -233
person 0.017145319 662 686 672 719
person 0.017134434 1151 442 1166 524
person 0.017129214 140 839 164 918
person 0.017090796 316 803 335 830
person 0.01695583 716 253 822 404
person 0.016936097 545 218 564 237
person 0.016924351 338 803 358 830
person 0.016911188 979 258 1063 409
person 0.016887832 0 882 9 934
person 0.016868599 887 694 895 717
person 0.016838187 1166 508 1173 542
person 0.01679226 1166 859 1173 907
person 0.016787324 737 78 763 111
person 0.016780235 863 688 873 719
person 0.016774477 1114 692 1121 713
person 0.016760822 792 323 903 478
person 0.016733214 50 839 74 918
person 0.016721912 510 239 611 388
person 0.016719982 361 803 380 830
person 0.016713956 735 817 770 919
person 0.016690595 788 743 806 797
person 0.016689172 1029 238 1040 264
person 0.016670175 823 818 859 920
person 0.01664927 126 490 149 519
person 0.01664771 1164 -126 1174 -61
person 0.016614052 1104 806 1138 911
person 0.016605742 56 624 65 659
person 0.016599903 232 667 243 702
person 0.016597614 45 254 82 304
person 0.01657613 582 133 628 203
person 0.016569836 594 -108 617 -55
person 0.016520033 339 802 361 879
person 0.016516121 560 224 572 246
person 0.016511273 668 267 690 291
person 0.016510809 1089 715 1100 743
person 0.016504832 191 816 226 919
person 0.01643348 645 815 679 922
person 0.016431883 -1 252 5 287
person 0.016427645 954 134 970 155
person 0.016395172 337 282 358 306
person 0.016370522 454 -253 471 -231
person 0.016363498 477 -253 494 -231
person 0.016362568 1047 794 1069 849
person 0.016357774 251 -253 268 -231
person 0.016357243 274 -253 291 -231
person 0.016356414 364 -253 381 -231
person 0.016355472 296 -253 313 -231
person 0.01635521 229 -253 246 -231
person 0.016353915 342 -253 358 -231
person 0.01635159 319 -253 336 -231
person 0.016350549 181 803 200 831
person 0.016349804 432 -253 449 -231
person 0.01634945 387 -253 404 -231
person 0.016344596 545 -253 561 -231
person 0.016341308 522 -253 539 -231
person 0.016340833 499 -253 516 -231
person 0.016333982 409 -253 426 -231
person 0.016330857 206 -253 223 -231
person 0.016312689 153 -247 169 -192
person 0.016309613 552 -249 568 -194
person 0.016299855 95 200 123 231
person 0.016277384 319 183 337 204
person 0.016277345 452 158 490 206
person 0.016276194 567 -253 584 -231
person 0.01627614 971 803 993 879
person 0.016270775 -4 595 9 625
person 0.01625438 503 684 513 718
person 0.016249737 0 566 6 612
person 0.016228242 1159 283 1176 313
person 0.016223764 204 229 223 249
person 0.016211402 642 141 655 153
person 0.016210848 0 521 8 562
person 0.016204111 613 712 625 744
person 0.016201807 39 439 58 469
person 0.01619639 681 362 719 419
person 0.016156731 791 -253 806 -245
person 0.016141314 184 -253 201 -231
person 0.016133297 343 94 361 113
person 0.016103147 696 285 721 310
person 0.016077096 -1 417 5 449
person 0.01605367 347 593 366 623
person 0.016045716 384 803 403 830
person 0.016044557 590 -253 607 -231
person 0.016017787 0 183 11 229
person 0.01599961 1037 309 1060 331
person 0.015975326 573 142 585 155
person 0.01596581 144 789 169 861
person 0.0159304 1124 426 1146 451
person 0.015929779 45 -114 102 58
person 0.015929136 1042 839 1066 918
person 0.015924623 819 715 831 746
person 0.015922029 180 400 195 411
person 0.01592158 612 -253 629 -232
person 0.015920842 1062 -253 1078 -233
person 0.015817389 1166 302 1173 335
person 0.01577286 550 196 657 343
person 0.015751852 371 820 406 923
person 0.015741238 74 -241 86 -190
person 0.01572836 -5 740 15 879
person 0.015725518 201 421 221 432
person 0.015722087 847 192 861 214
person 0.015705794 460 -2 478 25
person 0.015687134 1154 25 1174 70
person 0.015656482 1161 633 1169 675
person 0.01563561 116 -242 129 -191
person 0.015628677 1023 -236 1032 -198
person 0.015624775 161 -253 178 -232
person 0.015612106 104 765 134 884
person 0.015611857 130 504 152 533
person 0.015608076 714 315 740 337
person 0.01556659 1165 80 1173 112
person 0.01555342 0 175 33 255
person 0.01552721 1161 422 1179 448
person 0.015526401 1114 154 1130 176
person 0.015523623 575 557 646 759
person 0.015514299 585 -161 607 -107
person 0.015507913 406 803 426 830
person 0.01549742 1165 709 1173 748
person 0.015487732 1003 -218 1018 -163
person 0.0154711045 -19 516 41 675
person 0.01547088 507 -249 523 -194
person 0.015462087 522 -99 591 67
person 0.015436585 545 -20 605 97
person 0.015373213 635 -253 652 -232
person 0.01533096 634 -164 656 -108
person 0.015325606 288 586 310 612
person 0.015305945 747 -253 764 -233
person 0.015305622 258 225 272 239
person 0.015267707 1111 674 1119 694
person 0.015251056 582 285 605 307
person 0.015245951 369 683 380 721
person 0.0152346855 1154 551 1178 630
person 0.015216449 1060 307 1081 333
person 0.015203429 462 818 496 921
person 0.015171856 730 148 768 197
person 0.015171078 824 573 849 601
person 0.015166747 552 410 629 499
person 0.015156339 -6 420 9 446
person 0.015152765 95 838 119 919
person 0.015142707 772 77 797 111
person 0.0151426 511 76 538 111
person 0.015116255 294 802 315 879
person 0.0150990905 956 199 972 219
person 0.015091342 116 337 136 363
person 0.015088656 125 200 171 269
person 0.015065361 505 321 547 374
person 0.01505789 58 641 67 675
person 0.015049355 286 560 306 586
person 0.015000947 793 14 810 37
person 0.0149879595 1087 839 1111 918
person 0.014987756 269 734 294 802
person 0.014952802 809 220 830 232
person 0.014916618 0 -200 6 -154
person 0.01491409 1164 280 1172 315
person 0.014902388 0 543 7 586
person 0.0148853455 395 202 410 214
person 0.014880647 279 323 321 375
person 0.014846581 550 686 560 719
person 0.014846155 758 324 788 350
person 0.014841637 138 -253 155 -232
person 0.01483905 1101 417 1138 480
person 0.014810656 777 449 880 605
person 0.014806275 246 651 259 671
person 0.014793584 1165 57 1173 91
person 0.01476412 840 -50 914 146
person 0.014726039 657 -253 674 -232
person 0.014724131 -3 -255 15 -179
person 0.014714 610 168 625 196
person 0.014705762 429 802 448 830
person 0.014704988 442 565 512 759
person 0.014690108 917 758 963 877
person 0.014686202 839 396 851 412
person 0.014662898 301 183 319 204
person 0.014646757 41 24 72 87
person 0.014622538 158 803 177 831
person 0.014604433 462 -249 478 -194
person 0.014602608 0 679 6 724
person 0.014586628 643 -111 666 -57
person 0.014585805 1061 -253 1076 -245
person 0.01458262 438 139 447 154
person 0.014582509 223 654 234 675
person 0.014567936 71 -253 88 -234
person 0.014549499 606 569 678 755
person 0.014494231 770 377 784 389
person 0.01447137 725 -253 742 -233
person 0.014444152 554 818 588 925
person 0.0144419875 239 218 250 231
person 0.014416531 494 262 516 286
person 0.014414716 314 586 334 611
person 0.014410835 45 46 68 86
person 0.014399562 -3 -30 39 106
person 0.01439626 1166 674 1173 689
person 0.014359696 916 81 941 114
person 0.014346204 911 170 926 196
person 0.014336282 0 29 6 65
person 0.014325116 726 -215 746 -157
person 0.014324333 948 -156 962 -113
person 0.014305697 651 173 666 199
person 0.01428752 1161 305 1177 333
person 0.0142823905 676 -165 697 -110
person 0.014268239 -6 33 10 61
person 0.014266986 -1 439 5 479
person 0.014258571 796 16 806 33
person 0.014257433 959 -217 973 -166
person 0.014247356 831 311 857 334
person 0.014216295 1154 -253 1177 -187
person 0.014212408 116 -253 133 -232
person 0.014212288 1000 710 1010 743
person 0.014208007 -1 658 5 701
person 0.014202731 726 712 738 745
person 0.014201434 1155 -215 1175 -142
person 0.014181016 1024 680 1033 699
person 0.014179063 1084 -253 1098 -245
person 0.014175524 887 16 896 34
person 0.014154336 809 410 850 466
person 0.014152912 1165 801 1174 886
person 0.014150105 0 659 9 747
person 0.014146468 120 737 134 793
person 0.014131147 818 689 829 718
person 0.01410879 844 -237 853 -198
person 0.014105301 1051 119 1078 151
person 0.014099681 945 364 964 378
person 0.014065042 594 209 701 341
person 0.014051434 1060 328 1082 351
person 0.014048884 940 -253 975 -175
person 0.014047074 671 282 694 305
person 0.014037206 1163 153 1178 178
person 0.014023499 1084 -253 1101 -234
person 0.014016234 451 802 471 830
person 0.014015495 702 -253 719 -232
person 0.013993024 1165 731 1173 771
person 0.013986775 103 292 135 324
person 0.013980627 522 137 540 157
person 0.013976086 591 712 602 744
person 0.013975159 345 660 360 694
person 0.0139735835 680 -253 697 -232
person 0.013971322 636 712 647 744
person 0.013967711 280 821 315 925
person 0.013963843 189 682 203 735
person 0.013961636 195 237 234 286
person 0.013954583 751 689 762 716
person 0.013951944 -10 638 28 789
person 0.013944186 1162 555 1177 584
person 0.013933524 1136 512 1146 527
person 0.01392846 963 84 989 117
person 0.013906617 737 751 785 879
person 0.013877025 729 688 739 717
person 0.013870789 939 358 967 380
person 0.013870059 769 -253 784 -245
person 0.013864045 -6 233 18 295
person 0.013862278 795 713 807 745
person 0.013845824 388 96 431 168
person 0.013845329 1167 151 1174 178
person 0.01384307 369 -104 390 -52
person 0.013813964 248 802 270 880
person 0.013763399 286 540 304 563
person 0.013744815 866 138 877 151
person 0.013744092 418 662 431 718
person 0.013735123 1084 -153 1105 -103
person 0.013698017 134 330 156 358
person 0.013686426 1165 -216 1173 -175
person 0.0136708245 275 685 286 721
person 0.013668619 1167 419 1174 451
person 0.013666197 173 251 191 272
person 0.013659205 317 -56 344 10
person 0.013658019 0 701 6 747
person 0.013654054 995 417 1036 473
person 0.013641461 349 338 392 390
person 0.013641442 1088 -115 1110 -65
person 0.013632552 541 -162 562 -109
person 0.013630712 1004 221 1068 309
person 0.013625744 0 142 10 202
person 0.0136125805 490 113 536 187
person 0.013604362 542 302 570 327
person 0.013566749 -4 618 9 650
person 0.013546975 801 218 814 240
person 0.013531193 794 399 807 411
person 0.013524301 24 569 38 603
person 0.013524112 439 220 455 237
person 0.013518763 -4 -239 9 -207
person 0.0134832105 685 335 799 492
person 0.01344942 260 665 270 698
person 0.013441906 561 745 603 883
person 0.013419887 457 113 476 133
person 0.013416977 1015 166 1027 178
person 0.013416831 732 120 743 133
person 0.013398324 1016 803 1037 880
person 0.013394147 1055 257 1130 406
person 0.013372412 976 134 992 158
person 0.013369192 856 307 881 330
person 0.013347961 648 748 691 880
person 0.013341965 1164 537 1172 553
person 0.013318284 703 710 715 744
person 0.013316393 866 -237 875 -199
person 0.013295082 117 -214 131 -154
person 0.013280796 238 397 260 420
person 0.01323859 909 16 918 33
person 0.013236323 417 -249 433 -194
person 0.013229033 474 802 493 830
person 0.013223604 810 592 877 689
person 0.013223072 974 15 992 39
person 0.013221285 203 802 225 880
person 0.013216657 1070 195 1086 210
person 0.013209061 156 517 176 543
person 0.013190484 749 713 761 745
person 0.013189305 250 245 356 405
person 0.01318346 1005 762 1053 878
person 0.01314632 477 615 491 688
person 0.013145689 823 233 836 257
person 0.01313804 435 317 475 370
person 0.013115623 7 363 31 408
person 0.013091679 1047 -208 1063 -151
person 0.013056909 980 446 1050 548
person 0.013013041 1156 776 1175 852
person 0.013004971 902 805 924 826
person 0.012984824 -3 324 18 352
person 0.012975192 672 -109 741 67
person 0.012967779 730 115 746 135
person 0.012962952 966 236 979 261
person 0.0129552195 199 332 226 356
person 0.01294459 0 724 6 770
person 0.012921087 0 418 9 486
person 0.01291229 824 756 870 878
person 0.012911256 192 -249 208 -193
person 0.012910115 496 7 536 91
person 0.012908456 0 -178 6 -132
person 0.012905224 1138 -241 1187 -133
person 0.012901137 1065 693 1080 724
person 0.012883762 637 132 684 204
person 0.012856036 924 805 946 825
person 0.012848171 771 -216 791 -156
person 0.01283541 250 179 269 201
person 0.012829371 149 361 183 418
person 0.012810084 555 282 579 305
person 0.0128 101 -35 151 102
person 0.012799947 874 81 899 114
person 0.012797187 26 553 39 588
person 0.012793109 880 805 901 826
person 0.012791867 250 -97 267 -68
person 0.012787135 823 80 848 114
person 0.012785584 947 805 969 825
person 0.012778309 970 805 992 826
person 0.012774471 1162 -22 1173 36
person 0.0127624795 407 282 428 307
person 0.012737708 250 616 272 646
person 0.01273371 281 381 361 466
person 0.012729286 161 -100 221 72
person 0.01272072 966 307 991 330
person 0.012713745 481 685 492 720
person 0.012676977 965 327 990 352
person 0.012666565 765 527 799 584
person 0.012661379 228 -97 244 -68
person 0.012660448 328 199 341 210
person 0.012656433 356 283 377 305
person 0.012647736 1001 116 1028 149
person 0.012631679 410 -161 425 -111
person 0.012603657 -2 527 11 557
person 0.012591172 658 710 670 744
person 0.012589352 1166 -194 1173 -152
person 0.012585981 399 396 473 481
person 0.012562848 565 483 632 595
person 0.0125564085 465 358 537 445
person 0.012549983 1167 840 1174 886
person 0.012542895 497 -164 517 -111
person 0.012533969 827 371 859 413
person 0.012521492 992 805 1014 827
person 0.012515303 865 713 876 748
person 0.012511284 1165 -171 1173 -130
person 0.012508964 686 57 713 91
person 0.012495623 901 330 922 354
person 0.0124779185 -4 -215 9 -184
person 0.012473519 586 304 610 326
person 0.012467325 341 -97 357 -68
person 0.0124554 911 698 919 722
person 0.012450691 1082 -244 1107 -181
person 0.012449718 36 338 68 376
person 0.012444783 11 291 73 385
person 0.012428384 144 684 157 737
person 0.012427114 273 -97 289 -68
person 0.012418738 454 -163 470 -112
person 0.0124161355 183 -97 200 -69
person 0.012415831 64 -121 86 -48
person 0.012401865 682 -217 701 -161
person 0.0123996455 217 560 239 581
person 0.012365987 624 120 692 221
person 0.012358605 1106 421 1128 446
person 0.012340825 747 -253 762 -245
person 0.01233484 160 -97 177 -68
person 0.012321282 978 709 988 742
person 0.012309664 267 227 279 247
person 0.0123092355 1105 805 1126 884
person 0.012303851 498 -83 550 45
person 0.012296638 974 358 997 379
person 0.012286127 1125 289 1146 315
person 0.012284142 66 801 86 881
person 0.012278467 205 -97 222 -69
person 0.012273258 -6 445 9 475
person 0.012267883 340 684 352 724
person 0.012249662 1001 -238 1010 -198
person 0.012238128 93 -253 110 -233
person 0.012228718 1043 219 1057 233
person 0.012217963 1167 571 1174 612
person 0.012217049 796 689 807 717
person 0.01220501 49 206 67 228
person 0.012176982 857 804 879 827
person 0.012176581 593 672 610 751
person 0.012175835 934 279 946 304
person 0.012174808 131 347 151 373
person 0.012170881 183 739 199 789
person 0.0121684335 1166 819 1174 861
person 0.012165631 864 679 873 694
person 0.012165 984 771 1062 935
person 0.012146873 496 801 516 830
person 0.012139356 -1 -194 14 -104
person 0.012130771 163 536 186 565
person 0.012097165 945 12 963 36
person 0.0120947035 851 35 869 60
person 0.012090819 -4 92 25 186
person 0.012072311 151 324 181 354
person 0.012048148 854 36 865 55
person 0.012031472 750 197 766 216
person 0.012029331 889 768 969 937
person 0.012020385 508 -106 530 -54
person 0.012016976 129 429 149 452
person 0.012011792 -4 487 10 519
person 0.01198723 472 748 513 884
person 0.011982944 549 640 564 730
person 0.011970219 1157 811 1174 898
person 0.011929683 0 746 6 792
person 0.011929127 1085 -47 1108 -1
person 0.011928976 324 678 339 735
person 0.011920401 249 265 260 290
person 0.011919014 608 221 619 245
person 0.011878733 218 573 242 598
person 0.011878492 1148 650 1178 752
person 0.011863564 1016 -90 1073 35
person 0.0118620265 637 244 747 395
person 0.011855014 772 713 784 745
person 0.011846682 182 378 200 390
person 0.011840668 372 -249 387 -194
person 0.011828583 459 115 488 149
person 0.011827107 499 781 515 810
person 0.011825847 452 733 468 789
person 0.011825412 686 -115 714 -49
person 0.011825076 449 191 518 277
person 0.011820287 0 702 9 791
person 0.011814396 318 -97 335 -68
person 0.011809903 701 247 717 260
person 0.011802027 0 858 6 908
person 0.01178235 628 287 656 314
person 0.011777277 1151 488 1168 504
person 0.01175398 851 194 865 213
person 0.011752113 279 188 378 343
person 0.011743792 458 7 477 34
person 0.011730104 659 633 669 672
person 0.0117278425 889 -238 898 -199
person 0.011726002 1161 398 1178 425
person 0.01172287 701 309 726 329
person 0.011720279 680 710 692 744
person 0.011711842 0 -155 6 -109
person 0.011711026 135 802 154 831
person 0.011708581 197 76 222 113
person 0.01170799 544 239 557 262
person 0.011689109 795 380 808 392
person 0.011686014 295 -97 312 -68
person 0.011676236 1125 220 1135 235
person 0.011652665 497 733 514 792
person 0.011640289 1044 693 1058 725
person 0.0116371615 982 374 992 387
person 0.011597504 556 116 575 136
person 0.011597499 1155 -170 1176 -98
person 0.011596274 370 242 382 264
person 0.011595273 0 114 10 169
person 0.011578187 476 781 493 811
person 0.011561691 370 674 383 705
person 0.011554561 880 270 894 294
person 0.011535069 229 740 244 786
person 0.011520392 1142 455 1168 511
person 0.011502651 426 281 448 305
person 0.011491297 345 192 447 341
person 0.011448827 747 303 775 330
person 0.0114455465 479 430 498 452
person 0.011441134 0 219 6 252
person 0.011424143 1132 153 1147 176
person 0.011400419 42 433 53 446
person 0.0113977 739 -56 768 7
person 0.011395905 454 782 470 811
person 0.011392902 74 739 87 801
person 0.0113700405 236 -249 252 -194
person 0.011359224 410 155 427 175
person 0.0113304285 797 112 813 135
person 0.011323433 285 -57 313 11
person 0.011317131 821 -237 831 -198
person 0.011317003 995 198 1014 216
person 0.011316624 748 678 757 693
person 0.011314122 71 -253 86 -245
person 0.011295469 526 377 648 532
person 0.011292588 1165 102 1173 132
person 0.011280056 725 -253 740 -245
person 0.011276734 162 296 182 320
person 0.011265718 719 219 731 242
person 0.011231283 839 671 850 703
person 0.011223672 639 678 647 692
person 0.011219084 1164 32 1172 68
person 0.011214102 874 463 992 614
person 0.011209952 1135 -163 1184 -41
person 0.011205713 200 443 219 455
person 0.011199924 74 518 166 693
person 0.011195204 50 817 67 849
person 0.011194503 144 -216 158 -161
person 0.01119417 816 579 843 608
person 0.011193326 366 -162 380 -114
person 0.011182063 417 -105 439 -53
person 0.011158758 363 -96 396 5
person 0.011142606 1166 -104 1174 -64
person 0.011127846 73 -210 86 -148
person 0.0111175245 156 310 169 334
person 0.011112662 1159 645 1169 661
person 0.011108481 635 758 650 790
person 0.011105851 956 707 966 742
person 0.011099574 0 38 10 100
person 0.011090267 271 421 294 444
person 0.011087579 19 531 32 565
person 0.011079374 431 782 447 811
person 0.011075476 658 758 672 790
person 0.0110695455 -13 -184 35 -17
person 0.011056039 1106 438 1133 464
person 0.011053469 520 800 539 831
person 0.011050759 844 138 856 152
person 0.01104482 613 758 627 789
person 0.011042621 1088 692 1103 723
person 0.011042189 911 -238 920 -199
person 0.011021775 206 200 225 220
person 0.011018397 99 80 161 193
person 0.011017498 227 285 249 310
person 0.011014766 327 -249 342 -194
person 0.011008342 0 -154 9 -64
person 0.010994283 43 456 62 490
person 0.010968538 680 758 695 789
person 0.010956497 408 782 425 811
person 0.010945151 1167 -81 1174 -42
person 0.010938333 590 758 605 790
person 0.010937884 289 736 337 844
person 0.010927742 113 90 154 170
person 0.010919185 1166 328 1173 362
person 0.010900162 189 159 217 191
person 0.010887554 281 -249 297 -194
person 0.010885357 760 577 788 601
person 0.010885258 522 781 538 811
person 0.010880285 238 183 248 197
person 0.010879049 78 523 92 556
person 0.0108755855 454 -253 469 -245
person 0.010872642 -13 85 35 206
person 0.010872416 476 -253 491 -245
person 0.010869002 544 -253 559 -245
person 0.010862836 431 -253 446 -245
person 0.010861309 521 -253 537 -245
person 0.010860434 499 -253 514 -245
person 0.010859578 364 -253 379 -245
person 0.010858103 341 -253 356 -245
person 0.010858015 251 -253 266 -245
person 0.010857744 273 -253 288 -245
person 0.0108572785 228 -253 243 -245
person 0.010857269 296 -253 311 -245
person 0.010856383 386 -253 401 -245
person 0.010855722 318 -253 334 -245
person 0.010850414 409 -253 424 -245
person 0.010849784 206 -253 221 -245
person 0.010845696 251 819 271 849
person 0.010834054 74 548 89 583
person 0.010827909 477 130 497 152
person 0.010826647 567 -253 582 -245
person 0.01080682 584 396 704 526
person 0.010801943 296 819 316 848
person 0.010801749 389 685 403 720
person 0.010792505 889 713 899 749
person 0.0107791 273 819 294 849
person 0.0107678035 220 440 248 459
person 0.0107596945 228 819 248 849
person 0.010746815 183 -253 198 -245
person 0.010746132 398 490 407 507
person 0.010742558 929 15 940 34
person 0.010739848 304 96 346 171
person 0.010728207 1045 -236 1055 -198
person 0.010723096 0 769 6 814
person 0.010719915 1102 347 1121 372
person 0.01071944 589 -253 604 -245
person 0.010716725 382 283 405 306
person 0.010713844 206 819 226 849
person 0.010704458 702 248 715 270
person 0.010704034 904 502 1006 683
person 0.010704003 0 -109 9 -18
person 0.010700045 755 113 822 217
person 0.010697598 463 -106 485 -53
person 0.010696811 353 -105 403 32
person 0.010691457 1160 332 1177 359
person 0.010687575 643 78 671 113
person 0.010686662 201 315 224 338
person 0.010675784 879 126 912 174
person 0.010666612 612 -253 627 -245
person 0.010658865 0 792 6 836
person 0.010656266 209 240 221 253
person 0.0106562255 341 818 361 848
person 0.010650326 1166 -149 1173 -108
person 0.010642841 567 758 582 789
person 0.010637691 834 331 854 380
person 0.010635899 187 513 282 693
person 0.010634941 703 757 717 790
person 0.0106345005 386 782 402 811
person 0.010633617 833 626 857 653
person 0.010633045 977 369 997 391
person 0.010631023 773 690 785 716
person 0.010621694 435 626 451 658
person 0.010614275 1166 394 1174 428
person 0.010604169 137 -98 154 -69
person 0.010601279 1015 193 1029 218
person 0.010594694 512 26 536 64
person 0.010588537 568 712 582 746
person 0.0105874585 233 78 259 115
person 0.010583128 542 738 564 795
person 0.010562552 318 818 339 848
person 0.010559528 345 565 364 590
person 0.010546364 702 -253 717 -245
person 0.010543632 1135 633 1183 768
person 0.010533528 93 -152 139 -14
person 0.010520739 722 -166 744 -109
person 0.010519144 641 -217 654 -163
person 0.010518638 319 325 363 376
person 0.010518624 888 719 896 742
person 0.010511197 449 -168 473 -98
person 0.010506908 441 338 557 510
person 0.010491338 159 802 180 880
person 0.010490467 24 865 40 900
person 0.01048969 -4 686 9 717
person 0.010476959 979 -238 987 -198
person 0.01047676 544 281 570 307
person 0.010475964 1163 824 1177 857
person 0.010472139 160 -253 176 -245
person 0.010466379 634 -253 649 -245
person 0.010459058 1004 -105 1087 71
person 0.010458491 787 309 814 330
person 0.010456669 829 197 930 346
person 0.010442228 725 757 740 790
person 0.010424106 1166 124 1174 152
person 0.01041673 434 683 448 718
person 0.010414942 85 770 157 948
person 0.010405452 816 757 830 787
person 0.01040085 245 606 267 631
person 0.010392992 836 803 856 829
person 0.010391883 459 131 477 153
person 0.010390359 793 756 808 789
person 0.010389903 354 603 371 633
person 0.010377623 0 -132 6 -87
person 0.010374597 850 333 878 354
person 0.0103725465 912 342 1021 497
person 0.01037219 914 -218 928 -167
person 0.010362854 191 739 243 850
person 0.010347803 1130 530 1148 555
person 0.010332862 791 242 804 266
person 0.010315197 772 347 795 370
person 0.01030958 0 186 7 222
person 0.01029948 239 209 250 223
person 0.010298105 363 818 384 848
person 0.010294679 136 461 160 492
person 0.010289263 67 -168 87 -92
person 0.010287098 1089 797 1142 930
person 0.01027698 363 782 380 811
person 0.010273178 0 104 7 140
person 0.010269015 183 819 203 849
person 0.0102628805 934 -239 943 -198
person 0.010262003 657 -253 672 -245
person 0.010256174 542 800 561 831
person 0.010255453 769 124 815 198
person 0.010255135 641 -22 730 149
person 0.01025451 180 -55 207 9
person 0.010246078 709 767 789 939
person 0.010244385 597 532 676 694
person 0.010241044 0 120 8 155
person 0.010239687 798 767 879 937
person 0.010229243 476 105 543 208
person 0.010224321 604 600 629 680
person 0.0102198925 0 272 94 427
person 0.010216796 612 95 713 251
person 0.010192771 -5 288 11 315
person 0.010183015 50 796 66 828
person 0.010170666 41 582 53 614
person 0.010164154 -3 123 12 152
person 0.010160863 402 490 411 508
person 0.010160763 1165 694 1172 712
person 0.010159933 1109 460 1136 485
person 0.010157037 1163 125 1177 152
person 0.010156356 0 -110 6 -65
person 0.010152057 748 756 763 790
person 0.0101447515 544 758 560 789
person 0.010139022 208 665 219 699
person 0.01013528 679 -253 694 -245
person 0.010134727 363 -98 380 -68
person 0.010132812 1164 9 1171 46
person 0.010128328 1151 61 1177 122
person 0.010120791 -4 798 10 829
person 0.010120786 653 -1 716 118
person 0.01010626 459 255 571 411
person 0.010105206 662 691 670 712
person 0.010090539 471 288 493 312
person 0.01005133 1151 633 1172 709
person 0.010048232 532 -141 584 -24
person 0.010046287 63 426 83 450
person 0.010039375 297 225 312 238
person 0.010038267 115 -173 135 -97
person 0.010032312 1161 535 1176 563
person 0.010032197 -5 312 14 339
person 0.010029674 459 684 469 719
person 0.010026943 767 221 782 238
person 0.010019793 956 -239 965 -198
person 0.010007797 386 818 406 848
