person 0.72262836 626 122 651 151
person 0.71299607 503 70 517 86
person 0.6879241 646 55 660 71
person 0.68461144 580 126 604 152
person 0.68144155 311 96 333 123
person 0.6490443 441 99 464 125
person 0.62623197 498 107 515 130
person 0.51220196 463 106 481 129
person 0.4355996 567 58 582 74
person 0.2799668 412 120 437 147
person 0.06843428 426 107 444 128
person 0.043284923 410 120 428 141
person 0.038928047 476 137 503 164
person 0.013293549 645 60 659 77
person 0.012059095 322 116 349 145
person 0.011086606 564 55 586 78
person 0.01076981 567 60 576 75
