person 0.75083494 313 93 326 110
person 0.7493499 489 129 512 158
person 0.7307377 585 112 606 138
person 0.7207406 673 59 686 75
person 0.71803254 419 140 443 170
person 0.7147724 257 116 272 133
person 0.71465 728 63 741 79
person 0.7144628 708 58 720 73
person 0.6935563 628 126 652 154
person 0.6897182 667 99 688 124
person 0.68541896 775 92 789 112
person 0.68491524 739 82 753 101
person 0.6838347 283 104 296 120
person 0.68271744 272 112 287 131
person 0.68243283 598 67 612 84
person 0.6801354 690 65 703 81
person 0.678289 335 126 355 151
person 0.6776205 727 139 752 169
person 0.67050034 343 100 358 118
person 0.6666839 620 61 633 76
person 0.66637677 515 62 528 78
person 0.6656767 334 86 346 102
person 0.65756595 748 105 768 130
person 0.65464246 495 74 509 92
person 0.65283966 722 100 738 120
person 0.6522516 595 53 607 67
person 0.6466797 644 53 656 69
person 0.6448925 440 84 455 104
person 0.64088154 756 71 769 87
person 0.6400549 625 95 645 119
person 0.63830346 464 83 484 107
person 0.6368572 564 82 578 101
person 0.63591075 539 109 560 134
person 0.63311136 424 62 436 77
person 0.629418 555 62 568 78
person 0.62919647 399 65 411 80
person 0.62835443 538 62 551 79
person 0.6264821 549 91 564 111
person 0.6254051 389 86 403 104
person 0.6239314 808 107 822 128
person 0.60370535 315 125 335 148
person 0.5996098 151 181 190 228
person 0.5972403 511 150 541 187
person 0.59662783 293 121 309 140
person 0.59535885 663 75 678 94
person 0.59068024 384 78 397 95
person 0.590055 816 119 834 145
person 0.58558893 488 55 501 70
person 0.5780223 600 86 614 105
person 0.57615614 372 107 387 128
person 0.57331294 699 80 713 97
person 0.57137364 628 75 643 93
person 0.5355199 418 87 432 105
person 0.53036237 409 106 428 128
person 0.50759286 574 94 589 115
person 0.47665036 781 74 793 91
person 0.45940295 354 88 367 104
person 0.44552583 214 120 228 137
person 0.4454539 632 93 650 116
person 0.436236 783 71 795 86
person 0.4293604 539 51 552 66
person 0.41032752 518 53 530 67
person 0.37586313 303 107 317 125
person 0.3557755 557 53 570 67
person 0.27616262 664 147 689 174
person 0.23891936 484 112 500 133
person 0.22779997 414 89 435 112
person 0.21119806 464 71 478 86
person 0.20486012 452 72 465 86
person 0.1823385 642 62 655 79
person 0.18209259 296 105 311 122
person 0.16055346 584 68 599 85
person 0.14837672 669 124 694 152
person 0.12249349 675 130 699 157
person 0.11723627 454 115 477 140
person 0.1172048 494 67 510 86
person 0.09723378 518 74 533 91
person 0.08978595 486 56 506 79
person 0.08735651 655 64 669 81
person 0.07498412 693 83 714 107
person 0.07240445 669 58 688 79
person 0.06833689 436 81 451 100
person 0.06720247 375 97 391 118
person 0.06161466 279 134 295 152
person 0.06042756 248 117 262 133
person 0.058671284 748 100 765 121
person 0.053981576 640 51 659 74
person 0.05280764 219 127 236 144
person 0.0483098 686 92 703 110
person 0.047385562 732 65 744 81
person 0.04400753 691 83 707 101
person 0.043212347 677 142 701 169
person 0.03507365 520 77 542 101
person 0.033987343 571 62 585 79
person 0.032166325 532 84 547 102
person 0.030993791 401 66 409 76
person 0.030297518 644 93 660 112
person 0.029729558 260 126 276 143
person 0.029596267 481 74 497 93
person 0.02843492 333 93 347 111
person 0.02728082 541 52 550 62
person 0.026449444 279 140 302 163
person 0.026441662 367 109 382 129
person 0.025779154 426 64 434 74
person 0.024730472 738 122 762 150
person 0.024667447 690 61 711 83
person 0.02343077 803 100 823 127
person 0.021386463 520 54 528 64
person 0.020276263 553 60 574 82
person 0.020026436 423 64 431 78
person 0.01902608 580 74 595 92
person 0.017929306 551 79 566 97
person 0.017167179 719 77 734 95
person 0.016617106 705 94 722 111
person 0.014771465 127 222 160 262
person 0.013353043 319 112 333 130
person 0.010928063 563 55 570 65
person 0.010733198 597 55 605 65
person 0.010623403 490 57 498 66
