person 0.7587607 495 143 521 176
person 0.7492318 793 162 819 195
person 0.74114215 372 103 388 125
person 0.73485565 510 93 526 114
person 0.734128 888 132 910 162
person 0.7275522 740 146 764 177
person 0.7271338 766 132 789 162
person 0.72433805 672 92 689 114
person 0.72180086 764 63 778 83
person 0.7201643 341 105 358 126
person 0.717111 905 222 939 268
person 0.71279895 792 71 807 92
person 0.7063486 544 145 573 181
person 0.70064116 604 175 633 209
person 0.69999176 736 54 749 73
person 0.69843584 310 109 327 131
person 0.6977046 698 159 725 194
person 0.69751734 747 196 781 240
person 0.69625556 938 147 960 178
person 0.6959232 809 78 824 99
person 0.69505674 409 131 433 160
person 0.6940236 741 72 756 93
person 0.6931208 674 46 687 65
person 0.6898871 820 207 854 251
person 0.6862364 852 180 879 215
person 0.6840513 928 178 954 213
person 0.6836385 695 135 719 164
person 0.68078154 551 97 568 118
person 0.67692554 591 86 607 107
person 0.67305815 353 116 370 138
person 0.6723294 647 57 660 75
person 0.66840345 418 87 433 106
person 0.66679054 820 123 842 151
person 0.66103673 698 55 712 76
person 0.6602277 640 120 663 148
person 0.6586189 716 78 731 99
person 0.6543676 594 56 608 73
person 0.65333325 446 85 462 106
person 0.6489551 683 63 697 83
person 0.64681876 949 110 964 134
person 0.6451697 478 72 492 91
person 0.64465797 828 78 843 98
person 0.6421338 424 73 439 90
person 0.638473 490 88 505 108
person 0.6324765 450 114 467 137
person 0.62905234 518 74 533 92
person 0.6265872 463 79 478 98
person 0.6246038 555 72 571 93
person 0.6144479 625 53 639 70
person 0.6135747 661 66 676 85
person 0.6086773 389 107 406 129
person 0.60780776 633 77 648 96
person 0.5968767 366 130 389 156
person 0.58313096 729 97 746 120
person 0.5759942 823 103 839 126
person 0.5735698 903 116 920 140
person 0.57224095 499 69 513 86
person 0.57009226 709 48 722 68
person 0.56225306 536 61 550 77
person 0.5505596 628 110 645 133
person 0.54465574 570 74 585 93
person 0.53618246 515 61 528 76
person 0.52149504 192 181 235 237
person 0.50287503 765 89 781 110
person 0.48300898 738 120 755 145
person 0.4246923 480 115 503 142
person 0.38751948 616 63 629 81
person 0.33390778 627 112 650 142
person 0.28178713 451 83 467 104
person 0.27331883 447 109 464 132
person 0.2544105 573 133 593 157
person 0.22627588 720 81 736 103
person 0.20601027 688 85 704 106
person 0.17974919 542 63 557 82
person 0.15652882 597 78 613 96
person 0.14361879 587 61 601 77
person 0.13362351 632 86 648 106
person 0.0807618 735 70 758 98
person 0.06334293 627 53 636 66
person 0.06282518 553 62 567 78
person 0.05723223 907 120 922 146
person 0.056854464 545 96 563 117
person 0.052627712 405 131 424 155
person 0.050339375 517 62 526 74
person 0.043377403 681 62 704 89
person 0.04118822 538 62 547 74
person 0.03403297 585 84 601 104
person 0.03355349 597 58 605 69
person 0.033478253 414 113 435 135
person 0.03257916 541 157 568 189
person 0.028657472 700 70 717 92
person 0.027905243 779 74 795 94
person 0.025333013 475 69 498 95
person 0.01902519 675 104 694 126
person 0.018835932 441 78 457 97
person 0.018293642 649 56 658 71
person 0.01803412 676 48 685 60
person 0.017733874 501 70 510 82
person 0.016184527 558 134 580 157
person 0.015525891 800 82 817 104
person 0.014529324 556 66 569 85
person 0.014404071 564 74 587 97
person 0.013893498 666 92 682 113
person 0.013603869 516 71 539 96
person 0.013472642 442 123 469 153
person 0.011828037 946 140 970 172
person 0.011727876 200 193 231 232
person 0.010628245 772 106 790 128
person 0.01001203 490 88 499 106
