person 0.7683246 718 134 739 163
person 0.7229083 789 122 809 152
person 0.7219953 596 165 626 206
person 0.71789986 769 146 790 178
person 0.66712415 267 108 286 137
person 0.66273123 817 158 840 192
person 0.6567738 654 106 675 132
person 0.65093243 560 97 580 125
person 0.650101 602 136 625 166
person 0.6423586 811 207 840 248
person 0.61489356 734 119 753 147
person 0.6127128 320 89 335 109
person 0.6050676 598 99 619 125
person 0.5958803 498 84 514 105
person 0.59357727 560 142 584 174
person 0.5895878 842 105 861 132
person 0.5685325 384 117 406 143
person 0.54290146 391 85 406 104
person 0.5319356 364 95 379 116
person 0.48659953 445 99 466 124
person 0.46792126 413 65 427 82
person 0.4396522 567 55 580 73
person 0.4177211 401 103 417 124
person 0.38415667 563 133 587 166
person 0.33320287 392 92 415 118
person 0.32692927 435 78 450 96
person 0.2924321 417 67 434 84
person 0.2361052 439 134 462 160
person 0.23604126 552 57 566 73
person 0.22776726 564 52 583 77
person 0.22631705 702 146 727 177
person 0.22041526 355 187 392 241
person 0.2185222 587 103 604 123
person 0.19710004 837 300 872 360
person 0.18548742 597 87 612 105
person 0.17424186 485 78 500 96
person 0.16163874 814 134 837 165
person 0.15583728 452 105 468 125
person 0.15468155 849 224 882 279
person 0.1495535 401 85 418 103
person 0.14176226 767 321 815 396
person 0.13666262 597 68 611 86
person 0.13603276 586 153 633 213
person 0.13435093 488 75 503 91
person 0.12721716 549 55 569 80
person 0.11482302 577 65 593 84
person 0.11334954 832 408 892 539
person 0.10825464 431 72 451 94
person 0.10404505 804 199 849 261
person 0.10289548 911 540 918 596
person 0.0945011 262 95 293 149
person 0.09170144 361 91 376 110
person 0.09089624 619 27 636 57
person 0.09083727 859 149 883 179
person 0.09025534 664 114 689 143
person 0.089988336 492 77 520 113
person 0.089103356 641 141 677 193
person 0.08823841 548 95 572 121
person 0.08769312 371 115 394 141
person 0.085516185 565 124 598 178
person 0.08152778 855 217 886 258
person 0.08070123 497 116 522 143
person 0.080089025 357 88 385 125
person 0.07975196 848 252 879 296
person 0.078797705 834 101 854 128
person 0.07722383 570 56 578 67
person 0.077221625 393 248 444 329
person 0.076760285 787 98 809 125
person 0.07534165 704 154 720 175
person 0.075262494 839 350 904 494
person 0.074121706 360 151 386 181
person 0.07356051 460 119 485 144
person 0.07279734 812 347 860 445
person 0.07275133 824 282 886 404
person 0.07250645 419 68 432 78
person 0.07090084 275 113 297 141
person 0.07014561 439 147 464 175
person 0.0698843 715 142 750 196
person 0.06960969 439 75 449 89
person 0.06942233 322 114 346 142
person 0.06910533 384 135 402 155
person 0.06900077 650 92 682 149
person 0.06755031 909 155 919 196
person 0.06657573 645 68 665 93
person 0.06647867 861 183 886 214
person 0.065933965 99 272 117 293
person 0.06514629 713 334 778 467
person 0.06514081 586 82 603 101
person 0.064474896 909 83 919 117
person 0.06365621 333 104 349 123
person 0.06346165 910 212 918 268
person 0.06337505 763 155 780 178
person 0.06309659 615 122 633 142
person 0.062406257 911 195 919 241
person 0.061996028 617 100 635 119
person 0.061821166 655 74 668 91
person 0.061547536 394 69 410 86
person 0.061516874 457 83 474 101
person 0.060918827 404 104 414 121
person 0.060281932 554 59 563 69
person 0.060146153 709 90 731 116
person 0.060033906 493 99 510 120
person 0.060025714 367 97 377 114
person 0.05950336 462 66 477 82
person 0.059469547 407 120 425 140
person 0.059401907 781 187 808 219
person 0.058849867 575 133 594 155
person 0.058730897 544 150 576 189
person 0.05800833 857 157 888 211
person 0.057820536 655 78 671 97
person 0.05767486 816 142 834 163
person 0.05735218 629 71 643 88
person 0.05686404 909 126 919 162
person 0.056408267 710 182 738 213
person 0.056217812 110 201 131 231
person 0.05607188 644 149 670 178
person 0.055887766 707 137 724 159
person 0.055639755 569 61 579 76
person 0.055230837 635 104 652 123
person 0.055217296 580 121 598 142
person 0.055178203 621 83 638 101
person 0.055002972 -4 -197 8 -176
person 0.05477705 910 577 918 625
person 0.054762162 909 -196 918 -154
person 0.054631613 424 100 441 119
person 0.054465063 553 103 570 124
person 0.054328594 314 82 341 120
person 0.0541189 719 148 737 169
person 0.054094505 552 61 562 77
person 0.05400332 508 84 524 103
person 0.053929076 415 67 425 77
person 0.053294722 433 78 444 94
person 0.052895743 680 155 705 183
person 0.05284795 450 103 460 120
person 0.052388813 276 107 290 127
person 0.05227668 910 508 917 567
person 0.0522253 388 90 419 127
person 0.05199247 623 68 639 86
person 0.051898006 41 417 75 533
person 0.051563516 638 214 676 266
person 0.051368657 751 190 778 221
person 0.05115843 706 307 743 363
person 0.05072286 717 118 748 176
person 0.050165247 147 323 210 473
person 0.0499841 837 112 853 134
person 0.049875654 596 118 615 139
person 0.04985208 902 158 920 191
person 0.04966792 537 183 570 222
person 0.04957101 117 261 135 283
person 0.049541343 664 109 679 127
person 0.04921697 785 221 817 261
person 0.049175113 784 109 814 169
person 0.04896226 715 222 753 276
person 0.048857644 474 69 496 92
person 0.048630077 564 122 584 143
person 0.048598066 488 79 497 94
person 0.048590593 886 60 896 93
person 0.048325114 569 183 601 222
person 0.04832109 0 -199 5 -175
person 0.048089664 847 109 856 127
person 0.04787991 -2 -189 16 -108
person 0.047695994 509 103 525 122
person 0.047583465 112 -69 134 11
person 0.047163676 336 163 411 267
person 0.047089394 910 251 918 311
person 0.04705773 -3 -196 7 -190
person 0.04689392 445 96 476 133
person 0.046822544 742 98 763 124
person 0.045858555 819 157 837 179
person 0.04538334 495 72 528 126
person 0.04530851 118 269 138 292
person 0.04517837 901 195 923 242
person 0.044973765 614 140 632 161
person 0.044714272 758 303 827 413
person 0.044008266 616 53 632 71
person 0.043654446 774 139 791 161
person 0.04332735 637 185 669 224
person 0.043156285 403 136 421 155
person 0.04281051 33 241 46 266
person 0.042738855 530 143 569 195
person 0.042629056 869 134 885 156
person 0.042193994 -1 118 4 142
person 0.042121507 899 220 920 271
person 0.04208467 222 119 243 147
person 0.04207381 474 103 491 122
person 0.041908786 423 56 438 72
person 0.041142166 503 151 530 179
person 0.040853787 560 47 587 86
person 0.040691223 438 81 448 91
person 0.040627863 318 51 338 76
person 0.040600836 377 99 412 150
person 0.040382832 673 92 696 118
person 0.040321223 539 122 565 150
person 0.040157698 272 108 282 125
person 0.03966199 414 56 428 72
person 0.039375845 909 277 918 346
person 0.039086968 573 139 644 249
person 0.038863864 613 150 632 171
person 0.03884577 352 116 368 136
person 0.038791746 433 145 471 196
person 0.038735706 76 186 98 218
person 0.038626987 440 119 458 139
person 0.03853741 724 167 741 186
person 0.038286474 298 95 319 121
person 0.03820907 909 -197 918 -190
person 0.03816329 740 105 756 124
person 0.03807232 419 121 437 139
person 0.037966847 530 66 546 83
person 0.037880078 748 218 780 258
person 0.03773429 759 136 775 158
person 0.037712578 435 107 470 158
person 0.03768632 646 13 664 46
person 0.03736712 128 313 146 334
person 0.037268933 632 87 650 104
person 0.037222728 562 83 580 103
person 0.03714867 739 124 748 142
person 0.03709988 908 -197 921 -178
person 0.03701053 305 84 320 101
person 0.036946476 911 608 919 662
person 0.03665025 758 123 774 144
person 0.036606696 334 90 349 107
person 0.036519654 600 53 615 70
person 0.036502637 552 235 606 306
person 0.0364321 -2 -126 13 -29
person 0.036296017 781 255 812 298
person 0.036257952 361 187 385 222
person 0.036161926 306 101 322 120
person 0.03611967 195 87 208 105
person 0.036003698 243 333 290 423
person 0.035980806 739 152 757 172
person 0.035972793 408 261 445 319
person 0.035525654 899 258 919 311
person 0.035499837 901 -179 923 -110
person 0.035492428 456 121 473 140
person 0.035405073 685 18 703 51
person 0.035261378 779 120 797 142
person 0.035253838 449 148 474 176
person 0.035252143 358 56 380 81
person 0.03514788 851 -184 863 -149
person 0.03505566 0 -201 7 -156
person 0.035027243 574 18 593 49
person 0.034830622 910 -164 918 -115
person 0.034774423 -4 487 23 623
person 0.03471834 706 118 723 139
person 0.03471249 759 171 775 190
person 0.034692124 227 423 248 443
person 0.0346879 98 238 145 317
person 0.034666535 250 243 300 320
person 0.034627613 109 283 135 328
person 0.034521196 473 49 489 65
person 0.03451051 321 96 331 112
person 0.03405535 192 84 212 109
person 0.033937283 549 313 598 390
person 0.033777818 913 85 919 108
person 0.033638205 815 13 825 28
person 0.033591457 231 319 298 460
person 0.033581924 97 217 121 262
person 0.03350245 842 -79 876 43
person 0.033445165 547 78 564 99
person 0.033337507 794 153 812 174
person 0.033229873 827 139 845 160
person 0.03303681 325 535 335 575
person 0.032946795 494 119 511 138
person 0.032821227 831 12 844 30
person 0.03271086 687 138 704 158
person 0.032698177 38 -197 52 -183
person 0.032642636 848 12 861 30
person 0.032637134 487 74 496 89
person 0.032266587 800 376 865 531
person 0.03216564 826 42 845 70
person 0.03210613 390 122 400 140
person 0.031994347 688 60 708 86
person 0.031977966 22 -197 33 -191
person 0.031952713 38 223 51 246
person 0.03187902 632 119 650 139
person 0.031762194 820 -186 832 -146
person 0.031723533 790 23 808 59
person 0.03161213 887 78 900 98
person 0.03156521 712 619 733 673
person 0.03155214 207 174 227 202
person 0.03147289 820 28 838 63
person 0.031439204 650 324 715 463
person 0.03127399 143 248 196 319
person 0.031202687 407 55 434 93
person 0.03088914 21 -197 35 -183
person 0.030831823 865 116 881 137
person 0.030739147 565 101 575 119
person 0.030700631 862 43 881 71
person 0.030634878 252 120 267 142
person 0.030547231 586 53 601 69
person 0.030544199 685 122 701 142
person 0.030484008 112 251 138 297
person 0.030385848 334 116 351 136
person 0.030379659 323 91 333 101
person 0.030378299 -4 119 7 140
person 0.030277533 661 342 707 432
person 0.030269478 159 242 178 264
person 0.030197356 226 430 247 450
person 0.030192073 511 69 526 85
person 0.0300984 603 167 618 202
person 0.030096827 659 110 669 127
person 0.030016795 547 119 564 138
person 0.029945659 253 536 265 580
person 0.029884735 111 254 128 275
person 0.029798776 525 104 542 122
person 0.029793652 439 37 453 52
person 0.029792784 605 217 638 258
person 0.029775001 509 119 526 138
person 0.029615771 535 20 548 35
person 0.029594015 604 103 614 120
person 0.029549168 634 135 652 156
person 0.029440526 420 138 438 156
person 0.029362826 134 315 151 335
person 0.029359525 913 204 918 230
person 0.029324451 319 37 331 53
person 0.029315501 423 28 439 46
person 0.029310005 913 98 919 121
person 0.029306453 679 190 706 221
person 0.02913694 721 21 738 55
person 0.029131372 27 243 56 311
person 0.0290571 467 56 481 71
person 0.028985016 868 11 880 30
person 0.028981274 706 70 721 86
person 0.028896313 792 -190 805 -146
person 0.028850738 913 65 919 88
person 0.028797086 650 131 668 152
person 0.028720401 370 135 387 153
person 0.028689055 437 30 457 54
person 0.028609164 35 251 49 276
person 0.028404605 590 104 600 120
person 0.028396836 282 136 297 157
person 0.028368916 910 87 922 107
person 0.028349582 162 270 184 294
person 0.028297497 797 -87 833 46
person 0.028288504 748 21 765 55
person 0.02823661 116 290 135 313
person 0.028209625 31 234 51 285
person 0.028202869 0 303 4 336
person 0.028173981 123 320 149 366
person 0.028156785 393 85 404 97
person 0.02804096 48 614 65 672
person 0.028023334 73 428 87 453
person 0.027726503 398 158 423 187
person 0.027600752 190 335 209 353
person 0.027517578 280 20 292 35
person 0.02751289 743 -196 754 -190
person 0.02750843 677 619 698 673
person 0.027500248 726 -196 736 -190
person 0.02749228 867 105 882 124
person 0.02748458 20 254 81 395
person 0.027460814 711 52 731 80
person 0.027299363 473 121 490 139
person 0.027232723 254 103 268 122
person 0.027208481 761 -196 772 -190
person 0.02719124 297 118 313 138
person 0.027190363 217 90 238 116
person 0.02714974 794 13 805 29
person 0.027126439 910 100 922 120
person 0.027121287 748 619 768 673
person 0.027017308 670 135 686 156
person 0.026952194 38 -197 50 -191
person 0.026938703 882 -197 893 -191
person 0.026733756 565 218 598 259
person 0.026704729 0 244 6 307
person 0.026591977 590 61 618 100
person 0.026445854 790 188 858 297
person 0.026437137 843 90 871 152
person 0.026370421 528 82 545 101
person 0.026204651 790 635 817 710
person 0.026171304 190 343 209 360
person 0.02615699 708 -196 719 -190
person 0.026138067 854 26 872 63
person 0.025946956 850 13 859 26
person 0.0258867 40 412 53 437
person 0.02583693 213 180 232 209
person 0.025657736 465 530 475 580
person 0.025598483 779 -196 789 -190
person 0.025555534 833 13 841 26
person 0.025487619 154 205 176 234
person 0.025452614 179 77 211 133
person 0.025448 849 603 873 681
person 0.02534474 845 131 862 152
person 0.025196731 690 476 705 496
person 0.0251767 897 288 919 342
person 0.025147775 726 -197 738 -178
person 0.025089996 708 -197 721 -178
person 0.025019996 913 187 918 213
person 0.024951737 672 221 704 264
person 0.02486601 367 92 377 108
person 0.024697792 366 155 384 174
person 0.024648191 744 -197 756 -177
person 0.024565099 262 134 279 156
person 0.024352295 223 397 240 419
person 0.024345657 687 285 761 416
person 0.024326283 745 14 758 30
person 0.024323981 297 53 318 79
person 0.0243057 774 173 792 193
person 0.024253793 361 536 370 575
person 0.024220917 690 -197 703 -179
person 0.024207892 261 184 336 319
person 0.02420614 762 -197 773 -177
person 0.02419763 691 68 706 85
person 0.024153903 487 231 543 303
person 0.02407195 273 205 326 283
person 0.024051186 147 -70 171 11
person 0.024032043 818 209 832 246
person 0.023944717 500 526 512 586
person 0.023884948 100 236 120 260
person 0.023878874 156 305 184 348
person 0.023848811 690 -197 701 -190
person 0.02383971 161 263 181 285
person 0.023781274 808 121 824 142
person 0.023729444 0 -188 7 -122
person 0.02371426 539 17 558 45
person 0.023624323 599 69 609 80
person 0.023613835 881 -197 895 -183
person 0.023612183 691 81 707 99
person 0.023563994 704 103 720 123
person 0.023485903 884 316 893 375
person 0.023390044 289 537 300 574
person 0.023379212 256 329 316 462
person 0.023364155 704 81 719 97
person 0.023336086 36 311 48 337
person 0.023284798 600 88 610 98
person 0.023271462 794 172 812 192
person 0.023200346 284 83 298 100
person 0.023152635 913 116 919 141
person 0.023135973 854 619 870 663
person 0.023129214 747 15 755 27
person 0.023062272 444 54 459 70
person 0.023053616 0 134 4 160
person 0.023052786 491 78 501 86
person 0.02303818 779 -197 791 -178
person 0.022926146 605 36 619 54
person 0.022918947 673 -197 685 -180
person 0.02291302 909 118 922 139
person 0.022895707 749 -193 763 -148
person 0.022866614 809 254 841 296
person 0.0228625 913 48 918 71
person 0.022840252 207 309 223 330
person 0.022819826 529 57 544 72
person 0.022562748 256 60 276 85
person 0.02248698 545 50 573 89
person 0.02247319 326 501 334 527
person 0.022455279 621 13 634 30
person 0.022409953 170 365 192 381
person 0.022382328 796 -197 807 -190
person 0.02222936 633 303 685 377
person 0.022212043 144 121 165 146
person 0.022210041 66 438 119 599
person 0.022182329 334 485 346 511
person 0.022164108 0 96 4 122
person 0.022024196 183 0 209 67
person 0.022012161 487 287 536 366
person 0.021998879 116 281 183 420
person 0.02199402 316 113 333 133
person 0.021986017 728 82 743 99
person 0.02190789 500 82 511 97
person 0.021867448 739 82 754 99
person 0.021827651 456 106 465 122
person 0.02182762 913 220 918 246
person 0.021793108 665 466 705 568
person 0.021778753 111 292 129 316
person 0.021755848 170 314 189 333
person 0.02174555 576 -185 599 -113
person 0.021723943 579 67 591 77
person 0.021718614 783 619 803 673
person 0.021702692 158 311 180 333
person 0.021699807 318 162 356 219
person 0.021695571 642 620 662 673
person 0.021639578 909 207 922 228
person 0.02160003 456 139 474 157
person 0.021564588 499 184 533 224
person 0.021543777 581 152 602 172
person 0.021536596 866 -197 880 -183
person 0.021519389 642 84 687 166
person 0.02147256 283 21 289 33
person 0.02145993 831 201 897 330
person 0.02142683 236 540 244 564
person 0.021423671 724 138 734 157
person 0.02140107 913 503 918 532
person 0.021379724 745 658 764 719
person 0.021370025 158 259 186 302
person 0.021364741 188 123 208 148
person 0.021325333 835 540 844 563
person 0.02130729 431 534 440 577
person 0.021300433 784 45 804 73
person 0.021300063 396 539 406 577
person 0.021253828 236 224 311 346
person 0.021230888 655 -197 668 -180
person 0.021222621 642 -190 665 -118
person 0.021200929 780 658 799 719
person 0.021172786 796 -197 809 -179
person 0.021141615 676 -192 690 -148
person 0.021133043 152 -188 177 -119
person 0.02112112 866 -197 878 -191
person 0.021092942 87 628 111 719
person 0.021056594 477 261 544 407
person 0.020999007 396 38 409 54
person 0.020958379 781 14 790 27
person 0.020867132 747 48 768 76
person 0.020809006 672 -197 684 -190
person 0.020805689 34 399 45 425
person 0.020800788 819 621 837 665
person 0.020753471 776 99 792 119
person 0.020753251 618 55 629 67
person 0.020740585 394 619 414 675
person 0.020713065 84 217 156 346
person 0.020696165 0 251 4 285
person 0.020640273 0 321 4 356
person 0.020622121 710 658 729 719
person 0.020563839 364 99 374 111
person 0.020562056 852 589 865 623
person 0.020469602 493 117 527 154
person 0.02044696 145 351 176 396
person 0.020445403 725 68 739 83
person 0.020416407 643 222 669 253
person 0.020414757 612 -190 626 -147
person 0.020406181 5 191 16 226
person 0.020390391 776 98 820 183
person 0.02037889 760 14 768 27
person 0.020336827 394 55 408 72
person 0.020289043 669 83 685 101
person 0.020268751 371 70 386 87
person 0.02024366 865 383 898 459
person 0.020097677 319 444 333 464
person 0.02006176 208 276 223 296
person 0.020050185 178 296 197 315
person 0.020024765 497 55 511 71
person 0.01999333 387 151 405 168
person 0.019990386 482 62 511 99
person 0.019958071 645 -192 659 -147
person 0.019927522 -1 364 17 464
person 0.019926429 509 430 524 456
person 0.019897686 716 641 744 720
person 0.01988661 710 217 743 257
person 0.01988616 269 86 283 104
person 0.019884948 910 696 916 735
person 0.019845016 519 540 527 564
person 0.019823425 385 240 447 372
person 0.019814448 310 520 317 547
person 0.019808866 830 95 858 135
person 0.01980482 536 618 555 675
person 0.019804737 0 236 4 266
person 0.019796992 865 185 884 205
person 0.019788267 870 13 878 26
person 0.019782579 252 -150 274 -72
person 0.019765822 -3 575 11 694
person 0.019682016 913 152 919 177
person 0.019657824 900 123 923 167
person 0.019639919 637 -197 650 -181
person 0.019633304 132 319 163 364
person 0.019628877 692 101 708 120
person 0.01962624 89 -181 114 -112
person 0.019624442 537 22 544 33
person 0.019612335 0 85 5 111
person 0.019597283 29 272 70 371
person 0.01948619 359 619 379 675
person 0.019474123 545 135 563 154
person 0.019420197 455 120 489 157
person 0.019393237 674 657 693 719
person 0.019385789 777 86 792 105
person 0.019379057 294 -154 317 -78
person 0.019375853 503 -186 527 -115
person 0.019323578 127 226 209 343
person 0.019322334 851 440 885 522
person 0.019298702 0 311 6 381
person 0.019229788 169 324 194 345
person 0.019203309 150 587 182 695
person 0.019199505 731 369 766 440
person 0.019173805 218 394 247 437
person 0.01915855 465 618 485 675
person 0.019141566 744 256 777 299
person 0.01907557 141 -118 163 -33
person 0.019065965 909 190 922 211
person 0.019060062 539 293 607 413
person 0.019050093 510 136 528 155
person 0.019008832 878 53 900 98
person 0.018991504 228 -185 253 -116
person 0.018980304 687 156 704 174
person 0.018945208 51 -92 68 -36
person 0.018943964 813 -197 826 -180
person 0.018931149 909 155 922 175
person 0.018868608 9 221 76 346
person 0.018855788 -9 347 34 488
person 0.01884501 418 244 490 383
person 0.018808668 595 -90 632 35
person 0.01880851 910 138 922 159
person 0.018798169 48 429 63 453
person 0.01879508 728 99 744 119
person 0.018751636 575 -190 588 -147
person 0.01871213 430 619 449 675
person 0.018631987 247 134 263 155
person 0.018588541 542 16 555 32
person 0.018530825 501 618 520 675
person 0.01852654 93 190 129 243
person 0.018479897 639 657 658 719
person 0.018447192 874 321 896 372
person 0.01842619 308 491 314 504
person 0.018407173 813 -197 824 -190
person 0.018388763 126 308 175 395
person 0.018331341 264 324 279 347
person 0.018317716 152 636 178 722
person 0.018287327 906 458 914 532
person 0.018264638 -3 307 7 331
person 0.018249087 0 163 8 198
person 0.01823841 136 280 154 299
person 0.018226266 103 -2 129 67
person 0.018221809 366 492 377 551
person 0.018205343 652 582 685 694
person 0.018205259 -4 136 7 158
person 0.01817391 654 -197 666 -191
person 0.018160515 739 67 754 83
person 0.018160472 852 -154 863 -116
person 0.018155405 623 14 631 27
person 0.018148895 912 31 918 55
person 0.018122904 322 39 328 51
person 0.01810275 864 632 891 711
person 0.018088182 -3 256 7 280
person 0.018073926 410 412 422 437
person 0.018062927 -7 -134 19 -18
person 0.018044496 0 623 11 695
person 0.018009774 833 532 840 545
person 0.018001486 453 152 469 170
person 0.017996434 864 203 882 222
person 0.017972723 560 174 578 192
person 0.01795468 393 98 405 116
person 0.017952494 709 72 718 82
person 0.017923882 704 582 721 621
person 0.017914383 913 171 919 196
person 0.017907422 651 156 670 174
person 0.01787045 0 121 8 157
person 0.0178638 714 -88 750 49
person 0.017854424 435 -183 460 -114
person 0.017826367 323 619 344 675
person 0.017816052 144 157 167 183
person 0.017804231 108 367 131 417
person 0.01778907 76 590 106 698
person 0.017783197 910 66 922 86
person 0.017775944 144 97 164 122
person 0.017769417 679 425 743 539
person 0.017753411 288 619 308 675
person 0.017746536 712 -193 725 -147
person 0.017745955 0 -173 4 -137
person 0.017736282 740 171 757 189
person 0.017733965 913 136 919 161
person 0.017707122 585 13 598 30
person 0.01770664 139 -80 176 31
person 0.017702801 675 546 683 561
person 0.017688338 703 166 720 185
person 0.017679483 104 -80 138 30
person 0.017677404 602 55 613 66
person 0.01765962 0 -190 4 -156
person 0.017653458 316 32 334 58
person 0.017592452 571 618 591 675
person 0.017572446 17 367 28 392
person 0.017557051 -4 239 7 263
person 0.017552076 604 657 623 719
person 0.017549904 48 288 61 311
person 0.017549533 544 94 576 132
person 0.01754632 458 -151 482 -76
person 0.017543377 537 539 544 564
person 0.017494716 726 14 735 27
person 0.017465718 492 133 510 152
person 0.017434683 309 509 317 532
person 0.01741327 111 121 132 146
person 0.017341016 632 72 641 83
person 0.017296197 641 533 653 581
person 0.017290855 886 116 902 135
person 0.017287154 145 658 164 719
person 0.01727466 -1 122 4 135
person 0.017270377 913 522 918 552
person 0.017267292 306 -182 331 -113
person 0.01725752 724 13 738 29
person 0.017257012 816 658 835 719
person 0.017253632 183 619 203 674
person 0.017242689 673 577 686 619
person 0.017240757 619 -197 633 -181
person 0.017199876 883 354 892 420
person 0.017173463 500 540 510 565
person 0.017157618 146 103 158 121
person 0.0171556 265 394 318 536
person 0.017143311 83 -110 106 -29
person 0.017094906 606 619 627 674
person 0.017091703 762 84 778 102
person 0.017088803 218 619 238 674
person 0.017027661 553 266 582 312
person 0.01701437 735 123 744 141
person 0.01698383 0 397 6 498
person 0.016976656 634 157 651 174
person 0.016954035 818 539 826 565
person 0.01693848 406 630 421 651
person 0.01693459 424 630 439 651
person 0.016928438 219 61 239 87
person 0.01692482 498 21 512 36
person 0.016899189 382 -153 406 -78
person 0.016893651 355 73 370 90
person 0.016886082 860 432 887 449
person 0.016878327 496 577 508 619
person 0.016833814 388 630 403 651
person 0.01683098 253 619 273 674
person 0.016825505 0 691 7 732
person 0.016783208 180 657 199 719
person 0.016782098 110 658 128 719
person 0.016775806 568 657 587 719
person 0.016772825 368 175 387 193
person 0.016747665 545 326 601 471
person 0.016739734 880 30 894 50
person 0.016738676 913 673 918 711
person 0.016732844 305 16 318 33
person 0.01672399 760 101 776 121
person 0.016691856 426 65 456 100
person 0.016685916 371 630 386 651
person 0.016683921 0 23 4 54
person 0.016668698 441 630 456 651
person 0.016648592 914 435 919 460
person 0.0166389 569 37 582 54
person 0.016627604 535 28 549 45
person 0.016623512 526 139 543 157
person 0.016592858 359 19 371 35
person 0.016579613 0 587 7 656
person 0.016557664 828 188 848 206
person 0.016557463 80 158 103 185
person 0.01655716 851 532 858 544
person 0.016549956 386 190 418 233
person 0.01651774 862 220 880 239
person 0.016510924 -1 244 12 312
person 0.016491577 215 657 234 719
person 0.016454928 39 657 58 720
person 0.016444983 41 428 57 454
person 0.016400103 353 630 368 651
person 0.016394326 618 629 633 651
person 0.016385831 426 -197 439 -180
person 0.016369238 496 28 511 44
person 0.016363582 355 -197 369 -180
person 0.016359253 250 -197 263 -180
person 0.016358878 232 -197 245 -180
person 0.016358225 338 -197 351 -180
person 0.01635771 214 -197 227 -180
person 0.01635693 408 -197 422 -180
person 0.016356753 671 154 688 173
person 0.016356323 526 121 543 139
person 0.01635607 179 -197 192 -180
person 0.016355915 267 -197 280 -180
person 0.016355265 197 -197 210 -180
person 0.016353784 285 -197 298 -180
person 0.016353356 373 -197 386 -180
person 0.01635245 302 -197 316 -180
person 0.016351383 320 -197 333 -180
person 0.016347626 596 170 622 191
person 0.016347036 641 60 669 99
person 0.016339093 161 -197 174 -180
person 0.01633619 600 630 615 651
person 0.016326621 391 -197 404 -180
person 0.01631933 444 -197 457 -180
person 0.016296966 0 43 8 88
person 0.01628451 795 629 812 689
person 0.016278835 180 343 200 361
person 0.016266964 251 657 269 719
person 0.0162523 459 630 474 651
person 0.016244853 160 298 179 317
person 0.016244052 429 -130 439 -91
person 0.01621792 533 657 552 719
person 0.016175844 336 630 350 651
person 0.016166845 909 223 922 243
person 0.016165162 144 -197 157 -180
person 0.01614657 326 490 336 539
person 0.016146122 340 354 352 374
person 0.016144797 636 629 651 651
person 0.016129725 461 -197 475 -180
person 0.016119344 103 273 113 291
person 0.016117584 461 578 473 621
person 0.016106766 851 658 869 719
person 0.016104091 479 -197 492 -180
person 0.016088769 542 -192 555 -148
person 0.016080331 286 657 305 719
person 0.01604851 26 394 36 420
person 0.016043149 60 442 100 551
person 0.016014662 318 629 333 651
person 0.016012881 352 138 369 157
person 0.016008945 539 208 620 332
person 0.015992202 80 616 98 674
person 0.015985744 662 -94 698 45
person 0.015979368 0 516 4 551
person 0.015969422 501 481 514 563
person 0.01596026 220 641 247 722
person 0.015955536 0 511 6 595
person 0.015949218 630 54 644 71
person 0.015942318 583 629 597 651
person 0.015929546 831 -197 844 -181
person 0.015920304 33 272 51 300
person 0.015907109 321 657 340 719
person 0.015899824 498 657 517 719
person 0.015895296 300 629 315 651
person 0.015880497 271 363 297 413
person 0.015879797 322 72 336 90
person 0.015878672 914 468 919 494
person 0.015878476 786 -169 798 -124
person 0.015854614 425 58 436 68
person 0.01584746 814 35 828 53
person 0.015845934 852 541 861 561
person 0.01580629 0 286 4 321
person 0.015804412 357 657 375 719
person 0.015798561 241 436 262 455
person 0.015792297 283 629 297 651
person 0.015780058 867 33 882 51
person 0.015769811 497 -197 510 -180
person 0.015764417 548 -75 561 -53
person 0.01576259 463 657 481 719
person 0.015760586 909 174 922 194
person 0.015732221 637 -197 648 -191
person 0.0157256 427 657 446 720
person 0.015719306 477 629 492 651
person 0.015716052 392 657 411 720
person 0.015687922 265 629 280 651
person 0.015677387 855 451 888 466
person 0.015677344 372 -181 397 -113
person 0.015673548 760 629 777 689
person 0.0156637 126 -197 139 -180
person 0.015653962 901 81 923 125
person 0.01564586 434 266 482 347
person 0.015607154 218 540 227 564
person 0.015606011 881 49 896 68
person 0.01560125 910 -131 918 -78
person 0.015571599 247 629 262 651
person 0.015567885 58 -188 67 -147
person 0.015565633 228 510 243 524
person 0.0155302 649 469 665 491
person 0.015509829 427 22 441 37
person 0.015503656 617 277 696 418
person 0.015468942 822 299 854 344
person 0.015462006 602 -197 616 -181
person 0.015438114 565 629 580 651
person 0.0154372165 230 629 245 651
person 0.015426471 635 64 699 198
person 0.015419332 801 -184 808 -154
person 0.01541774 566 -76 579 -54
person 0.01540972 252 538 261 563
person 0.01539909 251 350 269 372
person 0.0153977815 312 17 326 33
person 0.01539651 884 -118 906 -27
person 0.01539259 0 533 5 568
person 0.015388199 466 490 476 565
person 0.015383987 72 451 91 476
person 0.015371742 395 31 416 57
person 0.015369873 79 125 100 150
person 0.015361086 533 215 568 257
person 0.015360134 307 18 315 30
person 0.015348613 -3 87 8 108
person 0.01534228 212 629 227 651
person 0.015324029 277 250 353 398
person 0.015314384 463 67 475 77
person 0.015293753 405 154 423 171
person 0.015285382 110 162 132 189
person 0.015281786 653 629 668 651
person 0.015279283 514 -197 528 -180
person 0.01525551 709 13 718 26
person 0.015229257 914 485 918 512
person 0.015224896 601 13 614 30
person 0.015208769 494 629 509 651
person 0.015200788 476 52 487 61
person 0.015190192 831 35 846 53
person 0.0151836015 622 35 633 52
person 0.015182553 0 -151 11 -81
person 0.015181234 194 629 209 651
person 0.015167958 657 76 666 86
person 0.015153654 0 465 5 568
person 0.015148972 464 -130 474 -91
person 0.015121849 865 630 882 691
person 0.015118726 809 102 824 121
person 0.015114103 356 156 373 177
person 0.015109575 911 627 918 693
person 0.015107978 643 643 671 725
person 0.01508286 120 -192 132 -149
person 0.015025541 719 -43 770 122
person 0.015016821 177 629 191 651
person 0.01500249 -3 326 7 351
person 0.015000418 363 91 373 107
person 0.014997395 318 149 343 179
person 0.014992501 547 629 562 651
person 0.014978325 0 -80 7 -19
person 0.014975392 636 13 649 30
person 0.014958766 300 43 315 64
person 0.014953077 903 -197 921 -145
person 0.014950779 0 -156 4 -119
person 0.014949128 75 657 93 720
person 0.014924602 493 573 510 630
person 0.014918763 905 607 919 668
person 0.014900464 83 238 101 261
person 0.014891751 170 379 231 523
person 0.014880759 670 73 685 88
person 0.014879213 108 -197 122 -180
person 0.014872555 91 -188 101 -148
person 0.014867986 512 629 527 651
person 0.014866825 551 169 569 188
person 0.014853111 198 88 205 101
person 0.014835544 -4 99 7 120
person 0.014803867 337 73 351 90
person 0.01476953 530 629 544 651
person 0.01475869 19 376 30 403
person 0.014750254 0 -118 7 -51
person 0.014717927 409 37 425 54
person 0.014693544 334 464 346 489
person 0.014675676 530 -75 543 -53
person 0.014670057 45 377 53 402
person 0.014667217 4 66 28 129
person 0.014645608 159 629 174 651
person 0.0146417 618 -76 632 -56
person 0.014629768 831 -197 842 -191
person 0.0146223875 391 584 402 620
person 0.014592406 55 -197 69 -182
person 0.014583394 442 38 450 50
person 0.014568024 581 579 612 695
person 0.014567108 -3 -199 11 -139
person 0.01454915 914 451 919 477
person 0.014545453 774 186 792 206
person 0.014543545 601 -76 614 -54
person 0.014517516 746 32 759 49
person 0.014514754 532 -197 545 -180
person 0.014507492 0 409 4 443
person 0.014500806 95 76 126 133
person 0.014494906 912 69 918 82
person 0.014489431 822 -164 835 -116
person 0.01447954 721 589 756 688
person 0.014470914 390 119 401 134
person 0.014467522 849 2 859 15
person 0.014456084 286 538 296 565
person 0.014453537 306 11 336 72
person 0.01444883 724 629 741 689
person 0.01444177 727 70 737 80
person 0.014419948 260 21 273 36
person 0.014395232 394 -130 404 -92
person 0.014389145 271 112 281 132
person 0.014377998 585 -197 598 -181
person 0.0143691 875 449 929 608
person 0.014366196 52 -130 68 -71
person 0.014358927 671 629 686 651
person 0.014354155 225 586 256 694
person 0.014310022 883 107 898 126
person 0.014296461 567 -197 581 -181
person 0.01427286 848 -197 859 -191
person 0.014264283 249 15 276 79
person 0.014263063 318 116 351 154
person 0.014255349 912 538 918 568
person 0.014245395 90 -197 104 -181
person 0.014227127 549 -197 563 -181
person 0.014221122 513 -75 526 -53
person 0.014215408 584 -76 597 -54
person 0.014214752 676 541 685 568
person 0.014207498 9 198 15 223
person 0.014153817 0 496 4 532
person 0.014142632 757 -59 774 -50
person 0.014130776 566 -30 623 118
person 0.014128139 298 29 317 57
person 0.014123282 866 530 872 543
person 0.014122965 572 642 598 725
person 0.0141078485 147 618 167 674
person 0.014085409 848 -197 862 -182
person 0.014084085 318 519 328 549
person 0.014063826 912 -168 918 -136
person 0.014055781 321 529 338 585
person 0.014048158 298 139 314 158
person 0.014019023 435 178 467 221
person 0.014018831 500 17 520 43
person 0.014008335 740 -59 756 -50
person 0.014005734 455 184 489 225
person 0.014005556 848 34 863 53
person 0.0140042445 726 33 740 49
person 0.013990391 554 538 562 566
person 0.013969169 289 -130 299 -92
person 0.013955612 873 366 896 418
person 0.013941564 0 150 4 177
person 0.013937519 696 -185 703 -154
person 0.01393427 914 418 919 444
person 0.013914667 181 157 203 184
person 0.0139068505 141 629 156 651
person 0.013885596 625 68 636 80
person 0.013877332 913 89 919 101
person 0.013850011 619 -197 631 -191
person 0.013823321 111 539 121 566
person 0.013813665 913 10 918 36
person 0.0137890605 912 210 918 221
person 0.013766836 636 -75 650 -57
person 0.013716532 813 2 823 15
person 0.013678795 428 527 443 586
person 0.013673192 0 5 4 37
person 0.013669752 642 -38 695 124
person 0.013632154 637 575 649 616
person 0.0136317955 751 -167 762 -127
person 0.013627326 0 391 4 425
person 0.013621758 775 -59 791 -50
person 0.013621529 434 494 445 553
person 0.013612029 910 -43 918 16
person 0.013605162 293 152 315 182
person 0.013558444 407 126 491 249
person 0.013545484 588 55 598 65
person 0.013530112 315 19 323 30
person 0.013518253 -3 -186 7 -161
person 0.013516454 0 267 4 302
person 0.013496047 2 -90 21 -1
person 0.013483812 769 75 834 204
person 0.013448091 335 497 345 527
person 0.013431717 722 -59 739 -50
person 0.013428287 800 539 807 565
person 0.013399762 399 272 427 292
person 0.013380449 113 618 132 674
person 0.013379197 319 468 332 491
person 0.013372275 258 352 275 374
person 0.013371953 93 577 105 623
person 0.013367028 495 -75 508 -53
person 0.013328081 89 -134 105 -76
person 0.013327643 503 -193 515 -150
person 0.013313943 702 459 720 478
person 0.013312608 324 -130 334 -93
person 0.013302502 906 547 920 587
person 0.013275749 27 499 35 530
person 0.013258383 359 -129 369 -93
person 0.013238845 335 137 351 156
person 0.013223039 446 56 456 67
person 0.013218834 54 446 74 472
person 0.013212965 546 157 564 176
person 0.0131843705 0 -138 4 -102
person 0.013176078 846 153 893 227
person 0.013174988 587 33 601 51
person 0.013161646 878 138 894 158
person 0.01315875 693 542 701 555
person 0.013151927 885 65 895 84
person 0.0131515935 476 136 494 153
person 0.013135283 303 38 316 54
person 0.013119383 712 -198 736 -129
person 0.013083486 912 -133 918 -100
person 0.013065546 672 14 686 30
person 0.013055625 784 595 823 684
person 0.013028997 99 253 164 408
person 0.013024535 186 422 217 469
person 0.013017659 904 574 920 630
person 0.013011816 295 74 343 149
person 0.013007414 689 628 704 651
person 0.0129965525 -4 27 7 50
person 0.012981129 796 2 806 15
person 0.012976969 425 99 475 170
person 0.012974551 117 243 134 264
person 0.012967707 296 138 376 266
person 0.012952964 771 605 831 732
person 0.01295292 831 2 841 15
person 0.012940063 912 -151 918 -118
person 0.01293767 529 574 545 619
person 0.012922255 470 210 557 343
person 0.0129215075 152 145 186 198
person 0.012920188 94 525 104 596
person 0.012913457 124 324 146 347
person 0.012908134 883 19 895 65
person 0.012906487 689 629 706 689
person 0.012898004 614 197 695 317
person 0.012897426 905 635 919 703
person 0.012872343 705 -58 721 -49
person 0.012849012 142 -75 156 -53
person 0.0128416065 869 541 878 561
person 0.01281407 909 50 921 69
person 0.012812116 39 130 60 155
person 0.0128085585 372 582 404 670
person 0.012801771 618 120 695 244
person 0.012774652 469 59 478 68
person 0.012774153 638 14 646 27
person 0.012773876 160 -75 174 -53
person 0.01275717 355 583 367 619
person 0.012735861 0 373 4 407
person 0.012731444 513 103 522 120
person 0.012688888 678 -184 685 -154
person 0.012673168 849 547 863 592
person 0.012662952 196 416 267 541
person 0.012648217 0 366 7 459
person 0.012634803 328 484 336 507
person 0.012634261 0 270 6 339
person 0.012629592 58 578 68 630
person 0.0126265725 478 -75 491 -53
person 0.012611411 178 -75 192 -53
person 0.012604168 733 529 739 543
person 0.012590946 847 -190 866 -140
person 0.012590461 913 237 918 263
person 0.012572352 775 337 807 385
person 0.0125640435 289 644 316 724
person 0.012560157 440 579 470 698
person 0.012549339 797 33 811 51
person 0.012539546 913 256 918 283
person 0.012532304 834 526 842 552
person 0.012528175 479 37 495 52
person 0.01252164 742 69 751 79
person 0.012514878 415 59 425 68
person 0.012510424 699 84 769 205
person 0.012500979 245 424 264 441
person 0.01250055 29 293 35 320
person 0.012500219 196 -75 209 -53
person 0.012499791 912 555 918 586
person 0.012498178 356 529 372 585
person 0.01248797 -3 -167 7 -143
person 0.012474283 32 289 45 314
person 0.012471751 859 37 884 80
person 0.012469073 713 -185 720 -154
person 0.012465568 0 550 5 585
person 0.012436275 192 26 209 56
person 0.012427202 91 -167 102 -120
person 0.012422399 124 629 138 652
person 0.012420708 761 2 771 14
person 0.01241797 602 -197 614 -191
person 0.012404208 460 -75 473 -52
person 0.012399366 197 540 206 565
person 0.01237049 512 578 541 698
person 0.012362585 297 578 331 667
person 0.012362114 242 358 267 383
person 0.012342876 778 2 788 14
person 0.012342016 136 423 152 441
person 0.0123205045 0 429 6 537
person 0.012316983 235 365 253 387
person 0.0123057 882 11 895 31
person 0.012305491 690 13 703 29
person 0.012294015 462 20 477 35
person 0.012275351 124 -75 138 -53
person 0.012267756 73 -197 86 -181
person 0.012260189 0 338 7 417
person 0.0122555075 430 643 456 726
person 0.012218355 101 222 119 246
person 0.012217303 302 473 316 486
person 0.0122110825 367 95 417 166
person 0.012207448 865 171 884 191
person 0.012191301 129 537 139 564
person 0.012183826 0 567 4 603
person 0.012177481 362 185 388 205
person 0.012176408 710 48 724 65
person 0.012161369 192 53 212 80
person 0.012141621 371 321 378 334
person 0.012126606 0 -120 4 -84
person 0.012125394 912 -80 918 -48
person 0.012121991 515 56 529 70
person 0.012121615 249 578 261 617
person 0.012121209 0 339 5 372
person 0.012109178 359 644 386 726
person 0.012088859 654 13 667 30
person 0.01207821 0 551 7 621
person 0.012062123 313 348 326 370
person 0.012052343 182 537 194 577
person 0.012038582 653 629 670 689
person 0.012038299 547 94 620 204
person 0.012031354 225 284 239 303
person 0.0120250685 795 123 805 143
person 0.012017667 870 84 884 102
person 0.011996132 604 -168 620 -121
person 0.011988753 912 -115 918 -83
person 0.011978022 214 -75 227 -53
person 0.011966165 707 628 722 651
person 0.011965692 317 136 333 156
person 0.011964908 309 503 318 560
person 0.011961538 707 155 717 171
person 0.011952485 572 -168 583 -124
person 0.011948993 783 -185 790 -154
person 0.011944614 613 171 633 192
person 0.011930858 815 545 826 589
person 0.011921946 230 159 266 215
person 0.011921148 390 10 421 69
person 0.011909006 830 630 847 690
person 0.011902247 51 628 67 690
person 0.0118851485 707 32 721 49
person 0.011868563 774 206 794 223
person 0.011853495 873 -127 907 -5
person 0.011851138 443 -75 456 -52
person 0.011837921 178 579 191 617
person 0.011819757 792 188 811 207
person 0.011817112 768 154 776 177
person 0.011792109 635 -76 649 -67
person 0.0117776375 909 33 921 53
person 0.011747379 122 415 139 438
person 0.011726494 0 585 5 621
person 0.011724246 912 510 918 522
person 0.011707892 541 466 562 567
person 0.011704422 499 -129 509 -90
person 0.01170215 784 -40 835 120
person 0.011695049 0 -31 4 3
person 0.011690419 -3 415 7 438
person 0.0116865635 285 530 302 584
person 0.011683584 320 578 332 617
person 0.011675725 369 54 385 71
person 0.011671878 851 -46 868 12
person 0.011671054 502 642 528 728
person 0.011668387 811 210 834 228
person 0.01166401 0 672 4 712
person 0.011655495 536 529 548 588
person 0.011642411 526 428 541 454
person 0.011638779 757 188 774 205
person 0.011633696 154 360 178 378
person 0.011632917 39 640 53 666
person 0.011632226 693 69 703 79
person 0.011629782 269 537 279 564
person 0.011625852 0 -7 4 24
person 0.01162296 234 453 254 474
person 0.011606466 898 421 906 495
person 0.011585234 458 575 476 631
person 0.011567076 774 290 804 335
person 0.011551462 401 267 434 334
person 0.011549681 92 260 109 281
person 0.011539958 443 19 458 34
person 0.011486201 817 542 824 558
person 0.011483191 231 -75 244 -52
person 0.011472025 775 72 789 87
person 0.0114623755 270 530 278 552
person 0.011461652 584 -197 596 -191
person 0.01145652 38 91 52 109
person 0.011454659 460 85 472 94
person 0.011452568 237 532 243 545
person 0.011437931 47 341 54 368
person 0.011430741 251 353 282 404
person 0.011430309 517 448 531 470
person 0.011418705 861 238 877 256
person 0.0114140175 912 -98 918 -65
person 0.011413636 270 506 277 523
person 0.01140559 829 324 858 370
person 0.011396125 715 533 721 545
person 0.011395341 326 506 333 520
person 0.011383342 185 431 220 451
person 0.011374657 227 120 242 140
person 0.011344625 652 -77 667 -67
person 0.011327737 55 -197 67 -191
person 0.011324918 912 573 918 604
person 0.011322831 909 438 923 456
person 0.011294201 246 71 305 196
person 0.011283956 167 372 199 417
person 0.011277824 -3 291 7 316
person 0.011276935 387 578 405 631
person 0.011270642 793 83 808 101
person 0.011269994 77 81 97 107
person 0.011268082 69 602 123 746
person 0.011261263 487 68 534 143
person 0.011257892 660 -184 668 -154
person 0.011237693 603 15 611 27
person 0.011223845 588 84 601 95
person 0.011220284 170 241 188 260
person 0.011217354 858 454 886 461
person 0.01121664 641 -183 651 -154
person 0.011213129 279 353 294 374
person 0.01121082 465 34 480 50
person 0.0112002 758 33 773 50
person 0.011192033 727 50 741 67
person 0.011191705 73 421 86 445
person 0.011188825 760 70 774 86
person 0.0111790225 42 156 64 183
person 0.011178827 816 590 833 628
person 0.011171303 150 -194 162 -150
person 0.011169101 749 -125 759 -90
person 0.011162861 728 33 737 46
person 0.011154212 913 103 919 114
person 0.011151835 285 117 295 136
person 0.011135447 748 33 756 46
person 0.011127542 108 309 126 331
person 0.011123167 618 629 635 690
person 0.011113294 140 297 158 316
person 0.011101631 0 -102 5 -67
person 0.011087087 909 471 923 489
person 0.011084092 202 522 210 548
person 0.011077795 83 28 100 58
person 0.0110772215 159 629 176 689
person 0.011074594 249 -75 262 -52
person 0.011071754 692 14 700 27
person 0.011069028 253 -130 263 -92
person 0.011064995 423 156 440 172
person 0.011052619 500 23 509 34
person 0.011052145 616 188 636 205
person 0.011046038 704 88 736 126
person 0.0110452045 909 455 923 472
person 0.01104495 257 406 286 450
person 0.011039987 426 584 437 621
person 0.011039909 81 224 107 271
person 0.011039685 167 379 200 398
person 0.011016319 57 -163 67 -114
person 0.010994028 912 193 918 204
person 0.010989928 703 262 735 307
person 0.010985973 822 37 848 79
person 0.010964674 468 -193 481 -150
person 0.010960451 289 73 302 91
person 0.010959939 724 628 739 650
person 0.01095581 201 527 209 542
person 0.010935399 862 436 885 444
person 0.010922627 807 217 840 240
person 0.010917909 194 629 211 689
person 0.010908937 658 540 666 570
person 0.010907944 18 159 46 222
person 0.010901618 567 -197 579 -191
person 0.0108979065 738 378 760 397
person 0.010895368 426 -197 437 -191
person 0.01089528 36 63 56 93
person 0.0108912205 320 193 345 241
person 0.010883267 392 531 408 587
person 0.010878172 134 600 192 741
person 0.0108768325 13 0 35 73
person 0.010873227 818 -183 825 -154
person 0.010871284 408 -197 420 -191
person 0.010869529 0 621 5 655
person 0.010862349 355 -197 367 -191
person 0.0108608175 39 624 52 649
person 0.010859051 337 -197 349 -191
person 0.010858508 231 -197 243 -191
person 0.010858246 249 -197 261 -191
person 0.010857862 178 -197 190 -191
person 0.010857831 214 -197 226 -191
person 0.01085711 373 -197 384 -191
person 0.010856428 196 -197 208 -191
person 0.010855922 267 -197 279 -191
person 0.010855194 161 -197 173 -191
person 0.010854651 284 -197 296 -191
person 0.0108542275 320 -197 332 -191
person 0.010853807 302 -197 314 -191
person 0.010852834 545 18 552 30
person 0.010852609 443 -197 455 -191
person 0.010849493 775 228 793 247
person 0.0108494675 266 -75 280 -52
person 0.010847967 390 -197 402 -191
person 0.010828986 643 416 715 559
person 0.010828245 0 41 4 71
person 0.010814566 913 658 918 694
person 0.010786836 208 326 227 346
person 0.010784054 0 603 5 638
person 0.010779211 162 323 183 345
person 0.01076729 739 129 749 148
person 0.010767076 848 -159 866 -106
person 0.010766813 461 -197 473 -191
person 0.010763486 479 -197 490 -191
person 0.01076278 143 -197 155 -191
person 0.010741434 731 -185 738 -154
person 0.010739062 513 -16 575 122
person 0.0107385 284 -75 297 -52
person 0.010736525 538 -169 548 -127
person 0.010735056 244 163 265 193
person 0.010724356 356 499 366 529
person 0.010719956 374 247 384 258
person 0.0107027 465 23 487 49
person 0.010699182 -3 343 8 367
person 0.010697678 425 -75 438 -52
person 0.010695565 653 -75 668 -58
person 0.010693354 0 357 5 390
person 0.010691559 395 71 407 80
person 0.01068812 442 4 473 63
person 0.010676201 286 529 295 553
person 0.01066487 218 534 230 575
person 0.010655345 496 -197 508 -191
person 0.010651033 696 601 758 733
person 0.01062392 230 629 246 689
person 0.0105920695 587 15 594 27
person 0.010588997 673 612 685 635
person 0.010561082 433 230 461 276
person 0.010558557 743 530 749 545
person 0.010557855 778 352 807 399
person 0.010542896 743 2 753 14
person 0.010534751 496 293 515 314
person 0.010529722 257 -68 281 14
person 0.010529542 153 353 174 372
person 0.010519443 361 205 385 256
person 0.010518247 26 482 32 515
person 0.010512933 549 -197 561 -191
person 0.010500228 514 -197 526 -191
person 0.010498503 125 -197 137 -191
person 0.010493892 671 253 701 298
person 0.010485701 872 385 894 439
person 0.010480404 408 642 424 665
person 0.010477868 0 221 5 250
person 0.010473854 107 -75 120 -53
person 0.01047083 426 642 441 665
person 0.0104693435 912 225 918 237
person 0.010457741 139 313 147 336
person 0.010446935 -3 272 7 296
person 0.0104429135 305 40 312 52
person 0.010441676 583 629 599 690
person 0.010439617 174 369 188 376
person 0.0104281055 738 582 755 622
person 0.010423678 265 629 282 690
person 0.010420825 779 33 793 51
person 0.0104205655 19 678 32 705
person 0.010414691 390 642 406 665
person 0.010405604 37 450 52 475
person 0.010395945 300 629 317 690
person 0.010394758 -3 44 8 67
person 0.010390746 687 -58 703 -49
person 0.010384428 443 642 459 665
person 0.010382507 -3 626 8 649
person 0.010378965 375 116 385 134
person 0.0103696 441 628 458 690
person 0.010357613 373 642 388 665
person 0.010344981 506 124 587 247
person 0.010343073 166 310 190 344
person 0.010335729 623 -183 634 -155
person 0.010331088 912 -63 918 -30
person 0.010321916 620 642 636 665
person 0.010320046 712 50 721 62
person 0.010315547 113 -169 124 -125
person 0.010299576 532 -197 543 -191
person 0.010289233 -3 163 13 193
person 0.010282311 355 642 371 665
person 0.010280593 766 -186 773 -154
person 0.010276878 855 247 865 256
person 0.010271268 135 325 156 346
person 0.01026633 835 82 877 168
person 0.010260154 406 628 423 690
person 0.010259888 461 642 477 665
person 0.010255657 209 299 226 319
person 0.01025543 742 628 757 651
person 0.010250358 237 527 244 550
person 0.010222844 245 333 263 355
person 0.010209492 371 629 387 690
person 0.010209233 337 642 353 665
person 0.010206308 0 -49 4 -14
person 0.01020167 524 436 568 600
person 0.0102015985 602 642 618 665
person 0.01018977 -3 538 7 562
person 0.010185255 602 211 611 220
person 0.010179156 737 95 767 134
person 0.010178873 320 642 335 665
person 0.01016458 335 629 352 690
person 0.010154266 633 56 641 67
person 0.0101520335 585 642 600 665
person 0.010150164 255 21 268 37
person 0.010147717 514 613 527 636
person 0.010144484 532 613 544 636
person 0.010140688 638 641 653 665
person 0.010126204 -4 153 8 175
person 0.010116651 502 307 562 469
person 0.010096323 284 479 295 491
person 0.010092349 302 642 318 665
person 0.010078044 228 335 245 356
person 0.010075604 477 628 493 690
person 0.010074567 748 -186 755 -154
person 0.010066809 305 72 318 90
person 0.010062586 479 642 494 665
person 0.010056284 95 539 103 563
person 0.010051785 691 200 773 322
person 0.0100508975 30 26 47 57
person 0.010044414 284 642 300 665
person 0.010041902 414 77 490 201
person 0.010023635 108 -197 120 -191
person 0.010004958 106 628 120 652
person 0.01000253 124 629 141 689
person 0.010000769 227 108 241 126
