person 0.76400983 823 154 848 191
person 0.73193043 864 131 886 164
person 0.7186319 394 116 412 138
person 0.715007 694 138 719 171
person 0.7100065 777 67 793 89
person 0.70855755 682 89 700 114
person 0.70592993 908 62 925 84
person 0.70565575 687 47 702 69
person 0.6998402 725 51 741 73
person 0.6969349 710 179 738 215
person 0.69155955 750 155 775 190
person 0.6908704 952 65 968 87
person 0.6908069 504 164 533 197
person 0.6903783 743 109 765 141
person 0.68485975 788 107 810 139
person 0.6812092 294 148 310 172
person 0.648569 561 169 589 202
person 0.6483456 695 107 717 138
person 0.6464719 533 96 550 118
person 0.64437413 845 88 862 111
person 0.6430553 972 155 996 190
person 0.6419602 635 131 662 162
person 0.6341978 894 101 912 126
person 0.6335067 344 121 362 143
person 0.6308119 594 85 612 108
person 0.62684953 663 107 682 131
person 0.6228479 442 146 469 175
person 0.62217593 801 52 815 72
person 0.6208838 811 63 826 85
person 0.6135475 874 80 891 102
person 0.60946554 559 107 578 130
person 0.6090621 266 158 282 181
person 0.6061669 329 153 347 177
person 0.6003132 582 124 607 152
person 0.59833074 841 67 858 87
person 0.5948151 25 208 50 246
person 0.576133 661 48 677 68
person 0.57459325 719 79 736 102
person 0.5723502 634 69 651 90
person 0.5649219 917 111 938 144
person 0.5589118 425 125 442 147
person 0.5583662 310 146 327 170
person 0.55254465 588 55 603 73
person 0.55106306 621 47 635 66
person 0.55054474 822 62 837 82
person 0.5465202 504 88 520 106
person 0.5375815 623 67 640 88
person 0.5285466 486 128 506 151
person 0.52233 538 78 553 95
person 0.5039092 434 90 449 108
person 0.4994475 977 107 995 132
person 0.49488035 942 93 961 118
person 0.4911554 363 156 383 181
person 0.45678073 498 77 513 93
person 0.4557212 452 107 470 127
person 0.45486522 551 75 567 93
person 0.45038974 973 94 990 115
person 0.4417848 623 184 653 219
person 0.44024527 514 71 529 87
person 0.4172333 563 85 581 105
person 0.41190523 983 84 997 104
person 0.3924414 580 71 595 90
person 0.39228225 473 77 488 93
person 0.38794976 468 144 487 167
person 0.3870487 822 85 840 107
person 0.3812223 479 107 496 126
person 0.3762882 320 127 335 146
person 0.37592918 772 100 790 125
person 0.3734433 750 80 768 104
person 0.3507923 908 86 926 110
person 0.3419669 879 83 896 106
person 0.337996 470 83 486 100
person 0.31304258 757 82 778 106
person 0.30252567 771 70 790 94
person 0.28282192 606 74 623 94
person 0.28111947 514 85 533 104
person 0.27512896 517 72 527 84
person 0.2747267 411 117 428 136
person 0.27242786 653 60 669 79
person 0.2523824 983 101 997 134
person 0.2397858 97 187 122 215
person 0.23767349 475 78 485 90
person 0.21195462 231 222 256 251
person 0.21182805 642 101 666 130
person 0.21102686 582 84 603 106
person 0.21093456 725 110 744 134
person 0.20729177 436 91 446 103
person 0.20542526 934 94 954 118
person 0.20300165 463 90 480 108
person 0.19842161 806 82 826 105
person 0.19676782 693 60 710 80
person 0.1956852 648 53 665 72
person 0.18981038 461 168 491 199
person 0.18969773 776 93 795 115
person 0.18926196 500 87 524 113
person 0.18491533 623 49 633 61
person 0.18112642 456 123 477 144
person 0.1781979 539 73 563 100
person 0.17520508 682 64 703 86
person 0.17461939 1012 145 1035 176
person 0.16502787 434 107 454 127
person 0.15922092 630 65 647 97
person 0.15656646 663 49 675 62
person 0.1507695 558 148 584 177
person 0.14888658 473 85 483 96
person 0.14880675 790 121 813 153
person 0.14737996 705 169 746 225
person 0.14478411 342 124 353 142
person 0.14474107 492 108 512 126
person 0.14447497 590 56 600 69
person 0.14378639 704 53 721 73
person 0.13774104 353 162 379 191
person 0.13770413 644 91 663 113
person 0.13554555 369 126 388 148
person 0.1297297 535 102 547 119
person 0.12841219 422 208 455 243
person 0.1267459 695 131 716 156
person 0.121598445 875 73 888 93
person 0.12055264 980 160 1005 193
person 0.119242206 980 77 995 96
person 0.118360735 106 228 131 258
person 0.11725961 339 119 356 138
person 0.11542852 935 69 953 90
person 0.11419749 268 109 283 127
person 0.113896646 885 75 903 94
person 0.11347144 680 111 700 135
person 0.11218976 582 71 593 85
person 0.112081096 866 105 889 130
person 0.111680925 470 72 493 99
person 0.11119557 554 75 565 87
person 0.11003654 18 198 55 260
person 0.109507024 322 129 332 141
person 0.10865629 577 118 611 160
person 0.108312495 27 256 59 305
person 0.10794042 592 109 612 130
person 0.10632164 623 200 656 235
person 0.10607808 593 58 603 69
person 0.105798624 805 106 824 130
person 0.104772605 652 203 682 236
person 0.10366401 150 332 170 356
person 0.10282715 33 210 52 235
person 0.101845734 582 59 607 88
person 0.100514464 618 126 639 149
person 0.100376174 654 135 683 170
person 0.10003373 657 89 677 112
person 0.09853358 659 178 690 213
person 0.0984314 419 110 448 140
person 0.09837359 227 285 256 316
person 0.098134026 1063 623 1073 681
person 0.09744483 347 120 359 137
person 0.09694168 479 121 513 163
person 0.09534926 803 54 812 66
person 0.09534077 217 137 231 153
person 0.09504972 498 72 522 99
person 0.09327097 578 110 599 131
person 0.09178719 468 171 487 191
person 0.09136561 510 157 532 179
person 0.09077353 618 86 636 107
person 0.09068772 985 106 995 127
person 0.08983409 977 275 1017 342
person 0.08821516 824 65 834 77
person 0.086509496 320 111 334 128
person 0.08630372 356 148 389 189
person 0.08614964 825 58 840 76
person 0.085208684 985 87 995 98
person 0.08459735 571 152 592 176
person 0.084148064 708 86 726 110
person 0.08218319 816 148 855 208
person 0.0818049 986 212 1015 249
person 0.08161382 649 54 663 66
person 0.08140248 945 91 958 112
person 0.08091834 454 108 468 121
person 0.08078152 463 75 479 91
person 0.08067638 -6 212 10 237
person 0.08065771 330 451 352 474
person 0.08039319 713 203 743 238
person 0.079559155 844 68 855 81
person 0.07917154 481 109 493 121
person 0.07914681 720 75 732 95
person 0.078655615 985 77 1000 96
person 0.07741645 873 163 902 201
person 0.07699106 1063 218 1073 269
person 0.07652827 617 116 636 137
person 0.076474674 421 92 437 110
person 0.07625922 626 67 637 82
person 0.07414154 945 101 956 120
person 0.07411099 307 167 325 190
person 0.07360721 629 35 643 53
person 0.07340529 653 133 674 157
person 0.07302528 170 355 243 437
person 0.07296893 795 165 824 199
person 0.07223258 424 173 455 204
person 0.072183914 745 152 786 211
person 0.07165944 157 333 259 469
person 0.07148223 617 177 663 234
person 0.07123564 289 163 315 193
person 0.06993285 897 103 908 123
person 0.069856174 271 110 281 123
person 0.06888431 496 154 517 176
person 0.06877061 219 139 228 151
person 0.0675308 1067 86 1073 113
person 0.0674398 793 55 809 75
person 0.06731866 656 97 689 141
person 0.067226335 654 154 676 176
person 0.06717614 844 108 864 132
person 0.06658901 889 92 917 137
person 0.06622919 565 87 578 99
person 0.066133715 720 145 742 170
person 0.06553595 905 172 935 210
person 0.06541438 284 166 304 191
person 0.064647205 1061 96 1073 134
person 0.06404474 246 234 273 265
person 0.06336238 637 68 648 83
person 0.06325158 556 130 577 153
person 0.06312432 290 135 307 153
person 0.06306201 515 133 536 154
person 0.062320184 411 145 431 167
person 0.062244125 494 156 539 210
person 0.06184372 1063 237 1072 297
person 0.06182953 407 -100 450 45
person 0.061587777 490 129 502 148
person 0.061204746 1063 577 1071 643
person 0.06085265 1061 132 1074 173
person 0.060596645 1067 65 1073 92
person 0.060372908 322 144 355 186
person 0.060272176 450 151 461 171
person 0.060185723 743 204 773 240
person 0.06017661 821 106 840 130
person 0.05997268 721 126 742 150
person 0.05967832 762 132 783 156
person 0.059123762 1062 175 1073 220
person 0.059087034 846 129 866 152
person 0.058719706 0 126 10 169
person 0.058396235 813 65 824 79
person 0.058215354 328 167 348 191
person 0.058141377 805 128 825 153
person 0.057696577 377 115 394 134
person 0.05769501 587 32 601 51
person 0.05753249 667 109 678 128
person 0.057435013 220 129 235 146
person 0.057125024 472 145 483 164
person 0.056657918 256 152 273 172
person 0.056650467 700 112 711 132
person 0.05646363 824 130 845 154
person 0.056286175 453 173 473 195
person 0.056043647 1063 88 1077 112
person 0.055589214 319 472 348 497
person 0.055006452 -4 -240 10 -216
person 0.05454568 937 87 965 132
person 0.054143637 971 131 990 155
person 0.05391333 28 257 42 300
person 0.053780083 1062 -239 1073 -190
person 0.05363436 1063 664 1073 718
person 0.053476293 542 50 560 68
person 0.053451 181 355 276 510
person 0.05340867 500 169 523 192
person 0.05333794 546 202 577 236
person 0.053253677 689 48 700 62
person 0.053247295 226 217 260 261
person 0.05319473 792 206 821 242
person 0.052950967 513 106 532 125
person 0.052727487 504 56 520 73
person 0.052623592 558 50 576 67
person 0.05244756 985 155 1005 178
person 0.052411206 955 67 965 80
person 0.052351147 415 115 451 157
person 0.052268814 988 184 1008 207
person 0.052181996 532 124 553 145
person 0.05168224 320 497 358 544
person 0.051553175 9 289 24 350
person 0.051538758 772 54 787 73
person 0.051476896 975 457 1041 622
person 0.05145292 535 83 548 112
person 0.05132302 1062 107 1077 131
person 0.051293295 852 56 868 74
person 0.051243313 190 327 229 372
person 0.05089167 506 58 517 71
person 0.05074145 656 64 667 75
person 0.05071606 1067 45 1073 72
person 0.05056577 11 265 47 332
person 0.0505327 962 150 1002 210
person 0.05032049 261 112 269 125
person 0.05028639 156 340 178 363
person 0.05021907 681 131 702 154
person 0.049991906 551 98 585 140
person 0.049427036 975 93 987 108
person 0.049103998 636 168 660 188
person 0.048955303 608 70 620 89
person 0.048813347 218 260 291 332
person 0.04879949 776 102 786 122
person 0.048471387 714 176 736 200
person 0.04832403 -1 -243 6 -215
person 0.04828545 1067 105 1073 132
person 0.04816139 1056 223 1076 261
person 0.048147455 989 130 1008 152
person 0.04811152 689 124 730 183
person 0.04779446 -3 -231 19 -136
person 0.04757655 126 158 143 175
person 0.047540274 585 211 617 244
person 0.047463797 150 338 189 385
person 0.047385465 92 181 127 223
person 0.047305297 520 55 538 72
person 0.04705961 -4 -240 8 -233
person 0.046738226 276 138 292 156
person 0.046647813 924 114 935 136
person 0.046509787 771 57 799 102
person 0.046315145 1066 23 1073 52
person 0.045641266 703 173 725 197
person 0.04552336 239 379 260 400
person 0.045437403 977 177 1016 242
person 0.045280397 626 192 646 215
person 0.04506028 104 188 115 208
person 0.045010746 415 211 464 267
person 0.04499408 535 174 557 197
person 0.044653874 5 349 38 426
person 0.044625197 869 52 885 70
person 0.044078175 832 712 856 776
person 0.043882884 745 53 761 73
person 0.04382384 1055 178 1075 214
person 0.043602 568 181 589 205
person 0.043590907 258 110 272 127
person 0.043587837 982 80 992 92
person 0.04314242 753 76 765 95
person 0.04312809 683 146 704 169
person 0.04279335 883 131 903 154
person 0.042484432 1063 67 1076 91
person 0.04230552 287 140 320 183
person 0.042247582 751 617 763 664
person 0.042232495 884 151 904 175
person 0.042224992 595 153 615 175
person 0.04192064 976 95 1004 141
person 0.041812904 124 77 162 144
person 0.041806836 258 148 291 190
person 0.041642755 838 79 868 124
person 0.041613724 413 119 425 130
person 0.04143137 432 60 456 89
person 0.041359082 965 378 1030 566
person 0.041347962 393 148 414 171
person 0.041263707 911 65 922 77
person 0.04126347 506 205 536 238
person 0.04125159 948 148 966 172
person 0.041170936 514 38 523 50
person 0.040735908 946 124 965 148
person 0.040639844 214 135 239 161
person 0.0404785 641 30 657 49
person 0.040462293 632 187 657 210
person 0.040405396 839 152 859 177
person 0.040385704 728 52 738 66
person 0.04022061 491 265 532 312
person 0.040066097 313 148 324 162
person 0.039988227 481 129 501 143
person 0.039940584 264 331 285 349
person 0.039891597 626 115 666 176
person 0.039874505 292 373 315 395
person 0.03982963 1062 129 1077 153
person 0.03922942 1062 333 1071 405
person 0.039221305 -1 209 5 239
person 0.039167702 534 152 555 174
person 0.03900019 510 36 526 52
person 0.038834825 389 172 409 194
person 0.03877466 124 172 151 200
person 0.03859473 364 517 386 538
person 0.03847177 1064 701 1073 762
person 0.03843326 244 335 362 464
person 0.038116638 1061 -240 1073 -233
person 0.038052343 1006 134 1024 156
person 0.03798501 959 129 997 191
person 0.037648328 791 712 815 776
person 0.03757912 367 162 378 182
person 0.03749209 307 462 344 507
person 0.037113175 428 128 439 140
person 0.036996365 1060 -241 1075 -218
person 0.036774796 85 259 116 296
person 0.03674514 924 148 943 171
person 0.036661204 288 208 315 237
person 0.036608674 1051 -217 1078 -139
person 0.036604393 615 148 635 169
person 0.036602434 1062 -202 1072 -146
person 0.03648363 422 236 459 284
person 0.036442276 223 131 232 142
person 0.036409833 828 207 858 243
person 0.0364072 1053 -150 1077 -58
person 0.036298286 207 403 320 547
person 0.03612464 496 188 519 208
person 0.03588219 262 105 286 132
person 0.035820413 847 165 868 190
person 0.035818394 398 122 410 140
person 0.03574682 270 360 346 437
person 0.035724055 944 85 959 104
person 0.035701856 705 54 719 66
person 0.035628643 585 79 620 121
person 0.03543793 97 177 113 197
person 0.035267867 874 712 897 776
person 0.03523365 402 253 473 329
person 0.035175215 508 184 532 206
person 0.03514099 790 612 805 667
person 0.03513463 288 359 310 378
person 0.03491241 831 354 900 528
person 0.03482337 149 347 172 373
person 0.034678686 663 36 679 55
person 0.034565587 455 210 486 242
person 0.03452147 364 155 374 175
person 0.034300447 -2 128 16 163
person 0.034240186 1063 282 1071 346
person 0.034182303 708 185 729 211
person 0.03417528 15 304 21 339
person 0.034118783 0 -245 8 -192
person 0.034092847 14 335 39 398
person 0.033980347 -3 -160 15 -43
person 0.033915628 339 212 367 244
person 0.033773296 -11 418 29 538
person 0.033741068 43 181 71 212
person 0.03371194 631 39 640 50
person 0.033641327 968 201 995 236
person 0.03347739 538 36 554 53
person 0.033466466 387 106 420 147
person 0.0333961 979 252 1017 303
person 0.03331336 -6 229 9 254
person 0.033238176 219 181 245 209
person 0.033235885 995 -225 1008 -184
person 0.033195987 436 168 456 190
person 0.033168238 950 170 969 193
person 0.033110045 254 164 270 187
person 0.03298804 171 179 197 205
person 0.03297451 217 120 227 133
person 0.03286246 234 292 272 338
person 0.03283479 150 137 162 149
person 0.03274516 273 101 282 114
person 0.032711722 959 250 1035 383
person 0.03271047 45 -240 61 -224
person 0.032670595 196 380 265 474
person 0.03255874 483 31 498 48
person 0.032494627 1066 127 1073 154
person 0.032432787 446 148 456 168
person 0.032251462 505 30 520 47
person 0.032080274 313 472 337 497
person 0.03207744 687 35 702 54
person 0.03206017 979 102 991 126
person 0.032052014 587 129 598 148
person 0.03198111 25 -240 39 -234
person 0.031967737 133 146 160 176
person 0.031905968 876 84 887 97
person 0.031892687 655 247 694 293
person 0.031807553 353 495 376 517
person 0.0317245 1063 46 1076 71
person 0.03165108 422 95 435 105
person 0.031606082 158 347 183 372
person 0.03130784 594 30 610 50
person 0.03125793 -7 568 26 707
person 0.031257648 325 452 355 486
person 0.03122477 782 666 802 717
person 0.031130984 382 54 405 83
person 0.031123988 324 502 351 526
person 0.031104691 0 325 6 359
person 0.031008039 333 592 345 605
person 0.030954598 227 274 255 305
person 0.030937126 827 60 838 72
person 0.030921767 49 451 63 480
person 0.030893149 25 -240 41 -224
person 0.030884806 479 481 495 509
person 0.030811576 804 150 823 176
person 0.030741021 597 86 609 100
person 0.030704036 104 207 124 230
person 0.030489195 315 591 326 605
person 0.030436743 750 713 773 777
person 0.03037846 62 369 148 524
person 0.030368652 143 149 162 167
person 0.030364357 56 707 76 775
person 0.03034172 441 76 457 93
person 0.030270318 589 35 598 48
person 0.030258112 825 86 837 101
person 0.030225962 715 64 745 107
person 0.030220272 881 86 894 98
person 0.030192781 26 221 45 248
person 0.030017102 748 113 760 135
person 0.029887745 121 165 137 184
person 0.02987124 993 690 1019 787
person 0.029516034 202 300 224 322
person 0.029468834 792 110 804 133
person 0.029452542 903 53 931 99
person 0.029407555 911 88 923 102
person 0.029159768 508 32 516 45
person 0.029127829 910 59 922 75
person 0.029127182 987 79 999 91
person 0.029097047 955 57 970 75
person 0.028992325 348 156 384 200
person 0.028961435 257 99 267 113
person 0.02888489 437 -61 499 122
person 0.028874408 322 114 332 125
person 0.028843487 467 280 536 353
person 0.028810307 286 337 308 355
person 0.028710125 870 136 881 158
person 0.028703675 296 112 311 129
person 0.028695112 301 373 323 393
person 0.028684676 247 334 269 352
person 0.028681891 780 67 791 81
person 0.028656589 242 237 279 282
person 0.028583163 409 173 430 194
person 0.028449507 997 713 1016 763
person 0.028430158 1061 55 1072 93
person 0.028309641 752 84 765 97
person 0.028300479 302 357 322 375
person 0.028174985 16 178 42 212
person 0.028161064 171 217 199 245
person 0.02811054 1062 146 1077 171
person 0.028053582 1011 113 1028 135
person 0.028018413 35 224 56 249
person 0.027943157 958 -229 973 -180
person 0.027917424 637 97 671 140
person 0.027915165 1051 242 1075 301
person 0.027902449 759 85 776 97
person 0.027878249 338 233 410 303
person 0.027849443 268 158 280 172
person 0.02781893 486 33 494 46
person 0.027739285 399 97 415 115
person 0.027688423 345 482 367 504
person 0.027649323 978 323 1057 481
person 0.027629387 -3 197 13 220
person 0.02762311 916 203 945 237
person 0.027616175 562 107 575 122
person 0.027447253 1062 231 1077 257
person 0.027443696 541 39 550 51
person 0.027360367 155 602 164 632
person 0.027358653 848 -240 860 -232
person 0.027273428 743 65 774 108
person 0.027258733 481 52 495 67
person 0.027209569 920 110 931 132
person 0.027167996 868 -240 881 -232
person 0.027146405 847 84 859 104
person 0.027064407 889 -240 901 -232
person 0.02701107 827 -240 840 -232
person 0.026997775 946 54 974 101
person 0.02696076 45 -240 59 -234
person 0.026952738 679 40 710 85
person 0.026943892 317 601 326 625
person 0.026937934 379 -100 422 49
person 0.026923196 1030 -240 1043 -234
person 0.026886057 291 137 305 148
person 0.026848206 461 52 477 70
person 0.026742872 888 76 902 88
person 0.026709802 289 188 309 211
person 0.02670715 203 241 307 366
person 0.026652774 623 59 654 103
person 0.026630849 295 109 321 138
person 0.026539836 123 216 151 243
person 0.026529606 870 205 900 241
person 0.02640643 906 150 925 172
person 0.026240138 642 134 654 153
person 0.0262166 1063 25 1076 51
person 0.026163455 915 713 938 776
person 0.026128653 696 64 708 75
person 0.026096372 329 423 349 443
person 0.026064593 397 117 409 129
person 0.026012318 800 171 820 195
person 0.025959624 -10 319 63 464
person 0.02590657 197 314 220 337
person 0.025899058 806 -240 819 -232
person 0.025878033 679 172 699 192
person 0.025793524 48 483 95 601
person 0.025734246 747 610 766 675
person 0.025679462 1066 3 1072 34
person 0.025672676 909 -240 922 -232
person 0.025555225 77 388 138 477
person 0.025429802 407 313 472 390
person 0.025406355 -5 667 13 794
person 0.025389481 354 518 378 539
person 0.025325043 377 216 408 248
person 0.025316989 458 127 473 139
person 0.02509804 843 384 893 503
person 0.025034992 773 71 787 84
person 0.025021827 708 245 746 293
person 0.024987336 596 192 616 213
person 0.024985993 995 352 1049 461
person 0.024948156 828 -241 842 -218
person 0.024934249 176 360 202 382
person 0.024880432 228 364 249 382
person 0.024834793 807 -241 821 -219
person 0.024787167 890 53 906 70
person 0.024756242 957 715 977 766
person 0.024754839 579 412 589 441
person 0.024748221 722 84 733 96
person 0.024719436 240 -89 283 58
person 0.02466914 924 -234 941 -180
person 0.024597757 848 -241 862 -218
person 0.024565516 45 493 62 524
person 0.024462124 276 600 286 628
person 0.024408257 243 440 266 460
person 0.024328344 390 292 487 438
person 0.024296239 618 170 640 190
person 0.024241328 923 730 953 821
person 0.024225391 195 331 221 355
person 0.024146928 728 111 740 131
person 0.024136875 786 -241 800 -219
person 0.024111042 869 -241 883 -217
person 0.024068821 990 59 1014 91
person 0.024053581 747 242 785 290
person 0.023998447 453 187 474 208
person 0.023964813 593 127 604 148
person 0.023948923 965 187 986 209
person 0.02393588 889 -241 903 -217
person 0.023888825 59 475 75 503
person 0.023879591 127 92 157 125
person 0.023813104 400 424 416 447
person 0.02380963 155 292 189 328
person 0.02372386 266 183 285 208
person 0.02368126 1062 211 1077 237
person 0.023618596 494 83 529 126
person 0.02359954 1029 -241 1045 -224
person 0.023587562 782 171 803 195
person 0.023554945 477 489 495 518
person 0.023549074 446 249 486 297
person 0.023523161 215 599 224 629
person 0.023439582 785 -240 798 -233
person 0.023348704 -1 225 5 257
person 0.023307834 227 117 240 130
person 0.023275875 423 126 436 141
person 0.023124838 296 600 306 627
person 0.023120852 296 149 308 163
person 0.02311774 445 -225 474 -145
person 0.023038564 1062 171 1077 196
person 0.023028085 166 145 192 173
person 0.02302335 494 109 511 120
person 0.02299842 1010 91 1026 110
person 0.022938779 910 -241 924 -218
person 0.022932962 822 665 842 716
person 0.022897862 1066 228 1073 258
person 0.022795202 634 207 657 228
person 0.022768956 551 29 568 49
person 0.022729326 74 287 101 322
person 0.022719057 867 65 895 109
person 0.02270586 795 59 806 70
person 0.022698091 765 -241 780 -220
person 0.022678757 937 70 951 82
person 0.022666944 1067 559 1073 591
person 0.022584116 469 187 490 205
person 0.022516001 929 -240 942 -233
person 0.022504492 649 106 661 125
person 0.022498291 1005 170 1025 193
person 0.022495199 638 278 706 355
person 0.022487665 709 712 732 778
person 0.022421673 0 -230 8 -153
person 0.022411693 249 135 265 152
person 0.022409588 289 369 331 417
person 0.022393031 532 -221 561 -142
person 0.022366278 173 599 182 629
person 0.02236342 288 56 315 88
person 0.022356452 342 463 364 484
person 0.02235031 1066 144 1073 172
person 0.022342095 995 -191 1008 -146
person 0.022262292 269 165 278 178
person 0.02222564 855 59 865 70
person 0.022210931 343 49 367 79
person 0.022140495 163 142 173 153
person 0.022123117 -1 346 5 380
person 0.022100193 37 197 56 219
person 0.0220759 215 118 231 134
person 0.022023452 199 350 226 372
person 0.021983279 90 -77 134 49
person 0.021953717 870 758 892 829
person 0.021947509 85 51 109 85
person 0.02193991 622 26 645 56
person 0.021885708 501 482 515 510
person 0.021856442 256 599 265 628
person 0.021856053 682 368 702 392
person 0.02185469 263 313 289 332
person 0.021848485 436 115 478 180
person 0.021770155 80 331 98 355
person 0.021680927 205 196 269 272
person 0.021670248 420 176 460 220
person 0.021567857 242 307 266 327
person 0.021543713 192 387 238 432
person 0.021541096 1011 -241 1027 -224
person 0.021525389 829 758 851 829
person 0.021486456 281 330 313 362
person 0.021441696 983 247 1013 286
person 0.021417174 911 758 933 829
person 0.021390148 795 552 821 648
person 0.02134992 797 -61 810 -25
person 0.021327863 360 -224 389 -144
person 0.02131062 372 185 393 205
person 0.021308258 81 319 98 339
person 0.021263987 416 599 426 628
person 0.021262808 194 598 203 629
person 0.021219233 993 634 1009 680
person 0.021206407 0 351 9 425
person 0.021195434 930 -241 944 -219
person 0.021188954 542 490 557 519
person 0.021159321 11 308 25 336
person 0.021118872 1012 -240 1025 -233
person 0.021109825 667 712 690 778
person 0.021061892 534 65 568 106
person 0.02105882 744 -241 759 -221
person 0.02103252 669 -221 699 -141
person 0.02101525 812 552 828 580
person 0.021012073 0 285 5 323
person 0.02100344 885 169 904 192
person 0.02091378 464 55 473 68
person 0.020913478 241 297 266 320
person 0.020861646 764 -240 778 -233
person 0.020820213 338 -46 408 132
person 0.020792855 105 580 117 639
person 0.020776853 727 31 742 52
person 0.020621404 279 493 314 530
person 0.020551814 719 24 741 55
person 0.020544842 788 757 810 829
person 0.02053562 349 188 370 209
person 0.02051533 332 147 344 169
person 0.020507593 271 -223 299 -142
person 0.020506065 -6 236 72 382
person 0.020457447 53 131 79 160
person 0.020410994 998 678 1013 716
person 0.020400787 163 151 180 168
person 0.02036825 128 137 141 150
person 0.020330444 1063 -161 1072 -103
person 0.020326015 836 57 866 103
person 0.02031655 327 512 351 535
person 0.020300237 383 227 493 373
person 0.020240067 267 357 288 374
person 0.020225784 441 599 450 629
person 0.020200621 99 726 129 826
person 0.020114027 1066 208 1073 239
person 0.020065771 863 164 883 187
person 0.020021318 292 591 303 606
person 0.019987684 1066 50 1072 65
person 0.0199702 744 668 758 716
person 0.019964704 658 170 679 189
person 0.019902127 94 691 122 798
person 0.01989069 974 601 984 628
person 0.019887028 75 253 118 314
person 0.019879224 -1 173 80 299
person 0.019810282 278 140 289 153
person 0.019808171 1063 802 1069 847
person 0.01979726 960 402 1011 539
person 0.019764902 1062 190 1077 215
person 0.019722369 172 256 202 285
person 0.01969445 680 142 764 280
person 0.019679673 48 40 70 74
person 0.01951631 49 407 63 436
person 0.01951392 387 190 407 210
person 0.019500112 746 757 768 829
person 0.019477272 443 79 454 91
person 0.019440994 705 33 720 53
person 0.019401357 747 -236 777 -155
person 0.01933933 976 48 991 67
person 0.019335331 611 271 681 347
person 0.019320343 720 212 741 232
person 0.019302882 0 679 13 759
person 0.019251829 746 -114 758 -72
person 0.019213172 255 163 304 221
person 0.01920003 191 75 232 144
person 0.019143948 -4 328 9 356
person 0.019141195 270 48 293 79
person 0.019087622 1066 577 1072 612
person 0.019073628 644 33 655 46
person 0.019004142 23 194 42 218
person 0.018990185 1066 70 1073 84
person 0.018983347 931 53 946 71
person 0.01897909 88 495 104 522
person 0.018958773 950 -241 965 -221
person 0.018906025 337 154 405 229
person 0.018887965 626 712 649 778
person 0.018876975 837 737 867 831
person 0.018854262 1061 248 1076 274
person 0.018831478 56 274 86 327
person 0.018826876 912 356 970 455
person 0.018821185 811 122 866 205
person 0.01878711 224 151 242 169
person 0.018765856 829 -153 852 -100
person 0.018753905 445 100 480 143
person 0.01869131 235 599 244 629
person 0.01868636 195 -223 224 -144
person 0.018613022 821 189 841 211
person 0.018606078 287 407 388 550
person 0.018594615 261 328 291 358
person 0.018587543 522 381 533 398
person 0.018574202 -5 349 8 376
person 0.018539304 735 122 792 204
person 0.018494237 462 599 471 629
person 0.018484134 0 717 12 802
person 0.018481752 950 -240 963 -233
person 0.018479252 1033 106 1050 128
person 0.018470148 56 356 72 382
person 0.018452633 484 -93 530 55
person 0.018449878 93 710 114 776
person 0.01844405 175 736 208 830
person 0.018441772 740 663 762 727
person 0.01842706 353 122 395 188
person 0.018401459 723 -241 739 -222
person 0.018366482 368 508 390 528
person 0.018345097 700 211 721 231
person 0.01834175 641 132 656 146
person 0.018324401 584 712 607 778
person 0.018250225 144 327 178 376
person 0.018244283 989 338 1002 353
person 0.018239226 216 144 231 162
person 0.018220806 502 10 517 27
person 0.01820392 1066 91 1073 105
person 0.01819177 597 34 609 47
person 0.018188313 1066 29 1072 44
person 0.018171836 599 -219 629 -140
person 0.018159937 705 757 727 830
person 0.018157855 295 413 331 452
person 0.01814655 200 392 230 414
person 0.018126037 469 136 564 273
person 0.018112278 543 393 552 423
person 0.018105583 877 16 892 52
person 0.017991457 897 334 984 474
person 0.017940149 0 271 5 305
person 0.017930757 788 243 824 294
person 0.017922834 98 380 118 404
person 0.017897503 1023 105 1058 173
person 0.017879149 341 109 402 203
person 0.01786011 586 612 598 664
person 0.01781253 291 447 379 601
person 0.017784405 744 -240 757 -233
person 0.01777711 523 101 565 164
person 0.017762255 168 368 193 394
person 0.017747777 0 -212 5 -171
person 0.0177358 815 239 851 289
person 0.017722074 258 153 271 166
person 0.017701343 887 724 907 794
person 0.017695872 598 173 618 195
person 0.017684635 299 96 307 110
person 0.017675428 252 417 284 448
person 0.017660405 0 -232 5 -193
person 0.017651804 200 380 224 398
person 0.017627254 1010 727 1040 822
person 0.017623689 926 171 946 192
person 0.01760593 103 -223 132 -141
person 0.017583834 1067 168 1073 197
person 0.017576259 312 624 326 652
person 0.017560901 377 456 396 480
person 0.017556516 760 188 780 210
person 0.017528458 41 382 66 442
person 0.017514538 534 191 556 211
person 0.017509868 928 725 948 794
person 0.01749043 37 478 53 509
person 0.017484892 1 195 8 223
person 0.017481534 1067 539 1073 569
person 0.017420786 774 58 784 69
person 0.017412152 1 91 34 168
person 0.017407617 226 439 303 527
person 0.017404256 1067 187 1073 217
person 0.01737894 665 25 688 55
person 0.017372597 953 758 975 830
person 0.017364644 543 712 566 778
person 0.017334916 591 149 685 289
person 0.017315334 872 -235 895 -181
person 0.017282821 656 194 678 213
person 0.01726409 846 724 866 794
person 0.01725943 975 624 985 652
person 0.017242946 1067 519 1073 549
person 0.017240563 39 -8 68 75
person 0.017180122 218 401 243 421
person 0.017157208 175 364 215 413
person 0.01712155 923 107 936 129
person 0.017115928 336 107 369 149
person 0.017097991 99 395 120 421
person 0.01706946 952 635 965 682
person 0.017065918 664 757 686 830
person 0.017050391 934 599 943 634
person 0.016850032 808 85 823 98
person 0.016840477 66 362 133 449
person 0.01682822 0 797 8 844
person 0.016828133 1013 591 1024 604
person 0.016808366 993 188 1005 201
person 0.016796108 452 254 553 381
person 0.01676303 537 21 560 54
person 0.016749563 -6 247 9 274
person 0.016731497 515 7 531 25
person 0.01673086 822 -113 846 -74
person 0.016698604 147 134 166 150
person 0.016694142 759 18 782 50
person 0.016673818 1066 776 1072 820
person 0.016649397 253 473 353 618
person 0.016644297 108 595 118 626
person 0.016643433 285 493 311 516
person 0.016642442 836 245 881 308
person 0.01663715 833 -68 854 -28
person 0.016605657 701 143 711 166
person 0.016600851 920 122 930 143
person 0.01660005 482 599 491 630
person 0.016592594 423 103 483 194
person 0.016562851 124 438 146 462
person 0.016554559 583 22 606 52
person 0.016533084 660 725 677 750
person 0.016506914 16 331 30 360
person 0.01648785 385 176 496 302
person 0.016480004 557 725 574 750
person 0.016472384 46 757 68 830
person 0.016470037 577 725 595 750
person 0.016458817 740 190 761 213
person 0.016455907 69 499 85 528
person 0.016448386 639 725 657 750
person 0.016448323 208 0 226 22
person 0.01643543 680 725 698 750
person 0.016424889 947 187 967 210
person 0.016419344 334 757 356 830
person 0.016418597 619 725 636 750
person 0.016406871 1065 245 1072 276
person 0.016398286 872 55 882 66
person 0.016385447 498 -241 513 -221
person 0.016383441 169 757 191 830
person 0.016382288 598 725 615 750
person 0.016367259 415 -241 431 -221
person 0.016364703 291 -241 307 -221
person 0.016363598 271 -241 286 -221
person 0.01636197 250 -241 266 -221
person 0.016361203 209 -241 224 -221
person 0.016360711 395 -241 410 -221
person 0.016359752 312 -241 328 -221
person 0.016359499 230 -241 245 -221
person 0.01635729 477 -241 492 -221
person 0.016357029 436 -241 451 -221
person 0.016355794 333 -241 348 -221
person 0.01635356 353 -241 369 -221
person 0.016351989 374 -241 389 -221
person 0.016348224 536 725 553 750
person 0.016345363 188 -241 204 -221
person 0.016337804 375 757 397 830
person 0.016330106 456 -241 472 -221
person 0.016329415 246 -47 316 127
person 0.016328659 985 312 1008 328
person 0.01632049 518 -241 534 -221
person 0.016290834 703 -241 719 -222
person 0.01628402 417 621 427 651
person 0.016271126 505 13 513 26
person 0.016258612 623 757 645 830
person 0.016240342 44 390 61 421
person 0.01623022 1010 726 1030 797
person 0.016208338 805 724 825 794
person 0.016195554 293 757 315 830
person 0.016193753 504 24 525 58
person 0.016189948 335 602 345 621
person 0.016176753 168 -241 183 -221
person 0.016175227 214 -163 225 -118
person 0.016174309 516 725 533 750
person 0.016153457 461 24 477 42
person 0.016126918 417 757 438 830
person 0.016122097 539 -241 554 -221
person 0.016120888 994 758 1015 829
person 0.016111732 25 365 37 394
person 0.016093101 701 725 718 750
person 0.016086126 559 -241 575 -221
person 0.01607561 92 472 177 623
person 0.016068958 128 757 150 830
person 0.016062928 749 -235 765 -182
person 0.016046809 210 757 232 830
person 0.016025154 978 162 989 183
person 0.016021177 604 411 614 442
person 0.016007276 252 757 273 830
person 0.015990686 760 472 780 514
person 0.01595564 970 -241 986 -222
person 0.015941653 124 167 134 181
person 0.015937308 502 712 525 778
person 0.015904026 862 372 880 401
person 0.015896006 495 725 512 750
person 0.015881207 39 334 53 361
person 0.015872585 -1 385 5 421
person 0.01586703 458 757 480 830
person 0.015855737 266 120 307 187
person 0.015841354 -1 365 6 404
person 0.015810465 581 757 603 830
person 0.015802743 59 -95 84 6
person 0.015791675 186 725 203 750
person 0.015783658 1035 95 1051 116
person 0.015779762 431 348 457 378
person 0.015779465 945 256 1009 339
person 0.015777163 329 187 349 208
person 0.015773995 471 285 570 446
person 0.015760267 329 81 422 227
person 0.015759313 334 625 345 650
person 0.015741564 206 725 224 750
person 0.01572754 90 138 116 167
person 0.015726915 499 757 521 830
person 0.015693415 474 470 499 528
person 0.01568095 147 -241 163 -221
person 0.015680753 540 757 562 830
person 0.015680663 619 -191 646 -103
person 0.015677957 580 -241 596 -221
person 0.015660327 474 725 492 750
person 0.015643187 290 359 306 371
person 0.015641674 849 415 874 477
person 0.015620771 518 10 528 24
person 0.015600422 1064 722 1073 799
person 0.015581117 227 725 244 750
person 0.015556488 298 114 308 126
person 0.015530892 130 601 140 633
person 0.015530156 722 724 739 750
person 0.0155165875 454 725 471 750
person 0.015476683 135 106 159 126
person 0.015464292 989 211 1008 232
person 0.015458682 270 99 286 115
person 0.015451354 542 397 551 415
person 0.0154308975 433 725 450 750
person 0.015424986 -1 333 6 348
person 0.015415944 843 191 862 213
person 0.015412014 1050 284 1073 346
person 0.015409584 165 725 182 750
person 0.0154073695 248 724 265 750
person 0.01540512 37 209 49 232
person 0.015398064 -1 243 4 280
person 0.015380144 545 609 558 667
person 0.015371843 268 333 281 345
person 0.015359024 412 724 430 750
person 0.015349506 179 370 209 394
person 0.0153203895 763 724 783 794
person 0.015302732 935 -225 943 -190
person 0.01529822 921 14 937 53
person 0.015294061 0 385 8 474
person 0.0152853895 118 318 136 339
person 0.0152845355 1058 630 1075 674
person 0.015279792 627 -165 637 -116
person 0.015246802 392 724 409 750
person 0.015231431 89 189 108 211
person 0.0152180055 64 -54 87 9
person 0.015216934 121 260 150 291
person 0.015199552 29 470 41 501
person 0.015193322 833 -241 849 -181
person 0.01518932 316 466 337 486
person 0.01518835 102 58 178 205
person 0.01518743 103 -168 122 -100
person 0.015183216 233 218 251 243
person 0.015167246 268 724 285 750
person 0.0151295345 666 39 676 51
person 0.01512481 601 -241 616 -221
person 0.015111882 997 46 1013 66
person 0.015107475 367 534 399 559
person 0.015077776 714 -233 729 -181
person 0.015058421 48 340 151 472
person 0.015052374 1057 700 1074 770
person 0.015043864 173 -164 184 -118
person 0.015043138 371 724 388 750
person 0.0150296 723 -240 736 -233
person 0.015015637 -3 125 10 149
person 0.014979789 781 -115 803 -76
person 0.01497511 0 -192 5 -150
person 0.014972649 862 669 881 717
person 0.014959362 289 724 306 750
person 0.014934363 1006 494 1039 518
person 0.0149171725 127 106 153 130
person 0.014908506 355 589 368 602
person 0.014906448 67 -230 78 -182
person 0.014896431 126 -241 142 -221
person 0.014856669 351 724 368 750
person 0.0148394825 475 -78 493 -55
person 0.014836945 473 171 483 190
person 0.0148271425 465 63 498 106
person 0.01479948 743 724 760 750
person 0.014793662 949 425 1012 610
person 0.014783643 579 417 588 434
person 0.014777679 683 -241 698 -222
person 0.014772002 622 -108 633 -65
person 0.014767942 309 724 327 750
person 0.014746283 310 73 327 93
person 0.014737832 182 393 212 416
person 0.014736013 308 188 328 209
person 0.014728247 330 724 347 750
person 0.014725874 317 213 429 353
person 0.014708318 36 258 51 295
person 0.014698689 1055 -241 1075 -180
person 0.014697265 1041 0 1069 81
person 0.014688197 159 140 176 154
person 0.01467553 970 -240 983 -233
person 0.014656381 457 501 477 527
person 0.014653798 498 497 516 526
person 0.014644045 254 107 313 201
person 0.014635476 683 436 693 466
person 0.01462829 400 401 417 424
person 0.014624175 87 757 109 831
person 0.014614435 615 106 672 192
person 0.01460297 65 -241 81 -223
person 0.014584072 420 742 453 834
person 0.014561428 669 616 681 663
person 0.014548939 454 -78 473 -56
person 0.014526572 534 8 550 27
person 0.014524805 179 67 238 166
person 0.01451251 525 459 592 629
person 0.01447824 1066 435 1073 466
person 0.014475329 355 513 392 562
person 0.014446725 312 96 330 114
person 0.014432245 231 98 243 113
person 0.01442461 1051 131 1078 182
person 0.014424013 677 115 737 197
person 0.0144137675 247 189 265 214
person 0.014408578 21 351 36 383
person 0.014399007 131 613 144 665
person 0.014384087 502 741 535 834
person 0.01438335 147 323 167 344
person 0.01437268 827 354 883 445
person 0.01436002 662 -241 678 -222
person 0.014356732 254 741 288 831
person 0.01435301 541 248 581 296
person 0.014346104 513 165 525 187
person 0.014344795 576 56 613 101
person 0.014326367 621 -241 637 -221
person 0.014324125 169 86 195 117
person 0.014315067 761 332 818 422
person 0.014311952 305 358 319 369
person 0.014310781 430 193 452 213
person 0.014305105 990 -240 1004 -233
person 0.01429757 80 295 98 317
person 0.014282693 956 679 971 720
person 0.014275899 576 210 596 231
person 0.014270204 -3 -243 13 -173
person 0.014259296 106 -241 121 -222
person 0.014242903 503 611 516 663
person 0.0142248925 609 597 618 629
person 0.014223281 859 414 885 479
person 0.0142100165 375 626 386 652
person 0.014206744 524 599 533 630
person 0.01417338 93 396 121 459
person 0.014158987 565 393 575 425
person 0.014143335 230 371 269 416
person 0.014126809 642 -241 657 -221
person 0.014124525 418 401 435 424
person 0.01412392 144 724 162 750
person 0.014112399 990 -241 1006 -223
person 0.014097805 -5 371 9 400
person 0.014087933 613 245 655 292
person 0.014070657 586 392 595 422
person 0.0140628535 379 117 392 127
person 0.014062596 172 712 195 778
person 0.014058967 433 -78 452 -56
person 0.014047933 1030 431 1048 457
person 0.014040947 672 -233 687 -182
person 0.014037383 100 180 111 191
person 0.014031068 0 406 5 446
person 0.014028569 1065 -207 1072 -169
person 0.014025991 792 -226 800 -191
person 0.014024513 831 -234 861 -156
person 0.013997018 360 604 368 622
person 0.013996964 193 319 214 342
person 0.013986447 1061 538 1069 613
person 0.01397299 622 126 634 145
person 0.013958834 775 339 805 398
person 0.013947359 802 13 818 48
person 0.013938463 664 433 675 462
person 0.013931047 1017 147 1029 168
person 0.0139248315 955 599 964 630
person 0.0139131555 961 -206 976 -145
person 0.013908054 80 163 144 243
person 0.0139006 781 152 802 177
person 0.0138808815 790 -238 805 -180
person 0.013872243 106 -231 118 -183
person 0.013865767 140 -235 154 -184
person 0.013862893 367 411 384 433
person 0.01384822 60 -120 79 -52
person 0.013847367 1066 567 1073 580
person 0.013830954 710 617 722 662
person 0.0138204675 0 123 6 151
person 0.013778087 580 666 594 713
person 0.013776265 273 592 282 606
person 0.013753887 930 210 949 233
person 0.013752924 956 243 994 293
person 0.013718422 308 340 330 357
person 0.013697051 521 393 531 419
person 0.013694513 537 495 585 613
person 0.01369032 699 107 713 125
person 0.013688056 623 606 641 673
person 0.013684945 137 39 162 73
person 0.013674291 1067 499 1073 528
person 0.013669244 584 10 599 30
person 0.013649624 1027 132 1045 155
person 0.013637438 890 386 908 416
person 0.013636432 493 63 527 106
person 0.013635925 585 742 616 837
person 0.013593654 175 685 217 792
person 0.013593392 967 173 1024 260
person 0.013571115 763 724 781 750
person 0.013567872 255 603 264 618
person 0.013561217 98 -53 122 10
person 0.013554937 762 667 798 802
person 0.013550537 1063 6 1076 32
person 0.0135402605 736 239 800 318
person 0.013519843 -3 -228 8 -198
person 0.013500309 844 672 880 798
person 0.013467699 59 237 79 258
person 0.013464043 411 75 500 223
person 0.013461872 84 321 95 335
person 0.013454103 1010 71 1025 90
person 0.0134455245 1057 732 1073 810
person 0.013416207 628 614 639 663
person 0.01341051 999 31 1014 51
person 0.013406995 836 8 852 44
person 0.013396018 234 375 256 396
person 0.013369437 100 363 119 384
person 0.013360326 884 378 901 406
person 0.01333414 722 724 742 795
person 0.013315464 131 711 154 777
person 0.013297873 0 -171 5 -129
person 0.013275999 685 88 697 105
person 0.0132603105 994 -148 1006 -102
person 0.013229456 871 -152 894 -102
person 0.01319884 0 52 8 101
person 0.0131929405 906 171 926 192
person 0.013190693 82 212 101 233
person 0.013178906 794 390 827 473
person 0.01317802 240 390 262 412
person 0.013169149 495 -78 513 -54
person 0.013169018 874 245 910 296
person 0.013167761 402 418 415 461
person 0.013158946 752 743 782 840
person 0.01314762 703 -240 717 -233
person 0.013143364 14 313 21 328
person 0.013080046 -5 276 9 300
person 0.013070428 321 133 423 279
person 0.013065341 130 -162 142 -116
person 0.013032065 1043 -161 1082 -39
person 0.013026062 0 632 5 673
person 0.013022254 122 332 142 352
person 0.013009213 330 544 352 562
person 0.013004408 417 593 428 607
person 0.012963801 259 415 279 440
person 0.012950117 0 -187 12 -104
person 0.012949385 321 301 444 445
person 0.012945894 292 624 305 652
person 0.012928107 1065 -166 1072 -128
person 0.012921129 1066 110 1073 123
person 0.012915118 204 -186 232 -95
person 0.012911774 969 725 989 796
person 0.012911706 947 117 1003 205
person 0.012908796 0 589 8 677
person 0.0129078 667 742 698 836
person 0.012898084 251 590 261 606
person 0.012896801 250 137 262 149
person 0.012884096 1065 -187 1072 -148
person 0.012883022 395 621 405 650
person 0.01285321 828 462 852 523
person 0.012838771 787 -117 798 -73
person 0.012834468 0 611 5 653
person 0.012828084 912 597 921 633
person 0.01281474 375 602 386 623
person 0.012813655 832 607 846 664
person 0.012804664 654 207 675 227
person 0.012795969 266 -192 294 -100
person 0.012785613 254 713 278 777
person 0.012762816 677 194 697 213
person 0.012751935 0 652 5 694
person 0.012750661 497 -43 569 136
person 0.012745885 173 616 186 662
person 0.012744913 1016 603 1024 622
person 0.012729455 213 713 237 778
person 0.012726045 117 294 135 316
person 0.012719463 371 129 385 139
person 0.012708312 1035 406 1046 472
person 0.01270343 76 -44 145 124
person 0.012698707 784 723 801 749
person 0.01269362 245 363 267 380
person 0.012658256 586 599 595 631
person 0.012653429 833 -202 852 -137
person 0.0126514565 75 526 149 700
person 0.0126503855 690 39 699 50
person 0.012647438 460 713 484 777
person 0.012643074 252 337 265 348
person 0.012634753 158 295 178 318
person 0.012621115 0 103 10 146
person 0.012620545 0 591 5 632
person 0.012592708 1013 334 1023 347
person 0.012591314 369 521 382 531
person 0.012590893 355 626 366 651
person 0.012590799 844 354 869 416
person 0.012589264 814 531 856 662
person 0.012576241 771 -226 780 -190
person 0.012553932 537 11 546 25
person 0.012539067 123 193 140 213
person 0.012501809 441 54 457 72
person 0.012494866 -3 -206 8 -178
person 0.01247659 701 668 719 717
person 0.012475045 855 606 863 629
person 0.012472919 101 341 120 361
person 0.012472909 108 614 121 676
person 0.012463463 778 349 801 379
person 0.01241683 376 454 404 489
person 0.012388771 0 -151 5 -109
person 0.012383056 1008 191 1028 211
person 0.012379231 0 488 5 528
person 0.01237419 809 327 896 481
person 0.012373321 427 663 471 761
person 0.0123722665 918 679 958 795
person 0.012368835 831 153 842 175
person 0.01236198 740 215 761 233
person 0.012359256 374 590 387 603
person 0.012354677 564 434 576 464
person 0.012353908 583 576 600 648
person 0.012346534 907 249 944 299
person 0.012343457 337 742 371 835
person 0.012341964 214 39 239 72
person 0.012324335 1065 -104 1072 -66
person 0.012324312 556 412 567 440
person 0.01232 1056 661 1075 725
person 0.012318514 346 664 392 760
person 0.01231837 502 376 511 392
person 0.012303701 464 26 473 40
person 0.012302195 412 -78 431 -55
person 0.01228479 689 -186 717 -100
person 0.012279815 85 -241 101 -222
person 0.012278393 1065 597 1072 632
person 0.012277069 812 -227 820 -191
person 0.012260553 1065 -145 1072 -107
person 0.012259433 622 207 643 229
person 0.012243927 462 10 471 24
person 0.012242683 60 723 79 795
person 0.01222786 223 314 248 335
person 0.0122258905 990 -233 1011 -174
person 0.0122256195 335 452 347 472
person 0.012194689 411 193 431 214
person 0.012192209 0 108 6 136
person 0.012192163 1065 -84 1072 -45
person 0.012176593 -4 389 8 416
person 0.012169706 503 599 512 631
person 0.012164726 286 320 299 331
person 0.012133428 -3 213 7 225
person 0.012113207 788 -156 809 -99
person 0.012098219 1065 -125 1072 -86
person 0.012079342 390 562 411 586
person 0.012049857 237 455 280 501
person 0.012034517 732 437 738 455
person 0.012012574 802 409 825 436
person 0.011980808 991 -196 1011 -135
person 0.011961419 666 459 679 489
person 0.011947141 58 368 72 396
person 0.011928598 1066 547 1073 559
person 0.011920941 0 673 5 715
person 0.011920811 663 -110 675 -67
person 0.01188739 282 319 303 335
person 0.011875392 210 97 229 115
person 0.011870324 304 501 329 524
person 0.011866348 682 -240 696 -233
person 0.011866024 992 591 1003 605
person 0.0118656205 1061 18 1072 59
person 0.011865034 62 -165 80 -94
person 0.011858936 804 723 822 749
person 0.011854512 621 667 634 712
person 0.011847526 681 724 700 795
person 0.011846666 214 603 223 618
person 0.011836116 664 608 683 674
person 0.011827725 48 510 64 541
person 0.011825076 624 600 635 632
person 0.011823089 255 -162 266 -119
person 0.011815064 186 169 287 303
person 0.011806448 525 477 539 507
person 0.011796812 1001 19 1015 54
person 0.011794749 254 97 271 114
person 0.011785416 402 600 411 627
person 0.011783705 995 626 1006 650
person 0.0117783705 231 283 251 303
person 0.011777921 0 570 5 612
person 0.011774019 324 435 352 470
person 0.011773915 50 227 145 369
person 0.011771728 288 391 315 413
person 0.0117646465 241 81 332 225
person 0.011751438 1024 147 1042 171
person 0.01173367 874 -202 895 -142
person 0.01170301 545 384 553 402
person 0.0116728805 860 430 883 457
person 0.0116712535 585 398 593 416
person 0.011666067 932 431 955 497
person 0.011662141 204 396 226 407
person 0.011661833 954 620 964 652
person 0.011642708 0 775 5 821
person 0.0116420165 499 604 518 671
person 0.011641051 0 -130 5 -89
person 0.011626931 1002 515 1041 534
person 0.011620255 701 452 713 479
person 0.011608971 804 185 824 208
person 0.01160238 574 256 614 306
person 0.011582842 25 252 44 279
person 0.011573549 743 305 832 470
person 0.011570457 1063 -123 1072 -61
person 0.011568237 705 609 724 673
person 0.011557986 915 -227 923 -190
person 0.011553552 702 337 725 363
person 0.011545877 124 724 141 751
person 0.0115445815 0 -46 5 -4
person 0.011532564 674 390 701 422
person 0.011507889 747 56 758 67
person 0.011503849 282 484 304 504
person 0.011496985 355 93 370 111
person 0.01147964 588 239 700 383
person 0.0114709055 79 695 144 857
person 0.01145292 338 715 359 767
person 0.0114452345 0 -150 8 -68
person 0.011437313 441 603 449 620
person 0.011432217 36 213 50 223
person 0.011426287 512 169 527 179
person 0.0114242835 169 51 253 205
person 0.011397157 224 142 328 282
person 0.011385843 303 537 329 558
person 0.011383921 420 715 441 767
person 0.0113768345 662 668 676 713
person 0.011370952 225 340 249 359
person 0.011336707 397 432 416 456
person 0.011333661 64 -241 78 -233
person 0.011314458 1021 370 1044 436
person 0.011312949 712 422 721 438
person 0.011300848 856 598 865 636
person 0.011287392 825 723 843 749
person 0.011272784 1001 355 1010 372
person 0.011260121 97 -170 125 -73
person 0.011258454 134 -108 154 -58
person 0.0112513695 914 5 946 78
person 0.011250882 259 664 306 759
person 0.011243749 21 455 34 485
person 0.011234937 720 127 806 269
person 0.011232533 565 599 574 630
person 0.011226365 426 208 448 230
person 0.011225136 429 30 446 47
person 0.011215059 1067 413 1073 447
person 0.011205154 0 448 5 486
person 0.011200442 1030 367 1040 436
person 0.011200052 -4 111 10 134
person 0.0111909835 633 -234 648 -183
person 0.011170244 1066 527 1073 539
person 0.011159273 46 737 62 767
person 0.011153418 282 204 320 249
person 0.011153013 597 405 605 424
person 0.01114823 295 713 319 777
person 0.011144203 103 319 122 340
person 0.011141818 646 90 660 106
person 0.01113583 989 168 1001 189
person 0.011125365 378 96 393 114
person 0.011123068 654 356 716 441
person 0.0111217825 0 -60 8 5
person 0.0111185005 -6 174 11 198
person 0.011111655 510 92 571 181
person 0.011105951 61 216 80 237
person 0.011089378 106 -207 119 -150
person 0.011084788 0 632 8 714
person 0.01106956 703 -113 717 -72
person 0.0110669555 544 600 554 630
person 0.011057337 845 370 866 401
person 0.011055585 294 249 324 280
person 0.011052729 662 -240 676 -233
person 0.011051087 1009 319 1028 339
person 0.011048727 575 662 596 726
person 0.011047528 210 589 220 606
person 0.011046935 283 161 320 205
person 0.011037431 302 438 372 523
person 0.0110091735 995 601 1003 624
person 0.011007417 189 116 202 130
person 0.0110073555 833 -227 841 -191
person 0.011000905 553 490 567 520
person 0.010979375 334 456 348 467
person 0.010975498 186 -35 256 138
person 0.0109708095 821 534 838 559
person 0.010970607 379 715 400 767
person 0.010964804 955 -225 964 -190
person 0.010964297 639 352 656 378
person 0.010955386 295 620 310 664
person 0.010953066 78 355 97 379
person 0.010951383 886 191 906 212
person 0.010944676 411 -138 439 -36
person 0.010929331 705 440 714 462
person 0.010899063 0 -21 5 15
person 0.0108966725 153 693 226 849
person 0.010894098 497 -240 511 -233
person 0.010891505 104 582 113 613
person 0.010887764 765 704 780 731
person 0.010871175 476 -240 490 -233
person 0.010864932 415 -240 428 -233
person 0.010861877 270 -240 284 -233
person 0.010861796 291 -240 305 -233
person 0.010861561 208 -240 222 -233
person 0.010861002 250 -240 264 -233
person 0.010860997 394 -240 408 -233
person 0.0108605 1012 472 1038 498
person 0.010859829 435 -240 449 -233
person 0.010859661 188 -240 202 -233
person 0.010859552 229 -240 243 -233
person 0.010858319 312 -240 325 -233
person 0.010855885 332 -240 346 -233
person 0.0108548105 373 -240 387 -233
person 0.010854401 353 -240 367 -233
person 0.010852302 518 -240 532 -233
person 0.010850004 456 -240 470 -233
person 0.010843885 459 8 474 25
person 0.010839482 762 -61 776 -24
person 0.010837964 1025 408 1048 472
person 0.0108275665 902 695 969 847
person 0.010827035 0 694 5 735
person 0.010821802 1052 90 1077 142
person 0.01081558 828 608 837 631
person 0.010780513 967 14 982 52
person 0.010777702 248 444 262 455
person 0.010775541 816 344 843 406
person 0.010770948 167 -240 181 -233
person 0.010769962 772 355 842 521
person 0.010764618 538 -240 552 -233
person 0.010760806 750 -226 759 -191
person 0.01075872 559 -240 573 -233
person 0.010755447 1056 -166 1073 -96
person 0.010751131 786 704 800 730
person 0.010745812 234 603 243 618
person 0.010743597 726 219 738 231
person 0.010736854 681 424 694 445
person 0.010732383 681 668 718 771
person 0.010721796 910 -116 919 -65
person 0.010717837 481 17 494 57
person 0.010708407 1067 758 1073 800
person 0.010700106 646 430 656 460
person 0.010692915 435 371 457 398
person 0.010688084 0 714 5 755
person 0.010676605 109 505 168 606
person 0.010664688 0 550 5 591
person 0.010655135 0 426 5 464
person 0.01065132 38 181 76 227
person 0.010649984 951 -230 982 -153
person 0.010647678 660 154 671 176
person 0.010643479 173 602 181 619
person 0.010634776 475 11 485 26
person 0.010633226 -4 411 8 440
person 0.010623202 580 -240 593 -233
person 0.010613394 799 351 818 380
person 0.0106088985 211 96 237 126
person 0.010607012 639 724 659 795
person 0.010606881 0 -110 5 -68
person 0.010596499 846 723 864 749
person 0.010589672 59 341 76 364
person 0.010587343 744 705 759 731
person 0.010581346 1065 585 1072 600
person 0.010580033 825 367 845 396
person 0.010559005 149 589 158 605
person 0.010554268 393 416 423 466
person 0.010551987 616 662 637 725
person 0.010550106 260 479 286 502
person 0.010545811 641 171 656 182
person 0.010528624 641 -240 655 -233
person 0.01052704 333 602 349 626
person 0.010521875 190 589 199 607
person 0.010520218 391 -78 409 -54
person 0.0105199935 115 290 146 325
person 0.010510632 147 -240 160 -233
person 0.010506309 372 603 390 629
person 0.010504156 186 724 205 795
person 0.010481284 0 546 7 637
person 0.01047636 99 -117 120 -51
person 0.010476266 516 -77 533 -53
person 0.010473582 1009 330 1027 352
person 0.010472633 421 305 459 355
person 0.010458604 633 326 731 466
person 0.01045702 0 0 5 34
person 0.010454888 437 409 460 446
person 0.010451949 600 -240 614 -233
person 0.01044012 443 288 475 341
person 0.010422012 826 573 845 605
person 0.010400252 229 521 323 679
person 0.010394684 22 781 37 813
person 0.010393815 1025 454 1045 479
person 0.010389662 153 333 165 352
person 0.010380645 559 739 577 766
person 0.010379014 600 739 619 766
person 0.010373345 580 739 598 766
person 0.010370824 227 724 246 795
person 0.010361109 621 739 639 766
person 0.010344547 231 590 241 606
person 0.010342229 641 739 660 766
person 0.010342097 191 581 201 615
person 0.010341907 500 191 515 202
person 0.010338456 306 377 320 387
person 0.010330439 748 565 765 637
person 0.010326013 866 192 887 212
person 0.010322461 1000 494 1033 601
person 0.010317134 492 314 557 397
person 0.010301181 683 739 701 766
person 0.010300349 419 74 435 92
person 0.010294756 518 739 536 766
person 0.010292293 332 -98 347 -71
person 0.010288364 538 739 557 766
person 0.010283835 662 739 680 766
person 0.010271215 1061 503 1078 523
person 0.010261664 621 -240 635 -233
person 0.010258503 1019 -90 1047 3
person 0.010257481 0 -107 13 -26
person 0.010256353 268 724 288 795
person 0.010251176 800 99 886 226
person 0.010232425 497 739 515 766
person 0.010207792 373 -98 389 -71
person 0.010205581 1065 618 1072 653
person 0.010204782 45 718 60 748
person 0.01020299 67 145 162 290
person 0.010199061 141 372 163 395
person 0.010194139 305 437 331 460
person 0.01019206 585 -162 595 -117
person 0.010184154 866 723 884 749
person 0.010183343 286 539 326 589
person 0.010175689 295 -162 307 -118
person 0.0101732295 188 739 206 766
person 0.010169081 -4 291 9 319
person 0.010169039 804 368 825 397
person 0.010165924 229 739 247 766
person 0.010162695 496 66 585 219
person 0.010162313 231 692 307 844
person 0.010161238 477 739 495 766
person 0.010159904 456 739 474 766
person 0.010158307 250 739 268 766
person 0.010157493 270 739 289 766
person 0.010153705 394 739 412 766
person 0.01015335 353 -98 368 -71
person 0.010151856 511 667 550 767
person 0.010150696 291 739 309 766
person 0.01015026 415 739 433 766
person 0.01014854 681 329 703 356
person 0.010145863 209 739 227 766
person 0.010141056 644 455 656 487
person 0.010140588 598 724 617 796
person 0.010140252 -4 720 9 748
person 0.010139888 902 386 920 417
person 0.010139066 435 739 454 766
person 0.010138008 382 247 411 280
person 0.010133066 0 508 5 550
person 0.010124006 374 739 392 766
person 0.010111656 -4 143 11 169
person 0.010111284 850 430 871 459
person 0.010106546 728 -224 740 -190
person 0.01010635 353 739 371 766
person 0.010102201 332 739 351 766
person 0.01009955 1062 524 1078 542
person 0.010094702 312 739 330 766
person 0.010086273 359 164 372 186
person 0.010080356 1067 476 1073 506
person 0.010078952 934 603 941 624
person 0.010076316 36 252 56 276
person 0.010059409 600 78 685 226
person 0.010058274 275 307 317 353
person 0.010043632 212 581 221 615
person 0.010043424 -13 -176 31 -30
person 0.010035931 126 -240 140 -233
person 0.010035879 668 -165 679 -117
person 0.0100301625 703 739 722 766
person 0.01002125 557 724 576 796
person 0.010018877 291 705 306 732
person 0.0100167 93 -18 127 68
person 0.010010342 513 207 534 225
