person 0.70401937 590 114 610 140
person 0.69510007 493 82 507 101
person 0.6717077 555 50 568 67
person 0.66071075 557 138 580 168
person 0.6555786 366 92 382 111
person 0.6384626 500 67 513 83
person 0.6384215 546 119 567 145
person 0.5986475 823 108 836 128
person 0.579997 590 76 604 95
person 0.5799234 545 97 564 120
person 0.5714268 324 88 341 108
person 0.5310803 392 100 408 120
person 0.5206961 601 97 616 117
person 0.46511325 83 120 97 141
person 0.4580854 532 150 555 178
person 0.090285145 576 107 592 128
person 0.049138952 573 80 587 98
person 0.023346012 76 162 89 183
