person 0.76312816 879 84 898 108
person 0.7587362 687 191 719 228
person 0.7522785 1033 118 1051 144
person 0.7464524 532 107 552 132
person 0.73824435 1007 107 1026 131
person 0.73435706 1083 129 1102 155
person 0.73325956 711 76 729 98
person 0.72902197 769 71 786 94
person 0.7272238 331 134 352 159
person 0.7270957 539 165 568 199
person 0.7204523 799 77 817 98
person 0.71917635 488 130 509 157
person 0.7187365 1075 230 1105 272
person 0.71771 746 207 779 248
person 0.7158776 814 84 832 105
person 0.7101916 677 120 698 147
person 0.7085902 430 117 449 141
person 0.7085147 1066 198 1093 234
person 0.7076129 894 220 927 261
person 0.706006 855 76 874 97
person 0.7054268 1011 165 1037 201
person 0.6981762 961 102 980 125
person 0.69576675 741 68 759 90
person 0.69504523 387 116 406 140
person 0.6943133 884 146 911 179
person 0.69003457 548 93 566 116
person 0.6883156 944 154 971 188
person 0.6877308 761 106 782 133
person 0.68694586 609 82 627 104
person 0.6865427 589 96 609 120
person 0.6862256 1116 140 1136 171
person 0.6838314 805 226 839 267
person 0.6832763 985 145 1005 174
person 0.6694678 245 149 267 177
person 0.66569006 1172 208 1197 248
person 0.663918 886 117 907 144
person 0.6628228 933 126 954 153
person 0.661244 453 147 474 175
person 0.6552215 968 118 987 143
person 0.65384024 819 131 842 159
person 0.6458517 494 104 512 125
person 0.6334558 95 305 153 375
person 0.6243984 1011 139 1031 165
person 0.6232947 714 113 734 140
person 0.6184939 685 76 703 98
person 0.6178629 574 82 592 103
person 0.6167167 984 257 1019 303
person 0.6054979 758 160 786 194
person 0.588071 945 110 965 133
person 0.5849187 1063 287 1100 341
person 0.5770923 820 102 840 125
person 0.5731268 1187 251 1214 294
person 0.56712717 451 109 470 131
person 0.554801 653 92 673 115
person 0.54710215 1142 182 1167 219
person 0.5190823 1157 155 1176 182
person 0.5095117 908 123 929 150
person 0.49965245 570 139 598 169
person 0.49523938 1172 136 1191 161
person 0.457159 1224 151 1241 177
person 0.43643513 622 116 645 142
person 0.43216643 276 160 303 194
person 0.42040583 613 115 634 140
person 0.41866946 409 129 430 155
person 0.41113454 373 134 393 159
person 0.36860713 679 93 699 116
person 0.36611935 1220 174 1239 202
person 0.33756804 853 92 872 115
person 0.33519876 1120 134 1139 159
person 0.33247495 1211 182 1238 222
person 0.27669123 1213 209 1233 240
person 0.23209599 1203 208 1229 249
person 0.18379828 442 112 461 134
person 0.16739303 714 116 745 152
person 0.16530246 1013 128 1039 161
person 0.1546548 692 96 712 121
person 0.15173544 584 132 607 159
person 0.14327803 391 127 423 162
person 0.14251831 750 106 780 141
person 0.14106773 1104 162 1127 193
person 0.12868692 1161 145 1187 180
person 0.08919652 1226 173 1235 206
person 0.070175365 559 142 589 174
person 0.06686983 860 122 882 147
person 0.059099264 1147 176 1169 208
person 0.05412618 1154 333 1184 376
person 0.050786875 889 110 910 135
person 0.04535355 1132 145 1152 173
person 0.042854562 877 91 897 117
person 0.04283975 684 85 716 119
person 0.03820178 415 147 437 173
person 0.036436293 1226 193 1245 222
person 0.033194426 852 124 875 150
person 0.031315815 1185 167 1205 194
person 0.03019288 531 50 544 70
person 0.029416617 1237 187 1246 227
person 0.028712317 655 89 668 109
person 0.02852794 1088 138 1109 166
person 0.02707928 797 97 820 123
person 0.02291007 535 118 557 143
person 0.022022836 923 144 947 174
person 0.02145697 1177 198 1198 228
person 0.019682042 1167 205 1203 263
person 0.019602325 596 140 619 167
person 0.01866548 877 142 900 169
person 0.015168543 446 108 475 136
person 0.014340702 576 84 589 97
person 0.013628891 1113 186 1134 215
person 0.01289504 393 110 406 133
person 0.012323104 1015 347 1056 402
person 0.011459507 551 89 563 110
person 0.010841722 1192 244 1212 277
