person 0.73643726 433 190 461 227
person 0.73193234 1150 143 1169 172
person 0.72687674 816 168 846 206
person 0.72340786 845 117 866 145
person 0.7200082 503 127 522 151
person 0.71430546 747 213 780 256
person 0.71096975 1074 136 1095 162
person 0.7045932 1026 224 1064 277
person 0.70314854 435 145 456 172
person 0.7031319 720 103 740 128
person 0.68455976 953 194 982 232
person 0.6810659 1066 168 1093 204
person 0.6793206 678 152 709 187
person 0.66822827 860 146 881 176
person 0.6664969 488 151 508 179
person 0.65744513 546 143 566 172
person 0.6550744 654 183 685 220
person 0.65196097 899 115 920 143
person 0.65024924 747 94 767 118
person 0.645405 1129 142 1148 171
person 0.64468694 858 68 875 90
person 0.6390779 1076 280 1116 337
person 0.63262427 515 166 536 197
person 0.6313305 1107 121 1124 145
person 0.62846977 1118 216 1149 260
person 0.62608904 894 84 912 109
person 0.625916 1058 104 1076 127
person 0.6242327 1123 87 1139 110
person 0.61455745 793 85 812 108
person 0.6140854 1083 88 1099 110
person 0.61217093 822 66 838 85
person 0.61053216 576 98 593 118
person 0.60453844 657 90 676 113
person 0.6023922 657 116 678 143
person 0.6020698 1005 79 1020 101
person 0.60197794 1003 166 1025 196
person 0.60053265 927 156 955 191
person 0.5908364 966 97 983 120
person 0.58673453 925 74 942 94
person 0.5830391 1125 113 1142 139
person 0.58192295 348 180 369 208
person 0.57766044 458 154 479 182
person 0.5758004 690 85 709 109
person 0.575367 692 79 711 102
person 0.5750461 615 146 638 174
person 0.57440996 553 101 569 121
person 0.5679572 608 91 625 111
person 0.5653659 918 91 935 116
person 0.5613112 760 145 784 173
person 0.5602569 984 71 1000 92
person 0.55153483 751 168 783 205
person 0.5451301 186 316 229 371
person 0.54221505 815 140 838 167
person 0.54049075 400 189 422 218
person 0.5353673 952 146 974 173
person 0.5273983 1169 111 1185 135
person 0.5228334 415 146 435 171
person 0.5194083 802 58 818 77
person 0.5170908 725 75 743 96
person 0.5151199 1019 103 1036 126
person 0.51108557 1043 82 1059 102
person 0.5093946 623 89 641 110
person 0.50212646 619 116 640 141
person 0.5000912 551 125 570 149
person 0.49297857 1008 133 1028 159
person 0.49055028 522 117 540 139
person 0.46984422 1153 205 1182 244
person 0.45540264 769 77 788 98
person 0.45009783 1032 89 1049 112
person 0.44779968 999 109 1017 132
person 0.44280437 950 91 967 114
person 0.44119665 1028 146 1050 172
person 0.42998686 819 87 839 110
person 0.40516222 794 80 808 101
person 0.39562503 1003 112 1028 139
person 0.39319983 376 153 395 176
person 0.38823465 940 115 960 140
person 0.36970204 1036 127 1056 150
person 0.35785905 1158 313 1204 384
person 0.33602303 603 188 633 223
person 0.3318999 770 58 784 76
person 0.32814816 906 117 927 144
person 0.28900075 1131 192 1161 228
person 0.27709487 750 80 771 100
person 0.26103294 763 86 781 107
person 0.2502032 411 157 432 183
person 0.24738951 986 73 997 87
person 0.24619052 805 60 815 73
person 0.23999959 1045 84 1056 98
person 0.23898591 523 136 546 165
person 0.2323485 771 71 785 91
person 0.22928233 824 67 835 81
person 0.22605197 502 146 523 172
person 0.22491182 1001 103 1013 125
person 0.21567881 610 112 632 136
person 0.2080824 643 159 667 187
person 0.20722345 555 101 567 116
person 0.20671755 579 98 590 113
person 0.20216814 1007 80 1018 95
person 0.19844817 369 161 391 187
person 0.19657391 930 76 947 97
person 0.19644651 611 92 622 106
person 0.196332 1178 163 1207 200
person 0.19070296 1079 111 1103 137
person 0.18120626 1084 84 1097 102
person 0.17916776 314 192 337 219
person 0.17491466 843 101 864 124
person 0.16967091 858 155 888 189
person 0.16922005 432 202 463 238
person 0.16800286 1035 91 1046 107
person 0.16718525 42 289 108 389
person 0.1668224 873 116 895 143
person 0.16623974 928 75 939 89
person 0.16581397 1032 170 1055 197
person 0.16303451 1121 83 1137 104
person 0.16213502 626 91 638 105
person 0.15760483 684 88 705 112
person 0.15692356 429 170 455 198
person 0.15614736 1085 90 1096 105
person 0.15462023 728 75 740 90
person 0.1544171 921 167 946 196
person 0.15075034 872 91 895 116
person 0.15058026 1124 89 1134 105
person 0.15031254 757 58 771 73
person 0.14822713 107 220 135 258
person 0.1482072 1031 196 1056 224
person 0.14701556 1183 168 1203 194
person 0.14649816 655 46 672 68
person 0.14510383 858 71 870 85
person 0.14358251 1053 226 1087 268
person 0.14209007 319 323 364 377
person 0.1417478 570 96 596 127
person 0.13939826 1154 562 1232 747
person 0.1347297 525 119 538 133
person 0.12956169 754 210 789 248
person 0.12773369 1117 81 1143 114
person 0.12660122 168 313 241 396
person 0.12575135 183 365 231 421
person 0.12358474 1021 93 1033 123
person 0.12287387 738 202 791 266
person 0.12277145 959 97 986 129
person 0.12276473 797 52 824 83
person 0.12146997 918 147 942 173
person 0.1200574 619 157 645 185
person 0.11888323 687 150 711 177
person 0.11785524 643 149 666 176
person 0.11707586 963 111 984 136
person 0.11529733 1111 142 1132 169
person 0.11443621 601 207 635 244
person 0.113977164 973 80 992 101
person 0.11200193 625 84 643 102
person 0.1119646 675 118 700 145
person 0.11193649 953 93 964 108
person 0.11190459 816 118 840 145
person 0.11109969 609 84 627 102
person 0.11082112 549 96 575 128
person 0.10920332 581 111 602 134
person 0.10784223 968 93 980 114
person 0.10736402 995 157 1033 207
person 0.10686833 511 156 548 207
person 0.10460777 669 200 706 239
person 0.10409805 300 315 376 398
person 0.103717834 933 78 945 91
person 0.1032947 1017 93 1046 127
person 0.10065705 843 146 867 174
person 0.099934354 1167 477 1247 684
person 0.09973607 1062 279 1126 361
person 0.099556535 608 136 645 184
person 0.0988505 538 102 559 122
person 0.09799676 0 180 11 232
person 0.09790266 703 109 726 136
person 0.09709357 690 79 702 99
person 0.09664987 1101 170 1123 197
person 0.09558895 1061 97 1073 121
person 0.09498468 822 207 858 247
person 0.09360526 45 267 93 342
person 0.09342364 995 165 1019 194
person 0.09316801 1148 196 1190 266
person 0.09286514 318 342 368 397
person 0.09258878 657 82 676 102
person 0.09212239 765 125 789 149
person 0.09203858 753 135 790 184
person 0.09190772 1148 169 1171 197
person 0.08943473 617 207 657 249
person 0.08931228 959 171 984 198
person 0.0890364 1245 118 1253 146
person 0.08863603 1241 734 1252 813
person 0.08802613 852 137 889 185
person 0.08770063 942 202 974 239
person 0.08768587 695 77 708 93
person 0.08730117 816 60 833 78
person 0.087296784 611 86 624 99
person 0.08720841 1122 205 1154 236
person 0.0859885 799 116 822 141
person 0.0854991 788 165 811 193
person 0.0847941 749 118 772 144
person 0.084576264 605 162 630 191
person 0.084235564 497 227 532 265
person 0.08422519 660 92 672 107
person 0.08379063 1171 105 1188 128
person 0.08370838 334 451 384 506
person 0.083635196 1072 179 1095 207
person 0.08343775 1211 135 1230 161
person 0.08225854 29 276 124 437
person 0.08161864 352 182 364 206
person 0.08157654 896 86 908 99
person 0.08145598 617 189 641 216
person 0.080785684 114 207 134 236
person 0.080643006 338 208 370 242
person 0.08047475 1174 139 1194 167
person 0.0801593 628 86 641 99
person 0.07930328 250 162 267 184
person 0.07895768 1171 114 1182 130
person 0.07869336 921 93 932 109
person 0.07793756 803 141 825 169
person 0.07789476 1245 138 1252 169
person 0.07754037 577 145 599 171
person 0.07726096 489 124 509 147
person 0.077229865 396 209 429 245
person 0.07701405 1150 192 1173 219
person 0.07685351 731 56 750 76
person 0.076807864 238 391 287 443
person 0.07655731 1134 167 1157 195
person 0.07644038 547 164 569 192
person 0.07598858 955 651 973 683
person 0.07538207 240 361 289 413
person 0.07518041 1183 436 1245 548
person 0.07499209 1093 274 1136 329
person 0.07487222 993 143 1016 169
person 0.07416387 1104 188 1129 216
person 0.07297382 1002 112 1013 128
person 0.07277118 1241 395 1251 480
person 0.071971595 461 152 474 174
person 0.071762405 755 136 776 177
person 0.07170281 796 89 808 103
person 0.07163492 316 436 399 523
person 0.07045086 554 121 567 142
person 0.07022251 658 47 669 64
person 0.06958813 1153 260 1189 303
person 0.069410406 649 43 677 75
person 0.06841863 1240 140 1257 167
person 0.06793008 342 170 379 220
person 0.06754233 53 281 86 328
person 0.067499295 1240 119 1257 145
person 0.06733327 1096 296 1140 352
person 0.0669907 747 49 775 80
person 0.06661688 889 141 913 170
person 0.06642733 1213 128 1231 152
person 0.06630593 1009 190 1036 219
person 0.065344505 1022 300 1068 355
person 0.06529404 1128 116 1139 133
person 0.06458328 391 178 429 228
person 0.064573884 377 156 389 169
person 0.06433149 753 364 807 430
person 0.063639514 418 147 432 161
person 0.063202836 940 136 978 186
person 0.062950075 1240 269 1252 332
person 0.062713906 1237 131 1251 173
person 0.0625449 1109 117 1121 138
person 0.062400218 491 253 530 295
person 0.061717324 750 92 764 111
person 0.06170722 715 164 740 189
person 0.06165686 405 191 418 214
person 0.0614257 38 232 67 271
person 0.060723778 1061 113 1073 127
person 0.06047262 1238 173 1253 222
person 0.060042582 114 201 131 224
person 0.059727475 1238 294 1250 366
person 0.05847014 0 284 9 361
person 0.058159307 766 90 778 103
person 0.057950675 304 414 350 466
person 0.057862565 1245 94 1253 122
person 0.057691056 733 59 747 73
person 0.057688985 952 146 965 169
person 0.057585735 868 221 904 259
person 0.057572808 819 142 833 163
person 0.057531945 685 48 702 69
person 0.057459593 753 32 770 51
person 0.05733825 102 307 145 363
person 0.05719152 312 349 350 387
person 0.05719149 184 389 238 447
person 0.056812726 1241 790 1252 853
person 0.05665005 366 146 392 178
person 0.05606247 574 168 598 195
person 0.054984313 -5 -265 11 -237
person 0.054862425 819 63 831 75
person 0.05482646 1013 206 1077 288
person 0.05454622 756 35 765 49
person 0.054391924 840 186 865 214
person 0.054186083 1110 218 1138 247
person 0.054182217 98 161 116 187
person 0.054150034 580 32 597 51
person 0.05404509 823 91 836 105
person 0.0539956 965 258 1000 298
person 0.053800795 837 108 875 157
person 0.053407922 806 160 860 224
person 0.053287454 683 731 697 791
person 0.05256016 694 89 706 103
person 0.052516297 -4 -254 23 -146
person 0.05241237 311 207 340 239
person 0.05237682 437 252 474 290
person 0.05216273 333 210 355 237
person 0.052117232 1240 -264 1252 -207
person 0.051965564 1007 168 1021 192
person 0.051769014 635 728 650 795
person 0.051692028 1035 229 1055 272
person 0.051514868 431 232 484 301
person 0.05150336 940 192 966 219
person 0.05134717 1163 99 1188 132
person 0.050796047 3 326 14 411
person 0.05035076 154 295 258 448
person 0.05022389 831 51 861 83
person 0.050144617 46 589 64 622
person 0.049736068 864 148 877 172
person 0.049569193 233 114 255 137
person 0.049542725 1238 212 1251 265
person 0.049012814 94 194 143 263
person 0.048740137 423 168 472 235
person 0.048597626 543 208 576 243
person 0.048483055 341 453 372 479
person 0.048430473 799 247 843 299
person 0.048408795 956 147 970 170
person 0.048330773 730 246 775 300
person 0.048309997 -1 -269 7 -236
person 0.048124984 874 737 890 795
person 0.047917403 664 338 719 408
person 0.047837004 716 144 740 170
person 0.047806054 985 292 1041 365
person 0.047672573 253 165 263 180
person 0.04752875 459 183 482 211
person 0.047474544 956 170 1007 239
person 0.047461387 766 146 779 170
person 0.047163505 622 116 637 133
person 0.047052976 -4 -265 10 -257
person 0.04668265 616 149 629 172
person 0.04634537 -1 198 9 252
person 0.045888044 256 466 306 522
person 0.0458192 293 405 417 558
person 0.045776866 1226 -242 1260 -153
person 0.045680486 493 449 510 475
person 0.04567874 698 58 718 79
person 0.045489475 64 -90 97 4
person 0.04539787 506 128 519 143
person 0.04525962 519 168 531 194
person 0.044965576 526 183 548 211
person 0.04481707 1025 248 1067 301
person 0.04475687 1070 433 1140 532
person 0.04470802 245 140 267 162
person 0.044624686 971 846 999 920
person 0.044378236 148 -78 185 13
person 0.044258192 577 191 600 217
person 0.04421666 620 148 633 171
person 0.04404599 886 167 909 194
person 0.043921795 1126 87 1137 100
person 0.043888528 56 611 73 645
person 0.043882113 386 217 409 244
person 0.043622278 380 161 393 175
person 0.043599863 584 34 593 48
person 0.043441825 311 438 429 637
person 0.043388978 328 429 355 451
person 0.04338262 659 84 672 98
person 0.043093987 981 215 1007 241
person 0.042955082 944 117 957 132
person 0.042945735 1240 356 1250 432
person 0.042941086 1230 276 1255 322
person 0.0429362 -4 -171 19 -52
person 0.042920124 280 292 395 450
person 0.04285039 68 620 86 653
person 0.042792402 586 727 601 793
person 0.042779256 1240 96 1257 121
person 0.04277263 887 45 915 77
person 0.042529512 953 297 999 352
person 0.042526785 357 211 379 237
person 0.042500716 538 133 574 183
person 0.042287506 861 302 918 369
person 0.04220233 -2 286 20 363
person 0.041760214 1223 299 1252 367
person 0.04134726 253 399 279 426
person 0.040883653 921 725 940 796
person 0.04084338 54 600 110 741
person 0.04068002 722 109 736 130
person 0.040630754 245 162 272 194
person 0.04040662 558 326 635 417
person 0.040304124 923 846 951 920
person 0.04024274 664 146 717 213
person 0.04015775 0 5 13 65
person 0.04008757 300 183 319 207
person 0.040042344 -2 183 18 225
person 0.039991368 683 247 728 300
person 0.039808866 54 295 97 359
person 0.039753538 506 188 528 219
person 0.039741844 760 223 818 289
person 0.039713684 1080 -256 1098 -198
person 0.039571878 1241 833 1252 905
person 0.03931621 852 57 869 75
person 0.03919392 77 368 122 425
person 0.0390587 913 188 935 214
person 0.039034087 1073 138 1086 160
person 0.0390081 476 186 502 213
person 0.038945746 91 159 119 194
person 0.038741313 1142 133 1175 185
person 0.0387341 1170 109 1181 123
person 0.03854512 141 189 169 223
person 0.038511325 153 351 260 523
person 0.03828685 1181 185 1204 212
person 0.038264032 256 362 279 389
person 0.03821975 144 211 175 245
person 0.03819973 1011 138 1025 153
person 0.03797224 1121 131 1157 182
person 0.037875462 1238 -265 1252 -256
person 0.037794504 1162 406 1259 578
person 0.037614692 842 163 866 191
person 0.037469022 311 176 331 197
person 0.0373932 194 318 220 346
person 0.037217725 261 150 279 169
person 0.037139118 1241 689 1250 774
person 0.037119642 1240 165 1257 194
person 0.03702318 109 196 126 222
person 0.03700207 904 211 960 278
person 0.036949262 260 435 286 459
person 0.036727697 1237 -266 1255 -239
person 0.036708493 875 846 903 921
person 0.0364532 683 33 701 53
person 0.03628428 159 321 204 376
person 0.036180925 1061 80 1075 99
person 0.035922837 916 148 969 216
person 0.03592183 309 316 348 356
person 0.035906192 1245 163 1252 195
person 0.035819102 193 -95 232 -4
person 0.03573491 481 215 503 239
person 0.03561532 1229 217 1253 257
person 0.035442144 1024 -260 1042 -200
person 0.03535046 0 -271 10 -209
person 0.03527401 972 -261 990 -201
person 0.03524192 311 208 365 277
person 0.035099626 1160 -248 1176 -200
person 0.035094418 936 651 957 683
person 0.034973104 219 104 267 174
person 0.034868896 983 194 1007 222
person 0.034773216 1163 340 1196 388
person 0.034756646 1193 512 1237 620
person 0.034664813 525 140 544 155
person 0.03452373 184 323 225 355
person 0.034411862 456 217 480 242
person 0.034408543 1173 164 1213 217
person 0.0343282 201 198 253 267
person 0.034289494 1136 284 1225 443
person 0.034202944 166 376 247 468
person 0.03403346 1021 43 1049 77
person 0.03403174 888 190 911 214
person 0.03401597 339 254 377 290
person 0.03398851 911 792 934 851
person 0.033965237 260 270 295 305
person 0.0338586 1039 117 1053 147
person 0.0337358 632 160 686 227
person 0.03367482 256 556 282 583
person 0.033378568 723 91 738 121
person 0.033374 237 116 252 132
person 0.033324603 517 104 535 125
person 0.033313446 682 44 712 77
person 0.03322532 599 215 656 281
person 0.033224966 440 129 460 150
person 0.033197153 786 251 830 304
person 0.032739345 586 80 601 95
person 0.03266591 52 -266 71 -246
person 0.03262225 550 191 572 217
person 0.032620545 1133 140 1145 161
person 0.032552004 1198 173 1219 199
person 0.032542888 480 226 535 294
person 0.03247229 247 307 285 344
person 0.03246115 1245 70 1252 99
person 0.032374103 949 416 1024 512
person 0.03223549 701 498 714 534
person 0.032209735 1138 741 1149 770
person 0.03208555 787 191 812 216
person 0.032057006 223 120 249 154
person 0.0319909 934 161 948 184
person 0.03197076 30 -265 45 -258
person 0.03195986 496 452 506 469
person 0.0319127 1019 846 1047 920
person 0.031848025 961 789 979 850
person 0.03183803 1 134 13 186
person 0.031795003 524 169 537 193
person 0.031783164 80 311 161 406
person 0.031675097 0 136 8 169
person 0.03159352 581 42 610 76
person 0.031587742 1116 -251 1133 -198
person 0.031566016 618 218 642 240
person 0.031519227 503 92 532 125
person 0.031406123 923 -260 942 -200
person 0.03139355 685 91 702 106
person 0.03137222 456 669 478 700
person 0.031331375 264 151 276 166
person 0.03128737 427 136 464 186
person 0.031215511 501 217 524 243
person 0.031090932 1116 229 1140 259
person 0.030944962 922 256 961 295
person 0.030893095 871 259 908 298
person 0.030873654 29 -266 48 -247
person 0.030851293 1039 458 1133 659
person 0.030836625 870 57 889 77
person 0.03079747 116 103 163 177
person 0.030751765 854 60 866 73
person 0.030679246 1009 209 1034 235
person 0.030599913 400 189 412 213
person 0.030497797 96 42 138 125
person 0.030475408 381 255 419 291
person 0.030444685 1080 40 1107 75
person 0.030392457 202 215 233 248
person 0.03022855 1155 231 1180 257
person 0.030175341 228 122 246 146
person 0.030139508 1027 233 1061 262
person 0.030039452 365 518 410 573
person 0.029972952 286 490 334 542
person 0.029941184 354 -85 392 8
person 0.029864755 480 140 516 188
person 0.02971641 710 91 747 139
person 0.029577164 1137 728 1147 748
person 0.029564828 304 268 340 304
person 0.029562645 1240 -222 1251 -153
person 0.029456984 862 185 886 210
person 0.029278448 1052 215 1080 243
person 0.029240998 1045 261 1142 412
person 0.029164072 1184 728 1192 744
person 0.029081382 687 51 698 66
person 0.029016798 45 580 62 612
person 0.028772537 930 38 960 72
person 0.028518364 191 269 227 305
person 0.028469466 1239 286 1257 315
person 0.028419318 1162 727 1173 745
person 0.028339772 1065 125 1102 175
person 0.028321126 779 846 806 922
person 0.028198604 635 53 654 75
person 0.027990146 50 32 79 72
person 0.027945084 -4 186 12 217
person 0.02787683 1186 390 1197 404
person 0.027859919 1163 743 1171 767
person 0.027835622 299 176 318 197
person 0.02774324 687 36 696 51
person 0.027729493 659 115 674 134
person 0.02768836 1244 123 1252 137
person 0.027629163 379 287 461 375
person 0.02762655 40 43 81 125
person 0.0275586 1186 407 1197 424
person 0.027515644 557 76 577 98
person 0.027475648 989 -265 1004 -256
person 0.027459605 827 847 854 922
person 0.027257305 1013 -265 1028 -256
person 0.027225537 0 159 9 190
person 0.027196256 864 791 886 849
person 0.027190873 7 114 47 196
person 0.027064256 1037 -265 1052 -256
person 0.027019007 615 378 684 470
person 0.027009876 154 475 269 664
person 0.026995895 577 42 599 67
person 0.0269842 1070 174 1083 199
person 0.026931306 52 -266 68 -258
person 0.02686796 1202 -265 1217 -257
person 0.026830198 965 -265 980 -256
person 0.026519373 19 398 35 480
person 0.026457155 586 846 613 922
person 0.02644982 461 128 482 150
person 0.026439212 632 252 671 292
person 0.026397618 634 846 661 922
person 0.026368938 440 195 454 221
person 0.026358632 340 401 367 422
person 0.026354397 761 232 788 258
person 0.02632197 347 148 365 169
person 0.026318377 -4 14 13 43
person 0.026231954 724 498 737 534
person 0.02619829 690 672 704 737
person 0.026198197 718 217 742 243
person 0.026083304 779 37 790 51
person 0.026067331 560 49 580 72
person 0.02599463 509 409 530 436
person 0.025926016 225 7 269 88
person 0.025867853 731 846 757 922
person 0.025648974 -9 647 46 829
person 0.025576226 1061 -265 1076 -256
person 0.025573328 333 36 361 72
person 0.025517743 1175 109 1186 122
person 0.025461176 1240 188 1257 218
person 0.025438221 415 128 434 149
person 0.025326997 682 846 709 922
person 0.025325378 941 -265 956 -256
person 0.025250481 2 332 28 406
person 0.025227044 334 152 386 225
person 0.025136754 68 604 85 635
person 0.02512545 657 35 674 53
person 0.025057456 280 458 308 483
person 0.02502687 966 -266 982 -239
person 0.024985831 648 160 662 183
person 0.024980245 877 -259 895 -199
person 0.024968974 1177 600 1220 721
person 0.024928145 188 165 217 200
person 0.024920663 508 437 528 466
person 0.024839181 1020 137 1058 186
person 0.024834378 1229 400 1253 475
person 0.02482664 990 -266 1006 -239
person 0.024795813 296 367 319 391
person 0.024784718 313 425 344 453
person 0.024774883 1180 214 1203 239
person 0.024751443 977 34 1006 67
person 0.024687963 372 165 388 178
person 0.024665568 941 -266 958 -240
person 0.024631478 260 447 288 471
person 0.024605602 733 472 743 509
person 0.024572242 971 731 987 791
person 0.024554886 251 218 283 251
person 0.024521003 35 587 51 623
person 0.024513712 430 234 456 258
person 0.024478707 322 396 376 448
person 0.024403794 696 192 721 219
person 0.02440284 -11 356 72 539
person 0.024387004 581 249 631 301
person 0.024349554 660 38 670 51
person 0.024333864 185 171 203 194
person 0.024271049 1014 -266 1030 -239
person 0.024255617 115 625 134 657
person 0.024214515 909 112 925 136
person 0.02415452 370 533 415 588
person 0.024117498 1059 237 1088 262
person 0.024063818 828 738 843 790
person 0.024042673 687 157 700 180
person 0.024042081 99 432 116 445
person 0.023994213 1038 -266 1054 -239
person 0.023975333 775 33 794 54
person 0.023868069 1051 404 1155 560
person 0.023862977 1061 148 1111 220
person 0.02378522 917 -266 934 -241
person 0.023746753 1245 186 1252 219
person 0.023728803 1241 72 1256 98
person 0.023689164 959 234 982 259
person 0.023598421 0 -253 9 -164
person 0.023589551 1186 744 1194 766
person 0.023534095 1201 -266 1220 -246
person 0.023388598 539 29 556 49
person 0.023374395 538 846 565 922
person 0.023363834 1139 194 1152 219
person 0.023357866 1238 306 1257 335
person 0.023194332 386 -89 425 4
person 0.023153422 901 114 916 134
person 0.023096612 1109 351 1148 410
person 0.023072394 129 351 172 407
person 0.022999223 257 566 281 589
person 0.02299451 761 218 786 244
person 0.02298304 0 699 9 812
person 0.022923063 1062 -266 1078 -239
person 0.022891507 0 183 8 220
person 0.022828188 1225 358 1252 429
person 0.022820864 1161 806 1178 852
person 0.022690196 1163 847 1185 906
person 0.02267809 917 -265 932 -256
person 0.022641838 670 210 696 234
person 0.022629937 1115 739 1126 773
person 0.02262562 1080 214 1105 242
person 0.022420973 -3 161 13 189
person 0.022380179 1085 -265 1100 -256
person 0.02237182 104 -154 139 -54
person 0.02228465 892 -266 910 -242
person 0.022279393 117 204 128 218
person 0.022273038 1137 767 1149 798
person 0.022204418 1245 46 1252 75
person 0.022171315 824 174 837 199
person 0.02214976 625 789 647 847
person 0.022148566 340 499 392 555
person 0.022108847 1078 866 1114 973
person 0.022071814 541 296 656 464
person 0.022060288 108 265 139 305
person 0.022045512 1153 140 1166 162
person 0.021990169 500 450 513 470
person 0.021986436 1015 726 1032 793
person 0.021963954 666 316 709 377
person 0.021962954 1156 823 1188 934
person 0.021925062 636 301 748 461
person 0.021905253 56 288 183 451
person 0.021886788 199 460 251 515
person 0.02187738 577 789 599 847
person 0.02187164 308 378 338 401
person 0.021839332 1016 900 1041 982
person 0.021836255 179 175 197 198
person 0.021784449 0 -14 10 49
person 0.021778077 -11 -183 27 -35
person 0.02177212 316 193 334 208
person 0.02175977 437 80 466 113
person 0.021647181 492 441 510 466
person 0.021620668 -6 302 12 333
person 0.021587146 549 138 563 162
person 0.021570634 967 899 993 982
person 0.021553705 612 460 620 484
person 0.021542907 1118 33 1146 72
person 0.021531466 1239 263 1257 292
person 0.021511843 66 839 89 920
person 0.021507535 0 11 8 46
person 0.021488877 1180 -266 1199 -246
person 0.02148217 673 791 695 849
person 0.02147748 18 406 48 478
person 0.021470947 608 194 620 218
person 0.021420203 585 447 598 481
person 0.021369945 1178 238 1201 262
person 0.021278387 1064 899 1089 982
person 0.021238672 1067 847 1095 920
person 0.021196205 1160 407 1172 426
person 0.021190953 1245 283 1252 317
person 0.021157252 703 471 714 509
person 0.021149782 799 31 818 53
person 0.021143092 919 899 945 983
person 0.021136604 400 575 425 600
person 0.021131553 1163 385 1177 401
person 0.021120884 1085 -266 1102 -241
person 0.021086505 840 214 863 239
person 0.021084515 1191 604 1263 828
person 0.021068698 1181 -265 1196 -257
person 0.02104903 835 -257 854 -197
person 0.020998111 1052 496 1122 628
person 0.020994151 1244 100 1252 114
person 0.02095165 1244 143 1252 159
person 0.020933561 490 284 571 372
person 0.020916812 67 165 96 200
person 0.020896154 753 501 764 537
person 0.020853573 1031 139 1047 163
person 0.020801108 717 188 742 211
person 0.02076658 414 162 428 175
person 0.020623848 868 -266 886 -243
person 0.0206198 846 100 862 117
person 0.020617083 480 259 504 284
person 0.020589603 765 180 777 205
person 0.02053828 1077 140 1091 154
person 0.020527083 406 136 444 186
person 0.02051157 871 899 897 983
person 0.020430611 1032 281 1058 304
person 0.02042704 779 303 823 362
person 0.020342411 489 847 517 921
person 0.020308698 678 500 691 534
person 0.020301174 354 186 368 201
person 0.020285314 638 56 650 71
person 0.020248177 206 327 235 356
person 0.02019488 709 177 814 332
person 0.020138059 94 648 113 680
person 0.020097125 892 -265 907 -257
person 0.020096976 1006 796 1028 852
person 0.020047935 490 127 506 139
person 0.019995349 -4 202 16 244
person 0.019922465 1117 849 1141 909
person 0.01987609 1240 951 1248 1004
person 0.0198746 983 239 1007 265
person 0.019856937 594 353 700 522
person 0.019850455 1077 283 1110 307
person 0.0198307 438 690 460 720
person 0.019736422 888 217 911 240
person 0.019716468 70 -124 92 -66
person 0.019666445 1215 130 1227 145
person 0.019653851 -1 11 20 56
person 0.019641902 196 319 217 364
person 0.019624183 823 899 849 983
person 0.019580632 816 209 841 233
person 0.019491604 926 167 940 193
person 0.019484578 802 35 814 50
person 0.019451227 1239 213 1257 242
person 0.019423598 1171 35 1197 73
person 0.019366337 310 449 339 472
person 0.01934983 370 121 389 143
person 0.019342303 328 22 373 103
person 0.01934165 0 -104 10 -26
person 0.019302065 504 145 520 163
person 0.019269511 732 735 746 789
person 0.019267349 1085 282 1105 331
person 0.019265017 -3 139 12 167
person 0.019237593 824 296 869 354
person 0.019236103 1234 83 1248 126
person 0.019226192 1113 766 1125 799
person 0.0192197 487 144 561 236
person 0.019152256 199 -145 236 -49
person 0.01915018 294 126 323 160
person 0.01913694 147 194 161 217
person 0.019127015 31 565 47 600
person 0.019115297 780 737 795 790
person 0.01906963 1196 185 1217 213
person 0.019040788 977 874 1013 984
person 0.018976431 0 649 8 767
person 0.018956324 933 438 1022 627
person 0.01892129 545 40 574 75
person 0.018915346 1211 98 1228 121
person 0.018914731 693 31 712 52
person 0.01889274 653 495 665 525
person 0.018891893 1109 -266 1126 -242
person 0.018851593 961 421 1003 484
person 0.018841397 110 313 136 339
person 0.018828932 116 291 140 318
person 0.018812234 117 256 139 284
person 0.018791929 757 416 831 510
person 0.018767104 1016 351 1058 410
person 0.018751107 438 145 453 161
person 0.018729053 679 70 719 120
person 0.018719723 92 71 122 109
person 0.018702073 1239 238 1257 267
person 0.018692844 347 107 358 123
person 0.01867038 233 118 263 155
person 0.018657628 256 388 281 416
person 0.018655114 775 899 800 983
person 0.01862667 1179 285 1202 309
person 0.018589566 117 39 148 79
person 0.018586272 319 146 339 167
person 0.01850087 1138 721 1149 754
person 0.018494505 785 -256 803 -197
person 0.018485658 374 -100 432 27
person 0.018446114 117 857 151 981
person 0.018428976 1062 730 1078 798
person 0.018412948 537 727 553 792
person 0.0184128 823 729 846 803
person 0.018379865 1108 -265 1123 -257
person 0.018366244 910 213 934 236
person 0.018316165 297 144 316 165
person 0.018315898 1245 260 1252 294
person 0.018298158 13 236 125 371
person 0.018281108 540 77 559 99
person 0.018271316 207 318 230 346
person 0.018221738 502 235 526 260
person 0.01818088 844 -266 862 -244
person 0.018170672 1018 649 1035 682
person 0.018166965 721 296 766 355
person 0.018155243 1062 349 1107 407
person 0.018144198 1091 737 1101 774
person 0.018138023 121 -246 159 -154
person 0.018116847 962 195 975 224
person 0.018023366 1245 210 1252 243
person 0.017986119 0 852 15 951
person 0.01794814 207 870 244 986
person 0.017915433 739 -258 758 -199
person 0.017883621 1244 712 1251 754
person 0.017852234 586 428 595 449
person 0.017851522 727 899 752 983
person 0.017848589 1244 23 1252 51
person 0.017804507 995 185 1089 342
person 0.017780915 1182 403 1201 429
person 0.017767677 952 353 997 413
person 0.01776429 1245 235 1252 269
person 0.017740387 923 52 940 74
person 0.017733674 0 -232 6 -184
person 0.017723659 746 423 767 454
person 0.017717866 0 -3 7 35
person 0.017696435 377 599 403 624
person 0.017660992 0 -256 6 -210
person 0.017636836 -4 1 12 30
person 0.017628033 1161 210 1175 235
person 0.017579073 1197 442 1225 514
person 0.017534561 1191 580 1223 650
person 0.017467182 71 635 94 670
person 0.01743983 1000 687 1009 729
person 0.017422467 686 -259 703 -201
person 0.017420508 0 427 9 520
person 0.017396992 62 289 86 318
person 0.017395403 647 80 685 131
person 0.017363848 115 230 127 254
person 0.017349241 0 -156 10 -68
person 0.017313525 946 463 1009 579
person 0.01730504 679 899 704 983
person 0.017300306 1112 726 1122 748
person 0.017279694 931 394 1042 557
person 0.017262317 874 61 886 74
person 0.017257012 211 -248 249 -158
person 0.017254967 -1 465 6 510
person 0.017229918 1244 303 1252 337
person 0.017221782 -5 787 15 949
person 0.017198514 1008 239 1034 266
person 0.017173707 868 -265 884 -257
person 0.017166657 721 327 838 457
person 0.017148059 438 75 458 98
person 0.017124223 1112 900 1137 983
person 0.017110521 -5 384 51 515
person 0.017105838 457 861 478 891
person 0.017090397 243 105 266 127
person 0.017089138 1246 692 1252 731
person 0.017085038 188 600 284 812
person 0.017084725 631 899 656 983
person 0.017070672 441 847 469 921
person 0.01706483 534 899 560 983
person 0.01705709 374 542 410 569
person 0.017054787 486 899 512 983
person 0.017035982 582 899 608 983
person 0.017034112 432 638 463 670
person 0.017018989 45 478 62 510
person 0.01700548 347 469 384 495
person 0.016997185 697 217 722 241
person 0.016990907 738 376 846 542
person 0.016987436 1069 605 1157 811
person 0.01695149 50 492 66 526
person 0.01694925 546 27 565 48
person 0.016938385 438 899 464 983
person 0.016925352 113 440 135 459
person 0.016924137 433 861 453 891
person 0.016912576 481 861 502 890
person 0.016898429 332 433 351 444
person 0.016852472 657 479 667 502
person 0.01684662 314 548 340 571
person 0.016845956 638 -260 656 -202
person 0.01682897 0 945 10 1000
person 0.016822658 490 103 509 125
person 0.016820649 399 194 511 359
person 0.016819583 1177 426 1197 457
person 0.016816137 1244 920 1251 972
person 0.016794968 1173 303 1199 327
person 0.016785875 146 265 181 301
person 0.01678165 1185 29 1195 46
person 0.016773533 395 406 430 443
person 0.016758999 1243 736 1251 777
person 0.016722603 1164 72 1181 94
person 0.01671514 409 861 429 891
person 0.016712671 390 899 415 983
person 0.016708355 197 899 223 983
person 0.016703976 617 235 639 258
person 0.01670197 0 489 6 536
person 0.016684148 376 524 403 546
person 0.016673919 396 75 426 109
person 0.016672498 987 860 1010 941
person 0.016664814 944 53 962 75
person 0.01666176 891 860 914 941
person 0.016656961 895 393 970 484
person 0.016656157 0 593 8 727
person 0.016628237 102 809 148 951
person 0.016622819 269 463 314 505
person 0.016591039 122 -172 144 -111
person 0.016569035 1236 35 1249 82
person 0.016564142 505 861 526 890
person 0.016562682 300 875 338 986
person 0.016516222 393 846 421 921
person 0.016505651 695 421 720 454
person 0.01649284 721 793 743 850
person 0.01649283 310 408 338 430
person 0.01648202 939 860 962 941
person 0.016469536 726 423 744 456
person 0.016462423 484 649 507 681
person 0.016410582 164 -259 181 -200
person 0.016403941 683 470 694 502
person 0.016402341 305 -250 343 -160
person 0.016398864 342 899 367 983
person 0.016392434 359 441 385 459
person 0.016360374 485 -266 503 -242
person 0.016358532 101 163 112 181
person 0.016354084 438 721 459 753
person 0.016348453 340 -266 358 -242
person 0.016348284 509 -266 527 -242
person 0.016345019 316 -266 334 -242
person 0.016344866 529 861 550 890
person 0.016343998 0 802 10 899
person 0.01634338 244 -266 262 -242
person 0.01634304 460 -266 479 -242
person 0.016342452 292 -266 310 -242
person 0.016342374 391 129 409 149
person 0.0163414 969 687 987 723
person 0.01634104 364 -266 382 -242
person 0.016339982 268 -266 286 -242
person 0.016338604 769 794 791 851
person 0.016334457 680 465 690 481
person 0.016333593 388 -266 406 -242
person 0.01632862 220 -266 238 -242
person 0.016328406 412 -266 430 -242
person 0.016328383 53 899 79 984
person 0.016325228 581 -266 599 -242
person 0.01632479 557 -266 575 -242
person 0.01632332 149 899 175 983
person 0.01632107 436 -266 454 -242
person 0.016320689 246 899 271 983
person 0.01631641 533 -266 551 -242
person 0.01630735 511 440 524 459
person 0.016303642 345 846 372 922
person 0.016299725 821 -266 839 -244
person 0.016279606 491 160 503 175
person 0.016268224 1035 861 1058 941
person 0.016265683 489 660 510 690
person 0.016264113 385 861 405 891
person 0.01624829 589 -261 606 -202
person 0.016233776 529 209 551 235
person 0.016233098 1203 493 1234 565
person 0.016229382 605 -266 623 -243
person 0.016219724 -1 585 6 630
person 0.016175691 578 861 598 890
person 0.016168233 294 899 319 983
person 0.016164564 553 861 574 890
person 0.016160885 66 -74 92 -15
person 0.016152699 883 74 921 126
person 0.0161441 196 -266 214 -243
person 0.016126955 396 -253 434 -163
person 0.016118618 602 861 622 890
person 0.016115837 727 726 748 802
person 0.016103676 346 739 357 772
person 0.016092641 205 542 232 567
person 0.016085507 1036 171 1050 193
person 0.016081456 342 738 365 795
person 0.01607656 118 440 131 455
person 0.016055463 68 578 84 609
person 0.016046295 318 559 369 615
person 0.016018547 338 384 369 406
person 0.016017186 782 72 821 122
person 0.015983326 629 -266 647 -243
person 0.015970651 626 861 646 890
person 0.0159673 878 -126 968 64
person 0.015960395 1091 -248 1101 -207
person 0.015952278 817 792 839 849
person 0.01592832 1132 -266 1150 -244
person 0.015927723 361 861 381 891
person 0.015921813 284 543 307 567
person 0.015903823 152 738 163 772
person 0.015888212 1112 717 1124 756
person 0.015883254 653 -266 671 -243
person 0.015882054 541 -261 558 -202
person 0.015868153 793 213 819 238
person 0.015861848 1160 900 1185 983
person 0.015853178 632 475 644 505
person 0.015828535 916 297 963 354
person 0.015827006 698 462 711 488
person 0.015781406 650 861 670 890
person 0.015781324 1179 863 1214 976
person 0.015769007 541 30 551 46
person 0.0157672 337 861 357 891
person 0.01574062 843 860 866 942
person 0.015730899 327 329 357 355
person 0.015720654 578 554 594 590
person 0.015712187 437 58 456 77
person 0.01571117 848 115 863 135
person 0.015706953 571 412 590 440
person 0.015699465 313 861 333 891
person 0.015672812 493 -261 510 -203
person 0.015639568 995 53 1012 74
person 0.015638797 289 861 309 891
person 0.015628112 172 -266 190 -243
person 0.015587884 674 861 694 890
person 0.01553959 265 861 285 891
person 0.015533793 754 520 766 555
person 0.015529733 331 207 376 257
person 0.015521549 115 590 134 620
person 0.01549224 1070 -122 1160 63
person 0.015485376 -2 -107 17 -22
person 0.015469768 550 29 562 44
person 0.015465593 358 263 480 425
person 0.015463285 491 879 529 988
person 0.015444747 -1 -203 15 -109
person 0.015433158 867 217 891 240
person 0.01542091 79 -253 92 -198
person 0.015414077 71 -173 94 -95
person 0.015407253 241 861 261 891
person 0.015404483 615 144 631 165
person 0.015399083 124 -254 138 -199
person 0.015387484 677 -266 695 -243
person 0.015381905 770 861 791 890
person 0.015379798 698 861 718 890
person 0.015379429 1155 -107 1213 24
person 0.015372593 118 211 130 227
person 0.015360342 1244 703 1252 718
person 0.015359736 1161 768 1174 797
person 0.015358814 61 344 103 406
person 0.015353982 161 -174 185 -112
person 0.015353969 348 -261 366 -203
person 0.015350704 445 -261 462 -203
person 0.015348613 722 861 742 890
person 0.015334207 746 861 767 890
person 0.015328945 101 128 113 144
person 0.015310653 70 448 168 658
person 0.01527061 552 213 577 236
person 0.015265257 773 118 891 275
person 0.015264569 373 107 383 123
person 0.015245235 396 -261 414 -203
person 0.015222159 609 475 621 507
person 0.0152195785 300 -261 318 -203
person 0.015204799 780 690 795 748
person 0.015202778 794 861 815 890
person 0.015200802 83 390 124 451
person 0.015177478 731 686 747 753
person 0.015167117 94 427 121 449
person 0.015159369 1240 47 1256 74
person 0.01513043 174 335 201 361
person 0.015118263 971 -124 1062 69
person 0.015115225 319 128 338 147
person 0.015106999 323 350 361 376
person 0.015093957 725 27 745 49
person 0.01507565 576 215 599 238
person 0.015059863 217 861 237 891
person 0.015057862 249 727 265 796
person 0.0150498515 1182 27 1199 48
person 0.015046486 1244 681 1253 693
person 0.015037494 0 754 9 852
person 0.015030603 1112 72 1147 126
person 0.015020532 599 441 608 458
person 0.015019086 429 621 460 650
person 0.015005717 354 457 375 467
person 0.015000129 0 142 7 160
person 0.014998881 588 880 625 990
person 0.014997395 1083 861 1106 942
person 0.014992832 614 321 655 381
person 0.0149907125 937 236 962 261
person 0.014974696 403 615 437 643
person 0.014971812 447 190 567 352
person 0.014962926 1153 258 1178 281
person 0.014951853 -1 137 20 178
person 0.014951299 303 126 313 140
person 0.014929586 182 -104 240 18
person 0.014890696 113 326 143 351
person 0.014889324 997 57 1009 71
person 0.0148783615 797 -266 815 -244
person 0.014869634 906 79 944 130
person 0.014842675 697 34 709 50
person 0.014841212 818 860 839 890
person 0.014839343 148 -266 166 -243
person 0.01483615 778 520 790 554
person 0.014828855 1226 171 1258 230
person 0.014820567 280 584 403 750
person 0.014817449 47 638 68 673
person 0.014815555 111 -123 135 -66
person 0.014814714 258 171 278 192
person 0.014812159 0 -209 6 -160
person 0.014800572 701 -266 719 -243
person 0.014791389 -4 -268 16 -187
person 0.014780032 130 739 141 771
person 0.014768553 794 860 817 942
person 0.014765737 370 105 388 125
person 0.014756922 308 182 346 234
person 0.014725167 343 -94 399 34
person 0.01471568 843 -265 860 -257
person 0.014698013 252 -261 270 -203
person 0.014683408 924 -249 934 -207
person 0.014675082 102 899 127 985
person 0.014669147 394 878 433 987
person 0.01465676 205 97 274 195
person 0.014650819 202 -123 228 -67
person 0.014650501 1242 401 1250 439
person 0.014643172 1157 742 1178 810
person 0.014642773 -5 471 10 503
person 0.014641672 762 146 773 169
person 0.014641644 1132 -265 1148 -257
person 0.014634231 529 790 551 847
person 0.014612429 466 463 485 487
person 0.014609655 376 614 408 640
person 0.014598806 467 485 487 511
person 0.014598189 747 444 769 482
person 0.014596008 1241 -175 1252 -104
person 0.014591557 205 -261 222 -202
person 0.01458826 1083 -113 1146 17
person 0.014573543 519 108 532 121
person 0.014572941 75 -266 94 -245
person 0.014569003 636 110 747 267
person 0.014563405 1209 -156 1245 -51
person 0.014505256 608 493 619 525
person 0.0145000005 1231 -266 1255 -195
person 0.014480833 863 157 878 179
person 0.014479152 -1 67 13 132
person 0.014460052 45 79 76 119
person 0.014458869 284 37 312 74
person 0.014436118 1243 760 1251 801
person 0.014425728 684 879 720 990
person 0.01440172 57 283 81 313
person 0.014372701 773 -266 792 -244
person 0.01436303 1156 192 1169 217
person 0.01433606 193 861 213 891
person 0.014311871 103 600 182 817
person 0.014304875 406 232 431 257
person 0.014289683 1156 -266 1171 -257
person 0.014258914 206 474 246 499
person 0.014254611 1194 -166 1249 -25
person 0.014249192 1242 858 1252 948
person 0.01424871 843 860 863 890
person 0.014237983 65 404 96 420
person 0.014232195 334 75 360 100
person 0.0142178 123 -266 142 -244
person 0.014211954 807 77 847 129
person 0.014146979 -1 561 6 605
person 0.014129592 297 846 324 922
person 0.014127653 698 451 713 496
person 0.014110084 -6 282 11 313
person 0.014106039 955 143 971 162
person 0.014104295 159 -124 184 -67
person 0.014100263 381 304 429 358
person 0.01409732 244 543 291 598
person 0.014088594 1156 -266 1174 -245
person 0.014069646 725 -266 743 -243
person 0.014048026 382 512 409 531
person 0.0140250195 749 -266 767 -243
person 0.014024091 775 728 797 804
person 0.014016748 532 22 578 102
person 0.0139840515 -3 39 17 67
person 0.013977255 389 458 426 496
person 0.013954937 1214 -253 1266 -135
person 0.013939402 1214 138 1226 154
person 0.013924917 -1 298 6 337
person 0.013902902 565 86 602 137
person 0.013836021 1080 243 1106 265
person 0.013821007 441 48 469 81
person 0.013798537 -5 592 10 623
person 0.013792355 269 606 368 803
person 0.013780516 212 0 277 110
person 0.013768429 1168 -98 1206 0
person 0.013758487 474 612 557 826
person 0.013749657 428 672 455 699
person 0.01374327 1243 -226 1251 -182
person 0.013734988 1187 170 1199 185
person 0.013731519 495 444 506 461
person 0.013727722 582 423 599 457
person 0.01370457 779 880 815 989
person 0.01370091 1181 428 1193 450
person 0.0136953825 1233 832 1253 913
person 0.01366907 124 353 153 376
person 0.013660363 502 267 527 292
person 0.013648289 1050 88 1085 140
person 0.013619906 -1 205 6 243
person 0.0136184655 250 -123 276 -66
person 0.013607005 1240 491 1250 530
person 0.01359762 84 27 147 142
person 0.013592918 204 809 252 943
person 0.013585191 867 860 887 890
person 0.013532072 1244 76 1252 93
person 0.013526306 758 474 768 513
person 0.013523704 1243 784 1251 826
person 0.013523545 344 405 363 417
person 0.013520174 797 242 820 264
person 0.013517409 1187 126 1231 203
person 0.013506679 -4 -251 10 -216
person 0.013456269 60 736 70 770
person 0.013446853 405 556 432 579
person 0.013443942 314 -142 352 -45
person 0.013433657 322 739 333 772
person 0.013421003 826 277 949 437
person 0.013397253 231 124 242 140
person 0.013385686 177 737 188 771
person 0.013371443 810 262 832 286
person 0.013358459 975 -16 1078 166
person 0.013354413 0 730 6 777
person 0.013334303 105 566 124 597
person 0.0133168 1044 56 1055 71
person 0.01331596 948 -249 958 -208
person 0.013310022 343 387 364 401
person 0.013290966 627 31 675 108
person 0.013284721 497 -253 535 -163
person 0.013278959 1090 743 1099 763
person 0.013264716 -3 279 19 327
person 0.013254198 389 128 501 277
person 0.013238715 -5 567 10 598
person 0.013230415 24 546 39 581
person 0.013228659 -1 419 6 460
person 0.0132277375 -5 423 10 456
person 0.013219437 878 880 914 993
person 0.0132125905 746 860 769 942
person 0.013183609 300 123 317 142
person 0.013180779 1117 807 1135 857
person 0.013161883 210 500 243 524
person 0.013158098 291 63 320 100
person 0.013134214 820 -266 836 -257
person 0.013130574 1179 862 1202 945
person 0.013126045 490 149 505 169
person 0.01310297 136 -89 191 37
person 0.013093681 0 276 6 317
person 0.0130768875 1047 138 1119 237
person 0.01306268 1066 736 1077 774
person 0.013041733 1169 304 1193 359
person 0.013020122 816 242 841 265
person 0.013007775 1130 260 1154 281
person 0.012983029 1217 475 1233 565
person 0.0129682245 960 667 981 702
person 0.012967567 618 397 651 427
person 0.01296241 604 232 631 258
person 0.012954865 1070 812 1120 940
person 0.012952969 1232 -225 1253 -146
person 0.012919299 249 846 276 922
person 0.012913263 531 -91 570 1
person 0.012904336 449 56 468 76
person 0.012902551 733 476 742 497
person 0.012902121 280 471 311 500
person 0.012901331 1087 726 1098 746
person 0.012898562 -1 440 6 485
person 0.012856072 169 860 189 891
person 0.012845154 1000 165 1013 188
person 0.012827921 355 405 383 423
person 0.0128219025 256 471 302 495
person 0.012807758 661 462 669 477
person 0.012801879 1154 -256 1180 -189
person 0.012790212 113 453 135 475
person 0.012785522 472 113 584 275
person 0.012776101 718 239 742 262
person 0.012738489 927 129 1040 277
person 0.012731396 245 556 271 579
person 0.012727866 803 525 813 557
person 0.012724714 566 181 690 346
person 0.0127225295 1112 749 1126 815
person 0.012714499 462 650 486 678
person 0.012709682 1243 -203 1251 -158
person 0.012707516 1105 259 1130 285
person 0.012696842 791 -117 881 69
person 0.012694905 139 407 182 465
person 0.012677883 285 438 310 460
person 0.012669704 109 843 133 922
person 0.012667323 1191 592 1229 615
person 0.012641842 -6 231 10 263
person 0.012634404 891 859 911 890
person 0.012615069 27 33 89 142
person 0.012611189 539 39 557 62
person 0.012596011 619 143 635 163
person 0.0125754895 0 -185 6 -136
person 0.012557626 592 -252 631 -162
person 0.012552317 0 683 24 838
person 0.012551987 0 705 6 752
person 0.012549039 0 471 8 569
person 0.012546167 791 42 829 91
person 0.012539257 490 725 507 792
person 0.012527378 505 278 530 302
person 0.012526433 1243 422 1251 463
person 0.012520761 337 373 476 542
person 0.012503681 94 407 113 419
person 0.012482632 1243 -178 1251 -134
person 0.0124512715 1180 262 1203 286
person 0.01244956 -4 -225 10 -192
person 0.012449365 1173 356 1193 370
person 0.012443896 192 -171 216 -111
person 0.012437706 1246 669 1252 705
person 0.012415376 0 776 6 825
person 0.012399213 481 790 503 847
person 0.012391595 196 782 258 906
person 0.012388096 639 663 654 745
person 0.01237951 0 538 6 582
person 0.012355061 1242 471 1251 512
person 0.012346265 346 116 364 136
person 0.012336553 698 860 721 943
person 0.0123333465 384 -148 420 -47
person 0.012326053 984 -111 1048 21
person 0.012325455 389 569 418 593
person 0.012322466 631 459 642 480
person 0.012320893 1067 -249 1077 -207
person 0.012318451 -5 325 14 357
person 0.012298932 861 -9 969 166
person 0.012296019 449 261 473 283
person 0.012286451 512 410 525 429
person 0.012285587 1244 352 1251 387
person 0.012281289 1060 264 1086 288
person 0.012280452 890 -110 956 20
person 0.012278179 728 457 738 493
person 0.012273397 527 433 536 453
person 0.012261518 101 97 171 199
person 0.012251801 1041 51 1059 74
person 0.012247168 952 260 1068 428
person 0.012246299 99 -266 118 -244
person 0.012244602 384 788 406 843
person 0.012242596 488 31 506 51
person 0.012230924 66 176 168 338
person 0.012214287 0 608 6 656
person 0.012210312 1082 266 1108 291
person 0.01219369 322 131 334 145
person 0.012192674 344 105 362 124
person 0.012189436 314 11 381 125
person 0.012164874 292 375 315 400
person 0.012129753 900 -249 910 -207
person 0.012125578 359 78 380 100
person 0.01207272 675 517 685 551
person 0.012064049 897 53 916 75
person 0.012062505 488 691 510 725
person 0.012030095 176 399 233 425
person 0.012020969 302 179 314 192
person 0.01201811 538 253 584 307
person 0.012009676 1074 -14 1173 168
person 0.0120095005 728 30 741 46
person 0.011994172 650 860 673 943
person 0.011988845 0 753 6 800
person 0.011983503 329 473 417 582
person 0.011954365 915 859 935 890
person 0.011953582 1157 -209 1179 -153
person 0.0119535215 796 -266 813 -257
person 0.01195267 542 79 555 96
person 0.011949766 158 582 269 753
person 0.011945498 112 201 122 216
person 0.011930537 391 367 437 422
person 0.011927137 1234 869 1253 961
person 0.0119147645 827 691 844 751
person 0.011911856 140 205 158 231
person 0.011911357 489 43 518 77
person 0.011890975 544 86 581 137
person 0.01188441 -6 69 12 97
person 0.011875783 -18 486 58 660
person 0.0118711125 177 182 196 207
person 0.011869177 183 360 217 385
person 0.011848816 972 -250 981 -208
person 0.0118478825 602 860 625 943
person 0.0118437745 766 167 785 193
person 0.011842547 -5 446 10 479
person 0.01182637 808 142 821 164
person 0.011822219 189 173 199 188
person 0.011820614 687 -251 726 -160
person 0.011820292 -3 -21 19 52
person 0.0118127195 31 443 47 477
person 0.011801837 202 739 213 773
person 0.011796744 870 365 992 539
person 0.011785804 1137 383 1151 398
person 0.011772955 397 42 426 78
person 0.011764308 1100 291 1128 314
person 0.011759498 94 822 168 1018
person 0.011754844 280 179 393 354
person 0.011743389 57 380 161 558
person 0.011729667 0 801 6 849
person 0.011724974 -5 496 10 529
person 0.0117131835 710 347 743 413
person 0.0117064295 37 660 46 705
person 0.011688977 3 396 38 499
person 0.011687852 1167 325 1199 351
person 0.011679885 -1 227 5 269
person 0.011677414 466 259 592 426
person 0.011670614 1157 407 1177 431
person 0.011666209 0 919 6 973
person 0.011649821 266 128 280 143
person 0.011648427 1134 25 1152 46
person 0.011638594 140 531 166 558
person 0.0116303675 429 608 452 632
person 0.011610149 247 42 276 80
person 0.011606548 554 860 577 943
person 0.01156277 53 876 72 910
person 0.011551505 39 683 48 724
person 0.011550613 1240 24 1256 50
person 0.011546737 865 239 889 263
person 0.0115429275 0 679 6 730
person 0.011540311 1137 27 1148 44
person 0.011524966 0 320 8 362
person 0.011501479 1184 71 1201 94
person 0.011493545 940 615 1016 816
person 0.011490441 779 504 790 538
person 0.011484014 240 -168 264 -110
person 0.0114725595 70 859 92 943
person 0.011466256 939 677 957 746
person 0.011440638 1077 174 1091 197
person 0.011429481 1147 -120 1229 70
person 0.0114051 489 736 501 774
person 0.0113955075 1185 767 1197 796
person 0.011385176 939 859 959 889
person 0.0113427155 890 790 939 908
person 0.011329088 438 31 458 51
person 0.011323113 773 14 848 124
person 0.011314534 75 -266 91 -257
person 0.011286824 562 574 577 609
person 0.011286016 567 552 582 585
person 0.011242138 1243 376 1251 413
person 0.011227063 339 554 439 738
person 0.011225005 627 501 640 534
person 0.011218793 181 177 192 193
person 0.011213604 345 74 377 111
person 0.011211474 761 181 773 205
person 0.011205962 1089 716 1100 759
person 0.011202053 246 186 266 209
person 0.011196298 695 28 746 104
person 0.011178005 703 477 712 499
person 0.011166094 868 179 988 344
person 0.0111645255 348 518 430 613
person 0.011157853 295 103 308 120
person 0.011152883 243 362 269 386
person 0.011149696 883 107 998 272
person 0.011140278 781 -245 821 -155
person 0.01112888 772 -148 789 -118
person 0.011113564 773 -266 789 -257
person 0.011109717 181 823 263 1010
person 0.011106437 363 616 395 642
person 0.011083658 1245 899 1252 949
person 0.011076954 506 860 529 943
person 0.011069932 97 131 129 170
person 0.011061243 1208 5 1246 93
person 0.011057086 483 75 502 97
person 0.011053724 1052 826 1132 1004
person 0.011044246 761 -8 870 165
person 0.011026969 300 147 312 161
person 0.0110261 241 493 296 548
person 0.01102297 499 782 549 904
person 0.011015229 35 181 51 210
person 0.0110116275 594 55 614 77
person 0.01099477 201 846 228 923
person 0.010994376 1243 722 1250 741
person 0.010990855 121 -223 141 -160
person 0.010987793 302 508 328 532
person 0.010972233 624 190 635 215
person 0.0109655075 1243 654 1253 666
person 0.010953603 963 859 983 889
person 0.010952581 1183 3 1194 19
person 0.010930284 875 15 949 128
person 0.01091832 61 115 91 153
person 0.010903341 611 20 682 129
person 0.01090297 874 -247 887 -207
person 0.0108972015 1242 -135 1253 -55
person 0.010895023 869 837 886 868
person 0.010888201 -4 109 56 217
person 0.01087889 682 455 691 492
person 0.01086897 433 788 455 844
person 0.010862979 484 -265 500 -257
person 0.0108580105 508 -265 524 -257
person 0.010857156 990 7 1062 123
person 0.010856341 580 -265 596 -257
person 0.010854907 536 739 550 774
person 0.01085244 460 -265 476 -257
person 0.010850726 556 -265 572 -257
person 0.010849834 340 -265 356 -257
person 0.010849722 243 -265 260 -257
person 0.0108490065 316 -265 332 -257
person 0.010848698 219 -265 235 -257
person 0.010847788 292 -265 308 -257
person 0.010846473 267 -265 284 -257
person 0.010845512 512 617 533 650
person 0.0108445 364 -265 380 -257
person 0.010843 532 -265 548 -257
person 0.010840183 388 -265 404 -257
person 0.010839083 85 151 124 206
person 0.0108370595 412 -265 428 -257
person 0.0108364 436 -265 452 -257
person 0.010827975 246 108 261 123
person 0.010824569 60 619 71 635
person 0.010815678 1115 -247 1125 -207
person 0.010815214 822 28 841 49
person 0.010810221 948 57 959 72
person 0.010802182 103 454 119 471
person 0.0107977595 0 849 6 896
person 0.010795785 604 -265 620 -257
person 0.010781145 799 553 814 588
person 0.010770216 1191 567 1230 594
person 0.010767574 845 837 862 868
person 0.010753966 0 825 6 873
person 0.010752403 0 -161 6 -113
person 0.01074823 195 -265 211 -257
person 0.010745254 297 729 314 793
person 0.010731628 454 239 478 262
person 0.010726699 292 -168 316 -108
person 0.010722222 152 136 182 172
person 0.0107078925 624 637 642 674
person 0.010706887 1243 -250 1251 -207
person 0.010677023 628 -265 644 -257
person 0.0106521435 408 8 453 90
person 0.010637746 652 -265 669 -257
person 0.010635181 682 679 694 724
person 0.01063475 1178 142 1192 159
person 0.010626982 53 853 70 888
person 0.0106039 674 233 697 256
person 0.010598589 298 779 355 897
person 0.010592999 304 203 347 254
person 0.010586255 535 -143 572 -44
person 0.010582929 118 456 131 469
person 0.010580133 1160 743 1175 772
person 0.010577134 460 878 481 909
person 0.010573556 270 106 283 123
person 0.010571217 517 11 586 126
person 0.010571063 49 595 61 611
person 0.010567278 412 878 433 909
person 0.01056317 1232 786 1254 860
person 0.010562652 1238 331 1257 358
person 0.010562243 1242 447 1250 489
person 0.010560729 668 189 685 204
person 0.010560385 941 695 960 730
person 0.010559418 1126 210 1153 223
person 0.010537058 741 259 766 281
person 0.010533459 1167 76 1177 91
person 0.010515061 395 741 405 777
person 0.010509428 436 878 457 909
person 0.010504444 748 -266 765 -257
person 0.0105012925 214 359 241 381
person 0.010494189 996 -250 1005 -208
person 0.010493571 1183 742 1199 771
person 0.010492843 187 -159 243 -29
person 0.010490348 849 -247 864 -208
person 0.010487785 752 498 766 570
person 0.010483881 318 552 334 564
person 0.010479964 676 -265 693 -257
person 0.010475767 484 877 506 909
person 0.0104739275 171 -265 187 -257
person 0.0104686655 1002 406 1042 470
person 0.010458466 953 88 992 138
person 0.0104507655 508 877 530 909
person 0.010444569 517 -103 577 27
person 0.010438913 397 782 450 899
person 0.0104342885 388 878 409 909
person 0.010431669 1044 -250 1053 -207
person 0.010425139 26 927 43 964
person 0.010393041 373 -160 428 -28
person 0.010384187 383 529 398 539
person 0.010383751 383 482 411 503
person 0.010383007 1162 356 1182 371
person 0.0103823645 648 216 672 241
person 0.010381209 345 457 367 469
person 0.010380185 224 740 238 775
person 0.010375214 532 877 554 909
person 0.010373795 1020 57 1032 73
person 0.010367428 302 110 414 275
person 0.0103620235 444 741 455 779
person 0.0103620235 145 859 164 891
person 0.010359398 1112 137 1129 161
person 0.010357144 363 395 455 483
person 0.0103502935 973 676 989 738
person 0.010348829 1232 496 1254 527
person 0.010334973 631 615 646 650
person 0.010330098 433 257 462 281
person 0.010319792 987 859 1008 889
person 0.010317051 925 57 937 70
person 0.0103059895 -4 856 10 888
person 0.010300627 92 -167 146 -32
person 0.01029754 364 878 385 909
person 0.010297156 700 -265 717 -257
person 0.010296914 556 877 578 909
person 0.010296307 1033 -102 1060 -80
person 0.010296 273 821 359 1004
person 0.010295125 1244 878 1252 923
person 0.01029274 580 877 602 909
person 0.010276267 314 179 329 191
person 0.010266358 576 606 648 833
person 0.0102635585 0 120 7 153
person 0.010263471 680 19 753 126
person 0.010251194 451 630 475 656
person 0.010249613 1242 604 1253 616
person 0.010243211 1163 855 1219 997
person 0.010241107 1132 862 1155 944
person 0.010239097 458 860 481 943
person 0.010238841 965 172 978 197
person 0.010233947 153 166 172 190
person 0.010227583 604 877 626 909
person 0.010219255 299 -122 324 -67
person 0.010217683 0 513 7 558
person 0.010214096 485 480 507 510
person 0.010211257 1227 516 1238 552
person 0.010203737 643 33 682 85
person 0.010202758 758 165 772 189
person 0.010183154 461 696 483 726
person 0.010179319 522 -158 578 -23
person 0.010176716 340 878 361 909
person 0.010157032 887 238 911 262
person 0.010156265 725 -266 741 -257
person 0.010148119 48 253 72 283
person 0.01013651 720 258 744 281
person 0.010134511 628 877 650 909
person 0.010133621 958 653 970 671
person 0.010122778 821 838 838 869
person 0.01010501 789 24 840 101
person 0.010104238 44 224 64 249
person 0.01009711 137 338 165 362
person 0.010094194 1243 -154 1251 -111
person 0.010087324 580 167 592 192
person 0.01008572 788 448 813 476
person 0.010078063 316 878 337 909
person 0.010069052 652 877 674 909
person 0.010067555 1041 518 1064 547
person 0.010034647 596 400 619 432
person 0.010030328 217 860 240 943
person 0.010029561 1034 307 1060 330
person 0.010029342 1178 597 1209 619
person 0.010026909 265 860 288 943
person 0.010025816 1020 -250 1029 -207
person 0.010006497 1244 169 1252 186
person 0.010005443 218 621 246 646
person 0.010003451 1244 327 1252 361
person 0.010000117 171 174 282 346
