person 0.75049096 277 88 291 107
person 0.7217967 489 66 503 83
person 0.71982604 595 110 615 136
person 0.7182398 311 78 325 97
person 0.7178701 757 79 770 98
person 0.7164498 691 125 712 153
person 0.7114024 656 105 676 130
person 0.7097888 235 98 249 115
person 0.7064785 633 62 646 78
person 0.7041948 541 57 554 74
person 0.70204794 730 63 743 80
person 0.7012877 638 80 653 99
person 0.7004842 794 141 816 171
person 0.6986114 608 48 620 63
person 0.6974264 425 66 437 82
person 0.69666195 571 74 585 93
person 0.6947643 522 64 535 81
person 0.6933374 746 61 758 77
person 0.69328976 822 78 834 97
person 0.6795884 683 58 695 73
person 0.67638975 506 94 527 119
person 0.6755366 475 56 487 71
person 0.6755249 690 88 704 108
person 0.6754805 595 47 608 63
person 0.67532235 657 54 669 70
person 0.6723141 705 111 724 136
person 0.6723031 686 72 698 89
person 0.67200696 340 77 354 94
person 0.6718409 575 47 587 61
person 0.6654905 811 91 825 112
person 0.6614733 700 59 712 74
person 0.65974766 452 75 466 94
person 0.6590852 517 47 529 61
person 0.65261394 807 115 826 141
person 0.6445239 478 76 493 94
person 0.6359436 714 86 728 105
person 0.62296873 293 96 308 115
person 0.6192161 613 142 638 173
person 0.61711186 655 157 679 188
person 0.61415285 455 51 467 65
person 0.61384887 547 101 567 125
person 0.61277544 414 63 426 79
person 0.61266464 361 66 373 82
person 0.602691 667 51 679 66
person 0.60247344 377 102 396 125
person 0.5952197 553 64 569 85
person 0.58818763 427 50 438 64
person 0.5809558 791 70 803 90
person 0.57750285 730 95 749 120
person 0.5752233 312 103 331 126
person 0.5741703 534 42 546 57
person 0.55956954 709 64 721 79
person 0.55948627 377 66 389 82
person 0.5534012 335 90 349 109
person 0.54697144 251 100 266 118
person 0.540018 622 100 641 125
person 0.53870666 462 66 475 82
person 0.5365546 763 100 781 125
person 0.5335777 374 87 387 106
person 0.5213179 345 105 365 128
person 0.5194101 399 87 414 107
person 0.5072473 237 167 284 222
person 0.4842592 788 81 801 101
person 0.47966337 578 97 597 120
person 0.44733813 265 102 280 121
person 0.42551726 367 75 380 93
person 0.41430742 365 79 377 97
person 0.30820945 605 72 620 90
person 0.28701684 789 66 801 83
person 0.25709376 325 90 339 109
person 0.24350594 391 83 412 109
person 0.24102403 389 82 402 100
person 0.23413491 694 75 708 92
person 0.1564323 350 88 364 107
person 0.15455267 255 102 270 121
person 0.14383443 780 103 795 123
person 0.112945125 629 79 645 96
person 0.085041 469 51 481 64
person 0.075848974 435 59 448 74
person 0.06647312 426 70 440 85
person 0.0577334 630 61 649 83
person 0.045354605 507 100 530 126
person 0.043618497 551 69 564 86
person 0.040527683 529 95 544 115
person 0.03955477 638 63 652 79
person 0.039550904 684 90 698 109
person 0.03917175 606 66 621 83
person 0.037283357 570 58 584 74
person 0.036441173 429 52 436 62
person 0.03516288 800 87 815 106
person 0.0324913 726 81 740 99
person 0.030720098 309 91 325 110
person 0.030525355 513 72 528 89
person 0.030001793 717 159 742 188
person 0.029085021 398 61 411 75
person 0.028524075 600 63 614 80
person 0.027780203 419 64 438 85
person 0.02771558 401 78 416 97
person 0.027672317 552 98 569 120
person 0.027295664 317 80 331 97
person 0.024853617 288 109 304 130
person 0.0246934 654 54 673 76
person 0.023468422 457 53 465 63
person 0.0229175 663 71 678 88
person 0.02272122 590 47 612 71
person 0.017641058 536 44 544 55
person 0.016860005 787 64 805 87
person 0.016343623 684 57 705 81
person 0.01578337 743 90 758 111
person 0.01569688 240 173 277 207
person 0.012660979 416 60 424 74
person 0.012181681 519 48 527 59
person 0.011958765 577 48 585 57
person 0.011835719 614 92 630 111
person 0.011125423 482 106 506 131
person 0.010893774 561 52 574 66
person 0.010847154 521 70 535 87
person 0.01060398 639 86 654 106
person 0.01047367 514 64 527 81
