person 0.71555334 783 68 797 86
person 0.7109588 747 68 761 85
person 0.6914451 472 97 487 117
person 0.6811692 836 143 856 171
person 0.6737026 708 84 723 103
person 0.6735794 739 83 755 103
person 0.67147905 897 118 911 140
person 0.66309595 421 70 435 87
person 0.6563335 695 77 711 96
person 0.65555495 689 95 705 117
person 0.65166295 905 85 919 104
person 0.6440663 671 85 686 105
person 0.6348291 794 90 809 108
person 0.63253146 464 71 478 89
person 0.61514664 764 83 779 100
person 0.6147767 604 99 620 121
person 0.6047668 873 85 886 104
person 0.57182974 84 121 99 141
person 0.56851476 632 58 645 73
person 0.5479844 613 57 626 73
person 0.486697 494 28 508 44
person 0.47653103 431 84 445 101
person 0.47023442 190 165 231 217
person 0.36073002 444 69 458 85
person 0.33178017 437 70 451 86
person 0.2789565 496 65 510 81
person 0.1320045 901 96 914 115
person 0.13153656 497 29 505 40
person 0.10976596 728 76 743 91
person 0.08858261 463 90 479 110
person 0.041845284 115 263 152 308
person 0.03186843 458 89 474 107
person 0.023532603 745 88 755 104
person 0.019829176 460 69 482 93
person 0.016016925 616 59 624 70
person 0.0148754325 58 90 68 105
person 0.013623175 634 59 643 70
person 0.012925144 901 86 920 112
person 0.012518992 757 81 779 105
person 0.012333086 439 71 449 82
person 0.012296089 418 68 440 91
person 0.01135318 744 66 764 89
person 0.010252656 446 69 455 81
person 0.0100853015 609 61 624 77
