person 0.7476008 413 152 440 182
person 0.7430325 581 152 610 186
person 0.73782516 875 68 890 91
person 0.73764193 491 158 520 191
person 0.7268736 692 131 717 162
person 0.71254176 675 49 690 68
person 0.7101878 734 115 758 145
person 0.70647526 910 59 925 80
person 0.7007133 816 153 843 189
person 0.69542706 629 140 655 171
person 0.69517654 704 101 726 129
person 0.6906817 847 61 862 82
person 0.68875057 794 111 817 141
person 0.688504 352 115 370 137
person 0.68732285 592 51 606 69
person 0.68729335 327 117 344 136
person 0.6861833 684 90 701 113
person 0.68189704 979 143 1002 179
person 0.67866343 631 107 655 135
person 0.67778075 779 79 796 102
person 0.6764913 601 80 618 104
person 0.6737212 403 103 420 121
person 0.6695675 789 49 803 69
person 0.6658062 771 55 786 76
person 0.6639383 855 123 879 156
person 0.66370714 821 78 836 101
person 0.6624233 978 98 993 120
person 0.65742123 526 79 541 98
person 0.65509063 915 108 937 139
person 0.65196943 981 77 995 96
person 0.65192264 569 99 586 122
person 0.6516315 700 175 730 211
person 0.6513569 809 63 824 85
person 0.65108216 390 113 409 134
person 0.6501709 465 99 482 119
person 0.6494437 361 143 386 170
person 0.64882916 707 55 722 74
person 0.6441394 745 68 761 90
person 0.64227986 949 62 963 83
person 0.64220136 712 75 728 97
person 0.6409171 627 180 657 216
person 0.63976425 471 72 486 89
person 0.63895786 563 80 579 102
person 0.63830405 287 148 305 171
person 0.635153 631 44 646 62
person 0.63382727 648 63 664 83
person 0.6319044 585 120 611 149
person 0.6227104 262 152 280 174
person 0.6212798 432 86 448 104
person 0.6212534 728 47 743 68
person 0.6174451 765 164 793 198
person 0.61035013 518 99 535 121
person 0.60965556 894 94 910 119
person 0.60720783 612 63 628 82
person 0.60640794 824 55 838 74
person 0.60393214 502 82 517 101
person 0.59716165 428 120 447 142
person 0.5748099 728 92 745 116
person 0.57236767 693 57 707 76
person 0.5668763 479 121 503 147
person 0.5630091 557 65 572 83
person 0.561839 313 137 331 159
person 0.55717564 486 104 503 123
person 0.5506866 495 75 510 93
person 0.5432662 454 117 473 140
person 0.506176 769 101 787 126
person 0.50320184 38 200 73 244
person 0.4671459 940 83 954 104
person 0.4248212 842 88 859 112
person 0.4128791 942 98 958 123
person 0.3548534 580 73 596 95
person 0.33217084 319 143 345 170
person 0.21066378 506 67 521 82
person 0.18121238 914 91 930 113
person 0.16814505 658 43 673 61
person 0.13903558 337 133 355 155
person 0.13784319 858 79 876 103
person 0.109413825 864 89 881 112
person 0.08799555 645 62 670 90
person 0.08294917 914 82 930 104
person 0.07913776 633 52 649 71
person 0.07755971 944 106 961 129
person 0.07557013 523 78 548 102
person 0.06590386 946 75 962 98
person 0.054580845 496 78 520 102
person 0.05070945 449 100 466 118
person 0.048396293 559 69 569 87
person 0.040518884 549 90 568 110
person 0.030631663 683 76 700 97
person 0.024147635 466 71 491 95
person 0.02120529 627 39 650 67
person 0.02077428 397 112 417 134
person 0.019536536 972 109 989 133
person 0.018769614 508 69 518 80
person 0.018189734 633 70 650 89
person 0.0136228865 633 45 643 57
person 0.010102793 977 74 998 101
