person 0.54824287 79 205 102 239
person 0.2519134 93 177 116 206
person 0.23105998 86 255 116 303
person 0.13613708 494 171 518 204
person 0.12471939 369 -67 399 8
person 0.121192366 54 255 77 294
person 0.112541534 177 296 220 352
person 0.10736751 943 251 981 319
person 0.10051793 944 442 1007 602
person 0.10047394 1021 604 1030 662
person 0.100099884 0 259 30 331
person 0.09663457 92 242 111 266
person 0.08914278 44 484 89 596
person 0.08908099 174 231 198 263
person 0.08847411 73 193 111 250
person 0.088399954 0 230 12 287
person 0.08367915 0 140 10 186
person 0.081754185 291 373 318 409
person 0.07974822 170 239 197 275
person 0.079634264 302 415 337 462
person 0.07751554 35 180 59 210
person 0.07683482 283 410 318 455
person 0.074379586 622 21 630 33
person 0.07126575 197 -62 227 14
person 0.07106522 122 257 148 292
person 0.070057474 96 169 113 193
person 0.06999988 563 34 576 52
person 0.069999695 670 74 685 91
person 0.06944368 634 40 642 52
person 0.06637411 614 39 624 52
person 0.06588946 37 46 70 115
person 0.065379344 0 211 10 261
person 0.06440476 631 38 646 55
person 0.064343415 84 52 108 86
person 0.06262184 187 232 211 262
person 0.062133655 138 349 155 371
person 0.059988447 -2 206 29 275
person 0.05921725 968 126 982 146
person 0.059099875 577 108 601 135
person 0.059022844 42 479 59 506
person 0.05853808 0 159 8 201
person 0.05848886 42 72 77 138
person 0.05847215 89 173 120 216
person 0.056537848 1020 645 1030 697
person 0.05641635 37 465 51 491
person 0.056373872 416 -69 448 9
person 0.0562155 35 205 63 241
person 0.05612595 939 373 1008 561
person 0.05574996 608 56 624 73
person 0.05498602 233 416 270 464
person 0.05496755 -4 -223 9 -200
person 0.05470459 565 36 573 49
person 0.054219507 1019 -222 1029 -175
person 0.054187488 94 233 113 257
person 0.054112192 612 38 627 55
person 0.05400444 1020 217 1030 262
person 0.053925242 7 264 22 331
person 0.053690456 605 50 627 78
person 0.053002104 636 53 660 82
person 0.05295985 1019 312 1028 381
person 0.0527876 666 71 688 99
person 0.052562278 581 69 596 87
person 0.052020796 214 374 296 527
person 0.05166796 69 301 97 351
person 0.050123975 928 233 997 376
person 0.049310893 474 23 496 56
person 0.049157638 941 301 1014 475
person 0.049066268 119 152 142 180
person 0.048739318 309 432 345 478
person 0.048646536 -3 -214 18 -125
person 0.048615467 126 263 144 286
person 0.048603896 1020 562 1028 627
person 0.0485966 77 37 110 111
person 0.048588943 619 19 633 35
person 0.048541095 98 204 115 228
person 0.048307605 0 -226 6 -199
person 0.047981653 196 89 213 108
person 0.047708448 -1 233 20 291
person 0.047068123 -4 -223 8 -216
person 0.046949394 1020 237 1029 289
person 0.046493966 225 399 284 487
person 0.046431433 93 158 108 177
person 0.045644928 73 241 113 302
person 0.04549977 2 341 30 421
person 0.04522505 560 28 581 59
person 0.044675466 517 34 531 53
person 0.04439384 577 61 600 89
person 0.04414052 490 135 516 166
person 0.04349162 435 -49 461 2
person 0.043378916 155 137 170 155
person 0.04323008 1024 90 1030 116
person 0.043085333 885 -91 924 55
person 0.0429459 780 530 797 556
person 0.042703316 452 26 474 58
person 0.04203475 85 143 109 172
person 0.0419962 947 169 970 199
person 0.041968707 631 47 646 64
person 0.04185 513 29 534 60
person 0.04182987 488 107 512 135
person 0.04170526 93 258 109 296
person 0.041599683 233 375 263 411
person 0.041495573 478 29 492 49
person 0.041461468 119 169 144 199
person 0.0414291 1024 109 1030 136
person 0.041377846 103 482 120 508
person 0.041254427 673 75 682 86
person 0.041196223 1024 130 1030 157
person 0.04094658 795 -94 835 55
person 0.04069006 200 -3 233 69
person 0.040610194 102 -62 131 16
person 0.039845914 -3 -147 15 -49
person 0.03978565 310 412 330 433
person 0.039731663 597 100 623 129
person 0.039539043 -1 144 16 179
person 0.03923528 144 368 163 391
person 0.038458843 611 57 621 69
person 0.038041778 1018 -223 1030 -216
person 0.03802635 1019 175 1030 216
person 0.03789625 720 597 732 648
person 0.037818596 634 49 643 62
person 0.03775192 1021 680 1030 739
person 0.037715197 55 491 71 517
person 0.037604935 177 305 237 387
person 0.037166327 431 1 466 71
person 0.037007775 761 535 790 627
person 0.036912803 1018 -224 1032 -202
person 0.036846895 969 118 984 139
person 0.036842115 28 458 40 486
person 0.036807727 709 137 735 166
person 0.036689136 799 690 822 752
person 0.03662659 376 542 394 568
person 0.03653814 278 348 338 429
person 0.03652718 132 379 209 528
person 0.036501773 185 235 216 281
person 0.036448244 -2 215 16 255
person 0.03622767 759 691 782 752
person 0.03619498 397 134 423 163
person 0.036113493 951 674 978 759
person 0.036027685 665 135 689 164
person 0.03593138 1019 284 1028 348
person 0.035862513 242 384 262 405
person 0.035733305 98 -47 124 5
person 0.03556979 1024 148 1030 176
person 0.035511978 210 365 231 383
person 0.035370264 1020 -187 1029 -132
person 0.03534177 0 -228 8 -177
person 0.03532376 1024 71 1030 97
person 0.03528896 395 -50 421 3
person 0.035279643 954 -209 968 -170
person 0.035099022 1010 -203 1035 -126
person 0.035058912 615 127 640 157
person 0.03504593 901 174 927 206
person 0.03500466 293 366 313 390
person 0.034940314 443 131 470 161
person 0.034689456 296 320 319 356
person 0.03466513 345 3 381 74
person 0.034545615 832 133 858 162
person 0.03449953 168 172 194 201
person 0.03447006 522 591 534 650
person 0.034260865 124 213 149 245
person 0.034260415 682 91 707 118
person 0.034091286 120 157 135 176
person 0.03405905 361 133 387 163
person 0.0339968 960 130 983 159
person 0.033911962 197 421 219 444
person 0.033804774 294 408 320 431
person 0.033763323 531 89 556 117
person 0.033754405 561 20 569 32
person 0.033712793 151 137 174 165
person 0.033641417 58 -103 76 -56
person 0.03331174 530 133 556 163
person 0.033279832 39 180 56 199
person 0.033276394 1024 188 1030 217
person 0.03322795 948 211 973 246
person 0.033082735 653 129 678 159
person 0.033006653 57 250 76 275
person 0.03276054 205 133 230 160
person 0.03269262 43 -223 58 -208
person 0.032479677 272 272 335 350
person 0.03234993 755 135 781 164
person 0.032341655 1014 221 1033 256
person 0.032337125 86 73 123 138
person 0.032318097 1017 140 1029 177
person 0.032310657 229 344 248 365
person 0.03225304 655 98 679 125
person 0.032227412 886 173 912 205
person 0.032112014 597 17 607 30
person 0.032043938 479 588 496 655
person 0.032003555 24 -223 37 -217
person 0.031957265 90 -99 109 -53
person 0.031911552 1020 210 1033 236
person 0.03166329 -5 549 27 686
person 0.031637397 878 134 903 162
person 0.031461403 639 23 648 34
person 0.03144706 -4 167 9 190
person 0.03128695 311 422 335 444
person 0.031267785 539 72 555 90
person 0.031192629 804 133 829 161
person 0.030935066 919 -212 933 -167
person 0.030903855 771 74 788 91
person 0.03089668 24 -223 40 -208
person 0.03087908 39 425 51 453
person 0.03062045 20 428 32 456
person 0.030552372 946 163 981 227
person 0.030520743 584 71 593 82
person 0.030429041 1020 190 1033 216
person 0.030369915 403 538 419 564
person 0.030349003 720 691 742 752
person 0.030310003 954 331 1008 448
person 0.030294174 714 79 730 96
person 0.029996902 586 -91 630 39
person 0.02998864 507 168 536 203
person 0.029973023 20 323 33 393
person 0.029858103 314 389 336 411
person 0.029765913 141 400 198 489
person 0.029728863 53 133 78 163
person 0.029661046 645 -95 688 47
person 0.029541839 613 282 670 360
person 0.029528193 970 146 986 168
person 0.029527448 739 -100 779 53
person 0.02952742 283 -70 315 9
person 0.029457862 886 -216 901 -167
person 0.029448291 269 454 309 501
person 0.029374639 908 142 932 170
person 0.029330669 832 171 858 203
person 0.029258024 68 313 102 378
person 0.029195897 161 281 249 431
person 0.029194891 154 420 180 443
person 0.0290236 -5 225 10 249
person 0.028989563 1020 92 1033 115
person 0.028964866 602 52 618 69
person 0.028962882 174 197 216 254
person 0.028789245 696 78 713 95
person 0.028759189 768 168 793 199
person 0.028745754 1024 51 1030 77
person 0.02867957 690 88 705 107
person 0.028646149 661 70 677 89
person 0.028474491 311 440 340 463
person 0.02844461 515 78 532 95
person 0.028371837 801 348 871 513
person 0.028265128 1020 111 1033 134
person 0.028260773 562 134 589 166
person 0.028222471 562 594 573 649
person 0.028163152 576 20 585 33
person 0.028115345 610 24 631 57
person 0.027939094 889 174 927 232
person 0.027907792 215 386 240 408
person 0.027712543 -4 244 13 267
person 0.027683338 714 96 739 123
person 0.027660394 0 -88 8 -28
person 0.027603043 1024 168 1030 197
person 0.027548276 170 -113 199 -35
person 0.027545402 1024 207 1030 237
person 0.027514147 325 133 351 163
person 0.027464163 116 354 133 373
person 0.027458532 -3 162 15 195
person 0.027445097 772 89 788 107
person 0.02742619 485 82 523 141
person 0.027416741 853 -223 865 -216
person 0.027410321 236 371 255 391
person 0.027409762 421 82 460 141
person 0.027397089 833 -223 845 -216
person 0.02739688 519 59 544 88
person 0.027379688 0 530 6 626
person 0.027349094 245 221 270 253
person 0.027275516 851 72 868 88
person 0.02727281 855 338 906 439
person 0.027262827 0 165 5 193
person 0.027243944 -5 208 9 231
person 0.0272329 955 165 970 186
person 0.027223812 581 62 596 78
person 0.027173448 115 481 136 504
person 0.026952682 43 -223 56 -217
person 0.026928343 839 691 861 752
person 0.026904054 988 -223 1001 -217
person 0.026886966 56 468 71 493
person 0.02687117 252 90 266 109
person 0.026851451 172 445 193 464
person 0.026783653 1020 132 1033 156
person 0.026718961 848 56 870 85
person 0.026551688 587 98 625 159
person 0.026505362 668 90 685 110
person 0.026418528 604 54 615 66
person 0.02631995 800 168 826 201
person 0.026282761 222 332 256 380
person 0.02627845 288 420 314 444
person 0.026177714 950 255 978 298
person 0.026105426 214 322 237 345
person 0.026088385 348 -112 379 -35
person 0.026045017 813 -223 826 -216
person 0.0258825 520 36 527 49
person 0.025845397 504 366 513 398
person 0.025832202 55 498 74 525
person 0.02574967 158 139 167 151
person 0.02574604 1013 178 1032 211
person 0.025672764 820 176 859 235
person 0.0256463 628 31 648 63
person 0.02561607 710 168 738 200
person 0.025612326 757 74 774 91
person 0.025586415 560 380 569 409
person 0.025523398 199 90 209 104
person 0.02549001 853 74 865 85
person 0.025436763 800 98 824 124
person 0.025373152 873 -223 885 -216
person 0.025337575 395 -115 425 -36
person 0.025328455 834 -224 847 -202
person 0.025322724 -3 417 20 513
person 0.025292994 538 59 555 77
person 0.025171796 485 161 527 216
person 0.025120985 324 166 349 197
person 0.025102505 911 352 974 529
person 0.025080448 88 375 168 541
person 0.025037235 886 707 916 793
person 0.024961246 765 95 789 121
person 0.02495542 814 -224 827 -202
person 0.02495311 239 47 261 78
person 0.024903493 854 -224 867 -202
person 0.024874458 806 58 829 86
person 0.024835972 249 409 270 432
person 0.02479996 238 406 263 428
person 0.024772568 245 90 268 119
person 0.024765223 668 146 685 169
person 0.024709625 252 392 273 414
person 0.02470198 272 386 292 407
person 0.02469827 188 382 217 404
person 0.024681315 0 4 5 36
person 0.02466891 957 691 975 740
person 0.02465044 984 153 998 175
person 0.024646616 46 497 63 525
person 0.02463023 194 89 216 118
person 0.024600465 99 184 110 204
person 0.024582952 652 95 689 157
person 0.024580814 965 112 988 138
person 0.024565652 -3 148 10 172
person 0.024507854 -12 313 52 448
person 0.024469767 93 365 111 386
person 0.024458518 835 72 851 88
person 0.024454217 1018 100 1029 136
person 0.024373995 479 52 503 81
person 0.024372317 641 691 663 753
person 0.02436833 503 0 538 73
person 0.024346648 492 110 508 132
person 0.02433623 271 226 294 258
person 0.024289848 713 90 730 109
person 0.024213696 971 129 979 141
person 0.024179079 794 -224 808 -203
person 0.024161758 369 167 394 197
person 0.024107385 956 149 972 170
person 0.024063304 891 201 915 234
person 0.024033578 762 59 785 88
person 0.024029208 0 -213 8 -140
person 0.024005333 1023 225 1030 255
person 0.0239877 910 151 927 174
person 0.023934713 588 111 604 133
person 0.023843745 601 691 623 754
person 0.023750935 1024 561 1029 595
person 0.02370815 878 57 901 86
person 0.023699416 475 -49 501 3
person 0.023677558 200 364 224 384
person 0.023656987 54 686 73 751
person 0.023592703 558 18 573 33
person 0.023587506 840 97 864 124
person 0.023580698 988 -223 1003 -207
person 0.02354888 794 -223 806 -216
person 0.023547024 1020 151 1033 175
person 0.023525264 0 100 9 152
person 0.023442913 1020 73 1033 96
person 0.023442863 714 644 727 696
person 0.023432827 887 98 911 124
person 0.02334704 440 94 467 122
person 0.023299173 0 376 5 414
person 0.023297133 349 85 388 145
person 0.023289463 873 -224 887 -202
person 0.02326158 24 441 37 471
person 0.023170507 -5 192 9 215
person 0.02315626 439 50 463 79
person 0.023155097 659 111 676 132
person 0.023123335 543 264 601 347
person 0.023079872 0 571 7 661
person 0.023055904 599 37 616 55
person 0.023023281 539 90 555 111
person 0.0230169 -4 647 13 772
person 0.022991505 262 321 351 457
person 0.022965854 753 640 768 696
person 0.022945449 0 338 8 426
person 0.022909239 520 385 530 413
person 0.022907339 120 256 138 279
person 0.022805203 441 78 457 96
person 0.022804987 791 96 808 113
person 0.02277762 252 3 287 74
person 0.022766434 873 74 889 90
person 0.022765992 406 21 429 54
person 0.02274745 645 -211 671 -133
person 0.022734744 -12 236 52 369
person 0.022732964 360 53 385 82
person 0.022713613 668 131 686 152
person 0.022710336 793 71 810 87
person 0.022669563 773 -224 788 -204
person 0.022661563 494 -73 526 14
person 0.022529174 433 89 451 107
person 0.022518111 523 57 537 75
person 0.022486847 816 72 832 88
person 0.022457326 910 91 926 108
person 0.022402152 667 168 694 200
person 0.022386177 283 135 308 163
person 0.022229476 0 205 5 234
person 0.022172978 837 74 848 85
person 0.022157345 256 -119 286 -40
person 0.022151621 78 232 97 257
person 0.022134943 746 94 781 160
person 0.022111919 892 -223 904 -216
person 0.022048822 835 735 856 803
person 0.022048688 968 13 982 32
person 0.022048056 793 338 819 398
person 0.022006337 716 593 736 656
person 0.022001067 276 174 301 204
person 0.021984182 896 95 913 112
person 0.021927295 602 600 613 645
person 0.021920297 561 690 583 754
person 0.02190364 871 90 888 107
person 0.021748122 376 -44 397 0
person 0.02168382 875 76 887 87
person 0.021636928 219 400 240 423
person 0.021593753 74 292 94 312
person 0.021586817 875 735 896 803
person 0.02154487 86 -121 114 -39
person 0.021539507 39 30 61 64
person 0.021514464 971 -224 986 -207
person 0.021378823 247 173 272 202
person 0.021370778 560 55 575 72
person 0.021338033 188 405 216 426
person 0.021331282 573 18 589 34
person 0.021326076 796 735 817 803
person 0.021249538 719 61 743 90
person 0.021232374 742 159 782 216
person 0.021199578 841 -218 856 -168
person 0.021176917 0 -133 8 -61
person 0.021161731 1020 170 1033 196
person 0.02116052 834 94 850 111
person 0.02115464 84 270 106 295
person 0.021139393 956 658 970 695
person 0.021136643 893 -224 906 -203
person 0.021090591 754 -224 768 -205
person 0.021088177 971 -223 984 -217
person 0.021022912 150 372 169 393
person 0.02101278 790 108 806 128
person 0.020994792 919 694 938 743
person 0.020956561 773 -223 786 -216
person 0.020910915 522 690 544 754
person 0.020879984 432 108 448 126
person 0.020850463 680 691 703 753
person 0.02084888 402 136 418 156
person 0.02079518 595 15 610 31
person 0.020762712 173 505 195 527
person 0.02073282 1018 245 1033 271
person 0.020713588 402 54 427 84
person 0.020707289 248 135 274 162
person 0.02070064 0 222 6 251
person 0.02069115 746 511 803 667
person 0.020649262 721 -214 747 -134
person 0.020607833 562 58 572 69
person 0.020563798 54 209 72 233
person 0.02055132 242 431 278 478
person 0.020457 520 389 528 404
person 0.020432854 916 617 929 661
person 0.020395322 853 92 870 109
person 0.020384174 0 146 7 174
person 0.020372527 331 451 353 471
person 0.0203361 815 94 831 111
person 0.020321852 1024 33 1030 58
person 0.020301692 96 701 124 800
person 0.020290935 99 -146 117 -95
person 0.020280441 798 -218 812 -168
person 0.020255528 756 734 777 803
person 0.020221515 1008 238 1031 294
person 0.020199362 727 -217 742 -167
person 0.020172054 299 93 322 121
person 0.02016404 1020 777 1026 821
person 0.02013011 130 -98 149 -51
person 0.020111829 -15 397 39 532
person 0.020045143 542 74 552 85
person 0.020018492 572 377 581 393
person 0.020002283 152 403 173 426
person 0.01997797 99 290 120 310
person 0.019961812 93 669 119 775
person 0.01989811 96 161 106 172
person 0.019877978 -4 7 8 32
person 0.019844908 181 81 219 144
person 0.019833272 919 98 944 125
person 0.019828567 390 281 450 363
person 0.019823527 827 402 852 461
person 0.019791948 156 148 171 168
person 0.01978633 803 715 834 805
person 0.019774878 29 -95 54 -9
person 0.019754346 204 597 217 648
person 0.019753996 359 97 385 124
person 0.019745268 788 332 842 424
person 0.019740865 169 710 200 803
person 0.019716602 553 75 570 92
person 0.019625293 756 90 773 108
person 0.019622548 686 12 706 48
person 0.019584829 54 92 79 129
person 0.019567637 552 151 569 174
person 0.019566106 402 168 429 200
person 0.01955856 759 -218 774 -168
person 0.019511912 41 382 55 412
person 0.019504268 995 85 1024 155
person 0.019497747 0 190 5 218
person 0.01944507 588 -4 620 77
person 0.019425014 1025 545 1030 576
person 0.01941895 259 193 301 249
person 0.019410396 579 379 589 410
person 0.019390132 589 94 606 113
person 0.019377258 403 691 425 753
person 0.019376745 484 -213 514 -139
person 0.019346235 570 -212 598 -136
person 0.019340564 716 81 727 92
person 0.019330129 716 734 738 803
person 0.019328015 729 111 745 132
person 0.019261573 205 175 230 203
person 0.019254224 402 98 428 125
person 0.019227708 1020 53 1033 76
person 0.019209197 686 -216 700 -168
person 0.019204032 645 -217 660 -168
person 0.019189047 482 690 504 754
person 0.019177837 570 152 588 174
person 0.019170774 574 90 592 111
person 0.019149514 316 378 343 413
person 0.01913415 500 80 516 97
person 0.019117286 156 501 181 526
person 0.019107992 397 527 415 555
person 0.019098155 203 108 220 127
person 0.01905345 166 -212 196 -138
person 0.019039877 647 162 688 219
person 0.019037044 537 39 553 57
person 0.019029792 774 75 785 87
person 0.018990794 432 174 459 208
person 0.018918864 124 501 142 526
person 0.018890224 912 -224 926 -205
person 0.018873045 669 110 686 130
person 0.018834166 154 443 182 467
person 0.018829852 818 74 829 85
person 0.018827412 818 95 852 163
person 0.018820751 734 -224 749 -205
person 0.0188203 329 462 352 482
person 0.018813772 539 389 549 407
person 0.018806703 903 242 943 307
person 0.018802099 584 174 627 230
person 0.018801374 40 203 60 227
person 0.01878407 699 79 710 90
person 0.0187748 583 65 593 76
person 0.01877347 85 192 103 215
person 0.018760096 878 691 901 752
person 0.018681902 811 -58 865 125
person 0.018643552 283 600 297 648
person 0.018607242 54 283 77 307
person 0.0186062 851 702 870 768
person 0.018591153 983 361 1009 418
person 0.018574713 733 72 749 88
person 0.018572018 605 -218 620 -170
person 0.018569384 401 117 418 136
person 0.018529313 661 98 677 117
person 0.018515881 677 734 698 803
person 0.018510379 886 16 899 58
person 0.018495986 680 599 692 646
person 0.018484525 305 79 319 97
person 0.01846745 323 691 346 753
person 0.018466305 457 77 475 95
person 0.01844088 955 -175 968 -133
person 0.018423218 -4 30 9 54
person 0.018404396 891 703 910 769
person 0.018397123 733 -54 790 125
person 0.018366195 1007 317 1029 377
person 0.018341774 59 -148 77 -84
person 0.018340332 592 372 600 400
person 0.01832869 460 277 518 359
person 0.018324442 693 -88 709 -64
person 0.018300433 61 -76 80 -31
person 0.018284777 253 246 351 378
person 0.018275747 619 96 635 116
person 0.018268384 911 -223 924 -216
person 0.01823304 442 690 465 753
person 0.01819924 244 596 258 646
person 0.018181872 101 -208 131 -132
person 0.018174183 -1 -92 13 -23
person 0.018153336 734 94 750 112
person 0.018126689 267 77 304 139
person 0.018099032 0 696 12 777
person 0.018033559 969 705 999 795
person 0.018030042 0 418 5 455
person 0.017979188 875 15 884 29
person 0.017969197 857 58 868 70
person 0.01795562 637 734 658 803
person 0.017948551 753 -223 766 -216
person 0.017941894 612 68 629 86
person 0.017920442 185 321 216 347
person 0.017912982 839 59 849 71
person 0.01788966 1018 61 1029 98
person 0.017874822 636 20 651 36
person 0.017868234 559 405 569 436
person 0.017857458 831 109 848 129
person 0.017844778 363 691 386 753
person 0.017840708 0 486 7 591
person 0.017812772 772 112 789 132
person 0.01781006 0 339 5 373
person 0.017808693 651 -44 712 128
person 0.017806007 41 449 56 477
person 0.017777508 478 17 493 33
person 0.017768411 553 646 571 694
person 0.017768111 540 61 552 73
person 0.01776197 986 393 1013 451
person 0.017750386 796 73 807 84
person 0.017736414 712 108 729 130
person 0.0177361 0 -196 5 -157
person 0.017714024 663 71 674 84
person 0.017712357 719 12 739 49
person 0.017699776 368 511 386 534
person 0.017679235 931 92 947 110
person 0.017656112 712 151 730 175
person 0.017654857 0 -216 5 -178
person 0.017637787 914 735 936 804
person 0.017608332 248 93 262 111
person 0.01760387 396 -96 462 55
person 0.017599195 194 504 215 526
person 0.017597975 407 -212 438 -139
person 0.017592221 628 129 645 150
person 0.017591035 58 498 107 603
person 0.017571893 80 509 98 534
person 0.017558826 598 734 619 804
person 0.017548524 893 75 909 91
person 0.017540297 774 306 853 466
person 0.017538365 817 599 825 630
person 0.017511895 438 589 457 654
person 0.017487243 597 384 607 417
person 0.017475106 957 137 972 157
person 0.017447429 949 186 965 209
person 0.01743889 518 80 528 91
person 0.017437631 812 702 831 769
person 0.017396072 549 164 577 197
person 0.017389307 896 77 907 88
person 0.017385144 0 126 7 152
person 0.01737078 564 -219 578 -171
person 0.017367687 591 71 608 89
person 0.017366134 255 92 263 105
person 0.017337928 849 10 862 53
person 0.017334372 200 450 220 470
person 0.017333835 310 486 332 507
person 0.017323466 162 734 183 803
person 0.017321518 -1 -171 12 -94
person 0.017308513 714 -224 729 -206
person 0.017304223 558 734 579 804
person 0.01728278 674 -88 689 -63
person 0.017252712 135 -147 154 -96
person 0.017244313 0 107 6 135
person 0.017217385 399 147 415 169
person 0.017192325 921 57 944 86
person 0.017186677 519 734 540 804
person 0.017172797 134 -218 148 -170
person 0.017171638 598 592 615 656
person 0.017168073 631 68 648 86
person 0.01712936 479 734 500 804
person 0.017129127 53 166 131 293
person 0.017105157 856 15 864 29
person 0.017097967 332 51 356 80
person 0.017073935 439 734 460 804
person 0.017070293 813 113 830 133
person 0.017069036 417 113 434 131
person 0.017053084 400 734 421 804
person 0.017049905 300 279 321 315
person 0.01702616 353 -93 411 56
person 0.016962094 577 341 593 370
person 0.016950179 889 150 906 173
person 0.016940765 360 734 381 804
person 0.016916484 893 111 909 130
person 0.01688997 232 331 252 352
person 0.016889123 952 613 969 661
person 0.016871698 202 734 223 804
person 0.016869126 713 -87 728 -65
person 0.016862264 1023 752 1029 794
person 0.016853264 -9 -157 22 -36
person 0.016844574 321 734 342 804
person 0.016818205 0 772 8 818
person 0.016798094 1023 8 1029 36
person 0.016797172 519 87 536 107
person 0.01679655 971 15 978 29
person 0.016790409 123 734 144 804
person 0.016773494 500 401 510 429
person 0.016761143 836 56 852 73
person 0.016757097 114 -47 141 5
person 0.016749093 888 542 903 571
person 0.016744977 100 -73 120 -29
person 0.016729841 118 373 137 393
person 0.016716817 765 11 784 48
person 0.016700381 190 -11 239 89
person 0.016683234 74 306 93 326
person 0.016671136 855 56 871 73
person 0.016663812 295 344 316 370
person 0.016645469 576 127 594 150
person 0.016638141 281 734 302 804
person 0.016630724 793 266 834 330
person 0.016620575 442 51 457 70
person 0.016611567 895 15 904 29
person 0.016609978 242 734 263 804
person 0.016569106 658 18 667 31
person 0.016542213 759 59 774 76
person 0.016538762 327 497 363 546
person 0.016531572 812 129 829 151
person 0.016512536 799 205 826 241
person 0.016512047 0 263 20 287
person 0.016467225 0 396 5 435
person 0.016441992 186 298 214 335
person 0.016440101 1025 526 1030 554
person 0.016436448 1023 534 1031 545
person 0.016434273 44 734 65 804
person 0.016421907 529 238 617 385
person 0.016385064 0 241 8 269
person 0.01637271 192 242 208 265
person 0.016360328 592 647 610 694
person 0.016353806 240 -224 255 -204
person 0.016348438 260 -224 275 -204
person 0.016344605 220 -224 235 -204
person 0.016344367 698 18 706 31
person 0.016337698 201 -224 215 -204
person 0.016335277 280 -224 295 -204
person 0.016331485 251 -212 282 -139
person 0.016331218 319 -224 334 -204
person 0.016329577 833 150 851 173
person 0.016329316 339 -224 354 -204
person 0.016328964 300 -224 314 -204
person 0.016328068 181 -224 196 -204
person 0.016325504 359 -224 374 -204
person 0.016322087 379 -224 394 -204
person 0.016320044 327 97 353 125
person 0.01631983 398 -224 413 -204
person 0.016316624 478 -224 492 -204
person 0.016316554 418 -224 433 -204
person 0.0163152 458 -224 473 -204
person 0.016307762 438 -224 453 -204
person 0.016304009 421 -7 472 88
person 0.0162952 913 132 930 154
person 0.016286701 0 26 5 58
person 0.016277803 954 735 975 803
person 0.01627149 246 715 277 804
person 0.016266935 362 20 385 54
person 0.01626628 497 -224 512 -204
person 0.016257027 524 -219 539 -171
person 0.01625531 353 504 379 529
person 0.016251095 504 371 511 392
person 0.016239604 645 166 672 200
person 0.016227853 0 655 8 734
person 0.016222425 659 127 676 148
person 0.01622161 949 283 973 307
person 0.016211897 99 384 122 406
person 0.016177597 282 391 363 533
person 0.01616661 770 59 785 76
person 0.016165586 103 398 158 494
person 0.016163934 157 484 180 507
person 0.016162159 616 145 634 168
person 0.016158754 654 -88 669 -63
person 0.016151896 161 -224 176 -204
person 0.016144577 244 76 262 97
person 0.016129157 517 -224 532 -205
person 0.016127823 74 526 92 552
person 0.016107189 705 263 746 326
person 0.016091682 260 260 282 295
person 0.016091539 940 -92 979 49
person 0.016089682 -4 51 9 76
person 0.01607929 102 -214 114 -169
person 0.016069531 47 398 59 427
person 0.016061798 1020 -149 1029 -90
person 0.016053315 602 169 630 203
person 0.016030299 678 18 686 31
person 0.016027236 88 129 103 148
person 0.016024554 -4 344 9 369
person 0.0160169 537 -224 552 -205
person 0.016014677 599 402 610 434
person 0.015988002 326 -220 340 -172
person 0.015976692 717 17 725 30
person 0.015968522 479 363 489 392
person 0.015949052 907 170 924 193
person 0.015916659 931 -224 946 -206
person 0.015894976 474 447 486 476
person 0.015885796 831 129 849 151
person 0.015865324 366 -220 380 -172
person 0.015855538 872 113 888 132
person 0.015853237 65 -213 75 -168
person 0.015848188 84 243 105 267
person 0.015842872 912 111 928 130
person 0.015840849 286 -220 301 -172
person 0.015837489 512 642 532 704
person 0.015830437 557 -224 572 -205
person 0.01581701 935 603 945 628
person 0.015809003 970 704 989 772
person 0.015808366 335 -212 366 -139
person 0.015802268 198 345 222 364
person 0.01577586 417 98 433 115
person 0.015766852 57 -39 78 0
person 0.01572836 501 386 511 415
person 0.015705345 608 205 624 227
person 0.015681813 555 20 585 66
person 0.015672151 404 716 435 807
person 0.015668854 277 404 298 425
person 0.015647167 141 -224 156 -205
person 0.01563399 284 690 306 753
person 0.015630616 793 643 807 694
person 0.015617164 753 592 775 653
person 0.015604217 578 -18 626 98
person 0.015599442 472 78 489 96
person 0.015597756 617 113 634 135
person 0.015575647 484 -220 499 -171
person 0.015564838 356 703 373 727
person 0.015558072 405 -220 420 -172
person 0.015556547 377 151 394 173
person 0.015539292 882 -193 895 -144
person 0.015528544 577 -224 591 -205
person 0.015528143 392 192 457 269
person 0.0155274 1023 580 1029 614
person 0.015524434 0 437 5 473
person 0.015519996 433 130 450 149
person 0.015512779 376 703 393 727
person 0.015505475 48 290 77 342
person 0.0154924225 432 150 448 173
person 0.015482215 337 703 353 727
person 0.015478603 488 305 505 330
person 0.015475426 1023 553 1030 565
person 0.015474381 1022 700 1030 774
person 0.0154742645 119 353 130 368
person 0.0154606365 305 96 320 115
person 0.015444139 916 602 926 630
person 0.015442492 929 546 944 574
person 0.01543628 111 387 129 407
person 0.015423351 133 335 151 355
person 0.0154180005 414 368 423 383
person 0.015417101 536 402 546 426
person 0.015384341 670 171 688 194
person 0.01538133 445 -220 459 -171
person 0.015377213 897 -209 905 -175
person 0.015375278 876 601 885 631
person 0.0153735755 913 76 929 92
person 0.01536172 915 15 924 29
person 0.01535776 564 375 572 389
person 0.015354971 733 -223 747 -216
person 0.015342373 247 -220 261 -172
person 0.01533582 481 -115 512 -33
person 0.015297467 360 184 404 242
person 0.015293265 632 112 649 132
person 0.015292503 136 485 160 506
person 0.015283933 244 690 267 753
person 0.015279735 57 232 76 254
person 0.015278435 0 456 5 493
person 0.015275022 905 204 931 238
person 0.015254622 294 416 351 503
person 0.015247898 836 15 844 29
person 0.015247533 317 703 333 728
person 0.015234516 695 -224 710 -206
person 0.015225432 451 90 468 108
person 0.015222465 759 76 771 87
person 0.0151844565 526 60 534 72
person 0.015179445 233 420 263 445
person 0.015177028 1007 289 1029 349
person 0.015174649 851 113 867 132
person 0.015163258 314 119 330 137
person 0.015152588 0 616 8 694
person 0.015145111 0 -8 5 24
person 0.015144292 168 -220 183 -171
person 0.015134701 396 703 413 727
person 0.015124348 807 10 821 52
person 0.015124278 162 237 181 259
person 0.015116275 417 132 434 151
person 0.015095426 890 130 907 152
person 0.015095014 895 87 928 156
person 0.015065593 813 375 864 483
person 0.015047066 211 448 231 470
person 0.015044735 478 -97 542 59
person 0.015029735 576 401 587 433
person 0.015028718 772 131 789 153
person 0.015027405 820 59 830 70
person 0.015026657 356 132 372 152
person 0.015021392 771 152 788 175
person 0.015002052 484 716 514 809
person 0.0150010735 609 344 624 371
person 0.014991712 81 98 107 131
person 0.014982084 634 -88 649 -62
person 0.014976504 916 79 926 90
person 0.014968929 972 120 981 132
person 0.014968802 84 734 104 805
person 0.014965231 896 601 905 630
person 0.014962996 1023 243 1029 273
person 0.014957256 35 365 49 393
person 0.014957127 297 703 314 728
person 0.014955815 451 129 467 151
person 0.014946278 850 131 867 152
person 0.014944523 817 56 833 73
person 0.014937617 596 -224 611 -205
person 0.0149365105 804 344 828 401
person 0.014933871 325 716 356 807
person 0.014931535 0 576 5 613
person 0.014924313 772 702 791 769
person 0.014912366 1014 679 1031 746
person 0.014909143 393 569 409 595
person 0.014908682 0 -177 5 -137
person 0.014899818 101 333 122 353
person 0.014866561 710 136 727 158
person 0.014865262 1023 96 1030 109
person 0.014862944 810 151 827 173
person 0.014862783 121 -224 136 -205
person 0.014846468 317 127 333 148
person 0.0148437 1013 -223 1032 -165
person 0.014842201 207 -220 221 -172
person 0.014825484 916 657 935 701
person 0.01480409 401 97 418 115
person 0.014801608 332 500 360 522
person 0.014796547 816 15 824 29
person 0.014765174 658 150 676 172
person 0.014739771 518 322 537 350
person 0.014729845 -3 -226 13 -159
person 0.014710973 277 703 294 728
person 0.014703282 572 102 606 145
person 0.014698758 933 14 943 28
person 0.014643262 48 347 62 374
person 0.014642717 615 169 632 191
person 0.014641307 754 150 771 173
person 0.014637806 898 97 910 108
person 0.014637442 732 702 751 769
person 0.014622341 564 539 581 610
person 0.014616803 537 149 555 173
person 0.014610631 493 353 500 368
person 0.0146067655 769 545 790 572
person 0.014604604 95 355 115 375
person 0.014602105 955 604 965 627
person 0.014598669 931 -223 944 -216
person 0.014595515 131 338 162 386
person 0.014590632 608 554 620 613
person 0.014586827 871 130 888 152
person 0.014585601 62 -224 77 -207
person 0.0145786395 241 224 260 250
person 0.014575008 653 703 670 727
person 0.014564096 913 93 924 104
person 0.014561729 839 205 867 241
person 0.0145596145 416 702 432 727
person 0.014538859 122 462 141 482
person 0.014528313 634 703 650 727
person 0.014510491 1020 34 1033 57
person 0.014509114 847 364 864 392
person 0.014507082 17 18 89 143
person 0.014500424 616 -224 631 -205
person 0.0144984685 870 150 887 174
person 0.014493762 694 111 711 131
person 0.01448199 82 172 101 194
person 0.014475267 1010 412 1021 424
person 0.014469459 0 -34 4 2
person 0.01446116 257 703 274 728
person 0.014411227 752 131 769 154
person 0.014400198 737 16 745 30
person 0.014395876 614 703 631 727
person 0.014392262 673 702 690 727
person 0.0143685 -3 128 11 150
person 0.014367594 0 476 5 514
person 0.014365987 695 15 710 32
person 0.014357577 165 595 179 650
person 0.014339119 873 14 888 30
person 0.014315813 544 362 551 395
person 0.014310431 921 -186 936 -134
person 0.014298624 556 92 573 112
person 0.014298053 398 59 414 77
person 0.014286386 594 702 611 727
person 0.014265101 642 601 653 644
person 0.014259134 22 51 93 193
person 0.014256622 951 -223 963 -216
person 0.014240929 238 702 254 728
person 0.01423441 357 109 374 127
person 0.014232565 101 -224 116 -205
person 0.014217438 850 150 868 173
person 0.014214219 214 369 227 378
person 0.0142127145 554 702 571 727
person 0.01420735 535 702 551 727
person 0.0141990315 980 437 1007 494
person 0.01419388 853 13 868 30
person 0.014190612 515 702 531 727
person 0.01418315 670 366 685 393
person 0.014178363 167 94 192 124
person 0.014173651 436 702 452 727
person 0.014169868 715 15 729 32
person 0.014153025 894 188 911 213
person 0.014133672 1023 135 1030 149
person 0.014132642 574 702 591 727
person 0.014132484 966 20 979 60
person 0.014127528 1021 424 1028 450
person 0.01411794 495 702 512 727
person 0.014105799 528 323 548 349
person 0.014081311 833 189 850 213
person 0.0140706375 951 -224 966 -207
person 0.0140706105 380 112 397 130
person 0.0140588945 218 702 234 728
person 0.014057182 693 702 710 727
person 0.014053258 769 342 789 370
person 0.014051084 171 433 193 453
person 0.014035516 889 169 907 193
person 0.01402934 75 66 130 155
person 0.014026565 770 503 834 661
person 0.014005391 143 504 164 529
person 0.013999301 475 702 492 727
person 0.013992188 47 336 69 380
person 0.0139746275 0 378 7 466
person 0.013974016 198 702 215 728
person 0.013968952 172 267 193 290
person 0.013967368 480 17 489 31
person 0.013967343 1022 -191 1029 -155
person 0.0139616635 555 76 567 88
person 0.013958972 675 -224 690 -205
person 0.013958565 333 168 349 191
person 0.013955512 121 595 141 660
person 0.013951682 655 58 672 74
person 0.01393235 455 702 472 727
person 0.013923811 928 111 943 130
person 0.01391402 675 15 690 32
person 0.013890337 211 378 245 425
person 0.013888084 874 92 885 103
person 0.013880851 963 481 998 579
person 0.013872446 590 129 607 151
person 0.013868891 436 91 448 103
person 0.013865786 1023 570 1029 584
person 0.013864841 445 249 534 386
person 0.01384001 340 131 356 151
person 0.013833498 215 503 236 526
person 0.013823385 752 113 769 133
person 0.013813321 562 718 592 811
person 0.013804827 321 601 338 648
person 0.013795507 371 212 395 246
person 0.01378982 640 720 670 810
person 0.01378766 636 -224 651 -205
person 0.013784548 178 702 195 728
person 0.0137822535 355 518 381 546
person 0.013773312 1018 430 1028 442
person 0.013772652 1023 77 1030 90
person 0.013766222 285 472 321 521
person 0.013758015 564 369 573 399
person 0.013755796 712 170 729 194
person 0.013755751 799 -210 807 -176
person 0.01371999 1023 114 1030 127
person 0.013717552 205 690 227 753
person 0.013712119 714 -223 727 -216
person 0.013707323 598 261 687 380
person 0.013706066 302 233 365 316
person 0.01370102 831 171 848 195
person 0.013699983 89 688 110 753
person 0.013690798 775 91 786 102
person 0.013686271 791 130 808 152
person 0.0136845345 132 470 214 607
person 0.013677128 115 144 147 188
person 0.013669603 953 287 970 301
person 0.013654768 791 -67 811 -50
person 0.013650907 44 485 58 497
person 0.013637207 604 200 629 235
person 0.0136219375 926 17 939 59
person 0.013621067 713 702 730 727
person 0.013613944 378 271 460 424
person 0.013601181 656 -224 671 -205
person 0.013599864 93 -72 138 34
person 0.0135983545 357 569 376 591
person 0.013594774 829 -68 849 -59
person 0.013589371 85 209 96 232
person 0.013586897 335 47 352 65
person 0.0135862585 849 -68 868 -59
person 0.013555874 1013 405 1020 433
person 0.013531894 479 92 496 111
person 0.013531492 315 644 334 691
person 0.01353059 452 116 468 134
person 0.013520034 732 651 768 774
person 0.013516421 378 136 394 155
person 0.013515335 773 186 790 211
person 0.013508013 51 215 134 358
person 0.013504995 693 702 712 769
person 0.013502068 -3 -211 8 -183
person 0.013474442 732 -87 749 -67
person 0.013459694 653 702 672 770
person 0.013450603 212 314 232 335
person 0.013444285 536 406 544 420
person 0.013432848 22 341 36 368
person 0.013425867 678 -191 694 -140
person 0.013425343 731 130 749 152
person 0.013403942 101 307 121 327
person 0.013403331 796 15 805 29
person 0.013401736 716 53 732 71
person 0.013370098 392 584 406 612
person 0.013368173 150 389 170 409
person 0.013364802 657 59 669 71
person 0.013364437 883 -55 939 127
person 0.013363254 798 589 812 647
person 0.013342895 836 600 845 631
person 0.013337968 754 168 771 192
person 0.013332535 398 170 415 194
person 0.013330146 641 -191 654 -144
person 0.013329518 159 702 175 728
person 0.013328388 793 150 810 173
person 0.013327775 481 57 497 76
person 0.013325579 773 62 783 73
person 0.013324553 0 357 5 396
person 0.013323091 905 185 922 209
person 0.013302898 -4 382 8 408
person 0.0132943 632 648 650 695
person 0.013293626 418 356 432 372
person 0.013281103 810 -68 829 -59
person 0.01327425 61 5 128 141
person 0.013261627 494 -9 544 92
person 0.013244622 678 60 689 71
person 0.013233372 721 719 752 812
person 0.013227508 637 366 652 394
person 0.013213102 789 543 811 571
person 0.013206071 0 -56 4 -18
person 0.013193855 681 462 701 500
person 0.013175341 0 595 5 634
person 0.013170803 418 150 434 172
person 0.01313375 1015 709 1030 785
person 0.013124432 956 592 965 609
person 0.0131053375 675 57 691 73
person 0.01310141 655 171 673 194
person 0.013084423 248 422 274 445
person 0.013083862 148 139 163 156
person 0.0130755035 96 243 107 263
person 0.013054432 856 601 865 631
person 0.013050415 0 554 4 594
person 0.0130450055 350 71 366 90
person 0.013038579 975 603 985 626
person 0.01302638 854 462 932 615
person 0.013019154 674 647 687 694
person 0.013016783 631 92 648 111
person 0.013009655 83 500 150 670
person 0.0130058285 206 -96 226 -49
person 0.013002052 1022 -152 1029 -115
person 0.012980432 870 -67 889 -50
person 0.012970404 733 702 749 727
person 0.012961702 736 74 747 85
person 0.01295211 805 410 834 465
person 0.012939619 0 -157 5 -117
person 0.012937859 276 269 298 304
person 0.012923545 976 591 983 606
person 0.01290673 -4 482 8 507
person 0.012904288 274 454 297 472
person 0.012898575 99 171 110 184
person 0.012896566 839 351 863 411
person 0.012889585 171 -96 190 -50
person 0.012866036 931 703 950 771
person 0.012863167 436 168 453 193
person 0.012861434 1022 -172 1029 -135
person 0.01285992 670 644 691 705
person 0.0128580695 790 171 807 194
person 0.012843038 176 448 190 459
person 0.012841744 1020 383 1027 413
person 0.0128405895 487 488 541 676
person 0.0128218895 968 166 984 188
person 0.012820098 933 156 949 177
person 0.012812086 986 -129 1010 -26
person 0.0128037 757 15 765 29
person 0.012797487 978 471 1005 529
person 0.0127898995 -4 462 8 487
person 0.012784524 935 77 946 88
person 0.01277541 525 535 538 616
person 0.012771712 183 486 203 507
person 0.012768513 614 -88 630 -62
person 0.012747649 184 98 201 117
person 0.01274673 796 56 812 73
person 0.012732386 951 264 973 289
person 0.01272753 127 48 151 79
person 0.012725229 492 92 510 111
person 0.012725069 539 40 550 54
person 0.012721319 611 192 629 215
person 0.012720689 1016 611 1031 654
person 0.01271857 614 702 632 770
person 0.012696942 161 247 181 270
person 0.012690812 1023 56 1029 71
person 0.012672471 251 74 266 93
person 0.012658774 278 362 298 385
person 0.012658762 952 308 967 321
person 0.012648283 950 -216 971 -160
person 0.012647295 878 -210 886 -175
person 0.012643002 276 645 294 691
person 0.0126401335 58 177 76 197
person 0.012636195 792 189 809 213
person 0.012626013 459 154 475 178
person 0.012613429 513 358 523 390
person 0.012611712 850 -67 870 -51
person 0.012610085 937 587 946 614
person 0.012599255 493 346 501 377
person 0.012598377 98 465 116 487
person 0.012594877 776 15 785 29
person 0.012594545 423 80 439 97
person 0.012591907 165 690 187 753
person 0.012588327 692 91 702 102
person 0.012587444 424 492 440 517
person 0.012583118 233 462 322 610
person 0.012579801 180 382 206 407
person 0.012574282 592 378 599 392
person 0.012573761 1025 505 1030 533
person 0.012569593 833 14 848 31
person 0.012565221 1009 173 1034 224
person 0.012551325 433 204 450 229
person 0.012546108 -4 442 8 468
person 0.012538041 933 74 949 90
person 0.012536542 980 461 1009 482
person 0.0125324335 1023 -93 1029 -56
person 0.012494624 984 137 998 158
person 0.012492364 752 702 769 727
person 0.012481598 27 482 42 509
person 0.012480293 143 393 162 414
person 0.012479242 622 404 630 433
person 0.012465615 -3 -190 8 -163
person 0.012454678 951 212 968 237
person 0.012450791 851 189 869 213
person 0.012450626 123 158 132 171
person 0.012446094 630 150 648 171
person 0.012432154 614 70 626 82
person 0.01242945 0 633 5 673
person 0.012422458 892 14 907 30
person 0.012411798 1013 641 1031 703
person 0.012402794 1022 600 1029 634
person 0.012397106 732 172 749 195
person 0.012393738 761 204 788 239
person 0.012391555 125 601 134 629
person 0.01238495 509 260 536 314
person 0.012372621 650 364 665 390
person 0.012366557 662 62 692 106
person 0.012344329 880 663 921 765
person 0.012335589 811 -67 830 -51
person 0.012333555 157 -146 176 -98
person 0.012329753 825 419 854 446
person 0.012325937 734 14 749 31
person 0.012323122 602 -192 614 -145
person 0.012320274 168 661 207 769
person 0.0123202605 190 295 209 316
person 0.01231689 791 -68 809 -58
person 0.01231544 849 171 867 194
person 0.012305375 799 59 809 71
person 0.012300085 855 93 867 104
person 0.012285212 967 36 981 55
person 0.012255283 82 -224 97 -206
person 0.012254595 952 91 967 108
person 0.012245987 830 -67 850 -51
person 0.012240283 236 646 255 693
person 0.012239776 296 68 318 97
person 0.012238635 873 38 889 55
person 0.012238444 600 43 631 88
person 0.012232197 972 97 987 115
person 0.0122309765 819 -210 827 -176
person 0.012206173 734 54 750 71
person 0.012195563 984 503 1043 683
person 0.012193346 574 31 590 49
person 0.012177137 323 169 339 191
person 0.012175054 810 170 828 193
person 0.012174574 930 131 946 152
person 0.012172223 113 290 134 310
person 0.012165339 694 -223 708 -216
person 0.012164525 113 336 131 354
person 0.0121637 1023 514 1031 524
person 0.012162068 780 -210 788 -175
person 0.012154319 801 -223 828 -146
person 0.012142473 574 702 593 770
person 0.012131605 232 501 310 661
person 0.012121912 251 95 258 108
person 0.012115317 762 62 771 73
person 0.012108659 3 259 14 289
person 0.012099479 624 21 652 70
person 0.012094442 139 702 155 728
person 0.012092921 97 508 116 534
person 0.012090773 908 545 923 574
person 0.01209009 870 -68 887 -58
person 0.012088314 500 388 509 406
person 0.012088017 872 1 884 15
person 0.01208089 694 53 710 70
person 0.0120806 873 604 888 651
person 0.012071713 691 151 709 173
person 0.0120655615 103 -189 115 -137
person 0.012058322 497 321 513 349
person 0.012053559 950 13 959 28
person 0.012045452 691 133 709 154
person 0.012038168 480 540 494 622
person 0.012032016 869 171 887 194
person 0.0120246895 813 13 828 30
person 0.012022277 335 153 351 174
person 0.012016495 0 -77 5 -38
person 0.012013008 594 73 606 84
person 0.012012969 772 -68 791 -50
person 0.012000157 772 702 789 727
person 0.011998812 57 701 75 771
person 0.011995924 853 423 872 449
person 0.011942088 76 492 93 515
person 0.011913821 175 465 198 485
person 0.011904546 833 363 852 392
person 0.011898827 422 503 440 531
person 0.011885977 998 383 1011 457
person 0.011869524 -3 110 10 131
person 0.011867371 277 171 293 194
person 0.011864743 748 340 770 368
person 0.011858495 632 47 664 92
person 0.01185441 0 653 5 693
person 0.011852389 716 422 736 461
person 0.011843724 931 13 947 30
person 0.01183702 556 343 573 373
person 0.011827529 0 44 9 101
person 0.011823346 865 676 931 819
person 0.011813276 630 170 648 192
person 0.011812808 832 648 851 695
person 0.011805542 968 573 984 585
person 0.011805259 606 17 635 65
person 0.01180028 1019 21 1028 66
person 0.011781973 1022 -132 1029 -95
person 0.011769787 1023 154 1029 168
person 0.011767275 817 95 829 106
person 0.011765095 402 376 425 413
person 0.011759525 0 614 5 653
person 0.011755414 812 188 829 212
person 0.011754051 551 166 570 189
person 0.011753752 198 -145 216 -98
person 0.011748581 117 235 134 257
person 0.011745784 398 588 418 651
person 0.01174045 817 605 824 621
person 0.01173889 85 688 128 819
person 0.011736445 875 58 886 71
person 0.011736008 554 132 572 154
person 0.011733211 754 13 769 30
person 0.011694894 1022 620 1029 654
person 0.011692878 794 97 805 107
person 0.011691345 535 702 553 770
person 0.011687737 793 13 808 30
person 0.0116622085 435 111 446 122
person 0.011661356 163 603 175 631
person 0.0116540985 842 3 867 58
person 0.011646867 543 370 550 384
person 0.011641106 836 95 847 106
person 0.011639053 536 130 553 154
person 0.011636717 0 751 5 795
person 0.011631974 577 33 587 46
person 0.011630571 584 111 594 129
person 0.011617046 572 -119 602 -28
person 0.011609224 0 452 7 547
person 0.011600226 455 34 472 53
person 0.011599942 357 149 373 170
person 0.011596308 -18 179 56 300
person 0.011592919 472 642 493 704
person 0.011574051 0 -137 5 -97
person 0.011565419 697 56 707 67
person 0.011564945 634 71 645 82
person 0.011539011 50 294 121 436
person 0.011537462 651 645 688 743
person 0.0115217725 792 701 809 727
person 0.011503029 142 351 152 364
person 0.01149968 40 468 49 481
person 0.011498357 376 527 398 552
person 0.011487717 892 1 904 15
person 0.011475707 181 364 203 385
person 0.011459561 44 715 59 743
person 0.011456051 873 56 889 73
person 0.011451985 -1 322 5 352
person 0.011445142 795 210 830 257
person 0.011441453 333 28 355 60
person 0.011432838 320 153 336 174
person 0.011430768 853 1 864 15
person 0.011427363 354 548 375 571
person 0.011421381 158 466 182 485
person 0.011419001 242 -5 294 93
person 0.011410742 677 594 696 657
person 0.011403858 252 375 271 395
person 0.0113955885 538 23 549 36
person 0.011393917 27 539 35 576
person 0.011392268 211 133 227 152
person 0.011380256 716 92 727 103
person 0.011377956 720 -192 733 -140
person 0.011376947 839 -210 847 -176
person 0.011376753 3 284 26 310
person 0.011375338 1022 -112 1029 -76
person 0.011373568 958 55 980 83
person 0.011368186 592 343 607 371
person 0.011357479 949 305 970 326
person 0.01134378 562 -192 574 -145
person 0.011342063 372 324 394 359
person 0.011338214 773 13 788 30
person 0.011331418 503 83 513 94
person 0.011328992 150 141 159 153
person 0.011326317 62 -224 75 -217
person 0.0113217365 353 494 372 515
person 0.011321272 729 527 749 554
person 0.011317046 127 689 148 753
person 0.01130438 882 177 916 223
person 0.011301605 730 150 747 173
person 0.0113002835 933 170 950 191
person 0.011298264 29 359 41 389
person 0.011298089 934 94 945 105
person 0.011295728 833 601 852 651
person 0.011287531 655 15 670 32
person 0.011282764 483 -28 554 125
person 0.011262516 205 110 216 124
person 0.011261671 892 38 908 55
person 0.011244726 997 -8 1022 86
person 0.011244545 296 449 321 467
person 0.011235562 731 -88 748 -78
person 0.011234132 859 -210 866 -176
person 0.011233687 638 381 649 409
person 0.011226932 179 -87 241 62
person 0.0112120975 192 487 213 508
person 0.011157279 180 351 200 369
person 0.011142548 637 -196 656 -133
person 0.011141345 126 -191 138 -143
person 0.011139474 754 684 768 709
person 0.011138934 247 -96 267 -49
person 0.011138545 170 55 194 88
person 0.011137988 356 170 372 193
person 0.011132093 752 -86 769 -69
person 0.011128382 325 -24 400 123
person 0.011114422 495 702 514 770
person 0.01111242 713 -130 738 -25
person 0.01110934 441 -44 456 -2
person 0.011089409 320 466 343 484
person 0.011075513 891 -68 908 -49
person 0.01107261 105 592 116 662
person 0.011071695 226 348 240 359
person 0.011052276 672 189 690 213
person 0.0110488245 481 30 488 45
person 0.01104334 774 683 788 709
person 0.011041471 337 79 395 162
person 0.011040659 572 54 604 97
person 0.011040628 719 57 729 68
person 0.011023704 1024 735 1030 775
person 0.011020127 492 130 509 154
person 0.01101555 734 684 749 709
person 0.01101167 661 43 670 55
person 0.0110104075 415 171 432 195
person 0.011003182 951 -181 970 -122
person 0.0110008065 330 646 373 741
person 0.010989362 390 505 453 682
person 0.010981597 0 48 5 80
person 0.01098039 149 672 217 825
person 0.010979474 126 524 144 551
person 0.010979184 -3 -4 9 20
person 0.010971098 207 444 236 478
person 0.010970468 28 560 37 594
person 0.010963955 443 80 454 92
person 0.010955795 912 13 927 30
person 0.010929943 812 701 828 727
person 0.010920509 400 601 410 633
person 0.010920323 80 136 114 180
person 0.01091378 252 349 271 373
person 0.010909477 -3 423 8 450
person 0.010908829 0 673 5 713
person 0.010903392 196 646 215 692
person 0.010892712 872 189 890 213
person 0.010885142 729 461 752 497
person 0.010868652 408 -27 480 121
person 0.010864537 -1 6 8 52
person 0.010862898 240 -223 253 -216
person 0.010861298 259 -223 273 -216
person 0.010857981 801 2 826 57
person 0.010856812 220 -223 233 -216
person 0.0108530745 279 -223 293 -216
person 0.010851114 200 -223 213 -216
person 0.010850761 180 -223 194 -216
person 0.010849395 319 -223 332 -216
person 0.010849339 79 440 97 465
person 0.01084877 299 -223 312 -216
person 0.010848305 247 642 292 739
person 0.01084765 477 -223 490 -216
person 0.010847042 339 -223 352 -216
person 0.010843705 358 -223 372 -216
person 0.010843185 457 -223 471 -216
person 0.010840535 378 -223 391 -216
person 0.010839717 178 702 197 770
person 0.010839022 398 -223 411 -216
person 0.010837371 418 -223 431 -216
person 0.010837151 0 693 5 732
person 0.010834917 438 -223 451 -216
person 0.010830314 519 204 553 252
person 0.010821526 497 -223 510 -216
person 0.010814219 291 469 313 487
person 0.0108051235 514 -50 539 4
person 0.010804492 715 684 729 709
person 0.010801847 211 119 227 137
person 0.01080009 675 -223 688 -216
person 0.010799482 64 -185 75 -131
person 0.010799183 124 98 150 129
person 0.010797323 289 214 383 359
person 0.010792643 953 113 969 131
person 0.010789212 592 172 609 193
person 0.01077729 789 238 820 288
person 0.010768225 917 -208 925 -175
person 0.010766996 151 499 230 667
person 0.010756721 873 663 886 690
person 0.010755392 161 -223 174 -216
person 0.010754687 -4 -30 8 -3
person 0.010750715 517 -223 530 -216
person 0.010738383 236 214 253 238
person 0.010732392 455 702 474 770
person 0.010729543 692 170 709 193
person 0.010712854 571 170 589 192
person 0.010700544 663 170 698 215
person 0.01069174 1022 639 1029 674
person 0.010690424 901 206 935 254
person 0.010689461 237 -145 255 -98
person 0.010689077 404 119 415 131
person 0.010684515 537 -223 550 -216
person 0.010676297 842 -193 854 -147
person 0.010667206 912 0 924 15
person 0.01066482 1020 9 1032 34
person 0.010653406 402 305 440 371
person 0.01065328 140 427 164 448
person 0.0106512895 947 12 962 30
person 0.010645256 361 583 378 612
person 0.010637867 236 26 256 60
person 0.0106334565 132 521 153 546
person 0.01063119 637 -130 663 -30
person 0.010630672 174 527 194 550
person 0.010620392 74 323 100 348
person 0.010612043 967 463 993 484
person 0.010606371 718 -208 730 -176
person 0.010598823 591 148 609 169
person 0.010597668 539 519 553 548
person 0.010597618 936 591 944 608
person 0.010597439 198 6 214 27
person 0.010594023 632 306 652 336
person 0.010582854 973 149 983 162
person 0.010578876 556 -223 570 -216
person 0.010563425 43 696 58 725
person 0.010560076 978 482 1008 502
person 0.010558537 660 134 694 178
person 0.010557888 491 649 524 779
person 0.010549255 933 38 949 56
person 0.010545941 204 454 216 466
person 0.010541717 192 268 210 289
person 0.010541419 305 114 321 134
person 0.010539802 956 699 1004 812
person 0.010537759 703 255 733 309
person 0.010536058 671 92 682 104
person 0.0105336225 453 418 466 460
person 0.010529757 952 225 971 250
person 0.010528048 154 523 175 545
person 0.010525321 96 543 112 570
person 0.010523906 808 358 826 387
person 0.010521146 218 702 237 770
person 0.010520133 534 281 556 309
person 0.010495403 760 -209 768 -175
person 0.010491709 653 190 671 213
person 0.010488399 141 -223 154 -216
person 0.010476637 351 499 381 551
person 0.010474981 738 -208 750 -176
person 0.010469461 794 683 808 709
person 0.010457366 750 -89 769 -78
person 0.010449819 134 29 156 62
person 0.010442593 973 -142 1012 -5
person 0.010442509 257 702 276 770
person 0.010435465 0 -98 5 -58
person 0.010431974 416 192 434 216
person 0.010430143 880 8 904 64
person 0.010415142 416 702 435 770
person 0.010413836 438 684 452 710
person 0.010410942 910 207 928 231
person 0.010410789 576 -223 589 -216
person 0.010402148 594 -88 610 -62
person 0.010400474 21 757 35 788
person 0.010387986 179 -26 247 125
person 0.010387328 31 406 40 436
person 0.010383497 338 116 354 134
person 0.010383144 496 60 512 78
person 0.010376771 460 79 472 91
person 0.010375322 833 1 845 15
person 0.01037327 832 701 848 727
person 0.010369316 512 518 527 549
person 0.010366132 246 112 261 130
person 0.010360312 97 368 108 380
person 0.010360156 421 600 430 630
person 0.010358268 0 -117 5 -78
person 0.0103502255 695 684 709 709
person 0.010348101 680 557 691 587
person 0.010342062 614 362 632 394
person 0.010341018 200 684 214 710
person 0.010339091 457 684 472 710
person 0.010338159 -4 363 8 390
person 0.010333442 569 371 583 400
person 0.010328055 220 684 234 710
person 0.010323938 -3 699 8 725
person 0.010323928 434 192 452 215
person 0.010312923 397 188 414 212
person 0.010305839 64 51 141 196
person 0.010301672 763 170 798 215
person 0.010300068 55 193 73 215
person 0.010298478 240 684 254 710
person 0.0102932695 655 -223 668 -216
person 0.010291638 1024 483 1030 511
person 0.010285597 375 168 478 299
person 0.010281884 598 -197 616 -133
person 0.010265671 144 601 156 630
person 0.01025782 181 684 195 710
person 0.010249642 418 684 432 710
person 0.010245279 1022 492 1031 502
person 0.010239976 144 502 203 596
person 0.010230161 984 442 1009 463
person 0.010227786 376 702 395 770
person 0.010226125 260 684 274 710
person 0.010220181 1023 -73 1029 -36
person 0.010210298 215 364 226 383
person 0.0102052055 556 684 570 710
person 0.010199918 300 154 316 175
person 0.010198296 1023 38 1029 52
person 0.010196429 596 -223 609 -216
person 0.010191107 477 684 491 710
person 0.010189569 539 389 551 419
person 0.01018702 855 36 871 53
person 0.01018478 297 702 316 770
person 0.010175107 337 702 355 770
person 0.010170229 610 126 644 170
person 0.010165824 809 656 847 769
person 0.010162067 1023 -9 1029 21
person 0.010160183 616 -223 629 -216
person 0.010159669 576 684 590 710
person 0.010145806 207 129 222 148
person 0.0101448195 371 530 397 586
person 0.010144451 496 151 514 175
person 0.010137567 478 111 495 130
person 0.010135434 212 426 235 445
person 0.01011389 575 406 585 423
person 0.010113194 853 663 867 690
person 0.010107944 160 -125 204 -21
person 0.010105186 670 -8 701 84
person 0.010105157 536 684 551 710
person 0.010095184 801 597 809 630
person 0.010095179 279 684 294 710
person 0.010093859 339 717 356 743
person 0.010083321 759 92 770 103
person 0.010080965 579 385 587 403
person 0.010079709 796 359 814 388
person 0.010077901 307 82 315 94
person 0.010076393 161 684 175 710
person 0.010064228 596 684 610 710
person 0.01006286 356 97 373 114
person 0.010058368 378 716 396 743
person 0.010051881 879 223 966 372
person 0.010049218 319 717 336 743
person 0.010046372 474 77 530 159
person 0.010044301 375 187 392 212
person 0.010032269 635 -223 649 -216
person 0.010030124 551 441 562 469
person 0.010026933 753 -68 771 -48
person 0.010024075 497 684 511 710
person 0.010012739 121 -223 134 -216
person 0.010006309 358 717 376 743
person 0.01000158 299 717 317 743
