person 0.7281813 588 117 612 144
person 0.709602 371 124 393 149
person 0.68166196 546 117 569 143
person 0.67078656 467 103 483 124
person 0.665605 439 106 455 126
person 0.66446495 256 182 308 246
person 0.6584948 323 233 383 304
person 0.65755004 598 56 612 70
person 0.6314609 383 95 399 114
person 0.6087558 542 53 555 67
person 0.52694154 568 48 581 62
person 0.5218379 412 97 427 116
person 0.49645698 400 108 417 128
person 0.42205524 196 165 231 207
person 0.06301603 185 210 239 275
person 0.055726334 438 111 461 136
person 0.046787836 378 92 394 110
person 0.04497398 570 49 579 59
person 0.026959779 544 54 553 64
person 0.01515002 600 57 609 67
person 0.0106524555 372 95 388 113
