person 0.74453664 888 141 910 173
person 0.73174 991 140 1009 167
person 0.6520244 963 120 981 144
person 0.62357616 481 109 504 139
person 0.6232621 813 78 828 100
person 0.60357744 941 103 957 125
person 0.59481126 831 79 847 100
person 0.5766433 963 144 982 171
person 0.5598872 713 77 728 98
person 0.52205247 1016 109 1031 130
person 0.49400714 459 109 477 135
person 0.4242452 674 72 689 92
person 0.40502238 703 65 717 83
person 0.38461095 949 139 968 163
person 0.37463105 658 57 668 75
person 0.31665912 651 32 661 50
person 0.27378213 672 33 683 52
person 0.24775764 1030 153 1054 183
person 0.2088674 1018 108 1029 125
person 0.20777687 1032 146 1049 168
person 0.19487293 719 93 734 115
person 0.19172916 706 67 714 80
person 0.18853816 997 140 1015 165
person 0.17759138 1019 228 1058 290
person 0.1769115 1032 162 1050 186
person 0.17094836 709 74 731 104
person 0.1706449 737 83 751 101
person 0.16659029 131 259 165 310
person 0.14236403 666 58 678 77
person 0.13950485 134 294 175 363
person 0.13495561 45 278 83 352
person 0.13250688 806 81 822 100
person 0.12891221 677 74 686 88
person 0.120460704 716 76 725 92
person 0.107859805 671 65 693 95
person 0.10748836 993 471 1068 633
person 0.104814634 502 122 520 144
person 0.103929706 1022 110 1033 128
person 0.10328574 481 104 500 126
person 0.102179006 1080 638 1090 700
person 0.094293594 235 390 270 441
person 0.08876284 1001 407 1082 590
person 0.085464194 1079 186 1090 232
person 0.0853951 1006 233 1063 320
person 0.08259803 1025 179 1053 211
person 0.08089873 985 134 1016 178
person 0.08033645 733 90 751 111
person 0.078782775 651 77 668 98
person 0.078084946 202 361 238 409
person 0.077365376 944 110 956 128
person 0.077339806 838 93 856 114
person 0.07626342 0 251 8 307
person 0.07491434 1021 248 1049 289
person 0.074670516 815 79 826 92
person 0.07370939 0 283 8 361
person 0.07175787 834 80 844 93
person 0.07140813 1079 139 1091 181
person 0.07095149 817 91 834 111
person 0.07081097 264 380 284 405
person 0.070589855 1079 221 1090 279
person 0.07028747 759 81 775 99
person 0.07001955 895 180 923 214
person 0.06723805 994 323 1076 501
person 0.067000434 966 101 983 121
person 0.06624666 257 363 279 388
person 0.06613964 944 104 954 117
person 0.0659627 1083 96 1090 121
person 0.06531344 985 117 1003 139
person 0.06413579 860 142 879 165
person 0.06335423 739 84 749 97
person 0.063207045 834 99 859 128
person 0.06265747 754 96 772 116
person 0.0625206 1080 682 1090 736
person 0.061561137 929 100 946 121
person 0.06112044 1072 190 1093 226
person 0.06043682 445 117 465 141
person 0.05923449 782 77 799 96
person 0.058673747 497 135 525 167
person 0.05848743 884 106 909 136
person 0.05784502 715 112 732 135
person 0.056632206 857 93 875 112
person 0.055915836 108 265 133 305
person 0.05580557 142 327 174 381
person 0.055798452 796 94 814 114
person 0.055662226 252 359 286 407
person 0.055155624 194 276 228 325
person 0.055005476 -4 -237 10 -213
person 0.05480951 1068 225 1094 283
person 0.05458803 463 111 474 132
person 0.054240912 1079 -236 1090 -186
person 0.05316555 985 151 1005 178
person 0.052623898 1080 246 1090 310
person 0.052592024 654 51 675 80
person 0.052137025 674 92 691 114
person 0.051945824 571 32 585 50
person 0.05166904 994 142 1006 164
person 0.051593527 487 111 498 133
person 0.05120618 595 82 610 100
person 0.050951615 1079 97 1093 120
person 0.05090322 1072 142 1094 175
person 0.05068923 372 44 387 62
person 0.050115652 477 131 504 163
person 0.050057597 926 116 944 137
person 0.0498763 392 551 407 580
person 0.049660377 1083 76 1090 102
person 0.049567148 808 83 820 95
person 0.049445786 263 372 287 398
person 0.049382657 1083 138 1090 164
person 0.049211692 0 253 5 290
person 0.048739538 1079 140 1094 163
person 0.048676595 180 254 216 304
person 0.048604317 810 136 836 167
person 0.0483246 -1 -240 6 -212
person 0.048312675 28 239 41 276
person 0.048223976 962 177 991 211
person 0.048058014 985 100 1001 119
person 0.048031844 518 83 535 102
person 0.04789795 428 547 442 577
person 0.047805898 162 379 200 430
person 0.047476918 60 267 76 294
person 0.047343694 645 27 666 59
person 0.047261305 861 82 878 101
person 0.047060404 -4 -237 8 -230
person 0.046452764 657 308 699 373
person 0.046388045 1006 350 1067 459
person 0.046138622 850 139 877 170
person 0.045763113 -3 -228 19 -130
person 0.04570527 1079 597 1088 664
person 0.045662373 1083 116 1090 141
person 0.045608036 941 152 961 177
person 0.04552483 883 96 902 116
person 0.045299634 391 525 407 553
person 0.04518863 922 137 941 162
person 0.044937845 924 177 955 211
person 0.044709343 779 93 796 113
person 0.04470177 1006 155 1025 180
person 0.044517532 550 105 577 134
person 0.04437243 203 350 225 370
person 0.044240285 563 73 580 89
person 0.0438618 891 147 901 167
person 0.043826737 -4 257 8 285
person 0.043562073 837 116 855 137
person 0.043415066 993 219 1076 369
person 0.042459585 666 31 687 64
person 0.04245396 901 118 919 140
person 0.042117123 253 382 279 409
person 0.042025544 722 95 732 109
person 0.041707113 880 126 919 190
person 0.041424103 26 251 102 395
person 0.04140219 901 95 918 115
person 0.04128209 690 96 707 117
person 0.041085776 668 138 694 170
person 0.04092111 261 202 285 234
person 0.040852338 34 438 79 562
person 0.040757064 1076 99 1088 138
person 0.040425334 1057 101 1072 121
person 0.04032115 633 72 651 91
person 0.040220656 967 146 979 166
person 0.040079925 174 -93 217 47
person 0.039971244 574 34 581 48
person 0.03994728 1068 250 1092 310
person 0.039774474 942 130 975 175
person 0.039503228 840 183 868 216
person 0.039137565 896 145 907 166
person 0.038968846 473 95 511 157
person 0.038955636 -2 383 10 500
person 0.038616456 41 447 54 476
person 0.03852108 886 83 902 101
person 0.03847081 1005 715 1036 801
person 0.038324848 458 132 478 156
person 0.03831412 1078 -237 1090 -229
person 0.038310915 1079 118 1093 141
person 0.038253173 53 285 68 313
person 0.038211487 185 242 212 276
person 0.037950575 48 501 90 643
person 0.037918825 762 627 774 691
person 0.037589293 582 144 609 175
person 0.037392028 94 -90 135 46
person 0.037335593 799 179 828 213
person 0.03728682 551 72 568 89
person 0.037220262 1077 -238 1092 -214
person 0.03718076 675 622 694 691
person 0.037102062 521 91 540 111
person 0.037060227 1077 64 1089 107
person 0.03687043 407 573 422 603
person 0.036584858 547 117 565 139
person 0.036538355 478 139 496 164
person 0.03650585 1081 718 1090 780
person 0.036361374 814 95 839 126
person 0.03632432 762 82 773 94
person 0.0363102 0 2 5 41
person 0.036020573 761 140 787 171
person 0.035862546 815 370 895 544
person 0.035815224 1079 -198 1089 -141
person 0.035778426 829 358 888 447
person 0.035754554 0 274 5 311
person 0.035747413 104 509 121 538
person 0.035609335 365 43 380 61
person 0.035450567 845 730 870 795
person 0.035283517 759 97 784 128
person 0.035023037 1025 148 1058 193
person 0.034926455 841 134 860 156
person 0.034919996 672 99 696 131
person 0.034758117 0 -242 8 -189
person 0.034573957 437 104 455 125
person 0.034482222 956 111 986 155
person 0.034449782 841 -106 854 -68
person 0.034438584 1040 161 1057 185
person 0.034197945 1010 -222 1024 -181
person 0.034189574 53 289 75 339
person 0.034018226 636 62 653 81
person 0.033970635 -4 278 9 307
person 0.03392386 52 274 75 319
person 0.033706162 1068 -217 1095 -136
person 0.03367507 100 223 126 257
person 0.03366779 -3 248 15 317
person 0.033617098 1080 77 1093 101
person 0.03347397 -3 -156 16 -34
person 0.033305217 18 314 33 397
person 0.033296548 875 192 917 255
person 0.033287056 798 113 816 134
person 0.033011805 800 548 844 678
person 0.032974783 920 156 939 181
person 0.032707356 45 -238 62 -221
person 0.03268409 612 77 629 95
person 0.03266129 1083 154 1090 182
person 0.032639094 668 352 722 449
person 0.03256135 273 407 295 432
person 0.032470927 738 62 754 81
person 0.032424416 427 135 455 167
person 0.032385886 591 620 610 690
person 0.03233494 -4 7 9 35
person 0.03231763 718 137 744 169
person 0.032306217 647 91 664 111
person 0.032239735 803 730 828 795
person 0.03206771 556 138 583 169
person 0.03206531 382 52 406 81
person 0.03198257 26 -237 39 -231
person 0.031847034 946 173 988 235
person 0.031826235 597 98 623 127
person 0.031825736 643 99 668 128
person 0.031577706 -1 289 15 367
person 0.03150169 462 106 475 124
person 0.031441566 633 622 651 693
person 0.031256534 343 631 356 679
person 0.03122514 961 171 980 197
person 0.031160878 154 356 211 447
person 0.031080961 589 93 606 113
person 0.031039959 378 144 405 175
person 0.03095931 141 303 170 346
person 0.030893352 25 -237 42 -221
person 0.030732837 529 115 548 136
person 0.030692857 111 265 192 400
person 0.030665627 784 79 796 91
person 0.030599777 821 115 840 135
person 0.030500231 154 342 192 392
person 0.03049451 2 128 15 169
person 0.030398589 503 97 523 118
person 0.030220645 316 395 369 497
person 0.030205742 294 200 317 232
person 0.030038964 774 346 815 415
person 0.030031428 189 302 233 366
person 0.02999423 973 -225 988 -177
person 0.029828407 844 252 887 316
person 0.02967355 227 372 284 464
person 0.029630724 241 402 264 427
person 0.029623814 46 463 63 494
person 0.029378269 1069 297 1081 370
person 0.029365994 91 295 122 350
person 0.029354576 855 159 875 183
person 0.02932827 3 123 18 145
person 0.029185114 295 464 327 519
person 0.029169494 508 83 526 102
person 0.02897486 1018 59 1041 93
person 0.028957184 633 137 660 171
person 0.02868501 794 399 845 502
person 0.028638033 1006 -91 1048 49
person 0.02859089 376 46 383 59
person 0.028534876 769 177 796 209
person 0.028522423 940 72 963 103
person 0.028510533 2 110 14 155
person 0.02847628 761 730 785 796
person 0.02836636 471 73 497 102
person 0.028345736 -5 574 26 737
person 0.028221717 6 121 14 147
person 0.02817699 57 725 77 794
person 0.028108455 761 72 786 103
person 0.028100347 861 117 881 138
person 0.027969217 900 82 916 100
person 0.02794603 149 397 220 567
person 0.027924418 635 74 647 86
person 0.027905323 773 175 814 236
person 0.02785067 597 85 607 96
person 0.027849462 226 485 245 510
person 0.027762912 -9 307 50 471
person 0.027674278 285 620 294 648
person 0.027652636 414 572 430 604
person 0.027584625 825 68 853 114
person 0.027504599 903 -237 916 -229
person 0.027447527 254 422 291 475
person 0.027444707 265 328 284 351
person 0.027429689 882 -237 895 -229
person 0.027405957 138 231 167 267
person 0.02734131 565 567 583 643
person 0.027271595 827 558 844 584
person 0.027198259 736 92 748 106
person 0.02716685 887 731 911 794
person 0.027065016 898 177 917 201
person 0.027031213 109 264 127 291
person 0.026975445 436 32 458 63
person 0.026959559 45 -237 60 -231
person 0.026949778 1046 -237 1060 -230
person 0.026795134 753 258 796 321
person 0.026775228 566 28 588 59
person 0.02672609 76 335 101 394
person 0.026723232 0 360 7 452
person 0.026703741 565 75 577 86
person 0.026546618 632 289 690 380
person 0.026542058 265 210 290 244
person 0.02651652 548 100 567 120
person 0.026448267 690 580 707 654
person 0.026414685 939 -230 955 -177
person 0.026236575 441 134 460 158
person 0.026233006 936 248 980 311
person 0.02620912 569 98 587 117
person 0.026152363 654 322 731 481
person 0.026103957 60 72 81 106
person 0.026076011 861 -237 874 -229
person 0.025968144 1030 176 1050 201
person 0.025939124 535 184 562 218
person 0.025924638 433 56 458 84
person 0.025898311 349 140 375 171
person 0.025893511 71 464 85 492
person 0.025824318 391 101 416 130
person 0.025776649 45 190 70 221
person 0.025590517 513 75 538 103
person 0.025569944 307 376 376 539
person 0.025562422 1040 428 1071 485
person 0.025518205 693 116 711 138
person 0.025512073 924 -237 936 -229
person 0.025485948 1082 100 1089 115
person 0.025460534 1 337 28 439
person 0.02544006 780 60 797 80
person 0.025404204 230 371 306 550
person 0.02538606 838 222 869 258
person 0.025376977 553 61 579 88
person 0.025374737 591 72 616 101
person 0.025340578 966 120 978 135
person 0.025316922 1043 141 1060 162
person 0.025246715 882 -238 897 -215
person 0.025019454 861 -238 876 -215
person 0.024991052 1013 731 1032 782
person 0.024866534 716 624 736 693
person 0.024811322 903 -238 918 -215
person 0.024755742 316 381 346 436
person 0.024699537 107 526 126 555
person 0.024659319 954 396 1036 574
person 0.024643315 933 94 965 141
person 0.024628632 426 540 441 568
person 0.02455572 595 587 608 667
person 0.024488788 80 377 103 443
person 0.024397558 893 214 922 248
person 0.024371749 483 81 501 100
person 0.024316592 277 505 296 532
person 0.024252657 840 -238 855 -216
person 0.024195157 1 130 10 157
person 0.024161872 565 116 584 138
person 0.024135392 297 618 307 646
person 0.024098737 938 747 970 838
person 0.023933163 705 66 734 113
person 0.023727063 946 82 962 102
person 0.02372581 1053 307 1080 368
person 0.023647742 565 61 582 79
person 0.023621224 1046 -238 1062 -220
person 0.023607349 141 324 222 486
person 0.023501605 806 66 836 113
person 0.023403907 0 -227 8 -148
person 0.023367783 840 -237 853 -229
person 0.023290765 882 -107 894 -65
person 0.023233116 924 -238 938 -215
person 0.023188515 520 176 546 211
person 0.023173116 254 355 274 377
person 0.023044912 377 -214 406 -133
person 0.023008965 351 101 376 129
person 0.022956047 314 411 345 466
person 0.02281389 363 51 380 71
person 0.022794444 234 104 252 124
person 0.022782031 756 116 774 137
person 0.022764899 609 95 626 115
person 0.022742003 428 633 440 681
person 0.02272853 819 -238 834 -217
person 0.02272212 1084 256 1089 290
person 0.02266015 22 230 49 285
person 0.022629792 367 46 376 58
person 0.022621889 550 59 567 78
person 0.02255666 441 39 457 59
person 0.022450969 878 177 898 201
person 0.022439627 759 59 776 78
person 0.022348115 818 138 837 159
person 0.02231293 80 512 127 643
person 0.02225455 944 -237 957 -230
person 0.022231476 253 621 263 651
person 0.02222418 678 730 701 797
person 0.022194704 297 141 323 172
person 0.02218641 0 24 6 59
person 0.022087853 1083 53 1090 80
person 0.022064127 642 42 651 55
person 0.022051116 943 176 964 200
person 0.022024687 972 733 993 785
person 0.021957714 1013 696 1027 735
person 0.021957431 385 630 399 677
person 0.021932691 2 -24 25 77
person 0.021914864 798 675 814 735
person 0.021895533 921 179 940 201
person 0.021882297 991 622 1001 648
person 0.021869179 731 403 751 428
person 0.02186058 889 -234 906 -179
person 0.021755725 1047 117 1063 139
person 0.021743527 801 -109 814 -69
person 0.02173407 357 54 381 84
person 0.021701524 583 140 601 164
person 0.021684336 98 702 124 823
person 0.02166092 931 101 944 114
person 0.021607358 759 -221 788 -137
person 0.021591224 983 178 1004 201
person 0.021538729 884 777 906 849
person 0.021526532 129 267 151 294
person 0.02151726 1027 -238 1044 -221
person 0.021500375 262 485 298 538
person 0.021468895 549 622 567 693
person 0.021465698 864 85 875 97
person 0.021414163 701 91 740 155
person 0.021397874 -1 132 14 156
person 0.021374112 656 26 664 39
person 0.02131451 -4 679 13 818
person 0.02130467 95 187 121 216
person 0.021288676 675 114 693 137
person 0.021273464 421 103 440 123
person 0.021235688 838 160 857 184
person 0.021229759 547 -185 575 -97
person 0.021181867 945 -238 959 -216
person 0.021137713 614 60 631 77
person 0.02112271 926 777 948 849
person 0.021104682 1028 -237 1041 -230
person 0.021090511 798 -238 813 -218
person 0.0210437 756 97 769 110
person 0.020901216 683 174 711 208
person 0.02088192 1036 334 1065 392
person 0.020751102 116 276 144 305
person 0.020742502 587 159 606 183
person 0.020683387 -3 28 10 55
person 0.020680254 267 494 287 519
person 0.020676082 798 96 812 108
person 0.020661509 818 -237 832 -230
person 0.020618143 968 103 980 116
person 0.020574963 301 628 316 684
person 0.02055683 419 115 438 137
person 0.020541057 842 777 865 849
person 0.020471217 801 216 830 253
person 0.020445077 959 217 990 254
person 0.020442424 291 515 313 540
person 0.020417511 886 -155 906 -107
person 0.020416105 798 60 814 81
person 0.02039707 1080 822 1086 868
person 0.020376125 636 729 659 797
person 0.02033069 740 65 752 77
person 0.020325292 371 84 409 149
person 0.020287719 821 62 837 83
person 0.02024344 561 558 576 589
person 0.020188242 639 39 654 57
person 0.020183679 315 276 373 370
person 0.020177772 511 631 523 681
person 0.02016535 377 207 439 293
person 0.020161925 468 730 492 797
person 0.020155882 372 13 387 35
person 0.02014892 377 528 400 555
person 0.02013657 87 186 126 252
person 0.02013351 0 356 5 395
person 0.020127067 381 -187 409 -97
person 0.020107394 262 143 288 172
person 0.020102996 207 320 234 343
person 0.020089231 157 298 196 350
person 0.020067146 1018 354 1061 432
person 0.020057073 145 302 174 327
person 0.02003302 102 741 131 848
person 0.020013314 718 176 746 210
person 0.019973107 790 100 829 164
person 0.019968534 165 -130 190 -26
person 0.01990716 510 730 533 797
person 0.0198936 685 166 726 226
person 0.019881532 963 263 999 314
person 0.019873941 630 96 647 116
person 0.019847887 1040 385 1072 440
person 0.01984381 31 442 43 472
person 0.019832283 929 218 958 253
person 0.019828064 58 -88 83 21
person 0.019818956 289 -219 318 -138
person 0.019780919 896 374 961 467
person 0.019777905 1002 -130 1028 -27
person 0.01977438 780 378 854 544
person 0.01974248 500 486 513 517
person 0.01973997 888 86 899 97
person 0.019708756 455 -186 484 -99
person 0.01970486 542 138 561 161
person 0.019702848 297 488 322 513
person 0.019691173 720 730 743 796
person 0.019642599 272 494 303 547
person 0.019598275 1079 180 1094 206
person 0.019597687 301 98 327 127
person 0.019553527 957 -95 1001 43
person 0.01953408 1010 13 1020 29
person 0.019499728 507 624 526 692
person 0.019473055 594 729 617 797
person 0.019460784 1010 296 1049 349
person 0.019460132 1084 591 1089 625
person 0.019424897 629 -183 657 -94
person 0.019414946 928 637 937 667
person 0.019333573 948 637 958 665
person 0.019329727 857 177 875 202
person 0.019294528 1081 403 1089 432
person 0.019270025 552 730 575 797
person 0.019253055 138 263 158 291
person 0.019245809 38 220 62 254
person 0.019229177 990 638 998 661
person 0.019198665 800 776 823 849
person 0.019175595 201 233 230 268
person 0.019171098 732 117 750 138
person 0.01915105 925 82 941 100
person 0.019097332 776 117 794 138
person 0.019068075 621 95 660 157
person 0.019053418 851 754 883 850
person 0.019011054 503 157 521 181
person 0.018985469 826 400 887 508
person 0.018950952 585 117 603 139
person 0.018947575 965 -238 980 -217
person 0.018874163 553 75 565 86
person 0.018867418 952 139 964 154
person 0.018863093 844 -54 857 -17
person 0.01884837 1084 555 1090 586
person 0.018799901 594 176 623 211
person 0.018788448 221 476 248 515
person 0.01875462 776 -238 792 -218
person 0.018740559 426 731 450 797
person 0.018698327 1011 -187 1024 -142
person 0.01869536 749 315 835 487
person 0.018695204 614 79 626 90
person 0.018693306 241 399 298 507
person 0.018686118 969 638 980 664
person 0.018625205 453 -213 483 -132
person 0.018592196 781 95 793 107
person 0.018571464 841 95 855 108
person 0.018562121 1036 462 1067 519
person 0.018554965 181 181 223 244
person 0.018529404 882 357 977 487
person 0.018521493 974 62 997 95
person 0.018511318 303 85 318 103
person 0.018499484 713 -180 740 -91
person 0.018458895 135 188 161 216
person 0.018457748 820 94 832 107
person 0.018452693 617 63 628 74
person 0.018425388 1084 574 1090 606
person 0.018376755 969 695 990 740
person 0.018353807 965 -237 978 -230
person 0.018331641 1080 -158 1089 -97
person 0.018308865 890 68 914 98
person 0.018295027 187 529 211 551
person 0.018272744 98 -128 126 -28
person 0.018269897 0 -11 5 26
person 0.018266464 0 736 13 821
person 0.018243544 264 424 290 451
person 0.018242998 133 311 188 415
person 0.018159095 0 440 5 479
person 0.018134901 0 -4 8 56
person 0.01813425 758 776 781 849
person 0.018106628 469 633 481 678
person 0.018097777 818 159 837 182
person 0.018043496 659 586 670 624
person 0.018034685 566 137 584 161
person 0.017994605 666 58 696 106
person 0.017972419 254 429 280 452
person 0.01795806 1011 638 1019 661
person 0.017949013 81 337 93 388
person 0.017944602 860 95 873 107
person 0.017918479 683 -220 713 -138
person 0.017896054 1029 202 1049 227
person 0.017883293 107 -220 136 -136
person 0.017878948 0 242 5 277
person 0.017851498 930 -154 941 -106
person 0.017850611 437 566 451 597
person 0.017845312 843 -234 872 -154
person 0.017830718 989 14 998 29
person 0.017809035 532 100 573 161
person 0.01776702 182 187 208 215
person 0.017748183 0 -209 5 -167
person 0.017667579 1083 177 1089 208
person 0.017663747 772 140 790 163
person 0.01766135 0 -229 5 -189
person 0.017647894 797 -237 811 -230
person 0.017642273 481 156 501 179
person 0.017639514 759 136 777 160
person 0.01762131 179 751 211 851
person 0.017616393 188 -223 217 -143
person 0.017610056 756 677 769 734
person 0.017605165 1005 178 1024 203
person 0.017603712 80 526 99 554
person 0.017589848 650 115 668 137
person 0.01754877 929 731 953 794
person 0.017527219 204 366 234 390
person 0.01750653 1025 746 1058 839
person 0.017427936 328 417 362 476
person 0.017366175 1034 499 1063 557
person 0.017352013 172 776 194 849
person 0.017311929 190 84 226 153
person 0.017303338 676 95 688 108
person 0.01728398 716 776 739 850
person 0.017270321 968 777 990 849
person 0.017268758 66 504 84 533
person 0.017264534 631 119 648 142
person 0.017253583 136 319 175 341
person 0.017234044 797 134 816 156
person 0.017231202 214 184 240 215
person 0.017221015 901 742 921 813
person 0.017195845 501 477 511 535
person 0.017169207 626 159 644 184
person 0.017157776 756 -238 772 -219
person 0.01715609 840 62 855 82
person 0.017131768 1035 149 1046 161
person 0.017120797 1077 17 1087 74
person 0.01711769 1060 104 1069 117
person 0.017060624 1012 625 1021 642
person 0.017030679 715 135 733 160
person 0.017029408 1083 795 1089 840
person 0.016998483 1048 329 1060 395
person 0.016997615 0 692 8 775
person 0.016993918 202 380 235 406
person 0.016991403 130 -16 159 81
person 0.01697404 276 181 318 244
person 0.016947677 943 743 963 813
person 0.016931104 262 206 277 230
person 0.016931018 0 435 7 536
person 0.01692217 304 250 390 393
person 0.016894136 214 776 236 849
person 0.016885411 137 275 159 301
person 0.016851967 218 143 243 172
person 0.01682664 130 776 152 850
person 0.016819308 0 816 8 864
person 0.016814616 258 631 272 685
person 0.016813189 213 427 250 476
person 0.016810905 1084 238 1090 273
person 0.016809557 630 135 648 160
person 0.016745372 653 23 668 41
person 0.016730947 100 515 161 718
person 0.016730767 460 156 479 179
person 0.016697358 671 154 689 180
person 0.016695872 204 540 225 564
person 0.016650481 674 776 697 850
person 0.016630178 1035 161 1046 178
person 0.016627107 987 102 999 114
person 0.016625445 256 776 278 850
person 0.01661811 -3 298 10 327
person 0.01660029 967 14 977 30
person 0.016582506 299 72 323 102
person 0.01656717 80 512 98 541
person 0.016546441 525 160 544 185
person 0.016540809 469 585 481 638
person 0.016538762 298 776 320 850
person 0.016536132 62 97 85 129
person 0.016534295 342 731 366 797
person 0.016531223 774 686 812 820
person 0.016516082 265 346 286 370
person 0.016501993 339 776 362 850
person 0.01649824 521 86 532 97
person 0.016490556 319 607 328 623
person 0.016489103 522 140 541 163
person 0.01647489 0 293 6 332
person 0.016457628 636 175 665 210
person 0.016431192 46 776 69 850
person 0.01642838 466 83 484 103
person 0.01640618 370 48 388 69
person 0.016403558 614 23 622 36
person 0.016392795 506 -238 521 -217
person 0.016388223 526 -238 542 -217
person 0.01637288 542 576 555 606
person 0.016365355 485 -238 500 -217
person 0.016364036 212 -238 228 -217
person 0.016362831 338 -238 354 -217
person 0.016362807 359 -238 375 -217
person 0.016361395 380 -238 396 -217
person 0.016360197 422 -238 437 -217
person 0.016359953 233 -238 249 -217
person 0.016359936 381 776 403 850
person 0.016359922 401 -238 416 -217
person 0.016359622 317 -238 333 -217
person 0.016359368 254 -238 270 -217
person 0.016358104 275 -238 291 -217
person 0.016356798 335 743 353 769
person 0.016356423 296 -238 312 -217
person 0.016353661 443 -238 458 -217
person 0.016353378 547 -238 563 -217
person 0.016346337 191 -238 207 -217
person 0.016337063 464 -238 479 -217
person 0.016332857 568 -238 584 -217
person 0.016320312 901 200 921 221
person 0.016310593 356 743 374 769
person 0.016302569 216 347 297 488
person 0.016250988 633 776 655 850
person 0.016246423 94 727 116 795
person 0.016243313 314 743 332 769
person 0.016234705 423 776 445 850
person 0.016230715 731 141 749 164
person 0.016228583 971 655 985 699
person 0.016221102 589 -238 605 -217
person 0.01620802 1082 384 1089 414
person 0.016179265 170 -238 186 -217
person 0.016152222 0 609 5 648
person 0.01612675 377 743 395 769
person 0.016122082 10 180 24 219
person 0.01611936 465 776 487 850
person 0.01609499 1009 777 1031 849
person 0.016076377 507 776 529 850
person 0.016048579 815 455 890 631
person 0.016040968 1081 741 1090 818
person 0.01603856 591 776 613 850
person 0.016038198 610 -238 626 -218
person 0.016038077 253 625 261 643
person 0.0160282 285 87 322 153
person 0.016013054 549 776 571 850
person 0.016000496 293 743 311 769
person 0.015998371 268 100 293 128
person 0.015970245 815 579 833 606
person 0.015961338 523 -217 553 -135
person 0.015953192 607 116 625 138
person 0.015947482 398 743 416 769
person 0.015934445 939 572 960 602
person 0.015925407 844 -233 860 -178
person 0.015917711 1068 137 1096 189
person 0.015916038 985 -238 1001 -219
person 0.015900712 1041 172 1059 197
person 0.015866308 588 680 603 732
person 0.015855998 1083 563 1091 575
person 0.01583167 173 462 209 519
person 0.015817901 391 173 416 208
person 0.01580631 49 301 69 333
person 0.015799718 384 731 408 797
person 0.015781902 0 315 5 354
person 0.015748164 419 743 437 769
person 0.015742844 834 227 873 274
person 0.01573466 319 379 358 456
person 0.01573163 544 409 555 436
person 0.015686184 149 -238 165 -218
person 0.015683519 -4 246 8 274
person 0.015665663 859 742 879 813
person 0.0156338 273 743 290 769
person 0.015624423 183 143 208 171
person 0.015607395 593 60 610 78
person 0.015583588 137 342 176 366
person 0.015555188 803 -232 819 -178
person 0.015542859 611 -219 641 -137
person 0.01551733 440 743 458 769
person 0.015517175 950 -222 958 -187
person 0.015509182 0 91 6 123
person 0.015491069 983 577 1002 605
person 0.01547925 831 533 851 559
person 0.01546796 175 68 198 101
person 0.015459364 188 115 205 137
person 0.015444421 68 -226 80 -178
person 0.015436311 631 -238 647 -218
person 0.015433519 461 743 479 769
person 0.015424264 611 20 625 38
person 0.015411205 567 158 586 183
person 0.015361627 225 372 248 391
person 0.015336064 432 572 448 648
person 0.015328838 482 743 500 769
person 0.015310954 503 743 521 769
person 0.0153074395 712 743 730 769
person 0.015299197 817 -55 831 -19
person 0.015280337 524 743 541 769
person 0.015278731 252 743 269 769
person 0.015276779 648 137 666 162
person 0.015255498 445 78 463 99
person 0.015234737 541 182 560 206
person 0.015232427 691 743 709 769
person 0.015217006 402 99 419 119
person 0.01521412 610 159 628 184
person 0.015191012 733 743 751 769
person 0.015190953 689 683 725 824
person 0.015186012 837 181 856 206
person 0.0151682515 545 743 562 769
person 0.015163308 1027 744 1046 816
person 0.015147629 735 -238 751 -219
person 0.015136848 172 476 246 634
person 0.015127034 776 -237 790 -230
person 0.015121833 690 137 707 161
person 0.015107609 159 402 196 428
person 0.015096035 1082 143 1090 156
person 0.015086694 803 624 818 687
person 0.015081848 637 17 673 90
person 0.015068622 1083 583 1090 595
person 0.015064958 566 743 583 769
person 0.015062904 1082 33 1089 60
person 0.015059701 670 743 688 769
person 0.015048884 258 730 282 796
person 0.01504614 766 215 794 251
person 0.015040312 164 383 196 404
person 0.014997897 568 63 580 76
person 0.01497753 142 -232 157 -181
person 0.01496649 733 180 751 206
person 0.014964745 89 776 110 851
person 0.01495059 0 -189 5 -146
person 0.014947984 754 743 772 769
person 0.014934551 1031 12 1040 28
person 0.014928372 1032 623 1040 639
person 0.014918622 108 -227 120 -180
person 0.014900464 128 -238 144 -218
person 0.014899874 28 423 41 454
person 0.014898908 231 743 248 769
person 0.014898252 181 450 204 469
person 0.014897195 587 743 604 769
person 0.014892731 1076 406 1093 429
person 0.014891471 1082 121 1089 134
person 0.014889429 652 -238 668 -218
person 0.014876636 649 743 667 769
person 0.01486918 902 488 996 646
person 0.014866645 839 199 858 224
person 0.014858352 259 757 292 853
person 0.014856621 945 119 983 188
person 0.014829858 960 577 979 606
person 0.014826376 1072 -238 1092 -176
person 0.014819309 693 176 711 203
person 0.014818473 320 623 328 641
person 0.014817449 774 158 793 183
person 0.014799417 717 179 735 206
person 0.014797152 629 743 646 769
person 0.014790694 608 743 625 769
person 0.014745396 966 79 983 99
person 0.014732287 0 55 8 108
person 0.014724941 626 677 647 743
person 0.014714954 -4 93 10 120
person 0.0146982325 770 -231 785 -178
person 0.014684186 89 145 113 173
person 0.014676164 165 446 191 469
person 0.014661506 1080 54 1093 79
person 0.014654184 848 -157 860 -108
person 0.014650991 225 100 249 129
person 0.014612648 0 461 5 502
person 0.014605908 178 694 216 818
person 0.014600973 66 -238 82 -220
person 0.014597716 985 -237 999 -230
person 0.014591577 544 160 563 184
person 0.014588186 210 743 227 769
person 0.0145725645 301 636 310 665
person 0.0145698255 903 85 914 96
person 0.014531808 201 547 223 572
person 0.01452247 53 140 79 170
person 0.014499088 214 -17 243 78
person 0.014496126 -3 -240 14 -169
person 0.0144748455 -4 320 9 349
person 0.014474274 104 239 123 265
person 0.014423843 1083 217 1090 251
person 0.014384911 599 166 641 226
person 0.014371823 775 742 793 769
person 0.01435286 1084 534 1090 564
person 0.014323371 609 138 627 162
person 0.014310492 718 116 728 129
person 0.014307686 1025 217 1046 242
person 0.01428123 726 -230 741 -178
person 0.014273639 797 220 834 269
person 0.014259128 107 -238 123 -218
person 0.014255066 636 -160 647 -114
person 0.014247938 948 85 960 98
person 0.01422934 1006 -238 1020 -230
person 0.014224812 976 -199 991 -141
person 0.014210511 1033 639 1040 660
person 0.014206035 189 742 206 769
person 0.014190626 491 111 528 155
person 0.014140064 1082 -203 1089 -165
person 0.014133445 1079 243 1094 269
person 0.014112088 846 -223 855 -187
person 0.0140962405 669 23 684 42
person 0.01407597 0 585 5 627
person 0.014058001 1006 -238 1022 -220
person 0.014050469 673 -238 689 -218
person 0.014029657 552 61 564 73
person 0.014002415 614 262 704 412
person 0.013997748 43 266 59 294
person 0.013995498 1079 221 1094 248
person 0.01398617 226 387 251 411
person 0.013979919 715 -238 731 -218
person 0.013956465 256 636 266 667
person 0.013955604 942 25 956 64
person 0.013940044 549 9 585 80
person 0.013929408 0 46 6 80
person 0.013916492 380 624 401 688
person 0.013896511 334 -103 356 -66
person 0.0138905635 0 335 5 375
person 0.013876261 253 680 268 730
person 0.013850134 532 411 542 438
person 0.013835573 837 -110 859 -56
person 0.013831352 796 742 814 769
person 0.01381692 132 143 157 172
person 0.0138131315 1029 112 1063 184
person 0.013801965 480 32 504 62
person 0.013769601 817 180 835 205
person 0.01375447 1083 -78 1090 -39
person 0.013732022 669 680 689 733
person 0.013716306 694 -238 710 -218
person 0.013690566 756 179 774 205
person 0.013689361 1028 285 1043 297
person 0.013683214 690 159 708 184
person 0.013669352 747 449 765 475
person 0.013662253 461 173 489 207
person 0.013659714 710 676 731 744
person 0.013649419 993 -142 1034 -10
person 0.013639183 309 486 333 509
person 0.013624936 549 527 562 558
person 0.0136237005 385 594 399 655
person 0.013602045 839 678 854 733
person 0.013600305 756 -237 770 -230
person 0.0135995895 -4 50 10 76
person 0.013597951 116 91 152 163
person 0.013576887 420 135 438 158
person 0.013574027 168 742 185 769
person 0.013561269 695 40 710 61
person 0.013540535 1083 615 1089 650
person 0.013533912 154 268 257 406
person 0.013518056 -3 -224 8 -195
person 0.013509171 987 119 1001 130
person 0.013494415 630 681 644 730
person 0.013488508 1075 646 1092 691
person 0.013484295 595 758 626 858
person 0.013483548 175 730 198 796
person 0.013472946 651 157 669 183
person 0.01346175 907 636 916 668
person 0.0134376325 848 253 877 293
person 0.013437418 0 418 5 458
person 0.013379517 0 629 6 670
person 0.013363413 422 626 442 692
person 0.013359843 667 338 690 368
person 0.013350707 202 303 235 342
person 0.0133449845 671 177 689 202
person 0.01329465 678 404 713 435
person 0.013284314 358 183 457 320
person 0.013266901 293 465 314 491
person 0.0132639995 678 558 721 699
person 0.013257785 569 403 581 430
person 0.013243637 1082 543 1091 555
person 0.013229462 300 731 324 797
person 0.0132279685 519 195 538 219
person 0.013212852 664 381 687 407
person 0.013188579 -4 446 9 473
person 0.013184545 647 381 669 410
person 0.013183807 505 43 522 61
person 0.013164899 1073 718 1091 788
person 0.01315946 688 336 708 366
person 0.013159331 169 -93 185 -66
person 0.013133032 1082 -162 1089 -123
person 0.013131971 0 -167 5 -125
person 0.013122636 1057 -12 1083 83
person 0.013093009 1083 -59 1090 -18
person 0.013092344 0 377 6 417
person 0.013084078 1083 600 1089 614
person 0.01308183 1084 512 1090 541
person 0.01308076 879 686 900 736
person 0.013070575 425 587 435 626
person 0.013057191 0 602 8 700
person 0.01303569 933 -205 947 -150
person 0.013022997 0 398 5 438
person 0.013018082 -1 -183 13 -99
person 0.013014774 798 158 816 181
person 0.013005541 596 64 607 75
person 0.013003699 0 475 8 579
person 0.01300251 1082 -183 1089 -144
person 0.013002419 0 549 7 672
person 0.012995524 21 340 34 371
person 0.012979784 817 742 835 769
person 0.012975808 762 62 773 74
person 0.012974586 207 354 221 364
person 0.012967669 678 757 709 855
person 0.012960769 598 512 641 642
person 0.012960555 817 742 837 813
person 0.012959768 161 434 199 485
person 0.012945631 60 -115 80 -46
person 0.012923599 1082 520 1091 531
person 0.012914843 1074 750 1090 830
person 0.012909143 511 573 523 643
person 0.012890824 379 120 396 141
person 0.012868732 370 33 392 66
person 0.012856065 869 115 925 205
person 0.01284438 642 587 662 664
person 0.012843419 504 180 523 202
person 0.012835212 967 428 1029 543
person 0.012828422 396 118 414 140
person 0.012821619 594 -158 606 -114
person 0.012816248 148 -93 164 -66
person 0.012804381 795 181 814 206
person 0.012798186 649 94 661 106
person 0.012785938 256 323 284 360
person 0.012777653 1078 260 1094 285
person 0.012747174 843 -157 863 -98
person 0.012745434 736 358 758 387
person 0.012730185 320 382 343 410
person 0.0126940925 1040 -54 1060 16
person 0.01267589 423 175 449 210
person 0.012662892 1008 647 1026 698
person 0.012649391 465 624 484 690
person 0.012646133 61 486 79 517
person 0.012640461 280 637 289 669
person 0.012605776 987 638 1002 667
person 0.012594178 439 157 458 181
person 0.012587882 775 742 795 814
person 0.012568002 489 38 504 57
person 0.012567333 17 327 31 355
person 0.012563795 338 625 360 689
person 0.012533596 267 691 305 820
person 0.012521444 -4 361 8 389
person 0.012510954 1072 678 1092 742
person 0.012507215 134 729 156 796
person 0.012487425 971 618 981 645
person 0.012481204 764 757 796 858
person 0.012480998 -3 -202 8 -174
person 0.012453934 383 159 400 184
person 0.0124402875 929 -223 937 -187
person 0.012432722 444 589 454 627
person 0.012432634 364 77 380 98
person 0.01239277 1022 235 1050 263
person 0.012383441 1079 201 1094 227
person 0.012370117 0 669 5 712
person 0.012358861 867 -223 875 -187
person 0.012356481 1037 535 1106 717
person 0.0123447655 350 174 376 209
person 0.0123316515 819 197 837 223
person 0.012330508 1005 -229 1027 -171
person 0.01231605 190 -92 206 -66
person 0.01229595 630 -64 661 22
person 0.012278427 86 -238 102 -219
person 0.012268779 110 -52 169 129
person 0.012266034 731 157 749 183
person 0.012252661 715 158 733 183
person 0.012247556 376 -103 398 -69
person 0.012240197 682 -231 697 -179
person 0.0122380005 756 157 774 182
person 0.012235246 547 685 561 733
person 0.012233891 22 404 34 436
person 0.012229462 885 258 921 309
person 0.012220859 858 200 877 222
person 0.012217227 838 742 856 768
person 0.012215506 825 -223 834 -187
person 0.012208805 147 742 164 769
person 0.012206925 108 -202 121 -146
person 0.012176042 59 27 78 67
person 0.01215208 729 14 752 47
person 0.012149196 420 -105 441 -70
person 0.012146433 985 744 1005 815
person 0.012140941 1000 140 1012 155
person 0.012140923 1082 -141 1089 -102
person 0.01213676 1083 197 1090 229
person 0.012128571 915 714 986 866
person 0.012125766 366 621 374 650
person 0.01210988 1080 410 1088 423
person 0.012100608 1082 -99 1089 -61
person 0.012098886 61 741 80 815
person 0.012080588 735 -237 749 -230
person 0.012077141 968 38 983 56
person 0.012059817 163 364 190 382
person 0.012051491 798 196 816 223
person 0.012018568 -4 -6 9 20
person 0.012000581 947 15 956 31
person 0.011998648 713 331 741 391
person 0.011991278 1083 -40 1089 2
person 0.011972453 0 -145 8 -62
person 0.011953701 6 125 13 141
person 0.011951314 278 474 351 641
person 0.011940952 462 87 517 175
person 0.01193769 0 -146 5 -104
person 0.011928435 773 553 792 583
person 0.011877731 678 -161 689 -112
person 0.011875532 217 730 240 797
person 0.011862127 297 527 318 553
person 0.011854003 803 418 834 478
person 0.01183916 530 570 540 608
person 0.011839127 591 95 603 107
person 0.011835663 43 451 52 466
person 0.011804963 380 137 398 161
person 0.011804902 981 23 995 66
person 0.011792343 165 469 198 491
person 0.011778537 505 122 517 135
person 0.01177326 672 27 681 39
person 0.011754849 530 292 607 461
person 0.011747932 162 432 184 452
person 0.011729048 1007 99 1039 146
person 0.011718208 811 531 883 694
person 0.01169829 988 38 1004 56
person 0.011697457 0 691 5 733
person 0.01168544 242 -87 286 57
person 0.0116800405 880 200 901 221
person 0.011679606 509 31 534 62
person 0.011651407 571 100 584 111
person 0.011642433 0 648 5 690
person 0.01164036 0 794 5 841
person 0.011618036 485 108 498 118
person 0.011614368 552 -157 564 -113
person 0.01160749 505 688 518 734
person 0.011606028 1082 264 1089 278
person 0.011597527 584 179 603 204
person 0.011591362 528 388 538 416
person 0.011560602 355 117 372 139
person 0.0115534 511 760 542 859
person 0.011541242 441 685 479 790
person 0.011537206 261 63 285 95
person 0.011536476 991 38 1000 54
person 0.0115110995 426 760 458 857
person 0.011483896 389 471 401 526
person 0.01148272 46 756 63 786
person 0.011466872 681 588 690 621
person 0.011448477 1083 -18 1089 19
person 0.011433743 509 61 526 81
person 0.011431463 550 441 560 470
person 0.011430483 1082 364 1089 395
person 0.011430266 1082 634 1089 669
person 0.011428387 688 383 716 407
person 0.011424245 626 176 644 202
person 0.011423884 961 303 997 355
person 0.011420955 542 680 564 746
person 0.011409816 789 581 806 608
person 0.011394658 885 97 899 109
person 0.011363187 920 203 940 224
person 0.011360536 1084 276 1089 309
person 0.011360338 127 -93 143 -66
person 0.011357301 342 761 375 858
person 0.011355342 832 310 864 367
person 0.0113477595 1082 -120 1089 -81
person 0.011334772 337 682 352 728
person 0.011333612 572 22 581 35
person 0.011332849 66 -238 79 -230
person 0.011332138 146 23 160 64
person 0.011329099 903 97 916 109
person 0.011322152 733 742 753 814
person 0.011320509 1082 655 1089 691
person 0.01131886 859 741 877 768
person 0.011307744 531 61 548 80
person 0.011303497 480 179 499 201
person 0.011288984 311 409 336 434
person 0.011284934 888 -224 896 -187
person 0.011266037 45 223 60 250
person 0.011262012 295 -7 324 76
person 0.011254654 483 -72 500 -46
person 0.011248066 1082 7 1089 39
person 0.011241031 934 257 965 296
person 0.011235318 597 16 619 48
person 0.011234848 328 381 349 408
person 0.011227582 501 681 521 747
person 0.011217756 319 635 329 663
person 0.011215387 200 286 224 311
person 0.011203273 602 527 618 556
person 0.011196271 795 427 820 453
person 0.011195564 360 157 377 183
person 0.011191332 216 627 230 687
person 0.01118798 100 -53 122 13
person 0.011175691 244 96 260 116
person 0.011170444 57 63 84 115
person 0.011166779 1084 777 1090 819
person 0.01115659 709 84 740 132
person 0.011156079 1017 518 1057 613
person 0.011149118 524 686 562 791
person 0.011148203 927 85 939 97
person 0.011143157 569 19 585 37
person 0.011142889 835 185 873 231
person 0.01114247 91 55 114 91
person 0.011120944 691 742 711 814
person 0.011102369 462 -102 481 -64
person 0.011091611 261 -159 272 -112
person 0.011088782 802 254 837 307
person 0.011088761 461 179 479 202
person 0.011088066 189 742 209 814
person 0.011071085 68 683 80 743
person 0.011068716 953 -10 984 79
person 0.011066163 463 688 477 733
person 0.011051374 909 -224 917 -187
person 0.011050592 542 584 553 622
person 0.011049534 969 660 980 689
person 0.011041935 564 181 583 205
person 0.011035668 540 194 558 218
person 0.011029647 458 526 471 557
person 0.011026438 532 436 545 487
person 0.011022955 1006 -193 1027 -130
person 0.011021578 143 447 164 474
person 0.011014481 726 431 747 456
person 0.011012112 511 291 575 382
person 0.010999515 865 58 879 78
person 0.010994619 360 32 381 65
person 0.010991586 888 114 900 132
person 0.010987503 178 -234 193 -182
person 0.010976579 549 378 562 392
person 0.010950665 56 -51 79 14
person 0.010940366 739 503 815 657
person 0.01093446 781 -221 793 -187
person 0.010917101 40 -110 93 55
person 0.010902491 650 179 668 204
person 0.010893621 1050 576 1101 697
person 0.010890086 505 -237 519 -230
person 0.010889634 606 179 625 204
person 0.010889511 526 -237 540 -230
person 0.010886224 0 -125 5 -83
person 0.010878131 547 -237 561 -230
person 0.010876714 156 526 223 718
person 0.010874001 356 742 376 815
person 0.0108713135 484 -237 498 -230
person 0.010866511 568 -237 582 -230
person 0.010863984 214 637 227 667
person 0.010861858 212 -237 226 -230
person 0.0108611565 358 -237 372 -230
person 0.010861033 337 -237 352 -230
person 0.010859997 379 -237 393 -230
person 0.0108591635 317 -237 331 -230
person 0.010859102 191 -237 205 -230
person 0.010859086 421 -237 435 -230
person 0.010858764 400 -237 414 -230
person 0.01085839 233 -237 247 -230
person 0.010857929 254 -237 268 -230
person 0.010857252 275 -237 289 -230
person 0.010856802 296 -237 310 -230
person 0.010855302 442 -237 456 -230
person 0.010853629 864 628 872 644
person 0.010852609 491 259 590 413
person 0.010850597 463 -237 477 -230
person 0.010850158 867 634 876 665
person 0.010844165 91 728 136 869
person 0.010843691 756 616 766 653
person 0.010834151 -1 261 5 277
person 0.010829354 0 732 6 774
person 0.010822782 808 425 834 449
person 0.010819577 1053 417 1067 487
person 0.010819454 589 -237 603 -230
person 0.010814102 397 137 415 159
person 0.010813601 0 712 6 753
person 0.010802162 970 -221 979 -186
person 0.01080152 963 -228 995 -150
person 0.010798286 715 -237 729 -230
person 0.0107958205 29 591 40 627
person 0.010784767 1057 79 1072 101
person 0.010778719 29 360 42 392
person 0.010771674 170 -237 184 -230
person 0.010763065 158 709 228 874
person 0.010747541 222 25 242 63
person 0.010740451 657 382 729 566
person 0.010730196 650 575 664 606
person 0.010729658 161 348 187 366
person 0.010727969 366 17 380 38
person 0.010726986 526 176 569 237
person 0.010719693 921 644 942 690
person 0.01071401 610 -237 624 -230
person 0.010707108 525 -92 541 -65
person 0.010705166 783 63 793 76
person 0.010699117 1023 280 1047 301
person 0.010694943 273 742 292 814
person 0.010691811 524 95 537 106
person 0.010686214 146 247 164 272
person 0.010681974 819 722 834 749
person 0.010680785 760 -221 772 -188
person 0.010673155 29 569 37 608
person 0.01065792 99 551 120 577
person 0.010655873 0 564 5 610
person 0.010653713 309 473 331 496
person 0.01064578 440 742 460 815
person 0.010642947 829 437 860 495
person 0.0106413 804 -222 813 -187
person 0.010638398 314 742 334 814
person 0.01063147 482 742 502 815
person 0.010630808 68 -197 80 -140
person 0.010628957 212 -92 227 -66
person 0.010627262 30 239 39 265
person 0.010616449 398 742 418 815
person 0.010609369 231 742 251 814
person 0.010607973 941 -74 958 -62
person 0.010598708 405 214 447 281
person 0.010596983 516 178 551 227
person 0.010592985 46 736 61 767
person 0.010582824 798 723 813 750
person 0.0105703445 651 -72 667 -46
person 0.010565643 1035 510 1066 530
person 0.010555866 524 742 543 815
person 0.010555254 491 494 503 526
person 0.010555115 0 650 8 733
person 0.010554128 880 741 898 768
person 0.010549469 885 635 895 666
person 0.010546214 98 295 115 342
person 0.010539529 966 140 980 158
person 0.010533305 1012 739 1063 857
person 0.010527422 502 575 512 612
person 0.010527089 1009 640 1023 666
person 0.01051781 63 -159 81 -88
person 0.010512988 149 -237 163 -230
person 0.010494077 106 -163 126 -93
person 0.010486478 0 -104 6 -63
person 0.010485469 121 559 138 587
person 0.0104642315 234 515 255 541
person 0.010461215 631 -237 645 -230
person 0.010459138 458 681 480 746
person 0.010453123 1077 387 1093 411
person 0.010446339 296 455 316 479
person 0.010439933 736 448 759 475
person 0.010433835 198 405 227 431
person 0.010422434 629 -72 646 -47
person 0.01041595 1025 606 1041 618
person 0.010408324 302 607 311 623
person 0.01040524 1079 -74 1092 -44
person 0.010402152 22 800 37 833
person 0.010395469 840 722 855 749
person 0.010389966 652 -237 666 -230
person 0.010389368 848 12 870 46
person 0.010385648 1069 56 1093 112
person 0.010379808 646 364 664 390
person 0.01037705 649 742 669 814
person 0.010375254 -3 -35 34 95
person 0.010363671 730 389 750 412
person 0.010360688 693 -237 708 -230
person 0.010352986 -4 467 9 495
person 0.010345407 770 10 792 44
person 0.010341696 69 382 92 450
person 0.010341628 566 742 585 815
person 0.010333261 364 2 397 77
person 0.0103308875 576 428 587 458
person 0.010329098 417 159 436 183
person 0.010323932 376 522 395 547
person 0.010321862 -4 739 9 767
person 0.010318867 505 -92 520 -65
person 0.010312972 289 220 305 245
person 0.0103125535 131 636 144 666
person 0.010306588 1083 299 1089 328
person 0.0103039 805 7 827 42
person 0.010288204 504 136 515 157
person 0.010280099 264 245 307 310
person 0.010272126 340 121 357 142
person 0.010253634 -12 -173 32 -19
person 0.01025206 909 225 1005 372
person 0.010247896 -4 340 8 369
person 0.010247891 111 617 123 705
person 0.010245095 640 -232 655 -181
person 0.01024249 193 -52 252 134
person 0.010225054 316 457 390 638
person 0.010208935 338 757 356 785
person 0.010206689 317 757 335 785
person 0.010195282 358 757 377 785
person 0.010188284 1033 36 1042 52
person 0.010182885 1083 757 1090 796
person 0.010181136 43 588 56 630
person 0.010180699 673 -237 687 -230
person 0.010180257 191 723 206 751
person 0.010176836 134 508 151 535
person 0.010175055 296 757 314 785
person 0.0101669375 924 700 938 729
person 0.010165343 111 681 124 735
person 0.010160658 1081 -122 1089 -51
person 0.010158129 616 37 631 57
person 0.010152436 767 -183 795 -94
person 0.010149096 720 -159 731 -113
person 0.010138166 937 -42 1002 131
person 0.010136648 45 529 61 558
person 0.010135524 353 683 393 785
person 0.010130331 48 469 62 484
person 0.010127614 551 102 563 114
person 0.01011954 235 637 247 667
person 0.010118995 170 723 185 751
person 0.010111929 771 567 791 597
person 0.010109785 379 757 398 785
person 0.010107281 418 685 437 732
person 0.010104305 764 179 801 227
person 0.010098605 946 658 958 689
person 0.010095398 965 -74 981 -50
person 0.010091687 777 723 792 750
person 0.010087905 964 203 983 224
person 0.0100830635 697 44 707 57
person 0.010082564 608 742 627 814
person 0.010081241 400 757 419 785
person 0.010080384 275 757 293 785
person 0.010077643 800 36 835 108
person 0.010073673 106 741 125 814
person 0.010072218 259 -185 286 -86
person 0.010060704 336 606 343 619
person 0.010057485 228 575 247 603
person 0.010052933 212 723 227 751
person 0.010046994 395 161 413 185
person 0.010045334 147 742 167 814
person 0.010044481 292 514 324 568
person 0.010037794 128 -237 142 -230
person 0.01003056 1030 35 1046 55
person 0.010026204 532 589 542 627
person 0.010025509 1034 487 1069 509
person 0.010024392 305 88 314 100
person 0.010017982 649 43 680 92
person 0.0100139445 329 367 347 393
person 0.010012149 548 435 562 464
person 0.010011813 421 757 440 785
person 0.010006993 381 98 398 117
person 0.010006964 827 709 899 867
person 0.010004098 715 411 742 469
