person 0.75994253 492 120 509 143
person 0.73102665 533 161 562 196
person 0.729375 884 176 911 210
person 0.7208039 723 78 740 100
person 0.71645784 578 131 604 162
person 0.7143592 613 162 641 196
person 0.7121537 638 134 663 165
person 0.7117142 406 157 432 188
person 0.7106009 901 81 917 99
person 0.7081179 755 151 781 184
person 0.7029974 712 147 737 179
person 0.68633527 961 131 986 162
person 0.6847232 850 88 868 109
person 0.6807258 810 162 837 195
person 0.6786383 945 86 962 107
person 0.6774813 648 170 676 203
person 0.67388576 667 103 686 128
person 0.6587026 801 127 821 152
person 0.6562786 374 126 392 149
person 0.6502301 597 94 615 116
person 0.6412009 555 107 574 131
person 0.63850933 750 80 766 99
person 0.6304791 703 114 727 143
person 0.62671185 446 106 462 126
person 0.5964109 407 102 423 120
person 0.58520085 675 71 691 92
person 0.5812143 768 86 786 107
person 0.5805797 820 110 839 132
person 0.5785666 285 156 303 181
person 0.57564646 658 75 674 95
person 0.57493573 816 88 834 107
person 0.5661246 774 110 793 132
person 0.56336623 376 155 396 180
person 0.5623275 343 129 360 148
person 0.5609449 798 57 813 73
person 0.55225486 781 71 796 89
person 0.5499396 895 125 921 154
person 0.54912174 469 121 486 144
person 0.539477 302 147 321 170
person 0.51917845 260 150 277 173
person 0.51686513 323 153 342 176
person 0.5116588 569 92 586 114
person 0.51001376 938 105 956 127
person 0.49664 743 117 767 145
person 0.4757748 600 66 616 85
person 0.4657926 634 69 652 89
person 0.46319717 884 82 900 100
person 0.4329402 489 81 503 98
person 0.42306462 467 94 481 113
person 0.41681638 535 109 553 131
person 0.4137734 628 75 643 94
person 0.40800393 329 126 347 145
person 0.40738565 806 71 823 90
person 0.39013076 684 84 702 106
person 0.38863447 833 78 849 96
person 0.3856248 504 87 519 106
person 0.38102934 392 119 408 138
person 0.3704109 509 86 525 104
person 0.36985004 324 123 341 141
person 0.3578505 714 62 729 80
person 0.35143417 1002 132 1027 161
person 0.34726843 482 81 497 98
person 0.3326463 939 94 962 122
person 0.3103694 303 140 322 160
person 0.3087189 337 168 363 196
person 0.3068465 899 86 917 107
person 0.3060166 563 90 582 112
person 0.30307046 516 106 533 127
person 0.28450713 652 62 667 78
person 0.28366938 511 74 526 91
person 0.28086165 391 139 410 160
person 0.2752728 602 64 613 79
person 0.26712903 748 100 767 122
person 0.2629221 765 106 788 129
person 0.25361076 383 156 403 179
person 0.24644853 484 83 494 95
person 0.24063681 634 103 658 130
person 0.23871107 491 82 501 94
person 0.238015 632 59 650 77
person 0.23672158 779 87 799 107
person 0.22578509 891 126 912 150
person 0.21997173 706 77 725 98
person 0.21883586 406 126 424 147
person 0.21839243 905 106 934 138
person 0.2182728 700 97 721 120
person 0.21809085 157 264 192 311
person 0.21488875 540 39 554 56
person 0.21144381 636 95 656 117
person 0.20582458 889 116 914 143
person 0.20208095 753 127 775 151
person 0.19382994 596 63 619 90
person 0.18988393 800 58 810 69
person 0.1885417 793 60 808 77
person 0.18751483 655 64 665 75
person 0.18287382 152 307 190 355
person 0.17956045 220 134 235 152
person 0.17737448 898 108 920 129
person 0.17717078 513 74 524 86
person 0.17216246 809 92 830 113
person 0.16627367 443 102 458 120
person 0.16463108 4 112 36 185
person 0.16395286 933 89 952 110
person 0.16390377 539 91 557 111
person 0.16352582 799 119 820 140
person 0.16160911 626 71 649 98
person 0.16108906 469 93 479 108
person 0.1549459 947 83 959 99
person 0.15299523 506 89 516 102
person 0.15183344 377 118 404 146
person 0.14953846 720 83 740 106
person 0.14900984 344 156 364 179
person 0.14824478 403 100 427 126
person 0.14578234 575 82 593 99
person 0.14366207 863 93 883 113
person 0.14350311 542 41 551 53
person 0.14314713 883 77 906 104
person 0.14173055 465 97 477 109
person 0.1413043 783 72 794 84
person 0.13914716 410 104 420 115
person 0.13844025 589 137 612 160
person 0.13732126 795 120 829 162
person 0.13650659 749 164 778 196
person 0.13210209 777 66 802 95
person 0.12923583 486 77 509 104
person 0.12879406 682 61 699 78
person 0.1279677 435 140 455 161
person 0.12698531 562 80 579 98
person 0.12161283 90 53 114 91
person 0.12016592 887 150 907 173
person 0.11831904 714 117 735 141
person 0.115179844 536 152 558 176
person 0.11517882 455 127 475 149
person 0.11482198 982 271 1024 337
person 0.11410808 839 81 852 97
person 0.11404702 830 76 853 103
person 0.11287182 0 216 9 282
person 0.11246985 593 118 613 140
person 0.11191376 795 63 805 74
person 0.11035316 35 191 75 264
person 0.109890126 445 107 455 125
person 0.108749405 376 168 406 197
person 0.10871615 713 171 742 202
person 0.10847519 703 61 721 79
person 0.107664146 138 289 202 359
person 0.106785886 295 139 314 159
person 0.10623748 576 105 597 128
person 0.104831465 525 155 570 208
person 0.10360191 512 90 522 100
person 0.102853015 333 175 356 198
person 0.101984985 297 167 325 197
person 0.10084684 835 77 846 91
person 0.10043652 630 74 641 89
person 0.09956394 914 167 944 197
person 0.09951808 1061 623 1071 684
person 0.09944615 717 65 727 76
person 0.09935395 621 89 640 110
person 0.09916809 278 147 311 189
person 0.099059515 937 166 967 199
person 0.09788629 817 161 840 185
person 0.097725175 663 144 691 176
person 0.09722949 370 146 403 188
person 0.09703955 484 111 516 152
person 0.096451424 274 141 292 160
person 0.09579254 321 119 345 145
person 0.093137756 884 120 918 162
person 0.092754774 920 161 939 182
person 0.09258124 964 118 984 140
person 0.092096195 534 133 556 157
person 0.0919001 306 149 317 168
person 0.09169036 437 148 458 171
person 0.08992189 107 498 125 525
person 0.08919274 660 95 692 137
person 0.08902055 223 136 232 148
person 0.088406235 278 279 315 326
person 0.085797034 644 175 666 199
person 0.0853935 805 160 826 183
person 0.08527896 613 161 635 184
person 0.0850392 401 101 417 118
person 0.08364403 537 73 563 103
person 0.08233022 592 169 624 202
person 0.081582256 627 58 643 74
person 0.08153282 327 124 338 135
person 0.08099978 605 156 650 209
person 0.08099739 319 119 335 137
person 0.07987217 1007 114 1031 142
person 0.079396695 846 59 863 76
person 0.079330705 375 125 388 141
person 0.07927584 621 136 643 160
person 0.07908479 777 137 800 160
person 0.07866118 473 292 538 370
person 0.07859986 875 168 920 223
person 0.07853758 443 189 475 222
person 0.07811749 678 73 689 85
person 0.07785727 827 60 844 77
person 0.07767397 714 134 737 158
person 0.07672968 825 131 846 154
person 0.075943865 263 369 302 415
person 0.07569126 922 136 943 158
person 0.07565882 477 74 500 102
person 0.07537396 886 84 897 95
person 0.075058974 332 162 368 204
person 0.07481507 660 69 671 90
person 0.07473072 315 147 349 189
person 0.07464299 283 166 303 191
person 0.07447767 47 497 97 613
person 0.07387709 864 76 882 93
person 0.07341601 317 -87 362 45
person 0.07326716 259 264 328 334
person 0.07210019 -2 230 28 312
person 0.07035991 994 133 1014 157
person 0.07034593 819 90 831 102
person 0.06981273 548 99 582 141
person 0.06889926 394 120 406 132
person 0.0679387 449 109 460 121
person 0.06770294 997 127 1031 170
person 0.067277834 945 133 966 157
person 0.06678153 841 116 862 137
person 0.06663703 402 135 443 196
person 0.066414304 80 38 114 114
person 0.06637168 409 110 420 121
person 0.06633931 261 150 270 168
person 0.06619092 979 166 1009 200
person 0.065787196 349 123 367 140
person 0.06542538 701 130 723 157
person 0.0653569 559 109 570 128
person 0.06511868 554 135 574 159
person 0.0646375 878 207 911 244
person 0.06396694 703 152 725 178
person 0.06368653 306 140 321 150
person 0.063475415 345 132 357 143
person 0.06303686 907 156 929 178
person 0.06298844 205 94 224 114
person 0.062787555 448 149 469 171
person 0.06256053 643 161 687 217
person 0.062487546 462 81 478 98
person 0.06208577 784 155 806 178
person 0.06189028 767 103 800 146
person 0.06155618 861 116 881 137
person 0.061302274 794 158 839 213
person 0.05991664 508 174 539 206
person 0.059871238 432 169 455 191
person 0.05976845 308 173 329 195
person 0.059148315 314 428 354 475
person 0.05824009 56 59 85 111
person 0.05793638 15 165 95 301
person 0.057687037 635 144 657 169
person 0.057568 970 94 989 114
person 0.057509456 977 461 1046 631
person 0.057303544 214 132 239 160
person 0.05717104 1065 91 1071 117
person 0.05688109 678 150 698 172
person 0.056631356 746 56 762 74
person 0.056467805 919 168 939 189
person 0.05631817 903 82 914 94
person 0.056274094 953 119 992 183
person 0.056161713 332 130 344 141
person 0.05598489 280 357 301 376
person 0.055933688 586 52 602 68
person 0.05497989 -4 -235 9 -211
person 0.054853525 266 167 284 191
person 0.054536052 756 81 768 92
person 0.05442907 676 135 697 158
person 0.054121297 322 209 351 239
person 0.053899728 284 275 316 310
person 0.053596407 1061 322 1069 394
person 0.053482268 1060 -234 1071 -185
person 0.053441986 652 133 674 157
person 0.053073816 219 135 228 152
person 0.052895635 57 506 75 533
person 0.052603062 1061 243 1070 303
person 0.052548032 760 58 776 75
person 0.052322794 45 495 63 524
person 0.052197263 154 329 223 409
person 0.052178323 743 151 765 176
person 0.051987886 322 421 342 442
person 0.051781747 1060 102 1071 142
person 0.051712483 962 248 1042 388
person 0.051649977 616 118 637 141
person 0.051640153 539 82 556 98
person 0.05142592 -3 -225 19 -133
person 0.05111579 1058 131 1070 176
person 0.05102893 1005 146 1024 168
person 0.050771408 636 34 653 51
person 0.050717227 318 422 351 459
person 0.05028782 669 100 681 121
person 0.05016355 267 114 284 132
person 0.050156288 962 364 1030 554
person 0.050134305 1061 582 1069 648
person 0.050126858 321 446 361 494
person 0.049552538 437 200 476 245
person 0.049361102 495 125 506 144
person 0.049313832 303 378 326 401
person 0.049237046 61 290 121 370
person 0.048837077 708 74 722 91
person 0.048765514 966 310 1043 486
person 0.04854244 934 89 966 132
person 0.048437633 103 187 119 210
person 0.048376888 771 89 783 101
person 0.048354477 1065 109 1071 136
person 0.048310477 -1 -238 6 -210
person 0.048242465 164 149 178 168
person 0.04795362 596 153 618 177
person 0.04791733 1061 219 1071 273
person 0.04782756 208 114 226 133
person 0.047507364 140 303 235 451
person 0.047429547 169 142 185 160
person 0.04706291 -4 -235 8 -228
person 0.046803225 417 67 442 97
person 0.046756018 698 125 741 184
person 0.046356764 263 153 275 165
person 0.04626458 1061 667 1071 721
person 0.04614553 464 83 475 95
person 0.046090107 984 178 1023 241
person 0.04593597 752 79 763 94
person 0.045864034 1060 291 1069 358
person 0.045843452 1061 111 1075 134
person 0.04497317 673 29 688 47
person 0.04478852 511 133 532 156
person 0.044760317 962 147 983 172
person 0.04469063 403 104 415 115
person 0.044573843 461 111 494 153
person 0.044504452 1050 136 1072 170
person 0.044466205 793 207 824 242
person 0.04423223 2 229 15 306
person 0.043965105 831 715 854 779
person 0.043886006 49 333 64 361
person 0.04385576 885 88 898 100
person 0.043823443 811 101 846 143
person 0.043744415 1061 93 1075 115
person 0.04368295 440 82 456 99
person 0.043594226 900 107 939 151
person 0.043560036 831 217 861 250
person 0.043552756 295 376 335 422
person 0.04353493 572 93 584 106
person 0.043436516 588 54 599 66
person 0.043360144 222 151 238 170
person 0.04320787 120 500 138 524
person 0.043131746 0 509 7 606
person 0.043039102 346 171 356 192
person 0.04255144 972 170 992 192
person 0.04242638 653 -98 702 42
person 0.042330295 1065 71 1071 97
person 0.042115152 565 92 580 104
person 0.042109534 379 157 391 177
person 0.042091936 383 530 403 553
person 0.0419428 923 -94 972 43
person 0.04168348 987 218 1019 255
person 0.04159146 383 537 402 562
person 0.04145438 932 80 948 97
person 0.04139747 518 61 535 78
person 0.041263837 554 171 576 194
person 0.041019056 564 82 576 93
person 0.0410039 1049 -215 1077 -138
person 0.04100152 212 373 305 527
person 0.040972665 290 -84 337 45
person 0.04077342 589 84 623 126
person 0.040682316 -12 212 50 361
person 0.040680204 632 290 694 367
person 0.040606644 103 173 121 197
person 0.04038335 472 32 488 50
person 0.040379897 839 135 861 156
person 0.04036454 566 279 629 357
person 0.040350847 805 129 817 149
person 0.04027974 -3 -155 16 -50
person 0.040117957 242 228 273 259
person 0.04005976 302 210 332 240
person 0.03992924 863 135 884 156
person 0.039869275 0 551 6 645
person 0.03961045 126 269 217 386
person 0.03950438 1060 179 1070 227
person 0.039333638 289 335 311 353
person 0.03920359 716 67 747 109
person 0.039167527 369 175 391 199
person 0.039041333 254 141 271 159
person 0.039015386 305 392 328 415
person 0.038777623 655 155 678 178
person 0.03874294 -1 218 18 281
person 0.038663324 848 61 860 72
person 0.038588334 943 156 963 178
person 0.038501993 654 191 676 212
person 0.038458727 0 472 7 563
person 0.038443606 39 478 54 506
person 0.03821089 669 34 683 51
person 0.03799835 748 716 772 779
person 0.037978083 173 372 267 535
person 0.037967492 470 149 490 171
person 0.03786524 986 156 1008 178
person 0.037686773 1059 -235 1071 -228
person 0.037528 905 194 926 216
person 0.037482798 790 715 813 779
person 0.037471134 1061 704 1071 766
person 0.037356332 327 155 339 168
person 0.03731508 744 133 787 192
person 0.037259933 676 200 696 220
person 0.03725498 274 363 346 439
person 0.0372336 828 -114 898 61
person 0.03717485 615 128 658 188
person 0.037096947 263 354 301 400
person 0.037056882 1054 104 1074 136
person 0.03701855 44 392 57 421
person 0.036894992 386 172 407 194
person 0.036523197 1058 -236 1073 -213
person 0.036478404 162 271 185 298
person 0.036233857 442 -93 489 44
person 0.036023308 698 173 718 195
person 0.035885233 364 519 387 542
person 0.035833683 1010 132 1022 152
person 0.03567235 0 -240 8 -187
person 0.035650067 540 57 557 75
person 0.035570856 443 85 452 96
person 0.035451926 992 -220 1006 -180
person 0.03545154 394 562 413 589
person 0.035393335 535 32 557 62
person 0.03539167 777 176 798 199
person 0.035290442 -4 232 12 258
person 0.035163 1060 -197 1070 -141
person 0.035030015 735 -118 807 58
person 0.03502024 512 157 533 179
person 0.03500238 161 327 209 377
person 0.03490857 852 90 865 103
person 0.034714736 942 168 961 190
person 0.034661774 842 158 863 180
person 0.03462865 182 525 205 548
person 0.03460969 863 155 885 177
person 0.034483153 498 29 513 47
person 0.034327615 0 154 8 219
person 0.034305256 208 95 220 109
person 0.034044623 680 177 701 198
person 0.03404305 111 -66 142 19
person 0.033921152 85 67 123 137
person 0.03389854 666 715 689 780
person 0.033678826 746 208 779 243
person 0.033485245 449 179 471 198
person 0.033418108 326 404 349 425
person 0.0333381 -7 87 58 223
person 0.033259895 189 286 228 332
person 0.033200044 687 89 699 100
person 0.032847706 572 155 594 180
person 0.03284603 459 272 554 393
person 0.03278692 703 211 736 245
person 0.032690637 44 -235 60 -219
person 0.03259707 903 89 915 101
person 0.03253288 942 110 953 121
person 0.032477234 956 -223 970 -177
person 0.032356452 39 378 54 408
person 0.03233623 903 128 914 149
person 0.0322814 762 61 774 72
person 0.03217128 240 242 347 375
person 0.032140333 206 254 238 286
person 0.03208081 74 305 109 357
person 0.032035597 985 117 1004 137
person 0.031991046 25 -235 39 -229
person 0.03197773 581 206 618 251
person 0.031965718 726 70 738 94
person 0.031890955 739 175 759 196
person 0.031868223 471 112 484 135
person 0.031782825 923 -227 938 -177
person 0.031781264 625 715 648 780
person 0.031724185 976 -88 1023 43
person 0.031662717 171 144 181 157
person 0.031585727 671 37 680 49
person 0.03155193 100 -47 126 8
person 0.031542227 988 93 1005 111
person 0.031471726 -6 569 28 709
person 0.031439442 325 437 350 460
person 0.031420328 908 175 930 195
person 0.031307694 418 79 435 97
person 0.031298064 258 250 289 282
person 0.031120537 550 157 573 178
person 0.031054366 372 208 405 240
person 0.031018395 872 715 895 779
person 0.031010631 600 90 612 109
person 0.030995317 503 61 515 75
person 0.0308921 25 -235 41 -219
person 0.03083669 251 142 286 185
person 0.030827712 986 268 1017 311
person 0.030662058 491 147 512 170
person 0.030619083 903 213 934 247
person 0.030469209 1050 219 1075 276
person 0.030468022 1001 56 1025 86
person 0.030462418 538 610 557 679
person 0.030350467 645 19 654 32
person 0.030316988 584 715 607 780
person 0.030301552 861 178 881 200
person 0.030253196 58 -113 79 -51
person 0.030238304 413 161 425 181
person 0.03020019 288 185 336 243
person 0.03017851 1061 73 1075 96
person 0.030075027 561 55 578 73
person 0.030055625 429 374 441 395
person 0.0299655 677 32 686 44
person 0.029862842 1065 51 1071 77
person 0.029747052 926 163 971 221
person 0.029709369 1060 133 1075 156
person 0.02945652 0 311 8 393
person 0.029413873 782 89 798 102
person 0.029355569 189 81 230 145
person 0.029351514 2 264 15 357
person 0.029315108 748 59 760 70
person 0.029276729 0 77 9 138
person 0.029189115 321 121 332 133
person 0.029135268 541 206 580 251
person 0.029080644 0 411 74 552
person 0.028944561 0 592 7 683
person 0.028835285 57 78 81 117
person 0.028823135 934 90 950 102
person 0.02870695 1059 61 1070 101
person 0.028701808 719 177 739 199
person 0.028603178 36 350 53 381
person 0.028602507 101 177 125 209
person 0.028570117 844 128 888 190
person 0.028560225 707 716 730 780
person 0.028487204 629 98 663 141
person 0.02848263 989 696 1016 789
person 0.028456472 434 372 443 387
person 0.028379396 749 621 761 671
person 0.028312633 1052 184 1073 219
person 0.028201692 202 91 227 121
person 0.028178668 58 514 80 542
person 0.028103994 501 59 518 77
person 0.028098244 843 -40 913 132
person 0.028092898 598 193 620 213
person 0.028054314 0 0 5 36
person 0.028033866 651 66 684 108
person 0.027979966 0 -96 9 -31
person 0.027877377 249 121 267 138
person 0.027868563 178 457 201 478
person 0.027701983 543 715 566 780
person 0.027688198 373 538 399 566
person 0.027685124 512 177 533 198
person 0.027611637 450 284 519 361
person 0.02757647 1048 247 1072 306
person 0.02752773 1065 579 1070 616
person 0.027373023 867 -235 879 -227
person 0.02736608 13 327 94 465
person 0.02735938 846 -235 859 -227
person 0.027332453 171 -120 202 -35
person 0.027290864 586 18 594 31
person 0.02728326 226 122 244 140
person 0.02720366 94 -107 114 -57
person 0.027191158 893 68 924 111
person 0.027155874 887 -235 900 -227
person 0.027145764 823 195 843 215
person 0.02711648 32 179 66 230
person 0.027081784 628 209 658 244
person 0.027052034 497 609 516 677
person 0.027022624 50 456 64 485
person 0.026994048 591 56 624 100
person 0.026992902 253 333 363 469
person 0.026960121 777 113 791 125
person 0.02694839 44 -235 59 -229
person 0.026918806 160 143 184 172
person 0.02688542 475 33 485 47
person 0.026881842 1065 131 1071 158
person 0.026880741 816 546 831 574
person 0.026806042 1028 -235 1041 -229
person 0.026774725 277 143 289 154
person 0.026759582 613 199 633 218
person 0.026523886 823 113 835 125
person 0.026398538 554 197 576 217
person 0.02631757 740 669 758 718
person 0.026244938 56 466 70 492
person 0.026201647 264 171 290 199
person 0.026147138 296 141 311 152
person 0.026134504 392 133 407 153
person 0.026071494 538 111 551 123
person 0.026070338 380 60 405 89
person 0.026029957 660 212 691 247
person 0.026025688 -2 249 15 275
person 0.025968704 516 126 576 205
person 0.025958123 124 525 143 551
person 0.025939714 825 -235 838 -227
person 0.02592794 54 230 77 253
person 0.025893357 335 -48 406 121
person 0.025827229 284 360 298 370
person 0.025776569 1060 234 1075 260
person 0.025644226 127 154 152 183
person 0.025595034 908 -235 920 -227
person 0.02555111 868 56 884 74
person 0.025541034 922 732 952 822
person 0.025489975 843 177 863 200
person 0.025479611 105 207 124 230
person 0.025469229 191 347 236 393
person 0.025421932 969 134 981 155
person 0.025389193 621 613 639 680
person 0.02531371 44 205 75 248
person 0.025281582 461 57 476 76
person 0.02526464 472 56 490 76
person 0.025123203 994 716 1013 767
person 0.025118332 105 -156 123 -104
person 0.025062656 305 110 331 138
person 0.025042927 334 238 407 312
person 0.024994968 847 -236 860 -213
person 0.024982551 826 -236 840 -213
person 0.024914417 179 175 205 202
person 0.024887968 502 715 524 780
person 0.024823947 110 288 144 338
person 0.024662634 895 128 907 146
person 0.0246563 193 292 213 316
person 0.024639282 1028 109 1045 130
person 0.024613088 519 109 530 122
person 0.024603302 220 177 247 203
person 0.02459476 625 33 641 50
person 0.024556287 129 162 144 181
person 0.024465095 481 68 513 111
person 0.024461925 867 -236 881 -213
person 0.024436021 161 520 185 546
person 0.02439181 572 -112 643 62
person 0.024352042 0 -225 8 -148
person 0.02432452 639 107 651 124
person 0.024306707 251 43 275 75
person 0.02429985 501 30 510 45
person 0.024227066 574 668 593 719
person 0.024215974 824 667 839 718
person 0.024212928 936 107 949 126
person 0.024188094 495 21 518 54
person 0.024108665 888 -236 902 -213
person 0.024081226 504 212 534 245
person 0.023986049 805 -236 819 -215
person 0.023971355 223 397 292 484
person 0.023936795 1002 113 1038 178
person 0.023865568 53 212 74 233
person 0.023820765 913 716 937 779
person 0.023801712 742 -40 819 128
person 0.023801424 246 173 264 195
person 0.023796408 56 710 76 778
person 0.023790756 297 424 337 470
person 0.02376026 -5 671 13 799
person 0.023722125 0 228 7 260
person 0.02371486 1059 253 1075 279
person 0.02367239 311 421 334 441
person 0.023645079 436 341 455 366
person 0.023618007 24 352 76 453
person 0.02359384 202 -8 238 71
person 0.023525313 874 -230 890 -179
person 0.023482796 1027 -236 1043 -219
person 0.023466984 124 170 151 199
person 0.023445234 162 -89 193 4
person 0.023425814 666 18 675 31
person 0.023401253 586 37 600 54
person 0.023354724 431 369 447 391
person 0.023350378 804 -235 817 -228
person 0.023317583 288 154 300 171
person 0.023313988 244 -20 298 97
person 0.023263272 319 158 386 233
person 0.02325416 352 125 366 135
person 0.023229884 205 224 235 255
person 0.02311655 327 194 350 214
person 0.023115043 25 442 45 515
person 0.02304415 317 96 332 114
person 0.02303057 676 -26 751 136
person 0.023017619 908 -236 922 -213
person 0.023015313 346 194 366 213
person 0.022982378 598 175 619 198
person 0.022968251 450 369 457 384
person 0.022945909 972 80 989 96
person 0.022914508 46 35 95 133
person 0.022821777 957 211 989 245
person 0.022816049 204 520 227 543
person 0.022777801 583 614 596 676
person 0.022764793 1027 406 1054 465
person 0.022734828 420 81 432 94
person 0.022728588 292 117 309 134
person 0.022664033 492 181 513 200
person 0.022660723 1048 295 1071 357
person 0.022617638 20 438 33 468
person 0.022600811 46 514 65 544
person 0.022567688 52 412 65 442
person 0.022561435 869 761 891 832
person 0.022468423 784 -236 799 -216
person 0.022382904 928 -235 940 -228
person 0.022348061 287 400 387 544
person 0.022317735 258 297 300 343
person 0.022297176 789 -230 804 -179
person 0.022291226 157 296 182 319
person 0.022287942 475 58 487 72
person 0.022258218 1021 452 1048 509
person 0.022236064 419 715 442 779
person 0.022224687 93 -124 123 -38
person 0.022147007 343 464 365 486
person 0.022138596 178 224 207 254
person 0.022117175 223 370 263 415
person 0.022063645 910 761 932 832
person 0.022058006 637 195 658 217
person 0.021980172 1064 31 1071 57
person 0.02196956 346 518 375 542
person 0.0219588 409 131 421 141
person 0.021937264 365 511 386 531
person 0.021849224 747 112 761 133
person 0.021828236 827 761 849 832
person 0.021719132 987 320 1006 334
person 0.02171691 202 503 223 524
person 0.021686925 550 255 645 393
person 0.021680513 460 715 483 780
person 0.021654494 830 -231 845 -179
person 0.021622924 78 259 115 310
person 0.021592163 748 126 760 145
person 0.02156355 542 16 551 29
person 0.021544896 343 480 368 502
person 0.021506209 387 157 399 175
person 0.02149716 912 -47 980 127
person 0.021485208 743 69 775 110
person 0.021452727 1010 -236 1025 -219
person 0.021403141 233 416 277 463
person 0.02139798 418 179 487 252
person 0.021365898 1064 232 1071 262
person 0.021362372 616 667 635 718
person 0.021330655 180 159 226 219
person 0.02130396 684 18 693 31
person 0.021296373 349 156 360 176
person 0.021287024 498 281 584 438
person 0.021264577 426 209 460 242
person 0.021231314 440 -40 509 132
person 0.0211773 928 -236 943 -214
person 0.02115266 45 268 139 393
person 0.02112283 531 194 553 215
person 0.021105982 323 454 353 481
person 0.021081354 105 -219 136 -140
person 0.021050923 289 322 304 334
person 0.021028943 835 742 866 834
person 0.020995013 1010 -235 1023 -228
person 0.020992165 -4 4 8 31
person 0.020987041 317 71 333 90
person 0.02096708 408 191 429 210
person 0.020961495 754 -229 770 -177
person 0.020939324 357 118 417 203
person 0.020898145 786 761 808 832
person 0.02085667 909 626 924 677
person 0.020807195 983 -127 1012 -33
person 0.02075768 955 718 976 769
person 0.020733124 832 351 904 527
person 0.020701539 167 151 175 165
person 0.020651668 707 117 719 139
person 0.020605454 1023 132 1041 155
person 0.020586845 763 -236 778 -216
person 0.020571679 1066 562 1071 598
person 0.02052136 126 -157 146 -105
person 0.020519104 81 526 100 552
person 0.02036991 727 284 796 358
person 0.020344317 745 761 767 832
person 0.020292878 237 375 260 398
person 0.02029196 428 -225 458 -148
person 0.020281468 123 -48 152 8
person 0.020234833 0 351 7 436
person 0.02018067 -5 197 9 219
person 0.020160196 0 -142 9 -66
person 0.020153306 101 378 121 398
person 0.020150091 580 761 602 832
person 0.02014798 99 727 129 829
person 0.020142304 372 111 410 153
person 0.020111302 274 333 316 379
person 0.020094818 845 16 854 29
person 0.02007889 149 518 169 542
person 0.020078603 622 761 644 832
person 0.020071492 539 761 561 832
person 0.02004189 784 -235 797 -228
person 0.020040197 492 464 506 494
person 0.020037564 601 29 617 47
person 0.02002519 704 761 726 832
person 0.020022973 1010 14 1018 28
person 0.020013314 733 -133 782 -17
person 0.020011347 345 -225 375 -148
person 0.019996587 59 371 134 535
person 0.019970257 663 761 685 832
person 0.01996099 306 368 326 385
person 0.019951297 714 -228 730 -177
person 0.019919327 885 727 905 796
person 0.019913293 642 16 657 33
person 0.019898472 379 98 395 115
person 0.019851021 498 761 520 832
person 0.019842563 1061 52 1074 75
person 0.019819856 61 -156 80 -90
person 0.019814024 783 666 798 717
person 0.019802608 1061 805 1067 850
person 0.01979858 498 14 508 27
person 0.019790383 448 195 471 216
person 0.019777974 255 141 268 154
person 0.019760337 533 668 552 719
person 0.019755095 927 265 994 345
person 0.01970632 894 117 908 136
person 0.019704843 286 372 315 396
person 0.019683938 77 95 104 133
person 0.01965913 111 267 150 317
person 0.01965787 622 415 632 446
person 0.019650597 878 68 911 111
person 0.019629577 171 617 185 671
person 0.019603364 54 245 86 300
person 0.019572122 470 23 492 57
person 0.019570583 272 101 290 118
person 0.019514447 657 669 676 720
person 0.019514134 990 633 1007 683
person 0.019514125 457 761 479 832
person 0.019506477 572 176 594 196
person 0.0194713 64 4 131 143
person 0.01946379 671 -228 686 -177
person 0.019457312 328 -123 359 -31
person 0.019451091 507 -225 538 -148
person 0.019413369 1 242 22 293
person 0.019408755 178 -224 209 -147
person 0.019392207 1061 -157 1070 -98
person 0.019358646 57 249 81 272
person 0.01934477 860 194 879 216
person 0.019302033 69 398 84 425
person 0.019299654 623 18 632 31
person 0.01929328 273 122 317 188
person 0.019265736 294 478 329 517
person 0.019254915 96 694 124 801
person 0.019230548 496 12 512 29
person 0.019218424 482 -90 530 50
person 0.019125832 926 728 946 797
person 0.019099427 416 761 438 832
person 0.01908127 743 -236 758 -217
person 0.019074291 941 191 961 210
person 0.019059606 96 171 128 220
person 0.019042293 1064 97 1071 109
person 0.019037688 269 116 281 127
person 0.019002322 145 499 167 524
person 0.018997805 341 56 366 86
person 0.018978924 844 727 864 796
person 0.01896288 1038 398 1052 471
person 0.018959234 378 715 402 779
person 0.018945292 948 -236 963 -216
person 0.018939758 45 209 69 234
person 0.018883038 0 194 5 222
person 0.018877774 1024 376 1050 435
person 0.018861778 397 94 432 137
person 0.018828267 654 -133 702 -17
person 0.018808624 632 -229 647 -178
person 0.01880398 -1 286 8 325
person 0.018802945 807 272 876 349
person 0.018801408 1018 489 1045 548
person 0.018798163 266 -224 297 -147
person 0.01879654 285 320 308 337
person 0.01877296 87 0 111 40
person 0.018761326 869 36 885 54
person 0.018716747 259 -121 292 -35
person 0.018689701 937 68 967 112
person 0.018669821 175 737 208 833
person 0.018632244 621 63 654 106
person 0.01861092 0 388 5 428
person 0.01854068 758 129 771 148
person 0.018527383 934 83 946 94
person 0.018497977 375 761 397 832
person 0.018485017 0 721 12 804
person 0.018463153 294 100 311 117
person 0.018449092 562 57 575 69
person 0.018433502 98 162 114 181
person 0.018394684 948 -235 961 -228
person 0.018362826 274 363 294 384
person 0.018333513 336 715 360 780
person 0.018317072 592 -223 623 -147
person 0.018305792 583 26 607 57
person 0.018300094 579 -39 656 127
person 0.018191503 184 537 206 560
person 0.018163305 868 15 878 29
person 0.018136786 128 57 154 90
person 0.018037625 748 -226 780 -150
person 0.018030092 910 55 927 75
person 0.018019982 1049 325 1070 389
person 0.018008817 63 63 79 103
person 0.017994074 800 192 821 212
person 0.017993005 990 -187 1008 -139
person 0.017967666 1 -108 24 -12
person 0.017921474 544 569 558 654
person 0.017910104 -5 218 10 243
person 0.017908596 698 668 717 718
person 0.0179081 334 761 355 832
person 0.017905988 1060 216 1075 241
person 0.017873263 -9 -165 23 -37
person 0.017864812 131 546 149 573
person 0.017820958 829 618 843 672
person 0.017791027 819 527 833 554
person 0.01778104 587 -230 601 -180
person 0.017771713 -1 -181 13 -101
person 0.017746503 79 324 112 380
person 0.017745938 0 -207 5 -166
person 0.017744051 106 484 124 508
person 0.017738774 1012 98 1029 116
person 0.01771697 254 -6 290 77
person 0.017685404 213 617 227 668
person 0.017656278 0 -227 5 -188
person 0.017637307 1053 62 1073 95
person 0.017635034 1064 251 1071 280
person 0.0176305 37 188 60 211
person 0.01762988 135 -105 155 -55
person 0.01761659 342 512 379 562
person 0.017598502 539 13 555 31
person 0.017539924 189 502 210 523
person 0.017529912 951 761 973 833
person 0.017505014 600 18 609 31
person 0.017498683 679 727 699 796
person 0.017462723 1008 730 1039 824
person 0.017459221 996 363 1012 388
person 0.017448157 323 504 345 527
person 0.017409647 254 101 281 132
person 0.01740297 307 62 332 93
person 0.017379321 281 398 306 418
person 0.017330123 763 -235 776 -228
person 0.017323222 626 399 634 434
person 0.017320756 125 614 146 680
person 0.017314482 139 -230 154 -180
person 0.017301813 718 337 737 366
person 0.017291998 1032 100 1049 120
person 0.017281087 638 727 658 796
person 0.01726206 184 319 207 338
person 0.017251054 1046 133 1074 185
person 0.017245267 973 606 983 636
person 0.017219797 79 507 95 532
person 0.017218668 275 103 286 116
person 0.017205566 56 269 86 296
person 0.017173255 169 761 191 832
person 0.017169636 292 760 314 832
person 0.017159868 128 477 146 499
person 0.017159216 597 727 617 796
person 0.017127715 722 -236 738 -217
person 0.017119335 705 34 721 52
person 0.017099649 501 381 508 397
person 0.017055914 1007 36 1021 55
person 0.017047714 675 -221 707 -145
person 0.017046563 763 155 774 177
person 0.01702348 207 437 233 461
person 0.01700575 181 335 210 354
person 0.017005537 1065 213 1071 243
person 0.016996961 762 727 782 797
person 0.016971502 970 14 980 28
person 0.01697046 619 352 633 381
person 0.016938971 405 -138 451 -16
person 0.016937455 293 338 307 349
person 0.016935017 190 399 256 492
person 0.016921725 501 577 515 655
person 0.016891776 767 110 785 122
person 0.016849684 109 97 120 111
person 0.016826184 583 15 598 31
person 0.016822163 0 800 8 847
person 0.0168206 990 680 1009 723
person 0.016814435 842 196 863 217
person 0.016806498 705 17 714 30
person 0.01680196 540 401 550 415
person 0.01679737 807 38 823 55
person 0.016793873 803 727 823 796
person 0.01677586 1064 779 1070 823
person 0.016752917 210 760 232 833
person 0.016744642 128 761 150 833
person 0.016724907 251 760 273 833
person 0.016698424 316 110 350 152
person 0.01667452 745 615 764 681
person 0.016673826 0 678 8 760
person 0.016653964 103 -76 149 40
person 0.016648348 46 760 68 833
person 0.016634397 972 625 983 652
person 0.016598461 788 611 803 671
person 0.01658823 556 727 576 796
person 0.016569199 493 -36 569 132
person 0.01655949 817 243 851 293
person 0.01655334 324 391 354 424
person 0.016530674 1060 436 1068 464
person 0.016527077 720 727 740 796
person 0.016519383 494 112 507 134
person 0.016516251 60 486 76 512
person 0.016513566 327 424 339 435
person 0.016501844 891 54 907 72
person 0.016478674 455 612 475 678
person 0.016435953 1064 77 1071 90
person 0.016434481 390 191 412 212
person 0.016421145 519 416 532 443
person 0.016420668 0 -39 4 1
person 0.01639351 889 15 899 29
person 0.016377127 638 91 654 106
person 0.016374754 668 93 682 115
person 0.01636336 209 -236 224 -216
person 0.016363105 666 22 689 54
person 0.016359614 414 -236 430 -216
person 0.016355058 332 -236 347 -216
person 0.016352136 229 -236 245 -216
person 0.016351162 311 -236 327 -216
person 0.016347634 3 284 25 353
person 0.016347073 589 39 597 52
person 0.016346967 1006 11 1021 30
person 0.016345363 188 -236 203 -216
person 0.016345188 250 -236 265 -216
person 0.01634373 270 -236 286 -216
person 0.016343554 353 -236 368 -216
person 0.016342297 291 -236 306 -216
person 0.016337974 394 -236 409 -216
person 0.016336588 435 -236 450 -216
person 0.016333953 634 20 658 52
person 0.01633275 482 481 496 509
person 0.016317694 373 -236 389 -216
person 0.016313769 1064 6 1070 35
person 0.016311388 1059 18 1069 67
person 0.016300963 842 13 857 31
person 0.016281432 456 -236 471 -216
person 0.016244767 476 -236 492 -216
person 0.016240539 701 379 717 407
person 0.01621659 952 624 963 653
person 0.016185377 497 -236 512 -216
person 0.01618448 849 36 865 53
person 0.016184404 254 618 268 668
person 0.016178127 381 99 468 226
person 0.016161848 0 214 6 246
person 0.016161423 106 -225 118 -179
person 0.01615332 167 -236 183 -216
person 0.016134605 572 439 586 464
person 0.01610922 39 132 65 168
person 0.016107287 992 761 1013 832
person 0.01609983 0 638 8 717
person 0.016085356 225 154 235 166
person 0.016072141 31 352 44 382
person 0.016066508 882 211 903 232
person 0.016062755 517 -236 533 -216
person 0.016048698 67 -224 78 -178
person 0.01599639 262 437 288 457
person 0.015971025 884 -75 907 -56
person 0.015959788 968 -236 984 -217
person 0.015943643 681 15 697 32
person 0.015920626 674 108 686 127
person 0.015912447 455 384 464 405
person 0.015889786 864 -75 887 -56
person 0.015874052 546 -231 560 -181
person 0.015868355 745 350 764 380
person 0.015857464 989 75 1005 92
person 0.015854273 497 132 593 265
person 0.015823493 812 -131 861 -16
person 0.015806155 3 270 22 297
person 0.015797827 1034 369 1048 437
person 0.015793143 538 -236 553 -216
person 0.01579146 1060 154 1075 178
person 0.015768679 531 331 556 357
person 0.015747534 702 -236 718 -217
person 0.015743198 1009 729 1028 800
person 0.015728073 2 245 10 277
person 0.015705612 617 271 710 387
person 0.015680907 320 72 329 87
person 0.01565965 916 -203 930 -153
person 0.015651619 875 329 952 475
person 0.015636206 147 -236 162 -216
person 0.015621123 420 743 452 836
person 0.015581065 558 -236 574 -216
person 0.015556093 469 176 490 195
person 0.015527676 572 440 585 451
person 0.015514707 154 331 186 355
person 0.015496822 927 193 949 211
person 0.015475718 803 320 822 347
person 0.015468307 474 -93 490 -68
person 0.015446436 925 167 934 188
person 0.015421157 933 -220 941 -185
person 0.015418543 502 742 534 837
person 0.015406465 1053 417 1061 446
person 0.015386183 515 727 535 797
person 0.015385677 177 75 236 165
person 0.015384196 55 413 72 443
person 0.015383915 829 15 838 29
person 0.015378866 419 559 436 587
person 0.015375617 201 466 226 487
person 0.015374066 454 -93 470 -68
person 0.015344333 843 -76 866 -56
person 0.015338542 84 436 101 465
person 0.015337655 -2 154 18 218
person 0.015334977 902 132 916 142
person 0.015334156 0 23 5 58
person 0.015299262 87 454 103 479
person 0.015281119 0 471 5 510
person 0.015246373 1065 151 1071 180
person 0.015240875 249 483 264 495
person 0.015220393 749 95 764 117
person 0.015217893 601 352 616 382
person 0.015213097 1010 38 1018 53
person 0.0152038485 255 742 288 834
person 0.015194258 740 330 758 358
person 0.015182667 350 728 367 753
person 0.015174178 0 451 5 489
person 0.015173808 742 -235 756 -228
person 0.015155976 367 196 389 215
person 0.015155612 329 728 347 753
person 0.015154151 0 -13 5 23
person 0.015150951 615 376 625 413
person 0.015132782 96 357 116 377
person 0.015131829 495 -93 511 -68
person 0.01511913 522 262 555 316
person 0.015118894 330 99 347 117
person 0.015110534 1055 703 1072 773
person 0.015090124 604 32 615 44
person 0.015074072 621 419 630 436
person 0.015067531 579 -236 594 -216
person 0.015045313 868 -149 881 -111
person 0.015039457 370 727 388 753
person 0.015009467 87 760 108 834
person 0.014991409 542 396 551 424
person 0.014989242 309 728 326 753
person 0.014977185 1066 543 1071 574
person 0.014974737 905 -76 927 -56
person 0.014956553 582 392 591 424
person 0.014949207 305 138 402 278
person 0.014939862 1061 32 1074 55
person 0.014938284 1058 443 1068 455
person 0.014932096 928 80 1009 228
person 0.014930735 175 -232 190 -181
person 0.014920438 192 -17 244 92
person 0.014917067 0 -187 5 -145
person 0.014907126 601 417 611 446
person 0.01490693 561 439 573 452
person 0.014904865 932 621 942 653
person 0.014892024 708 621 721 669
person 0.014877556 79 154 141 236
person 0.014866681 138 540 157 568
person 0.014848115 126 -236 142 -216
person 0.014832312 288 727 305 753
person 0.014824857 1064 599 1070 637
person 0.0148217585 93 713 114 779
person 0.014815744 472 9 483 23
person 0.014809215 257 -232 271 -182
person 0.014802135 -3 -238 13 -168
person 0.014797908 298 -232 312 -182
person 0.0147947315 1062 725 1071 803
person 0.01478925 505 509 564 697
person 0.0147885885 433 -93 449 -68
person 0.014776012 987 289 1013 315
person 0.014772736 212 155 229 174
person 0.014767269 109 236 129 260
person 0.014763002 701 331 720 362
person 0.014754808 64 40 141 193
person 0.014740318 391 727 408 753
person 0.0147399865 910 14 919 29
person 0.014721164 27 457 41 487
person 0.014719461 681 -236 697 -217
person 0.014694386 1063 622 1070 657
person 0.014691522 515 -94 532 -68
person 0.014684449 168 501 189 526
person 0.0146783795 0 431 5 469
person 0.014678151 255 101 271 118
person 0.014677627 875 242 911 292
person 0.014675186 17 425 30 453
person 0.0146747725 378 148 393 172
person 0.014665825 930 15 940 30
person 0.01466167 -4 27 8 54
person 0.014650171 968 -235 981 -228
person 0.014650046 336 341 366 373
person 0.014646468 1053 -235 1073 -175
person 0.014641218 868 622 882 673
person 0.014641177 0 391 8 486
person 0.014636046 268 727 285 753
person 0.014623253 603 391 612 422
person 0.014603774 986 11 996 26
person 0.014591186 957 -196 972 -142
person 0.014589309 701 94 719 111
person 0.014582572 64 -236 80 -218
person 0.01457977 966 565 982 594
person 0.014559511 920 22 941 57
person 0.014551967 -4 394 9 422
person 0.014545631 714 378 729 406
person 0.014531706 599 -236 615 -216
person 0.014482582 215 -232 230 -182
person 0.014476588 356 514 390 566
person 0.014463449 247 727 264 754
person 0.014460453 185 477 208 500
person 0.014446378 666 745 697 839
person 0.0144344615 1001 277 1022 299
person 0.014433208 428 562 447 591
person 0.0144267725 826 12 842 30
person 0.014425532 307 518 337 543
person 0.014414465 0 491 5 531
person 0.0144137535 492 668 511 719
person 0.014406027 167 262 187 287
person 0.014392351 1050 424 1061 437
person 0.01439158 1064 114 1071 127
person 0.014390768 61 -90 84 -30
person 0.014352119 77 542 96 568
person 0.014347991 661 -236 677 -217
person 0.014346313 263 313 286 332
person 0.014323109 338 174 351 195
person 0.014322813 899 -131 947 -16
person 0.014310061 125 95 152 127
person 0.014286037 93 135 108 154
person 0.014275559 579 -135 629 -17
person 0.014265865 226 727 244 754
person 0.014253526 989 -235 1002 -228
person 0.014251316 315 424 330 436
person 0.014246907 422 380 437 402
person 0.014246325 504 -231 518 -181
person 0.014240159 585 743 616 838
person 0.014229822 412 727 429 753
person 0.014226017 106 -236 121 -217
person 0.01422474 339 -232 353 -181
person 0.014223849 579 416 592 444
person 0.014222747 181 379 210 388
person 0.014222345 744 14 759 32
person 0.014209228 1064 588 1070 603
person 0.014197171 663 15 679 31
person 0.0141902985 295 715 319 780
person 0.014186043 1064 56 1070 71
person 0.014184555 513 192 534 212
person 0.0141841825 901 111 919 122
person 0.014173692 950 14 959 28
person 0.014169562 474 727 493 797
person 0.014151868 471 128 481 141
person 0.0141438 352 501 375 522
person 0.014126644 -4 456 9 483
person 0.014121259 925 160 935 180
person 0.014088879 720 727 738 753
person 0.014086627 304 340 326 357
person 0.014077842 109 615 121 683
person 0.014076797 989 -236 1004 -218
person 0.014065949 741 727 759 753
person 0.01406325 254 715 277 780
person 0.014055815 206 727 223 754
person 0.014048184 700 727 717 753
person 0.0140369935 92 131 117 164
person 0.014024724 178 416 204 435
person 0.014016834 772 59 807 103
person 0.013991977 640 -236 656 -217
person 0.013979871 413 545 433 572
person 0.013979248 750 745 781 841
person 0.013973556 173 -103 195 -53
person 0.013948514 463 59 472 73
person 0.01393811 413 -93 429 -68
person 0.013937684 1064 552 1072 563
person 0.013899065 620 -236 636 -216
person 0.013891968 577 134 675 269
person 0.013891702 811 -221 819 -186
person 0.013886281 679 727 697 753
person 0.0138838515 584 136 596 157
person 0.013879029 49 24 73 64
person 0.013867743 823 -77 845 -55
person 0.0138554685 559 18 569 32
person 0.013853053 165 -155 183 -107
person 0.013849886 762 727 779 753
person 0.013831988 0 328 5 362
person 0.013822598 302 428 372 508
person 0.013819525 460 505 478 533
person 0.0138169 536 419 549 446
person 0.0138161015 535 -94 552 -68
person 0.013810339 722 -235 735 -228
person 0.013808313 339 90 434 229
person 0.013780659 312 217 422 355
person 0.013768313 1063 -202 1070 -164
person 0.01375815 434 194 456 214
person 0.013750706 304 436 327 459
person 0.013745928 258 103 267 116
person 0.013743147 156 311 181 334
person 0.013725889 327 386 348 405
person 0.013705003 185 727 202 754
person 0.013698662 707 17 731 50
person 0.013679347 576 -94 594 -69
person 0.01367096 709 262 742 316
person 0.013668537 1063 661 1070 698
person 0.013654869 555 -94 573 -69
person 0.013643617 -5 172 10 193
person 0.013636162 679 320 696 348
person 0.013633891 1064 572 1071 585
person 0.013632212 1004 355 1026 381
person 0.013628923 425 382 433 397
person 0.013622252 993 626 1003 651
person 0.013616563 659 727 676 753
person 0.013596717 809 15 818 29
person 0.01359652 -1 311 6 345
person 0.0135901505 747 17 755 31
person 0.013568906 953 605 963 636
person 0.013568874 1063 641 1070 677
person 0.013562941 169 121 186 141
person 0.013557137 847 518 862 544
person 0.013536018 579 352 595 383
person 0.013528164 0 408 6 450
person 0.013527604 982 170 1002 191
person 0.013526511 231 99 242 113
person 0.0135222925 349 537 377 565
person 0.013517693 63 -108 77 -61
person 0.013512997 715 391 732 421
person 0.013507722 -3 -223 8 -194
person 0.013506444 782 727 800 753
person 0.013495742 596 -94 614 -70
person 0.013480438 224 173 243 195
person 0.013475019 840 371 858 401
person 0.013471584 242 519 264 542
person 0.013468941 380 -232 395 -181
person 0.013465874 888 37 904 55
person 0.013459129 432 727 450 753
person 0.013441413 584 385 592 403
person 0.013434902 667 622 679 669
person 0.0134280715 30 472 43 503
person 0.013422735 1056 631 1072 677
person 0.013420689 952 637 964 685
person 0.013417584 0 615 5 656
person 0.013397418 -1 -2 7 51
person 0.013396592 415 622 425 654
person 0.013376824 56 198 78 219
person 0.013370953 1065 520 1071 551
person 0.0133624 337 743 370 836
person 0.0133494185 333 625 353 672
person 0.013346995 761 350 781 380
person 0.0133347185 514 308 573 402
person 0.013326753 515 381 523 401
person 0.013318886 863 373 883 404
person 0.013310072 319 99 329 111
person 0.013305732 825 67 858 110
person 0.013290529 187 101 207 120
person 0.013286972 96 139 113 158
person 0.013275667 331 480 357 502
person 0.013257416 460 0 496 86
person 0.013252321 463 -231 477 -181
person 0.013243518 638 727 656 753
person 0.013229954 131 338 165 389
person 0.013229812 536 419 547 434
person 0.013210329 227 97 245 115
person 0.013207792 -4 315 9 342
person 0.013155994 1021 475 1049 498
person 0.013142374 643 418 653 451
person 0.013141422 392 -93 408 -68
person 0.013133521 131 556 148 584
person 0.013126903 231 481 243 493
person 0.013125855 1013 625 1023 650
person 0.0131238345 -4 332 9 359
person 0.013123322 803 727 820 753
person 0.013116185 297 102 307 114
person 0.013108996 247 82 341 227
person 0.013085224 321 517 348 540
person 0.013080143 421 -231 436 -181
person 0.013075004 79 425 109 483
person 0.013067641 501 376 510 403
person 0.013049114 0 -167 5 -125
person 0.013048469 891 151 903 169
person 0.013035973 194 123 204 136
person 0.013035212 239 439 270 462
person 0.013034008 1060 397 1068 428
person 0.013033868 1010 323 1020 335
person 0.013028024 165 727 182 754
person 0.012997279 1055 735 1071 814
person 0.012993628 433 727 452 797
person 0.012991445 0 -49 7 7
person 0.012989709 703 -201 722 -147
person 0.012989698 307 381 323 391
person 0.012978752 907 -148 920 -108
person 0.012976662 371 565 392 590
person 0.012972663 904 216 924 236
person 0.012969783 0 368 5 409
person 0.012965863 604 377 616 416
person 0.012962043 258 155 360 299
person 0.012961185 106 174 118 188
person 0.012950354 988 277 1011 300
person 0.012937043 -4 -34 8 -5
person 0.012907617 828 370 846 400
person 0.012903189 618 727 635 753
person 0.012899249 415 616 434 669
person 0.012894611 453 727 470 753
person 0.012891296 0 574 5 615
person 0.012884527 703 14 718 30
person 0.012865073 767 16 775 30
person 0.012860545 786 245 822 296
person 0.012855121 47 325 64 350
person 0.012852545 1065 193 1071 223
person 0.012842983 684 327 702 358
person 0.012842458 599 419 610 434
person 0.012840494 521 394 531 420
person 0.0128394775 579 419 589 432
person 0.012839442 327 420 338 440
person 0.012839279 1050 96 1077 148
person 0.012830506 437 623 446 653
person 0.012826821 -2 80 17 145
person 0.012804977 1063 -161 1070 -123
person 0.012795168 596 15 612 32
person 0.012788388 0 635 5 676
person 0.012779458 229 519 251 542
person 0.012763489 994 609 1002 628
person 0.01274613 865 13 881 30
person 0.012741199 309 192 330 211
person 0.012732636 -1 170 6 196
person 0.012726883 562 439 575 464
person 0.012717163 872 39 881 52
person 0.01271004 536 199 550 211
person 0.01270678 656 178 670 188
person 0.012703024 806 12 821 30
person 0.012702844 0 -62 5 -21
person 0.012698958 270 375 295 402
person 0.012681968 881 377 897 406
person 0.01267956 213 715 236 780
person 0.012665467 0 656 5 697
person 0.012653042 1023 154 1042 177
person 0.01264542 132 164 140 177
person 0.01263701 702 -235 715 -228
person 0.012635891 1063 -182 1070 -143
person 0.012635308 670 86 763 226
person 0.012630008 251 472 265 483
person 0.012623671 116 240 135 262
person 0.012609956 988 -227 1010 -170
person 0.012601218 48 501 61 514
person 0.012554812 823 726 841 753
person 0.01255356 597 727 614 753
person 0.012549635 386 154 401 169
person 0.012543185 657 175 668 197
person 0.012541909 793 555 819 655
person 0.0124964295 955 251 991 302
person 0.012477819 968 728 988 799
person 0.012475193 148 -106 210 52
person 0.012472573 870 58 882 71
person 0.01246635 -3 -201 8 -173
person 0.012424201 617 -95 635 -70
person 0.012414077 232 508 251 527
person 0.012408291 846 -239 878 -166
person 0.012404494 107 -200 119 -146
person 0.012400113 -2 297 9 313
person 0.012398963 474 727 491 753
person 0.01239208 810 41 820 53
person 0.01238572 60 726 79 798
person 0.012381761 897 248 933 299
person 0.012379709 577 727 594 753
person 0.012378386 717 91 814 227
person 0.012364642 521 399 529 413
person 0.012354694 831 -222 839 -186
person 0.012349476 0 595 5 636
person 0.012339505 931 -10 965 78
person 0.012319437 580 107 592 125
person 0.012311311 726 16 735 30
person 0.012309427 749 16 772 48
person 0.012299437 760 674 797 803
person 0.0122849345 742 385 762 435
person 0.012276895 704 615 723 680
person 0.012267479 -4 477 8 504
person 0.012255796 494 727 511 753
person 0.012252102 85 -236 101 -217
person 0.012212659 105 526 123 553
person 0.012203223 556 726 573 753
person 0.012184269 641 458 653 490
person 0.012180344 515 726 532 753
person 0.012173387 535 726 553 753
person 0.012171649 33 14 105 149
person 0.012160234 481 -151 526 -26
person 0.012152986 558 39 575 56
person 0.012149693 101 -86 121 -43
person 0.012140734 743 109 765 125
person 0.0121354805 0 553 5 596
person 0.012125298 344 667 390 765
person 0.012120124 428 288 527 440
person 0.01211517 564 333 581 362
person 0.012107735 371 -94 388 -68
person 0.012105921 790 -221 799 -186
person 0.012089407 973 609 981 627
person 0.012087488 172 715 195 780
person 0.012084499 510 12 527 29
person 0.012059788 663 441 674 473
person 0.012057772 99 560 115 588
person 0.012052468 780 351 802 381
person 0.01205245 972 96 986 107
person 0.012044737 1009 333 1027 357
person 0.012021818 738 262 773 316
person 0.0120186405 514 14 524 28
person 0.0120185735 699 17 737 100
person 0.012001882 265 341 287 360
person 0.011999484 820 359 837 387
person 0.011996438 742 394 758 422
person 0.011994907 243 365 264 386
person 0.011985626 391 727 411 797
person 0.011969932 246 36 280 86
person 0.011964661 0 348 5 389
person 0.011953291 0 676 5 718
person 0.01194578 663 -202 681 -149
person 0.011945296 180 -33 252 129
person 0.011943034 97 344 119 363
person 0.0119318515 764 14 779 31
person 0.011925856 924 172 935 183
person 0.011903754 913 -222 921 -186
person 0.011891803 655 313 672 343
person 0.011872316 1005 16 1019 58
person 0.011857859 863 671 882 719
person 0.011853931 295 620 309 669
person 0.011848513 555 15 572 33
person 0.0118469335 774 387 797 447
person 0.01184565 620 15 636 31
person 0.0118407 1063 -140 1070 -102
person 0.011839818 485 363 492 379
person 0.011825802 844 726 861 753
person 0.011815509 7 265 17 300
person 0.011812586 781 192 802 212
person 0.011808306 414 58 433 77
person 0.011808301 801 352 820 381
person 0.011805714 681 -235 695 -228
person 0.011803428 173 375 217 424
person 0.01178976 0 -146 5 -104
person 0.011787364 1062 -121 1071 -54
person 0.011774535 414 601 423 631
person 0.011764841 41 434 56 464
person 0.011764248 740 192 760 212
person 0.011749621 875 21 897 54
person 0.011746566 144 727 161 754
person 0.01174189 596 440 607 452
person 0.011737563 969 37 986 54
person 0.011737187 926 -78 947 -54
person 0.011736169 1060 196 1075 221
person 0.011733978 660 -114 675 -88
person 0.011713245 586 87 679 228
person 0.0116881495 807 315 897 480
person 0.011682726 678 211 699 229
person 0.011678284 622 136 709 269
person 0.011674756 1000 290 1022 315
person 0.011670196 929 36 945 54
person 0.011666787 0 41 5 77
person 0.011645337 346 448 367 468
person 0.011642207 0 778 5 824
person 0.011639025 177 398 213 418
person 0.011634541 632 565 646 640
person 0.011633301 357 -15 393 72
person 0.011629294 555 400 565 416
person 0.011619563 505 -16 559 98
person 0.011612228 1065 761 1071 803
person 0.011604651 585 376 594 413
person 0.011604048 679 669 716 774
person 0.011601867 270 169 281 188
person 0.011592624 286 190 306 211
person 0.011590182 682 199 691 220
person 0.01158868 201 425 241 472
person 0.011579377 849 142 940 281
person 0.011578929 185 141 197 155
person 0.0115774395 0 318 16 393
person 0.01157643 900 699 968 849
person 0.011568084 259 454 293 491
person 0.011566897 640 -114 655 -88
person 0.011558612 1059 273 1075 298
person 0.011547358 191 121 208 139
person 0.011537972 127 665 147 718
person 0.011537341 952 681 972 726
person 0.0115354275 572 334 587 362
person 0.0115303565 864 0 900 87
person 0.011526172 561 41 572 54
person 0.011499126 174 604 183 636
person 0.011492889 1006 498 1035 518
person 0.011473452 940 -229 973 -156
person 0.011471327 1045 421 1065 443
person 0.011465462 959 18 979 55
person 0.011452147 696 193 717 212
person 0.011447166 46 740 61 770
person 0.011420126 785 13 800 31
person 0.011410402 851 39 861 52
person 0.011398478 558 419 568 432
person 0.011397813 56 -42 78 0
person 0.011373911 1023 520 1084 708
person 0.011356461 559 200 572 211
person 0.0113536455 101 361 112 372
person 0.011353603 802 120 818 132
person 0.011350071 67 -196 78 -140
person 0.011345485 875 -202 888 -156
person 0.011335461 205 503 220 518
person 0.011324304 64 -236 78 -228
person 0.0113151735 759 297 777 321
person 0.011295128 620 439 633 470
person 0.011287723 637 -95 656 -70
person 0.011280068 129 622 139 651
person 0.011265968 350 727 370 797
person 0.011263678 169 462 190 484
person 0.011263594 761 190 781 209
person 0.011256071 458 28 476 47
person 0.011249949 993 378 1010 408
person 0.011248214 803 -78 824 -54
person 0.01124322 0 -84 5 -43
person 0.011232808 532 66 568 110
person 0.011216059 1011 120 1024 138
person 0.011199455 243 443 267 455
person 0.011198331 579 708 593 735
person 0.01119719 556 396 566 427
person 0.011193943 1006 593 1021 608
person 0.011183123 719 192 740 212
person 0.011179132 674 375 688 404
person 0.011165547 -5 292 13 321
person 0.01115041 -4 436 9 464
person 0.011150294 599 708 614 735
person 0.011143384 865 726 882 753
person 0.011140977 398 150 503 292
person 0.011137432 116 401 136 422
person 0.011124809 517 34 536 53
person 0.011115485 620 708 634 735
person 0.011114149 1005 319 1024 341
person 0.01111166 88 714 133 848
person 0.011106899 520 421 528 434
person 0.011106621 661 -235 675 -228
person 0.011099512 1064 36 1070 51
person 0.011091156 265 457 291 476
person 0.011090502 747 -219 759 -186
person 0.011081902 819 85 913 226
person 0.011064009 1053 664 1072 728
person 0.01105422 108 461 128 485
person 0.011052078 165 559 185 588
person 0.011041148 625 402 633 420
person 0.01103255 79 526 153 697
person 0.011031993 -5 45 9 72
person 0.011013093 998 133 1010 154
person 0.011005627 788 15 796 30
person 0.010997434 541 151 553 171
person 0.010995703 558 708 572 735
person 0.010987249 174 98 202 129
person 0.010979945 144 602 154 632
person 0.010977977 108 668 122 721
person 0.010975777 203 320 225 337
person 0.010970462 247 500 270 521
person 0.010970416 1064 -79 1071 -41
person 0.0109594995 0 697 5 738
person 0.010952942 455 708 470 735
person 0.0109456405 1064 742 1071 781
person 0.010940583 644 135 657 156
person 0.010935445 1055 400 1072 425
person 0.010928856 687 415 697 449
person 0.0109278355 784 708 799 734
person 0.010926398 640 708 655 735
person 0.010925651 766 134 860 270
person 0.010922173 707 391 724 424
person 0.010921591 1064 529 1072 540
person 0.010919334 1063 -99 1070 -62
person 0.01091081 -4 -8 8 17
person 0.01090961 331 367 352 384
person 0.010909544 -5 68 10 95
person 0.01090837 168 665 220 770
person 0.01090673 662 614 681 681
person 0.010899309 768 -219 779 -185
person 0.010888036 -4 498 9 525
person 0.010880578 434 708 449 735
person 0.010880235 414 -235 428 -228
person 0.010877961 206 -154 224 -106
person 0.010869058 953 -220 962 -185
person 0.010867689 434 -235 448 -228
person 0.010866316 81 98 97 111
person 0.010865336 393 -235 407 -228
person 0.010865332 805 708 820 734
person 0.010864706 208 -235 222 -228
person 0.010863154 188 -235 201 -228
person 0.010862677 332 -235 345 -228
person 0.010859639 311 -235 325 -228
person 0.010858353 352 -235 366 -228
person 0.010856213 581 399 589 416
person 0.010856071 229 -235 242 -228
person 0.010852558 476 708 490 735
person 0.010852235 290 -235 304 -228
person 0.010851995 249 -235 263 -228
person 0.010851165 270 -235 284 -228
person 0.010848597 373 -235 387 -228
person 0.010847097 0 718 5 758
person 0.010843803 94 62 119 87
person 0.010836931 455 -235 469 -228
person 0.010831785 537 708 552 735
person 0.010829773 915 686 957 795
person 0.010829747 559 416 570 442
person 0.010825533 707 36 717 49
person 0.010813974 476 -235 489 -228
person 0.010806357 0 532 5 574
person 0.010796091 603 398 609 414
person 0.010796035 307 341 322 352
person 0.01079442 1019 498 1047 519
person 0.01079301 131 714 154 780
person 0.010786964 1063 -120 1070 -82
person 0.01078331 496 -235 510 -228
person 0.01078175 290 303 407 449
person 0.01077727 661 708 676 734
person 0.010772412 419 403 434 427
person 0.010770612 77 332 107 356
person 0.010769332 829 419 855 481
person 0.010763192 764 708 778 734
person 0.01075865 167 -235 181 -228
person 0.010749356 257 665 305 764
person 0.010746086 303 469 325 488
person 0.010734519 496 708 511 735
person 0.010733967 644 436 654 465
person 0.010727858 397 79 415 97
person 0.0107203 309 727 328 798
person 0.0107198395 999 366 1008 382
person 0.01071894 446 210 467 230
person 0.010715871 183 559 205 587
person 0.010710109 517 708 531 735
person 0.010710044 743 708 758 734
person 0.010706048 511 514 528 544
person 0.010705074 414 708 429 735
person 0.010704781 517 -235 531 -228
person 0.0107003385 825 708 840 734
person 0.010695565 167 480 190 503
person 0.010693288 0 512 5 553
person 0.010684021 246 669 265 717
person 0.01068083 1028 -7 1058 78
person 0.010679658 681 708 696 734
person 0.010674751 117 386 137 404
person 0.0106658675 205 487 228 507
person 0.010661782 824 347 883 442
person 0.010660393 436 524 457 551
person 0.010656206 619 -114 634 -88
person 0.010637466 702 708 717 734
person 0.010627363 722 708 737 734
person 0.010618342 503 262 540 313
person 0.010617777 164 59 252 209
person 0.01061038 154 696 225 854
person 0.010609765 0 63 6 99
person 0.010602239 0 -125 5 -84
person 0.010600404 302 483 326 505
person 0.010593389 781 -93 802 -74
person 0.010579984 886 -1 900 13
person 0.010572189 45 721 60 751
person 0.010568384 328 667 347 715
person 0.010568384 388 536 397 561
person 0.010564561 537 -235 551 -228
person 0.010563539 179 446 201 466
person 0.010562542 913 156 924 176
person 0.010556464 638 213 658 231
person 0.010556225 400 422 418 446
person 0.010553028 793 14 817 48
person 0.010546592 783 549 800 576
person 0.010539066 397 621 408 654
person 0.010525237 268 727 287 798
person 0.010522853 640 -235 654 -228
person 0.010514083 967 -154 1031 -5
person 0.010510438 820 347 847 411
person 0.01051015 852 -222 860 -186
person 0.010497483 287 559 307 586
person 0.010496616 248 541 270 565
person 0.010483 146 -235 160 -228
person 0.010478699 558 -235 572 -228
person 0.010471715 427 665 470 766
person 0.010465436 294 488 331 537
person 0.010449489 267 441 284 452
person 0.010447541 103 396 125 418
person 0.010437839 131 -202 144 -152
person 0.01043716 109 622 119 650
person 0.010426383 1039 -225 1082 -121
person 0.010425872 600 459 613 489
person 0.010424018 988 -146 1006 -98
person 0.010419518 726 -219 739 -186
person 0.010418191 906 238 1010 386
person 0.010415256 -4 354 9 382
person 0.010410447 22 784 37 816
person 0.010409301 393 708 408 735
person 0.010405436 663 373 677 404
person 0.010398236 185 727 205 798
person 0.010397951 152 137 251 282
person 0.010391942 269 461 286 472
person 0.010391113 988 103 1044 194
person 0.010380538 -4 375 9 403
person 0.01037758 229 708 244 735
person 0.010375156 208 708 223 735
person 0.010371562 300 495 329 519
person 0.010365525 719 151 731 174
person 0.010364219 0 -105 5 -64
person 0.010363724 331 592 344 607
person 0.010349405 113 388 143 440
person 0.010343254 250 708 264 735
person 0.0103432 146 281 167 303
person 0.010338315 188 708 202 735
person 0.010337417 351 -94 367 -68
person 0.010335607 618 204 629 215
person 0.010334018 1065 171 1071 201
person 0.010328728 -4 724 9 751
person 0.010323319 578 -235 592 -228
person 0.010321643 101 165 112 177
person 0.010298415 266 191 286 213
person 0.01029188 270 708 285 735
person 0.010286762 681 -115 696 -89
person 0.0102862185 177 375 213 392
person 0.010281612 57 436 73 465
person 0.010281598 556 536 573 563
person 0.010280152 726 33 741 51
person 0.010278643 1009 170 1029 191
person 0.010278159 410 669 430 718
person 0.010276131 119 220 149 252
person 0.010275191 204 669 224 718
person 0.010266955 1060 334 1067 366
person 0.010265559 496 475 512 506
person 0.010263312 193 504 206 518
person 0.0102584455 723 14 738 30
person 0.010252864 -1 36 9 100
person 0.010247659 761 155 775 168
person 0.010236169 284 465 306 484
person 0.010234845 574 296 594 326
person 0.010217843 214 485 317 629
person 0.010216212 137 556 153 585
person 0.010206218 227 727 246 798
person 0.010204517 829 39 845 55
person 0.010203977 167 708 182 735
person 0.010200202 885 725 903 753
person 0.01018866 291 708 305 735
person 0.010188083 309 369 323 380
person 0.010183981 352 742 371 769
person 0.010176544 368 524 383 534
person 0.010170416 599 -235 613 -228
person 0.010160264 893 -222 901 -186
person 0.010156164 1013 610 1021 626
person 0.010154846 67 669 79 725
person 0.010140295 1054 -161 1072 -92
person 0.01013953 988 333 1007 360
person 0.010137171 104 726 123 798
person 0.010130124 332 742 350 769
person 0.010114229 311 742 329 769
person 0.010102153 46 398 54 412
person 0.01009854 620 -235 633 -228
person 0.0100924345 -5 87 9 112
person 0.010084416 1053 439 1073 460
person 0.010077635 906 -2 921 13
person 0.01007101 376 460 404 495
person 0.010070202 311 708 326 735
person 0.010067293 418 369 434 390
person 0.010057167 123 503 135 516
person 0.0100541385 393 742 412 769
person 0.01004568 373 708 387 735
person 0.010045448 379 585 395 611
person 0.010045401 409 524 480 705
person 0.010042689 832 620 841 649
person 0.010041091 208 126 244 171
person 0.010033041 246 482 268 499
person 0.010030001 373 742 391 769
person 0.0100286 908 687 922 714
person 0.01002719 995 724 1044 842
person 0.0100112595 237 397 262 419
person 0.010007266 741 424 763 485
person 0.010005268 327 253 370 299
person 0.010004862 126 -235 139 -228
person 0.01000447 291 742 309 769
