person 0.6675858 945 105 959 129
person 0.38931775 331 123 354 151
person 0.11102738 926 443 994 595
person 0.09870643 1016 596 1025 658
person 0.090116486 932 373 1005 555
person 0.086502664 934 294 1007 469
person 0.08573856 965 153 979 176
person 0.081615165 947 226 978 277
person 0.08083726 327 117 358 160
person 0.08018987 345 131 370 159
person 0.07947274 934 217 986 307
person 0.07304948 948 168 971 202
person 0.07184367 1013 270 1022 335
person 0.068146065 929 106 944 127
person 0.06335484 950 211 983 263
person 0.06185414 619 333 666 437
person 0.061603133 337 126 347 145
person 0.060543634 792 367 873 529
person 0.059812177 50 269 62 295
person 0.057771064 34 459 99 596
person 0.056333784 948 107 957 121
person 0.05589335 151 311 244 458
person 0.05561046 952 199 980 241
person 0.055145074 851 377 938 541
person 0.055009596 -4 -225 9 -202
person 0.054365866 1014 -224 1024 -177
person 0.05398368 630 -90 671 50
person 0.053389713 313 -88 354 45
person 0.052754853 0 238 5 271
person 0.052585352 617 286 653 351
person 0.051494114 472 181 497 217
person 0.050911516 697 94 712 113
person 0.050129615 335 145 353 167
person 0.04992673 712 176 734 209
person 0.049748395 131 370 213 518
person 0.049647383 1016 554 1023 626
person 0.04960039 350 141 367 163
person 0.049311597 946 127 961 150
person 0.04854739 410 127 435 156
person 0.048327588 0 -228 6 -201
person 0.048201658 591 -87 631 49
person 0.04809106 218 454 239 477
person 0.047540843 960 158 975 181
person 0.047447763 1015 214 1025 262
person 0.047060873 -4 -225 8 -218
person 0.04685966 490 139 514 167
person 0.046017554 -3 -216 18 -125
person 0.045584314 173 328 197 348
person 0.0454565 805 -91 845 51
person 0.045256466 238 343 258 364
person 0.045174498 924 206 996 356
person 0.04459294 876 -88 916 49
person 0.04378912 -4 241 8 267
person 0.043196093 571 145 594 174
person 0.04317947 1016 637 1025 691
person 0.042993147 1015 237 1023 294
person 0.042225696 938 96 965 140
person 0.04132965 534 124 557 153
person 0.041200433 664 108 679 129
person 0.041196913 168 336 232 416
person 0.041085232 769 176 791 210
person 0.04075552 659 51 667 64
person 0.040717132 715 -92 756 52
person 0.040681925 318 124 336 146
person 0.039788887 692 94 714 121
person 0.039662108 946 315 1002 428
person 0.039641947 1019 146 1025 173
person 0.039489657 502 173 526 206
person 0.039017126 -6 264 21 337
person 0.038775384 583 275 637 360
person 0.03850083 960 107 975 128
person 0.038403288 696 102 711 121
person 0.038272396 1014 -225 1025 -218
person 0.03821855 652 54 673 83
person 0.03811098 939 -89 979 48
person 0.037611034 705 85 720 103
person 0.03729406 153 301 173 325
person 0.03723295 826 164 849 197
person 0.03716847 1013 -226 1027 -204
person 0.036846895 613 55 634 83
person 0.036625005 1019 164 1025 192
person 0.0365359 330 103 355 130
person 0.036310468 566 30 580 47
person 0.036240418 169 -83 212 49
person 0.036167882 111 185 133 212
person 0.035745006 333 52 355 79
person 0.035644032 1019 126 1025 153
person 0.035556365 652 94 674 122
person 0.035441983 1014 165 1024 209
person 0.03524632 0 243 8 297
person 0.03510851 356 53 379 81
person 0.035086498 1015 -189 1024 -135
person 0.03498384 950 -211 963 -172
person 0.034915287 285 -87 324 51
person 0.03489812 0 -230 8 -179
person 0.034877706 94 477 110 502
person 0.034773096 1016 672 1025 733
person 0.034694392 1005 -206 1030 -130
person 0.034588404 192 331 214 348
person 0.034573227 146 291 180 337
person 0.034463022 718 353 789 522
person 0.03433345 0 117 10 165
person 0.034257226 43 422 88 526
person 0.034182135 951 179 966 202
person 0.034113936 515 96 540 124
person 0.03384525 1019 106 1025 132
person 0.033722207 926 124 942 146
person 0.03363987 627 126 652 157
person 0.033440504 639 27 647 39
person 0.03338885 569 32 577 44
person 0.033367142 139 273 204 349
person 0.033075087 281 131 306 159
person 0.032996666 439 128 465 158
person 0.032901425 156 322 178 343
person 0.032711633 43 -225 58 -210
person 0.032586124 1013 55 1024 96
person 0.032585394 999 275 1023 332
person 0.032485887 487 93 512 120
person 0.032241773 938 279 971 330
person 0.032200698 1019 86 1025 112
person 0.032065567 946 11 955 25
person 0.031990834 48 251 61 277
person 0.031982675 24 -225 37 -219
person 0.031958915 -3 -148 15 -35
person 0.031932432 915 -214 929 -169
person 0.031744946 479 84 494 101
person 0.031269517 48 276 62 305
person 0.03113527 727 88 743 107
person 0.031091725 243 129 267 155
person 0.031090947 -2 260 9 286
person 0.031085612 712 128 736 158
person 0.030940913 706 315 758 407
person 0.0308944 24 -225 39 -210
person 0.0308939 680 54 702 84
person 0.03074972 0 255 6 291
person 0.030619266 636 17 645 29
person 0.03025386 656 49 671 67
person 0.030011524 1019 182 1025 211
person 0.029887386 229 303 249 323
person 0.029839836 946 670 975 751
person 0.029769633 563 54 586 82
person 0.029664386 804 387 862 496
person 0.029540144 230 441 251 460
person 0.02952537 1013 95 1024 131
person 0.029453594 1014 136 1025 175
person 0.029207516 593 96 617 125
person 0.029201804 961 128 976 151
person 0.029106174 607 128 631 158
person 0.029090663 235 479 258 504
person 0.02900586 1015 166 1028 191
person 0.028813 818 167 855 226
person 0.028792623 883 -218 898 -169
person 0.028775629 613 13 622 26
person 0.028764525 795 129 819 159
person 0.028719986 561 34 574 50
person 0.028711624 1015 511 1023 591
person 0.028664175 189 344 216 363
person 0.02864832 668 126 692 156
person 0.0286233 1014 224 1029 249
person 0.028576141 459 75 475 92
person 0.028441291 639 53 649 66
person 0.028183194 563 36 571 48
person 0.02816365 58 315 75 341
person 0.028126163 1015 148 1028 172
person 0.028053755 1015 185 1028 210
person 0.028050765 671 71 682 84
person 0.02796336 254 325 275 348
person 0.027756222 563 93 588 120
person 0.027735298 358 96 383 123
person 0.027667377 407 103 433 129
person 0.027646225 910 130 934 162
person 0.027614025 656 16 664 29
person 0.027552567 966 10 975 24
person 0.027489342 758 127 781 158
person 0.027481573 835 130 859 160
person 0.027296487 810 -225 822 -218
person 0.02723464 658 105 673 126
person 0.027147725 790 -225 802 -218
person 0.027127733 -6 541 26 681
person 0.02712527 575 16 583 29
person 0.027118249 829 -225 841 -218
person 0.02708145 1015 204 1028 230
person 0.027052794 849 -225 861 -218
person 0.027042283 756 685 778 745
person 0.026962949 43 -225 56 -219
person 0.026960772 983 -225 996 -219
person 0.026945058 476 77 492 94
person 0.026862793 668 86 684 105
person 0.026770854 359 494 376 519
person 0.02676283 363 161 388 192
person 0.026563816 804 164 828 198
person 0.026500288 882 700 912 784
person 0.026481481 0 332 5 369
person 0.026414726 770 -225 782 -218
person 0.026406534 54 680 73 744
person 0.02626286 174 336 200 358
person 0.026244914 45 262 66 297
person 0.026162397 620 36 629 49
person 0.026153434 884 128 907 157
person 0.025970925 1019 201 1025 232
person 0.025873711 172 111 186 130
person 0.025838545 655 72 665 85
person 0.025831044 134 284 154 307
person 0.02578987 298 116 315 135
person 0.025716785 869 -225 881 -218
person 0.025714526 -3 22 9 48
person 0.025712494 452 85 468 103
person 0.025567459 795 685 818 745
person 0.025555892 722 90 745 118
person 0.025462901 1019 68 1025 93
person 0.025409611 699 94 709 106
person 0.025257582 721 53 743 83
person 0.025239445 689 74 701 86
person 0.02502826 104 133 124 162
person 0.025024364 74 493 93 518
person 0.02496811 770 -226 784 -204
person 0.02493005 1019 221 1025 252
person 0.024882466 791 -226 804 -204
person 0.02476791 56 458 131 598
person 0.02476153 1009 218 1027 255
person 0.024670832 657 87 673 107
person 0.024645304 1003 240 1025 297
person 0.024627458 1019 536 1024 567
person 0.024602678 167 107 189 134
person 0.024573268 621 48 630 60
person 0.024565991 946 98 960 116
person 0.02446385 959 436 991 456
person 0.02445813 716 685 738 746
person 0.024450196 810 -226 823 -204
person 0.024429902 518 106 534 128
person 0.024429517 676 588 689 640
person 0.02439376 751 -226 764 -205
person 0.024368217 350 114 367 134
person 0.024250071 1016 128 1028 152
person 0.024248503 0 258 8 341
person 0.024221385 665 164 690 198
person 0.024123872 750 -225 763 -218
person 0.0241118 988 314 998 388
person 0.024097921 613 160 636 192
person 0.024092268 687 72 703 90
person 0.024083292 928 12 938 26
person 0.024033803 -2 104 11 129
person 0.024027666 830 -226 843 -203
person 0.024000062 0 2 5 37
person 0.023964142 669 70 685 88
person 0.023894867 850 -226 863 -203
person 0.023838118 617 35 632 52
person 0.02381429 675 53 685 66
person 0.02378062 567 158 590 191
person 0.023774894 0 274 5 311
person 0.023740819 489 107 505 128
person 0.02365543 983 -225 999 -209
person 0.023586448 438 95 463 121
person 0.023558516 531 107 548 129
person 0.023478422 642 -213 669 -136
person 0.023471728 516 71 532 88
person 0.02344688 338 115 355 134
person 0.023389343 0 -216 7 -142
person 0.023359535 0 313 5 348
person 0.023278465 963 200 982 224
person 0.023255808 718 160 755 219
person 0.023220226 653 71 669 90
person 0.023106093 633 72 644 85
person 0.023054823 1016 108 1029 131
person 0.023014428 731 -226 745 -206
person 0.023001147 706 107 722 127
person 0.02298337 837 -221 853 -171
person 0.022982178 115 128 139 156
person 0.022948677 810 354 870 441
person 0.022936925 954 150 969 174
person 0.022927348 869 -226 882 -204
person 0.02280353 770 87 787 106
person 0.022790676 693 295 769 455
person 0.022785334 -4 641 13 765
person 0.02277966 831 728 852 796
person 0.02277595 616 67 631 86
person 0.022764267 646 -60 705 114
person 0.022714395 515 276 533 304
person 0.0226831 0 19 6 52
person 0.02260127 842 54 863 84
person 0.022582686 315 144 333 165
person 0.022582294 980 110 995 131
person 0.022580964 178 310 201 329
person 0.022562265 888 -225 900 -218
person 0.022552684 677 684 699 747
person 0.022547044 888 321 977 462
person 0.022520943 0 102 7 131
person 0.022436686 473 194 495 229
person 0.022371544 341 129 374 173
person 0.022342602 762 92 786 119
person 0.022318443 316 113 333 132
person 0.022309393 834 685 857 745
person 0.022305015 871 728 892 796
person 0.022302676 629 85 644 105
person 0.022226615 961 50 981 82
person 0.022174222 33 169 55 199
person 0.022158667 239 459 260 480
person 0.022119265 637 684 659 747
person 0.02210198 708 88 718 99
person 0.022097642 489 267 505 294
person 0.022069158 232 378 328 537
person 0.021979732 416 115 433 134
person 0.021951837 631 72 647 91
person 0.021928396 792 728 813 796
person 0.021917863 1007 168 1026 203
person 0.021917664 553 337 570 360
person 0.021845043 328 -216 355 -140
person 0.021834968 907 108 923 127
person 0.021827906 117 126 133 145
person 0.021785628 803 94 826 121
person 0.021768058 515 54 538 80
person 0.021765765 628 105 643 126
person 0.021701533 639 162 663 195
person 0.021674775 619 46 633 64
person 0.02166993 799 709 830 795
person 0.02161025 966 -226 981 -209
person 0.021602817 598 684 620 747
person 0.021547882 408 163 432 195
person 0.021543251 710 129 726 151
person 0.0215241 515 89 531 107
person 0.021518696 628 129 644 152
person 0.021449396 931 108 942 120
person 0.021449283 98 494 117 521
person 0.02143942 405 23 426 56
person 0.02142638 98 -84 139 43
person 0.021399392 730 -225 743 -218
person 0.021376088 731 374 782 485
person 0.021360902 -4 6 9 33
person 0.021358818 796 53 817 83
person 0.02131162 480 588 492 639
person 0.021288026 549 127 565 150
person 0.0212845 811 91 827 109
person 0.021271143 193 304 217 324
person 0.021239212 711 -226 725 -207
person 0.021224374 590 108 606 130
person 0.021208238 495 89 511 107
person 0.021201093 882 168 906 201
person 0.021199618 966 -225 979 -219
person 0.021184634 888 -226 902 -205
person 0.021168854 561 23 582 54
person 0.021162463 117 213 142 245
person 0.021133507 253 -214 280 -137
person 0.021085812 95 695 124 793
person 0.021065893 1016 88 1029 111
person 0.021032717 239 494 259 517
person 0.020972122 668 125 684 147
person 0.020924158 790 87 806 104
person 0.020873526 407 -215 434 -139
person 0.020759674 637 52 652 70
person 0.02075287 637 25 651 41
person 0.020750219 569 -213 596 -136
person 0.020707093 847 696 866 761
person 0.020640528 919 164 944 198
person 0.02062974 942 -126 967 -28
person 0.02061281 613 550 621 583
person 0.02060881 75 482 93 508
person 0.020606035 47 335 59 362
person 0.020552453 124 248 224 377
person 0.020526418 839 451 919 599
person 0.020499151 578 -51 638 118
person 0.020462057 952 685 970 734
person 0.020429745 752 728 773 796
person 0.020325165 1019 517 1025 546
person 0.020255167 407 50 430 77
person 0.02024401 597 12 605 25
person 0.020237789 1019 441 1025 469
person 0.020232314 166 128 189 155
person 0.020218797 718 -221 745 -145
person 0.02021153 481 87 491 98
person 0.02020472 849 88 865 106
person 0.020181675 22 150 54 214
person 0.02017164 968 419 991 438
person 0.020165669 962 181 980 205
person 0.020164097 706 71 721 88
person 0.02014437 558 684 580 747
person 0.02014224 1015 771 1021 814
person 0.020089991 1003 471 1012 548
person 0.02005251 -13 330 27 438
person 0.020047128 485 -213 512 -137
person 0.020038886 280 96 305 123
person 0.020036105 842 93 866 120
person 0.020028042 716 -220 730 -170
person 0.020006733 728 184 745 210
person 0.019992564 751 87 767 105
person 0.01997022 171 -215 199 -139
person 0.019958477 -3 85 22 163
person 0.01994804 360 517 376 543
person 0.01992344 551 107 567 128
person 0.01986054 231 474 264 520
person 0.019834418 645 358 710 529
person 0.019811139 91 664 117 767
person 0.019793391 518 53 534 70
person 0.01973735 442 54 466 80
person 0.019670423 533 90 549 109
person 0.019650383 683 -219 697 -169
person 0.019625936 808 106 824 125
person 0.019622551 -4 92 10 115
person 0.019575503 981 91 996 112
person 0.019495804 1019 47 1025 73
person 0.019463845 912 599 921 626
person 0.019458232 0 295 5 334
person 0.01943559 437 583 455 648
person 0.019426286 909 165 925 190
person 0.019423744 634 582 653 645
person 0.019416597 541 335 589 445
person 0.01940327 136 323 155 342
person 0.019389914 1019 555 1024 588
person 0.019382345 887 696 906 762
person 0.019311879 654 28 664 41
person 0.01930523 495 71 511 88
person 0.019262543 628 165 645 189
person 0.019231355 190 78 227 142
person 0.019208249 925 94 940 113
person 0.019161489 879 93 903 121
person 0.019145705 618 69 628 81
person 0.01909614 478 60 502 86
person 0.01900435 178 -49 239 122
person 0.018978965 713 728 734 796
person 0.018973643 -20 247 43 369
person 0.018953735 808 696 827 762
person 0.018936587 834 -145 846 -106
person 0.01893543 907 -226 922 -206
person 0.01892032 416 124 434 146
person 0.018919852 762 58 784 87
person 0.018912083 775 593 784 624
person 0.018871633 0 2 8 58
person 0.018852701 413 82 449 143
person 0.018843116 248 364 270 387
person 0.018835055 238 327 259 348
person 0.01880478 478 79 489 90
person 0.018799054 532 13 541 26
person 0.018774819 792 232 830 293
person 0.0187538 673 15 683 29
person 0.01874843 1 138 9 168
person 0.018726464 169 152 211 208
person 0.018669253 489 168 506 193
person 0.01863801 461 77 472 89
person 0.018620782 972 90 986 108
person 0.01860997 39 305 52 333
person 0.018577285 519 588 531 643
person 0.018537631 168 704 199 795
person 0.018535787 694 14 703 27
person 0.018530227 670 168 687 193
person 0.018529119 908 128 924 150
person 0.018510692 907 -225 920 -218
person 0.018487139 205 133 229 159
person 0.018459076 103 173 144 229
person 0.018438976 909 12 919 26
person 0.018421788 642 -218 656 -170
person 0.018413438 -3 337 8 364
person 0.018412508 632 -122 659 -24
person 0.018404126 708 73 719 84
person 0.018395366 282 56 305 85
person 0.018369459 1019 401 1025 429
person 0.018328883 922 51 942 83
person 0.018322617 0 96 10 141
person 0.018309046 434 113 450 131
person 0.018300468 638 589 650 637
person 0.018297901 487 85 523 145
person 0.01828692 401 685 423 747
person 0.01828388 560 588 571 638
person 0.018280668 771 78 787 94
person 0.01824065 553 90 568 110
person 0.018218763 760 450 838 595
person 0.01817058 976 399 997 419
person 0.018139293 285 115 300 133
person 0.018101523 829 88 845 106
person 0.018089805 411 180 428 204
person 0.018078297 923 146 939 169
person 0.018074943 691 -226 705 -208
person 0.018070675 236 174 263 204
person 0.01805976 100 -209 128 -131
person 0.018058615 955 457 991 475
person 0.018041654 711 -225 723 -218
person 0.01800399 627 143 644 168
person 0.017991737 355 132 365 151
person 0.017979246 822 85 855 156
person 0.017976932 468 471 482 500
person 0.017961675 322 685 344 747
person 0.017950954 868 87 884 105
person 0.017949654 914 687 933 736
person 0.017945273 910 728 931 797
person 0.017930279 141 300 161 322
person 0.017929919 0 689 12 770
person 0.01791456 950 -178 963 -136
person 0.017866477 876 54 897 84
person 0.0178663 1019 422 1025 449
person 0.01783689 454 266 509 356
person 0.01781595 480 684 502 747
person 0.017809477 674 728 695 797
person 0.017779632 282 684 305 747
person 0.017770916 631 -90 646 -66
person 0.017766122 261 -46 321 125
person 0.017756963 674 379 694 402
person 0.017749147 0 -198 5 -159
person 0.01774008 361 685 384 747
person 0.01771864 727 -60 784 121
person 0.017669946 528 10 544 27
person 0.01766897 535 141 551 165
person 0.017664807 165 223 193 253
person 0.017662814 0 -218 5 -180
person 0.01765235 -3 279 8 306
person 0.017594075 964 699 995 787
person 0.0175739 975 325 1002 382
person 0.017486973 972 355 999 411
person 0.017457413 441 591 453 639
person 0.017427642 551 146 567 170
person 0.01742374 760 197 784 234
person 0.017381463 909 148 925 171
person 0.017380623 167 173 193 199
person 0.017335963 805 -59 860 122
person 0.017334592 162 728 183 796
person 0.017302861 1016 -151 1024 -93
person 0.017299684 712 144 728 168
person 0.01729566 611 -90 627 -66
person 0.017287372 294 126 312 147
person 0.017247811 356 380 369 405
person 0.017210785 951 651 964 689
person 0.01718397 53 286 68 312
person 0.017175566 755 -221 769 -169
person 0.017169023 827 196 851 232
person 0.017161027 653 157 691 215
person 0.017122144 874 685 896 745
person 0.017120548 634 727 655 797
person 0.017116858 565 251 652 385
person 0.017107826 243 358 263 379
person 0.01710308 716 589 729 640
person 0.017053636 590 122 605 145
person 0.01702937 440 684 462 747
person 0.01702712 796 -222 811 -170
person 0.017021446 752 126 768 149
person 0.01700839 437 94 454 112
person 0.01694349 572 14 587 30
person 0.01692774 1018 745 1024 787
person 0.016916888 335 697 351 721
person 0.016903212 349 190 409 269
person 0.016899109 315 697 332 721
person 0.016856503 851 166 867 191
person 0.016846793 201 728 222 797
person 0.016827445 0 765 8 811
person 0.016826728 665 84 699 151
person 0.016823914 296 697 312 721
person 0.016819866 795 200 819 238
person 0.016819498 436 164 462 196
person 0.016806476 495 180 512 205
person 0.016803993 247 94 272 120
person 0.016774878 744 80 776 148
person 0.016767116 401 588 414 637
person 0.016753955 519 684 541 747
person 0.016751911 122 728 143 797
person 0.016723966 888 154 926 215
person 0.016718848 1016 69 1028 92
person 0.01666901 770 127 786 149
person 0.01664999 595 727 616 797
person 0.01664792 1019 461 1025 489
person 0.016633648 355 697 371 721
person 0.01662787 672 144 688 168
person 0.016623294 719 200 744 238
person 0.016578166 791 127 807 149
person 0.016577484 943 10 957 27
person 0.016570853 240 728 261 797
person 0.016561368 166 324 207 369
person 0.016560834 651 -90 666 -66
person 0.016549777 114 238 138 272
person 0.01654126 614 146 631 170
person 0.016532913 1019 378 1024 408
person 0.01652452 0 297 9 370
person 0.016512219 1019 498 1025 526
person 0.016509756 330 159 355 191
person 0.016508471 767 147 783 172
person 0.016505072 276 697 292 721
person 0.016502138 671 88 682 100
person 0.01647577 280 727 301 797
person 0.016469449 319 727 340 797
person 0.01645586 730 90 741 101
person 0.016455159 592 70 607 88
person 0.016451262 672 52 688 69
person 0.016444312 493 127 509 150
person 0.016426692 949 728 970 796
person 0.016423132 772 185 788 212
person 0.016398856 931 600 941 624
person 0.016391704 475 -226 490 -207
person 0.016385993 358 727 379 797
person 0.01638411 890 111 906 129
person 0.01637891 555 727 576 797
person 0.016374523 495 -226 510 -207
person 0.01636736 44 727 65 797
person 0.016366769 200 -226 214 -207
person 0.016364442 456 -226 470 -207
person 0.016364273 235 198 262 229
person 0.016364073 397 -226 411 -207
person 0.016362155 219 -226 234 -207
person 0.01636122 521 55 531 67
person 0.016361073 239 -226 254 -207
person 0.016360357 318 -226 333 -207
person 0.016359838 259 -226 273 -207
person 0.016359637 298 -226 313 -207
person 0.01635956 377 -226 392 -207
person 0.016358793 278 -226 293 -207
person 0.016358709 337 -226 352 -207
person 0.01635768 416 -226 431 -207
person 0.016355779 357 -226 372 -207
person 0.016349044 180 -226 195 -207
person 0.016342327 0 649 8 727
person 0.016339615 200 172 226 199
person 0.01633851 436 -226 451 -207
person 0.016338127 54 251 68 275
person 0.016320236 728 105 744 124
person 0.016309988 243 684 265 747
person 0.016306693 374 696 391 721
person 0.016293595 49 481 82 584
person 0.016288063 573 107 589 128
person 0.016287917 108 134 122 153
person 0.016284373 398 727 419 797
person 0.016272202 507 180 522 204
person 0.01626985 515 -226 529 -207
person 0.016269613 534 -226 549 -207
person 0.016257476 951 71 981 142
person 0.016251743 573 126 589 149
person 0.016236816 890 126 906 148
person 0.016217533 516 727 537 797
person 0.016215676 218 97 241 123
person 0.016198639 614 85 630 105
person 0.016195897 133 -220 147 -172
person 0.016188756 437 727 458 797
person 0.016188635 768 696 788 762
person 0.01618722 160 -226 175 -207
person 0.01617966 477 727 498 797
person 0.01615538 461 458 473 487
person 0.016149115 506 317 535 340
person 0.016148243 851 146 867 170
person 0.016140351 890 13 899 27
person 0.016137127 770 106 786 125
person 0.01613581 1018 3 1024 33
person 0.016108815 909 89 924 107
person 0.016085478 963 8 978 27
person 0.016083801 455 88 465 98
person 0.016078385 869 12 879 27
person 0.016077744 -3 317 8 344
person 0.016076356 591 -89 607 -65
person 0.016052427 554 -226 569 -207
person 0.016012602 0 570 5 607
person 0.016002133 603 -220 617 -171
person 0.015983177 152 294 170 313
person 0.015975432 611 696 627 721
person 0.015971107 630 696 647 721
person 0.015967054 717 428 746 482
person 0.0159607 927 -226 941 -208
person 0.01595495 0 353 6 388
person 0.015935998 212 503 231 526
person 0.015918465 750 108 766 128
person 0.015908752 256 696 273 721
person 0.015902257 394 696 411 721
person 0.015900653 877 -194 890 -143
person 0.015883643 591 696 608 721
person 0.015879028 595 87 610 108
person 0.015878374 553 639 567 685
person 0.015875155 904 339 966 437
person 0.015872957 433 125 450 146
person 0.015868153 497 74 508 85
person 0.015850337 965 697 984 765
person 0.015843665 361 587 374 635
person 0.01582258 790 108 806 127
person 0.015820539 925 168 942 192
person 0.015810702 572 88 588 108
person 0.015766038 650 696 667 721
person 0.015739681 790 333 886 461
person 0.015738264 729 147 745 171
person 0.01572475 910 606 923 657
person 0.015714644 670 -90 686 -67
person 0.015704129 0 90 6 118
person 0.015700452 140 -226 155 -207
person 0.01570006 56 -110 75 -47
person 0.0156967 713 13 723 27
person 0.015667414 574 -226 589 -207
person 0.015656827 1012 10 1022 67
person 0.015652126 980 154 994 176
person 0.015645375 571 696 588 721
person 0.015613021 -1 -16 20 75
person 0.015592801 552 75 567 92
person 0.015590751 717 710 748 798
person 0.015556918 244 709 275 798
person 0.0155454865 64 -215 75 -170
person 0.015529602 412 94 430 112
person 0.015529273 300 202 395 352
person 0.015502193 45 271 65 314
person 0.015500462 963 110 972 122
person 0.01547914 277 172 303 201
person 0.015445748 477 107 493 126
person 0.015433454 682 377 700 401
person 0.015430543 351 161 368 184
person 0.015427543 414 696 430 721
person 0.015424717 672 -226 687 -208
person 0.0154152205 101 -216 113 -171
person 0.015414996 552 696 568 721
person 0.015398945 850 107 865 125
person 0.015383539 670 696 686 721
person 0.015339023 893 -211 901 -178
person 0.015336259 830 108 845 127
person 0.015325909 932 585 940 602
person 0.015320225 765 11 778 53
person 0.015319922 159 -124 185 -29
person 0.015295376 443 241 521 385
person 0.015273803 226 97 240 115
person 0.015249179 236 696 253 721
person 0.0152476905 695 496 745 601
person 0.0152429575 -3 301 8 328
person 0.015238063 652 167 669 191
person 0.015204464 -4 46 9 70
person 0.015200879 849 127 865 149
person 0.015189128 518 73 529 84
person 0.0151745835 40 315 54 344
person 0.015169624 532 696 548 721
person 0.015162859 912 583 919 599
person 0.015158907 175 113 183 126
person 0.015156367 559 17 568 30
person 0.015153029 194 309 295 450
person 0.015144364 796 -148 807 -106
person 0.015134559 729 73 745 89
person 0.015127305 954 477 990 494
person 0.015099963 433 696 450 721
person 0.015075559 1020 479 1025 506
person 0.015044897 828 127 844 148
person 0.015043208 1017 694 1025 767
person 0.015040715 253 350 273 371
person 0.015033414 840 16 854 61
person 0.015014938 644 449 709 610
person 0.015009453 572 -89 587 -65
person 0.014998966 99 87 135 152
person 0.01499796 615 109 631 131
person 0.014992662 710 234 749 297
person 0.0149777485 774 598 782 615
person 0.014964389 120 126 129 141
person 0.014947247 278 -12 308 76
person 0.014940865 0 -179 5 -139
person 0.014930841 512 696 529 721
person 0.0149288 254 130 272 151
person 0.014914117 121 -226 136 -207
person 0.014902569 699 105 707 117
person 0.014884891 83 727 104 798
person 0.014869027 689 696 706 721
person 0.014864823 486 266 558 436
person 0.014862274 829 146 845 170
person 0.014851038 1008 -225 1027 -168
person 0.014836869 808 127 824 149
person 0.014833921 456 107 473 125
person 0.014824384 453 696 470 721
person 0.014817881 36 476 52 504
person 0.014815083 690 -225 703 -218
person 0.014810057 563 337 626 503
person 0.014803325 610 356 631 382
person 0.014802678 492 696 509 721
person 0.014801468 702 493 769 655
person 0.014787581 -1 275 14 352
person 0.014782247 593 -226 608 -207
person 0.014781262 116 279 136 301
person 0.014765299 917 -189 931 -136
person 0.014761705 473 696 489 721
person 0.014759355 363 18 384 53
person 0.0147521105 595 583 613 649
person 0.014751646 866 146 882 170
person 0.014743513 962 441 989 450
person 0.014726927 807 147 823 171
person 0.014704614 926 -225 939 -218
person 0.014675944 377 535 395 564
person 0.014673194 802 14 816 58
person 0.014667782 828 182 844 208
person 0.014665929 89 682 109 746
person 0.014628305 891 596 901 626
person 0.014626297 217 696 233 721
person 0.014621475 204 684 226 747
person 0.014618094 871 -146 882 -102
person 0.014605867 62 -226 77 -209
person 0.014604741 180 281 206 305
person 0.0145786675 0 337 8 413
person 0.01457642 0 514 6 633
person 0.014572639 153 416 179 439
person 0.014557049 912 578 921 608
person 0.014556331 569 152 607 209
person 0.014541755 318 -58 379 118
person 0.014541667 218 310 240 328
person 0.01454112 -3 -228 13 -161
person 0.014536221 1015 521 1029 541
person 0.014532601 881 15 895 60
person 0.01452759 921 16 934 61
person 0.01451513 284 591 297 637
person 0.014465577 868 127 884 148
person 0.014451973 599 38 608 51
person 0.014441098 380 517 395 543
person 0.01443316 764 429 795 481
person 0.014417453 1019 359 1024 387
person 0.0144136315 258 77 295 143
person 0.014412629 297 -89 312 -64
person 0.014398364 898 83 931 154
person 0.014386338 750 147 766 172
person 0.014381499 535 72 551 89
person 0.0143728815 866 -70 886 -54
person 0.014369762 946 -225 959 -218
person 0.014365488 88 175 112 202
person 0.014340185 1018 26 1024 53
person 0.014337954 889 186 904 211
person 0.014312206 928 181 945 206
person 0.014307068 0 123 7 153
person 0.014303889 977 498 1040 676
person 0.014302013 634 314 652 342
person 0.014300177 711 168 727 194
person 0.01429542 634 14 648 31
person 0.014292651 1018 237 1024 269
person 0.014292349 887 146 903 169
person 0.014290153 393 107 411 126
person 0.01428121 705 -125 731 -25
person 0.01427427 865 167 881 192
person 0.014273827 870 108 885 127
person 0.014269024 745 390 774 446
person 0.014267421 101 -226 116 -207
person 0.014267308 709 696 726 721
person 0.014258337 577 95 613 159
person 0.014256327 80 486 149 665
person 0.014213356 456 125 472 147
person 0.0142122675 835 -192 853 -144
person 0.01420313 613 -226 628 -207
person 0.014202818 639 711 669 802
person 0.0141834365 1009 672 1026 740
person 0.014183042 851 90 862 101
person 0.014175618 509 170 525 194
person 0.014159754 591 165 608 189
person 0.014152858 946 -226 961 -209
person 0.014150272 317 -89 332 -64
person 0.01414309 -2 125 11 150
person 0.014136363 1017 -193 1024 -157
person 0.014126313 197 696 213 721
person 0.01412031 795 -226 823 -152
person 0.014118198 251 221 352 365
person 0.014116439 885 -60 939 120
person 0.014102949 789 74 804 90
person 0.014080987 652 -226 667 -208
person 0.014064766 958 219 981 244
person 0.014047313 -2 242 14 308
person 0.014022957 552 -89 567 -65
person 0.014020208 54 42 76 74
person 0.014002757 651 126 667 149
person 0.014000104 469 180 509 238
person 0.013997682 667 111 676 122
person 0.013975146 886 167 902 192
person 0.013971992 813 93 824 104
person 0.013957174 596 261 675 376
person 0.013953709 179 -89 194 -65
person 0.013938588 861 249 889 302
person 0.013935861 789 148 805 172
person 0.013925735 672 643 685 687
person 0.0139116775 633 -226 648 -207
person 0.013863693 472 128 488 149
person 0.013829242 478 170 494 194
person 0.0138203185 1019 92 1025 105
person 0.013816789 983 71 998 93
person 0.013795794 0 562 7 657
person 0.013787337 18 318 30 347
person 0.013769122 326 19 347 55
person 0.01375632 159 -89 174 -65
person 0.01375099 47 416 59 444
person 0.013737565 1014 241 1028 266
person 0.013734529 756 -212 764 -178
person 0.01372674 52 271 59 287
person 0.013712525 729 11 742 55
person 0.013705344 888 88 903 105
person 0.013698997 691 146 707 169
person 0.013680132 730 128 746 150
person 0.013670028 62 116 73 129
person 0.013632174 643 9 663 47
person 0.01361801 810 163 826 188
person 0.013613285 61 310 77 335
person 0.013605692 845 -71 864 -62
person 0.013602775 177 696 194 721
person 0.013600362 729 695 748 763
person 0.013592356 165 684 187 746
person 0.013577704 356 560 368 615
person 0.013577098 186 356 226 377
person 0.013573688 374 129 391 149
person 0.013572864 323 711 353 802
person 0.0135616325 538 512 551 540
person 0.013545931 732 13 742 27
person 0.013543413 58 -51 81 8
person 0.013542846 792 89 803 100
person 0.013533224 314 97 366 186
person 0.013519093 -3 -213 8 -185
person 0.013460497 657 478 701 593
person 0.013444581 497 91 508 102
person 0.013441862 886 -71 905 -52
person 0.013436222 0 -16 5 19
person 0.013432848 278 -89 292 -64
person 0.01341875 401 711 432 802
person 0.013413417 442 76 457 92
person 0.013404479 826 -71 845 -62
person 0.013373759 270 239 337 321
person 0.013368802 337 -89 351 -64
person 0.01335212 729 696 746 721
person 0.013347251 889 204 904 230
person 0.013346312 0 -174 12 -96
person 0.013346197 640 546 652 605
person 0.013343674 597 36 612 53
person 0.013336957 773 89 784 100
person 0.0133233415 894 577 903 607
person 0.013323222 755 594 765 625
person 0.0133153265 852 73 867 90
person 0.013310854 0 548 5 587
person 0.013309715 737 -212 745 -178
person 0.013305689 233 526 262 578
person 0.013304619 911 650 931 694
person 0.013303442 370 149 387 169
person 0.013301515 690 167 706 192
person 0.013300382 568 336 586 361
person 0.013279078 846 -70 866 -54
person 0.013272108 312 6 330 24
person 0.013272008 250 312 267 331
person 0.0132605545 561 -221 575 -173
person 0.013251217 193 448 216 463
person 0.013243922 182 339 220 383
person 0.0132296365 198 -89 213 -65
person 0.013225397 747 -71 766 -61
person 0.01322398 660 88 669 101
person 0.013222474 170 239 201 274
person 0.013210472 374 110 391 130
person 0.013206232 533 -89 548 -64
person 0.013193916 690 126 706 149
person 0.013186449 737 594 745 626
person 0.013176159 518 13 533 30
person 0.013168932 868 259 885 284
person 0.013164886 0 43 5 74
person 0.013131426 694 54 704 67
person 0.013126514 1017 -154 1024 -118
person 0.013120185 440 480 455 509
person 0.01311832 1015 540 1029 563
person 0.013117702 793 595 802 624
person 0.013107428 893 583 901 599
person 0.013106564 850 12 860 27
person 0.013098538 0 -160 5 -119
person 0.013090477 560 712 589 804
person 0.013067963 689 -90 705 -70
person 0.013065065 774 81 783 91
person 0.013061574 949 131 958 145
person 0.013055803 56 435 71 462
person 0.013055201 806 -71 825 -62
person 0.013053696 982 50 997 72
person 0.013044613 650 146 667 170
person 0.013035953 832 91 842 102
person 0.013026044 710 -71 728 -51
person 0.012999476 1017 -174 1024 -137
person 0.012984531 551 165 568 189
person 0.012971918 591 148 607 171
person 0.012961385 652 27 668 44
person 0.012956773 168 438 196 457
person 0.0129425535 167 -222 181 -173
person 0.012935576 926 697 945 764
person 0.012929872 254 160 297 218
person 0.012927012 1010 703 1025 778
person 0.0129128555 329 492 356 521
person 0.012911129 472 146 489 170
person 0.0129104005 342 50 352 66
person 0.012908291 213 539 230 565
person 0.012903207 786 -71 805 -62
person 0.012891024 514 125 530 148
person 0.01288967 158 696 174 721
person 0.012876966 0 372 5 409
person 0.01287241 163 442 251 592
person 0.012871749 859 671 928 810
person 0.012866727 727 167 743 193
person 0.012827505 767 -71 785 -62
person 0.012817196 1014 502 1030 521
person 0.012808673 898 248 927 300
person 0.012792115 275 147 293 169
person 0.0127915 -2 141 12 165
person 0.012790242 631 87 641 99
person 0.012767084 0 411 5 450
person 0.0127629535 413 144 431 167
person 0.012761981 653 14 667 30
person 0.012761891 810 11 820 26
person 0.012756293 0 -138 8 -61
person 0.012744882 670 180 687 206
person 0.012739693 977 419 996 439
person 0.012732571 466 324 486 350
person 0.012725164 214 485 235 506
person 0.012703872 393 128 411 148
person 0.012697415 513 -89 528 -64
person 0.012688973 754 600 763 617
person 0.012688781 570 644 604 771
person 0.01266185 -1 245 4 259
person 0.012661242 770 164 787 190
person 0.012659751 0 -96 13 -19
person 0.012643246 671 207 695 244
person 0.012637924 575 74 591 91
person 0.012623618 196 -20 227 69
person 0.012622483 985 10 994 30
person 0.012607443 729 -70 747 -53
person 0.012601474 333 34 345 47
person 0.012592031 752 183 768 210
person 0.012587681 0 589 5 627
person 0.012584559 751 74 767 90
person 0.012581536 869 535 885 564
person 0.012577437 732 76 742 86
person 0.012573128 490 435 503 465
person 0.012556982 831 11 841 26
person 0.012547768 871 90 881 101
person 0.012540391 331 522 352 546
person 0.012525295 59 472 79 500
person 0.012517826 749 695 765 720
person 0.01251321 776 354 807 411
person 0.012511303 536 49 547 60
person 0.012504417 945 -218 966 -163
person 0.012504293 480 712 510 803
person 0.012503628 280 493 308 533
person 0.01249693 139 -90 154 -65
person 0.0124903945 247 55 270 83
person 0.012476879 -3 -192 8 -166
person 0.012461126 672 -225 685 -218
person 0.012449167 243 592 257 636
person 0.012437676 690 695 708 763
person 0.012412639 866 -70 884 -61
person 0.012402952 1019 111 1025 125
person 0.012392436 803 241 819 265
person 0.012347504 356 -89 371 -64
person 0.012315887 486 299 503 325
person 0.012313404 100 -155 118 -90
person 0.012304071 252 437 280 459
person 0.012294977 610 19 630 54
person 0.012285259 81 -226 96 -208
person 0.012275548 494 -89 508 -64
person 0.012274645 258 -89 273 -64
person 0.012259057 218 -89 233 -64
person 0.012233338 494 494 512 522
person 0.012226093 668 638 688 699
person 0.012223501 0 391 5 429
person 0.012211088 0 221 5 253
person 0.012197269 170 425 192 442
person 0.012196545 474 641 488 687
person 0.0121855205 166 115 181 133
person 0.01216602 196 334 210 343
person 0.012144768 315 220 380 308
person 0.012128686 753 90 764 101
person 0.01212824 330 33 348 51
person 0.012124691 1017 -134 1024 -98
person 0.0120999515 695 32 704 46
person 0.012096356 1014 445 1030 463
person 0.0120832855 685 8 705 48
person 0.012076662 708 639 726 685
person 0.012071873 748 -70 767 -54
person 0.012071322 40 433 55 463
person 0.0120514175 103 364 186 539
person 0.012048244 293 148 310 170
person 0.012031908 511 640 529 687
person 0.012022526 729 -71 746 -61
person 0.012016773 626 357 654 379
person 0.012005365 534 46 550 63
person 0.0119980145 102 -192 114 -139
person 0.011983891 -5 66 8 89
person 0.011981193 833 73 848 90
person 0.011966154 405 127 440 171
person 0.011961487 827 -70 846 -54
person 0.011960992 971 423 987 433
person 0.011957205 191 477 211 497
person 0.011943832 599 590 611 639
person 0.011941954 396 96 413 114
person 0.011941919 57 695 75 764
person 0.011936671 534 268 559 324
person 0.011934022 842 500 920 653
person 0.011933966 114 235 157 293
person 0.011923007 887 229 945 314
person 0.011919137 799 234 822 274
person 0.011907524 517 90 528 102
person 0.011906487 472 297 493 324
person 0.011904489 809 72 824 89
person 0.011899219 238 -89 253 -64
person 0.011896488 216 332 237 348
person 0.0118929455 253 383 274 404
person 0.011886549 126 683 147 746
person 0.011873009 1019 131 1025 145
person 0.011870435 93 -128 121 -36
person 0.011867606 243 569 265 618
person 0.0118651455 882 199 906 234
person 0.011862127 674 29 685 43
person 0.011861569 276 130 293 151
person 0.011853741 0 -140 5 -100
person 0.011846906 268 456 301 478
person 0.011837281 594 72 605 83
person 0.01183708 59 -151 76 -85
person 0.011830612 0 627 5 667
person 0.011828773 474 -89 489 -64
person 0.011824988 650 695 669 763
person 0.011824259 941 298 966 321
person 0.011814713 776 -212 784 -178
person 0.011802015 1018 448 1025 460
person 0.011777882 1018 543 1024 556
person 0.011776294 982 29 997 50
person 0.011773204 513 147 529 171
person 0.011768828 453 471 468 500
person 0.011767175 906 183 922 209
person 0.011766105 0 373 7 450
person 0.01175439 514 432 525 464
person 0.011733637 58 114 76 131
person 0.01172891 610 10 625 27
person 0.011724416 790 478 810 501
person 0.011721157 597 50 612 68
person 0.01172018 312 -135 337 -35
person 0.011716264 904 249 920 274
person 0.011704615 638 -193 650 -144
person 0.011701785 451 49 469 67
person 0.011687814 58 454 76 482
person 0.011684813 73 344 89 367
person 0.011680573 433 253 489 347
person 0.011678384 11 179 24 220
person 0.011662857 869 203 885 229
person 0.011661141 431 166 448 189
person 0.011658587 0 744 5 788
person 0.011643437 509 308 530 331
person 0.011625704 138 695 154 721
person 0.0116230855 0 647 5 687
person 0.01162062 769 695 785 720
person 0.011610499 1018 151 1025 165
person 0.011601992 44 128 67 159
person 0.011597931 489 641 523 772
person 0.011591947 55 304 79 360
person 0.011575246 431 147 448 170
person 0.011566657 535 405 547 432
person 0.011564028 44 708 59 737
person 0.011557719 521 16 529 29
person 0.011546752 194 491 226 531
person 0.011543641 1011 604 1026 648
person 0.011542014 874 -212 881 -178
person 0.011527877 88 -44 150 123
person 0.011524466 1015 49 1028 72
person 0.011523156 64 640 75 696
person 0.011521941 -3 357 9 383
person 0.011517401 1008 635 1026 697
person 0.011510553 992 -19 1016 77
person 0.01149556 948 603 963 655
person 0.011489624 976 378 997 399
person 0.01147395 691 12 707 28
person 0.011470819 870 72 885 91
person 0.011470721 651 317 672 347
person 0.011469829 -4 224 8 251
person 0.011468776 59 342 78 370
person 0.011467639 611 695 629 764
person 0.011462274 330 163 426 297
person 0.011441765 0 203 9 247
person 0.011436847 872 596 881 625
person 0.011432287 610 186 627 210
person 0.011425069 203 591 217 638
person 0.011417198 478 556 490 622
person 0.01141483 1018 -95 1024 -59
person 0.011413426 77 81 100 111
person 0.011409752 207 53 230 82
person 0.011399817 949 102 958 112
person 0.011395604 235 638 253 684
person 0.011394911 376 -89 391 -64
person 0.011388144 1017 633 1024 668
person 0.011378089 957 15 971 63
person 0.011375649 574 549 586 622
person 0.011369778 85 683 128 812
person 0.011362411 1018 408 1025 420
person 0.01136158 504 479 546 603
person 0.011355614 1017 614 1024 648
person 0.011354208 787 164 803 190
person 0.011352987 275 485 287 496
person 0.011350493 411 642 449 739
person 0.011339428 1018 -16 1024 18
person 0.011336435 485 135 518 179
person 0.01133536 62 -226 75 -219
person 0.01132107 519 36 535 52
person 0.011318396 599 52 609 64
person 0.011317745 206 -222 220 -174
person 0.011311375 855 75 864 87
person 0.011302319 740 330 764 392
person 0.0113020465 725 404 744 428
person 0.011286233 751 166 767 192
person 0.011282138 41 493 56 522
person 0.011273831 595 -14 626 79
person 0.011271286 522 -221 536 -173
person 0.011270456 176 326 195 338
person 0.011254771 1018 575 1024 609
person 0.011215794 41 552 53 590
person 0.011207113 1017 -115 1024 -78
person 0.011195759 792 77 802 87
person 0.011164063 906 258 923 283
person 0.011162783 968 155 977 168
person 0.011162077 254 -146 281 -51
person 0.011161784 357 582 377 644
person 0.011142197 750 677 764 703
person 0.011127731 875 576 883 609
person 0.011123959 313 463 333 483
person 0.011112305 689 184 706 209
person 0.011111235 652 -225 665 -218
person 0.011110524 1018 -76 1024 -39
person 0.011092773 453 146 469 170
person 0.011091632 807 -70 826 -54
person 0.011085399 677 -194 690 -143
person 0.011083162 829 200 845 226
person 0.011081521 0 608 5 647
person 0.011053698 313 550 324 603
person 0.011051649 912 -210 921 -177
person 0.011043632 1019 728 1025 768
person 0.011024952 172 360 204 379
person 0.011016922 498 54 513 71
person 0.011013618 115 303 134 322
person 0.01101181 454 166 471 190
person 0.010990913 951 599 961 622
person 0.01098986 787 -70 807 -54
person 0.010986632 717 -212 725 -178
person 0.0109836375 752 13 762 27
person 0.010982466 990 541 1037 658
person 0.010974101 354 574 367 603
person 0.01097395 959 322 998 401
person 0.010967421 496 428 509 481
person 0.010961685 479 55 494 72
person 0.010960792 252 501 272 521
person 0.010958605 768 -70 787 -54
person 0.010958605 626 299 642 328
person 0.010939944 553 47 569 65
person 0.010932682 802 654 845 757
person 0.010932233 104 -11 135 76
person 0.010927078 470 637 491 699
person 0.010920555 981 127 995 150
person 0.010918604 690 -73 708 -51
person 0.01091116 722 3 746 58
person 0.010904873 431 186 448 209
person 0.010894293 180 70 233 161
person 0.010890112 475 -225 488 -218
person 0.010882765 692 31 708 48
person 0.010879049 495 -225 508 -218
person 0.010878925 0 687 5 725
person 0.01087154 338 148 350 161
person 0.01087075 455 -225 468 -218
person 0.010866992 303 75 380 217
person 0.0108653465 455 -89 469 -64
person 0.010862493 199 -225 212 -218
person 0.010861453 396 -225 409 -218
person 0.010859717 179 -225 193 -218
person 0.010858687 219 -225 232 -218
person 0.010858559 376 -225 390 -218
person 0.010858097 416 -225 429 -218
person 0.010857996 317 -225 330 -218
person 0.010857857 239 -225 252 -218
person 0.010857647 298 -225 311 -218
person 0.010857217 337 -225 350 -218
person 0.0108571965 258 -225 271 -218
person 0.010856838 278 -225 291 -218
person 0.010855989 357 -225 370 -218
person 0.010854155 0 470 5 509
person 0.01085179 249 641 292 737
person 0.010851667 435 -225 449 -218
person 0.010846141 96 208 120 239
person 0.010845814 534 -225 547 -218
person 0.010841225 514 -225 527 -218
person 0.010840673 0 667 5 706
person 0.010840111 792 12 802 26
person 0.010836973 788 694 805 720
person 0.010836262 612 346 630 370
person 0.010827572 177 696 196 763
person 0.010816152 81 116 91 130
person 0.010814259 353 145 364 157
person 0.010800215 571 695 590 764
person 0.010792719 611 -74 630 -50
person 0.010787447 482 256 509 307
person 0.010781922 99 308 117 329
person 0.010776151 160 -225 173 -218
person 0.010767173 239 422 263 440
person 0.01075422 554 -225 567 -218
person 0.010752454 43 690 57 719
person 0.010739671 758 2 783 57
person 0.010734322 849 539 864 568
person 0.010722156 245 -222 259 -174
person 0.010721346 865 185 881 211
person 0.010719466 435 547 453 616
person 0.010717979 827 -2 840 12
person 0.010717408 731 677 745 703
person 0.010707776 795 -213 803 -178
person 0.01069409 648 44 677 90
person 0.010679804 0 -120 5 -80
person 0.010675915 889 220 905 246
person 0.010655733 191 465 214 483
person 0.010650069 566 140 598 184
person 0.010649215 -11 78 30 178
person 0.010648295 868 657 882 683
person 0.010626376 323 589 336 635
person 0.010622556 946 -183 966 -125
person 0.010616659 808 -2 821 12
person 0.010616063 165 55 188 85
person 0.010615377 573 -225 587 -218
person 0.010615061 691 52 708 70
person 0.010614822 592 186 609 209
person 0.010610361 187 287 211 308
person 0.010607887 811 75 821 86
person 0.010606592 113 95 131 115
person 0.0105951745 943 280 966 301
person 0.010588267 1018 429 1025 440
person 0.010582848 211 513 229 536
person 0.010576345 1014 483 1030 501
person 0.010571581 111 134 118 148
person 0.010566764 339 65 354 83
person 0.010565846 271 428 293 448
person 0.010551728 322 483 355 538
person 0.010550742 687 -91 704 -80
person 0.010540275 93 517 112 541
person 0.01053649 632 -225 646 -218
person 0.010532898 285 -222 298 -174
person 0.010527357 298 710 315 736
person 0.010525127 64 -188 75 -133
person 0.010524234 317 710 335 736
person 0.0105215125 140 -225 153 -218
person 0.010518415 -12 -164 31 -22
person 0.010516977 154 437 187 460
person 0.010506516 0 -55 8 8
person 0.0104983505 973 409 988 420
person 0.010494685 722 638 764 734
person 0.010490135 337 710 355 736
person 0.010473761 646 646 681 768
person 0.010464079 440 96 451 107
person 0.010454746 299 438 377 602
person 0.01045231 1014 465 1030 483
person 0.010451047 -1 120 16 158
person 0.0104489615 0 451 5 490
person 0.010444475 147 666 215 817
person 0.010443987 278 710 295 736
person 0.010429691 414 695 432 764
person 0.010428279 941 321 967 341
person 0.0104180975 711 677 725 703
person 0.010416676 21 750 35 781
person 0.010410825 324 -222 338 -174
person 0.010406222 817 578 825 611
person 0.01040415 124 589 137 647
person 0.010401773 335 696 354 764
person 0.010398672 1017 594 1024 628
person 0.010394375 0 490 5 529
person 0.0103910845 256 696 275 763
person 0.010390858 537 282 554 310
person 0.010385075 -3 692 8 719
person 0.010382923 796 578 804 612
person 0.01038134 664 334 683 360
person 0.010376082 1018 524 1025 536
person 0.0103756795 216 350 238 366
person 0.010373604 217 696 236 763
person 0.010372869 0 431 5 470
person 0.010370932 396 -89 411 -64
person 0.010358073 613 -225 626 -218
person 0.010357295 296 696 314 764
person 0.010348614 451 187 468 210
person 0.010346431 476 -82 520 58
person 0.010344377 74 325 92 348
person 0.010340964 593 -225 606 -218
person 0.010337793 835 76 845 87
person 0.010334184 531 34 548 51
person 0.010330868 855 576 863 610
person 0.010328972 357 710 374 736
person 0.010325999 669 436 697 492
person 0.010325965 8 -105 29 3
person 0.010325779 376 710 394 736
person 0.010315147 522 14 544 46
person 0.010308232 532 695 551 764
person 0.0102941925 788 -2 801 12
person 0.010289142 948 262 969 283
person 0.010278314 224 577 232 605
person 0.010276378 453 695 472 764
person 0.010270158 374 696 393 764
person 0.010263655 258 710 276 736
person 0.010249773 945 481 984 574
person 0.010227227 503 453 512 482
person 0.010226212 956 238 979 262
person 0.010225807 285 571 298 616
person 0.010225446 493 695 511 764
person 0.010216043 396 710 414 736
person 0.010214738 516 416 528 445
person 0.010212389 593 710 611 736
person 0.010207701 778 666 846 812
person 0.010206641 770 677 784 702
person 0.010203924 109 140 122 161
person 0.010197805 910 556 921 591
person 0.010195307 613 710 630 736
person 0.010192994 958 461 989 470
person 0.0101868315 776 412 806 465
person 0.010180122 1014 383 1029 403
person 0.010179657 -4 496 8 522
person 0.010174517 199 678 213 704
person 0.010170599 180 677 194 704
person 0.010156648 967 29 978 46
person 0.010156433 849 203 865 228
person 0.010155685 632 710 650 736
person 0.010155043 182 287 221 334
person 0.010148741 573 710 591 736
person 0.010143259 530 168 547 191
person 0.010141118 98 319 115 338
person 0.010139123 813 596 821 624
person 0.010135725 518 497 533 525
person 0.010134798 196 536 218 563
person 0.010132439 808 694 824 720
person 0.010128021 847 -2 860 12
person 0.0101268925 591 -73 610 -50
person 0.010126415 416 710 433 736
person 0.010126167 195 525 225 578
person 0.010125842 1018 169 1025 183
person 0.010124609 220 598 233 627
person 0.010124331 906 537 924 567
person 0.010119081 556 15 571 31
person 0.010117825 540 128 551 148
person 0.010111527 632 641 645 687
person 0.010110033 956 141 985 186
person 0.010107801 364 -222 377 -174
person 0.010104848 909 564 919 585
person 0.010098287 482 -222 495 -174
person 0.01008323 567 473 583 504
person 0.010082031 527 533 542 613
person 0.010081109 554 710 571 736
person 0.01008106 195 639 214 686
person 0.01008105 210 365 235 382
person 0.010079223 754 76 764 87
person 0.010072742 652 710 670 736
person 0.010068307 1018 468 1025 479
person 0.010065492 917 282 948 334
person 0.010065117 475 678 489 703
person 0.0100608 239 710 256 736
person 0.010060481 1018 710 1025 747
person 0.010060154 0 609 8 687
person 0.010058934 731 32 747 49
person 0.010056474 99 695 117 764
person 0.010056223 623 493 682 669
person 0.010052544 834 583 841 599
person 0.010047975 600 -194 611 -147
person 0.010046449 120 -225 133 -218
person 0.010043418 1014 405 1029 424
person 0.01004229 928 127 939 139
person 0.010037963 160 677 174 704
person 0.010033415 436 710 453 736
person 0.010032459 623 376 661 405
person 0.010027999 0 528 5 571
person 0.010027175 138 696 157 763
person 0.010026791 495 678 509 703
person 0.010021146 957 481 988 489
person 0.010019988 455 678 469 703
person 0.010017585 491 321 510 345
person 0.010009416 52 265 66 291
person 0.010004603 534 710 552 736
