person 0.77496636 872 147 897 179
person 0.7449551 851 70 867 90
person 0.74393934 918 166 943 201
person 0.73825276 900 94 916 116
person 0.7382127 836 98 852 121
person 0.73811764 806 95 823 117
person 0.730443 942 148 965 180
person 0.7296572 937 97 953 121
person 0.7235736 989 185 1016 222
person 0.72094846 633 89 650 111
person 0.71709675 880 105 897 130
person 0.71579164 1018 94 1033 116
person 0.7066103 611 134 637 166
person 0.70535445 1028 113 1044 138
person 0.7016275 549 155 577 187
person 0.6986942 768 86 784 105
person 0.6962125 714 137 740 168
person 0.6931052 859 108 877 133
person 0.688095 1000 152 1023 185
person 0.68571633 992 87 1007 109
person 0.68255347 646 165 678 203
person 0.6821928 368 99 386 121
person 0.68206203 826 65 841 84
person 0.67985606 488 96 505 118
person 0.6785842 703 73 718 91
person 0.6763881 780 75 796 95
person 0.6740847 673 111 692 136
person 0.6734342 579 103 597 127
person 0.668981 966 109 982 133
person 0.6671645 917 80 932 100
person 0.66575754 819 187 850 226
person 0.66423446 758 109 776 133
person 0.6585965 758 63 773 82
person 0.65600014 652 74 667 94
person 0.6548134 606 85 622 107
person 0.6538268 551 79 566 98
person 0.6446256 773 125 798 153
person 0.6390387 721 185 759 231
person 0.63746786 447 96 463 117
person 0.63428 723 100 740 120
person 0.6333248 915 117 933 143
person 0.63243073 956 128 974 153
person 0.6264002 722 119 742 143
person 0.6141053 450 114 467 136
person 0.60651875 519 78 534 97
person 0.5996872 519 125 537 150
person 0.5988234 685 51 699 69
person 0.59810364 897 202 928 241
person 0.5902349 737 65 751 84
person 0.5890203 500 67 514 86
person 0.5869597 818 71 833 91
person 0.58270603 587 162 616 196
person 0.5691407 835 146 861 177
person 0.5662467 1008 130 1026 155
person 0.5617188 955 80 970 100
person 0.5488201 713 54 727 72
person 0.54351443 638 56 652 74
person 0.5321691 584 75 600 94
person 0.5225317 978 105 996 128
person 0.5190651 673 79 688 99
person 0.5151525 983 96 999 119
person 0.48150694 480 120 498 145
person 0.48037037 660 55 675 73
person 0.4750596 950 82 964 104
person 0.46978292 363 121 382 144
person 0.46824127 149 253 199 314
person 0.44933057 684 136 710 165
person 0.40926364 474 78 491 99
person 0.3915584 507 100 525 122
person 0.3883002 459 79 473 99
person 0.34353173 589 71 604 89
person 0.3362002 541 64 555 82
person 0.2913926 578 95 596 119
person 0.28702426 757 113 783 144
person 0.2794002 857 87 873 107
person 0.21732123 698 90 716 111
person 0.20815782 855 182 884 217
person 0.18928431 944 184 972 219
person 0.18689689 549 85 566 104
person 0.17170185 709 114 729 138
person 0.16681574 572 61 587 78
person 0.11669355 617 81 632 99
person 0.10888762 564 61 579 78
person 0.099892415 526 97 543 116
person 0.09137413 640 57 649 71
person 0.0763057 462 84 473 102
person 0.0744961 510 111 536 142
person 0.072197236 687 52 696 65
person 0.06798893 544 64 554 76
person 0.060204633 543 67 552 79
person 0.05460011 574 63 584 75
person 0.05251584 777 74 801 100
person 0.049831927 647 72 672 99
person 0.049394082 879 98 898 120
person 0.046354793 477 73 490 91
person 0.044167336 553 67 565 93
person 0.043964896 503 69 511 83
person 0.04209594 567 64 576 76
person 0.035696387 646 112 665 134
person 0.034450274 521 72 532 93
person 0.032992247 658 113 680 138
person 0.030426696 575 163 607 199
person 0.028272549 585 67 597 89
person 0.02427041 886 106 904 131
person 0.024023537 523 119 543 144
person 0.023255369 691 73 718 101
person 0.021901136 592 72 601 85
person 0.021752827 913 77 936 104
person 0.017533239 432 107 450 125
person 0.017494872 580 90 594 113
person 0.016125828 949 82 959 100
person 0.015512441 939 103 956 127
person 0.015365363 791 94 809 115
person 0.015360033 731 64 756 91
person 0.014036986 842 139 861 165
person 0.013443683 913 154 940 190
person 0.013293549 604 137 642 186
person 0.012999231 547 74 571 101
person 0.01237947 719 56 726 70
person 0.012146518 461 81 470 95
person 0.01156314 761 66 770 78
person 0.01126209 754 61 769 80
person 0.010678746 665 86 684 107
