person 0.706282 1005 253 1043 310
person 0.60537136 1125 94 1141 117
person 0.5467868 1086 93 1102 113
person 0.33452788 1151 113 1168 136
person 0.32773307 1154 327 1200 406
person 0.21730521 1089 94 1100 109
person 0.16576968 1128 95 1138 111
person 0.15733661 1160 264 1205 337
person 0.13738015 1084 95 1096 114
person 0.12733586 992 242 1056 329
person 0.12636788 133 176 150 199
person 0.1162695 964 290 1002 348
person 0.11117235 1121 92 1146 126
person 0.110314086 1154 114 1164 130
person 0.109751895 1163 586 1222 737
person 0.09927932 194 426 267 532
person 0.098960586 60 307 107 387
person 0.09508349 286 519 334 577
person 0.09257874 1253 744 1264 820
person 0.08429185 279 460 312 502
person 0.08308081 1148 107 1173 141
person 0.081173666 1253 404 1262 487
person 0.08116378 282 455 306 484
person 0.07932987 1257 136 1264 169
person 0.079188 1054 437 1100 521
person 0.07730104 0 176 12 232
person 0.07492477 58 587 114 741
person 0.07416524 371 520 410 577
person 0.07304004 342 505 383 562
person 0.071793765 1184 163 1201 188
person 0.07148122 1113 109 1132 133
person 0.07102786 1160 298 1202 360
person 0.07034674 1257 114 1264 146
person 0.069823354 1251 345 1262 422
person 0.06953167 136 179 146 194
person 0.06817434 196 357 271 445
person 0.06813871 1081 88 1106 122
person 0.068115614 352 463 384 507
person 0.06662346 180 393 278 563
person 0.066196166 1253 794 1264 859
person 0.063158296 99 163 117 188
person 0.06261966 1253 266 1264 326
person 0.062467095 1257 160 1264 193
person 0.062397122 126 170 153 206
person 0.061979566 1151 103 1169 123
person 0.0589517 863 114 892 147
person 0.05885853 107 216 135 251
person 0.057199407 1179 521 1239 664
person 0.05702964 867 113 887 137
person 0.05673514 1252 303 1263 376
person 0.056303717 1099 317 1150 395
person 0.055554833 1257 90 1264 121
person 0.055008277 -5 -271 11 -243
person 0.05470197 1251 -270 1264 -212
person 0.054356568 1136 297 1220 454
person 0.054110803 1252 139 1268 167
person 0.053331118 205 328 237 370
person 0.052475575 1096 110 1117 133
person 0.052339584 1212 134 1229 159
person 0.05098298 786 364 837 436
person 0.050818764 358 454 379 483
person 0.049044397 1014 258 1033 306
person 0.048323523 -1 -275 7 -242
person 0.047935463 598 223 632 263
person 0.047603227 1089 231 1137 304
person 0.047347777 37 288 131 454
person 0.04710304 355 -86 389 14
person 0.047057472 -4 -271 10 -263
person 0.04696338 -4 -260 23 -150
person 0.045794033 1252 162 1268 191
person 0.045774866 1252 116 1268 144
person 0.04569013 766 109 798 144
person 0.045353882 1257 184 1264 217
person 0.045309708 1254 437 1264 537
person 0.045067504 -4 -175 19 -52
person 0.04493887 1239 -158 1269 -57
person 0.044914074 882 303 934 376
person 0.04412977 0 283 10 350
person 0.043849654 360 495 391 526
person 0.04344751 1163 113 1182 136
person 0.043423865 1177 163 1204 197
person 0.041748375 1250 131 1264 174
person 0.041283727 1257 65 1264 97
person 0.04127527 768 87 799 122
person 0.041078076 327 565 371 623
person 0.041030873 295 498 322 525
person 0.040793225 1251 216 1264 268
person 0.040622722 65 348 140 444
person 0.04054802 1015 223 1047 265
person 0.040470567 1238 -245 1270 -154
person 0.040429194 172 445 263 649
person 0.040326077 1034 291 1073 351
person 0.040226307 736 70 768 105
person 0.039928958 593 735 608 793
person 0.039892916 844 114 868 139
person 0.039640583 263 469 359 659
person 0.03901564 1166 428 1231 556
person 0.038607482 116 205 134 234
person 0.038430575 1072 111 1092 133
person 0.038243983 647 108 680 145
person 0.038189016 1253 837 1264 909
person 0.038138546 171 402 197 433
person 0.038116686 1157 214 1188 253
person 0.03808693 1252 697 1262 781
person 0.03785322 174 177 201 213
person 0.03784637 1250 -271 1264 -262
person 0.037333757 277 502 346 612
person 0.03692324 216 371 255 432
person 0.03688588 1252 92 1268 120
person 0.03679908 1091 461 1177 653
person 0.036741238 -1 197 9 256
person 0.036700226 1249 -272 1267 -245
person 0.0364519 1011 258 1038 288
person 0.036043473 1251 171 1264 218
person 0.03582455 1252 186 1268 216
person 0.035771165 1257 18 1264 50
person 0.035764698 1153 106 1165 119
person 0.035744414 4 106 43 192
person 0.035714503 377 534 419 593
person 0.035362855 1188 145 1208 170
person 0.035283912 1252 -227 1263 -159
person 0.035132594 804 204 835 243
person 0.0349407 874 164 908 201
person 0.034926947 40 230 69 269
person 0.034824666 990 212 1024 253
person 0.03465283 150 103 196 181
person 0.034621388 1163 410 1178 427
person 0.034483492 380 524 405 552
person 0.03443642 237 7 279 93
person 0.034424413 0 -277 10 -215
person 0.034002997 1251 282 1269 313
person 0.03375496 1172 -254 1188 -205
person 0.033398382 69 -128 93 -53
person 0.033331055 895 215 947 285
person 0.033328112 1047 90 1067 108
person 0.03298797 1256 41 1264 73
person 0.032942057 1244 272 1267 316
person 0.0329352 936 121 968 154
person 0.032919135 991 124 1021 156
person 0.032851186 110 186 127 212
person 0.032818653 671 335 720 412
person 0.032705378 53 -272 71 -252
person 0.032584153 15 363 28 433
person 0.032573927 1148 391 1241 580
person 0.032521375 1073 169 1105 205
person 0.032359783 972 304 994 331
person 0.03209281 684 725 707 809
person 0.03201231 1114 170 1145 205
person 0.03197667 30 -271 46 -264
person 0.03188323 225 101 271 175
person 0.03177486 921 168 954 204
person 0.03176183 974 219 1073 363
person 0.031327978 1031 123 1062 156
person 0.031276453 45 56 86 140
person 0.03126964 1071 121 1101 155
person 0.031206006 306 507 331 533
person 0.031189313 339 449 362 480
person 0.031128442 977 166 1010 201
person 0.031078562 101 164 113 182
person 0.031045465 950 281 1021 380
person 0.030890396 30 -272 49 -253
person 0.030839752 1019 170 1051 205
person 0.030683834 262 401 285 432
person 0.03038569 1084 253 1117 294
person 0.030319756 723 111 759 150
person 0.030168004 5 399 19 489
person 0.030144187 1002 419 1069 524
person 0.029987011 1000 90 1019 111
person 0.02988198 981 851 1008 926
person 0.029778631 1150 744 1160 775
person 0.029653372 936 212 970 251
person 0.029651366 1236 348 1264 418
person 0.029574808 1167 828 1199 938
person 0.029542774 176 306 205 348
person 0.029305104 1086 218 1119 258
person 0.029130494 174 359 198 389
person 0.029089259 311 483 336 510
person 0.02904228 108 307 141 352
person 0.029014027 1212 126 1230 150
person 0.028935967 747 161 781 198
person 0.028901216 1257 206 1264 241
person 0.028876387 795 210 847 278
person 0.028873747 826 165 861 204
person 0.02877934 387 -95 421 13
person 0.02872849 165 425 194 454
person 0.028719146 1251 259 1269 290
person 0.028630467 817 208 852 250
person 0.028558813 202 448 252 508
person 0.028534938 8 242 49 325
person 0.02851471 -9 500 36 660
person 0.028480422 494 166 527 203
person 0.028473338 405 168 437 203
person 0.028369397 1252 209 1268 240
person 0.028366756 113 226 131 256
person 0.028328398 442 102 487 178
person 0.028326558 1023 90 1043 110
person 0.028287357 637 725 659 807
person 0.028249668 174 331 297 473
person 0.02815826 1034 402 1120 566
person 0.028142858 588 727 611 804
person 0.028091935 339 471 365 501
person 0.027905101 1143 138 1163 164
person 0.027901629 1243 220 1267 261
person 0.027899915 1177 145 1195 169
person 0.02779154 -1 418 7 463
person 0.027735181 107 -116 129 -58
person 0.027621185 933 301 977 359
person 0.027564934 441 86 461 110
person 0.027505534 999 118 1019 140
person 0.027396528 1252 234 1269 266
person 0.02739324 661 498 673 527
person 0.027353164 236 114 255 137
person 0.027330184 999 -271 1013 -262
person 0.027299006 974 -271 989 -262
person 0.027128667 1023 -271 1038 -262
person 0.027100366 787 168 823 206
person 0.027066136 447 164 480 200
person 0.027052492 1047 -271 1062 -262
person 0.027040295 348 511 372 539
person 0.027019793 718 109 765 184
person 0.026972946 360 518 394 550
person 0.026962373 1009 258 1027 301
person 0.026956446 53 -272 69 -264
person 0.026941564 100 191 149 262
person 0.026926814 1129 -259 1147 -200
person 0.026856879 1213 -271 1229 -263
person 0.026855282 381 543 413 573
person 0.026808046 950 -271 965 -262
person 0.026773414 789 -255 821 -159
person 0.026729804 80 433 171 647
person 0.026560793 486 -184 517 -72
person 0.026541239 1116 112 1130 127
person 0.026456933 -6 672 33 851
person 0.026420932 688 502 699 537
person 0.026382867 1253 67 1268 95
person 0.026291689 41 356 131 538
person 0.026288088 1050 92 1064 105
person 0.026245944 534 -6 572 88
person 0.02620031 1088 870 1124 978
person 0.02617102 950 95 971 116
person 0.026156938 1197 182 1216 209
person 0.026152948 879 -270 912 -175
person 0.0260784 597 110 629 147
person 0.026030567 1256 142 1264 159
person 0.025989193 884 851 911 927
person 0.025980057 59 -112 91 -12
person 0.025792124 141 195 160 219
person 0.025744027 809 120 857 194
person 0.025731089 1071 -271 1086 -262
person 0.025719399 -1 180 19 224
person 0.025718171 165 392 204 450
person 0.025681388 926 89 947 110
person 0.025625866 597 -259 630 -164
person 0.025610829 287 306 364 405
person 0.025603041 577 59 607 99
person 0.025585266 1174 811 1191 857
person 0.025569977 95 590 117 622
person 0.025520232 1237 307 1266 376
person 0.025520066 981 437 1070 639
person 0.025501141 445 59 475 98
person 0.025378134 975 89 995 109
person 0.025279708 502 -257 536 -163
person 0.025258163 69 592 90 624
person 0.025236197 913 125 960 201
person 0.025176384 204 -146 239 -47
person 0.025168533 0 135 7 169
person 0.025078723 950 -272 967 -245
person 0.02503308 207 553 235 575
person 0.025030589 0 -109 10 -30
person 0.025020495 1001 128 1047 204
person 0.024931692 975 -272 991 -245
person 0.024887014 926 -271 941 -262
person 0.024847575 456 671 478 703
person 0.024828378 123 285 145 313
person 0.024798028 932 851 960 926
person 0.024790067 233 -90 270 5
person 0.024770673 313 211 344 245
person 0.024738787 809 525 820 559
person 0.024671769 1166 116 1180 130
person 0.024659669 103 -151 136 -50
person 0.02460722 1167 126 1197 160
person 0.024599873 166 384 193 414
person 0.02457244 696 -257 728 -161
person 0.024569634 926 -272 943 -246
person 0.024564482 444 12 482 106
person 0.024516108 601 94 646 168
person 0.024476916 999 -272 1016 -245
person 0.0244765 587 166 622 204
person 0.024350822 949 114 969 136
person 0.024237268 1168 99 1187 119
person 0.024163237 712 500 724 535
person 0.024077473 1256 279 1264 315
person 0.024057113 1024 -272 1040 -244
person 0.024035968 1175 851 1197 911
person 0.024032831 966 346 1007 407
person 0.024018599 660 502 671 518
person 0.024017412 1146 733 1155 751
person 0.02393627 783 20 800 43
person 0.023910254 447 66 465 89
person 0.023904767 1048 -272 1064 -244
person 0.023884427 1029 851 1057 926
person 0.023843732 766 421 832 528
person 0.023696415 1119 140 1141 164
person 0.023681229 45 253 77 297
person 0.023586947 901 -272 919 -247
person 0.023572007 1060 299 1103 356
person 0.023547916 1188 166 1198 181
person 0.02354761 1213 -272 1232 -252
person 0.02330922 1256 120 1264 136
person 0.023233673 879 74 909 108
person 0.023232456 1232 -92 1264 8
person 0.023225602 883 215 918 255
person 0.02319982 921 628 968 790
person 0.02318967 66 844 90 925
person 0.023184648 978 -164 1006 -103
person 0.023163259 692 169 728 207
person 0.023056176 1194 123 1212 145
person 0.023011915 0 -259 9 -168
person 0.022968017 408 -172 441 -66
person 0.022959946 936 255 971 298
person 0.022944063 291 522 325 548
person 0.022927267 1072 -272 1088 -245
person 0.022889463 221 375 249 406
person 0.022887569 102 126 113 142
person 0.022883676 245 165 273 198
person 0.022880275 529 101 575 176
person 0.02274869 338 8 379 96
person 0.02268663 132 -94 169 1
person 0.02265086 269 425 293 451
person 0.022610288 710 17 727 41
person 0.022602595 1095 -271 1110 -262
person 0.022570442 223 462 271 521
person 0.0225698 995 134 1016 159
person 0.022562034 901 -271 916 -262
person 0.02245348 1249 79 1263 123
person 0.022393048 1252 20 1268 48
person 0.022328267 252 485 294 542
person 0.0222852 318 100 364 177
person 0.022184461 1088 -266 1108 -201
person 0.022169068 981 387 1083 572
person 0.022163903 1257 231 1264 267
person 0.022066746 695 113 730 150
person 0.022053815 546 165 580 203
person 0.022000544 599 -111 650 46
person 0.021969631 877 -272 895 -248
person 0.02194919 977 905 1003 988
person 0.021941049 686 501 698 523
person 0.021940425 591 851 619 928
person 0.021899568 1169 303 1197 330
person 0.021875013 585 -180 616 -65
person 0.021854939 182 311 202 338
person 0.021848068 286 428 311 457
person 0.021837153 1047 115 1068 136
person 0.021795476 928 905 954 988
person 0.021768058 303 -166 337 -64
person 0.021759836 0 646 7 777
person 0.021753766 1002 93 1016 106
person 0.021718198 1025 905 1051 988
person 0.02162969 689 850 716 928
person 0.021612283 1025 71 1045 92
person 0.021544836 -11 -187 27 -36
person 0.021537792 1192 -272 1210 -252
person 0.021536449 728 209 764 249
person 0.021498859 124 -180 145 -116
person 0.021460509 640 851 667 928
person 0.021371674 1223 123 1264 205
person 0.02136441 0 702 9 818
person 0.021351105 383 510 407 537
person 0.021309556 1252 43 1268 71
person 0.021288563 75 -100 101 -28
person 0.021255346 787 850 813 927
person 0.021252321 880 905 906 988
person 0.021247521 208 875 246 988
person 0.021224914 936 75 966 109
person 0.021216951 1178 434 1187 453
person 0.021205433 118 862 153 985
person 0.021193786 1096 -272 1113 -246
person 0.021193247 366 400 386 433
person 0.021167485 437 638 465 671
person 0.02114723 348 742 365 795
person 0.021097433 714 742 725 776
person 0.021090137 1192 -271 1208 -263
person 0.02107333 1257 691 1263 728
person 0.021063352 537 0 563 48
person 0.021026116 736 505 746 529
person 0.021026002 47 616 66 649
person 0.021001434 1074 905 1100 988
person 0.020995414 1162 231 1182 259
person 0.0209503 1257 256 1264 292
person 0.020945527 1128 854 1151 914
person 0.020906342 795 606 861 839
person 0.020882383 1173 -214 1188 -159
person 0.020877924 193 171 223 206
person 0.02084157 1026 93 1040 106
person 0.020807883 352 169 383 203
person 0.020804921 235 601 262 624
person 0.020797264 0 133 12 188
person 0.020758476 739 71 760 92
person 0.020752313 266 285 385 461
person 0.020752298 252 390 292 448
person 0.020750694 538 -79 571 37
person 0.020745724 759 510 768 533
person 0.020738596 1195 729 1204 746
person 0.02073524 150 212 179 246
person 0.020723755 83 385 121 447
person 0.02070207 0 156 8 189
person 0.020688638 975 117 996 138
person 0.020635096 -5 792 16 954
person 0.020601548 393 569 422 596
person 0.02056723 1017 238 1042 268
person 0.020511433 62 309 97 362
person 0.020488655 867 136 889 162
person 0.020467432 967 420 1005 486
person 0.020437373 782 13 807 53
person 0.020437183 1252 957 1260 1010
person 0.020413164 183 486 254 615
person 0.02039835 1126 209 1160 248
person 0.020382889 956 739 966 775
person 0.020366956 1125 742 1136 777
person 0.020333022 1002 73 1022 93
person 0.02031966 638 480 649 501
person 0.020313518 311 171 342 203
person 0.020308118 838 76 870 111
person 0.020270927 1126 308 1168 367
person 0.020239018 762 523 774 557
person 0.020232853 738 850 764 927
person 0.020205658 92 45 134 133
person 0.020167978 831 905 857 989
person 0.020149324 69 614 98 647
person 0.020040013 45 592 64 626
person 0.020020813 1256 96 1264 112
person 0.02000268 1173 744 1182 771
person 0.019987253 1252 -179 1263 -109
person 0.01992721 855 532 865 556
person 0.019899832 311 552 410 745
person 0.01987363 627 101 649 122
person 0.019867297 955 745 964 763
person 0.019834602 -3 280 20 354
person 0.019825066 1251 305 1269 335
person 0.019780185 1215 137 1225 153
person 0.01971859 950 135 971 160
person 0.019659327 1174 180 1193 205
person 0.01956144 403 576 429 602
person 0.019546356 1256 166 1264 183
person 0.019481124 288 412 310 438
person 0.019463355 466 139 487 162
person 0.019453127 247 546 292 602
person 0.01941809 169 348 207 407
person 0.019412117 626 -1 664 98
person 0.019406613 1095 142 1116 167
person 0.019373808 1249 33 1262 79
person 0.019331243 989 74 1018 107
person 0.01932524 400 126 431 159
person 0.019318365 877 -271 892 -263
person 0.019312074 852 -272 870 -249
person 0.019307392 711 596 773 834
person 0.019274654 1028 74 1041 89
person 0.019259615 456 119 489 153
person 0.019206667 471 353 545 453
person 0.019195888 1065 142 1086 166
person 0.019195676 207 214 236 248
person 0.019190626 664 479 674 501
person 0.019185396 1078 852 1105 926
person 0.019170187 734 731 755 817
person 0.019168817 760 105 804 158
person 0.019163135 301 124 331 156
person 0.019119306 886 726 903 815
person 0.019107068 0 -162 10 -70
person 0.019101495 228 123 248 147
person 0.019099565 1105 124 1151 199
person 0.019099155 948 865 972 946
person 0.01909225 835 850 862 927
person 0.01907562 415 -257 450 -164
person 0.018972782 1020 116 1041 138
person 0.01895066 248 558 276 580
person 0.01894526 326 440 402 541
person 0.018939625 1119 -272 1137 -248
person 0.018935138 996 865 1020 946
person 0.018927885 181 174 199 197
person 0.018927686 978 91 992 105
person 0.018869113 751 384 844 561
person 0.018860703 1258 624 1264 659
person 0.01878514 782 905 808 989
person 0.018716237 1173 -165 1186 -108
person 0.018708706 305 -259 341 -166
person 0.018651506 1170 731 1181 748
person 0.018627994 652 115 675 141
person 0.018603466 460 330 555 518
person 0.018600652 732 11 759 54
person 0.018563593 682 526 694 542
person 0.018547371 792 -263 810 -203
person 0.018536342 1119 -271 1134 -263
person 0.018512094 1257 669 1264 706
person 0.018503398 781 524 794 558
person 0.01849162 899 865 923 946
person 0.01847684 1258 646 1264 681
person 0.018475493 1049 71 1069 92
person 0.018470367 985 880 1022 992
person 0.01846008 503 121 535 158
person 0.018459724 947 215 968 243
person 0.018418903 703 85 734 122
person 0.018411418 979 74 998 95
person 0.018405367 638 476 651 511
person 0.018388787 299 401 418 573
person 0.018380128 260 496 288 524
person 0.018341843 615 459 625 481
person 0.018303765 67 165 97 200
person 0.018299667 927 116 948 138
person 0.018274575 871 96 892 118
person 0.018267084 1162 331 1190 356
person 0.018212654 347 121 378 154
person 0.01816177 0 424 9 514
person 0.018102061 603 231 626 260
person 0.018083842 226 194 277 265
person 0.01806202 366 429 389 460
person 0.018050365 1206 607 1273 835
person 0.018026588 1162 216 1182 243
person 0.018024763 1096 235 1118 264
person 0.01799382 526 -92 577 65
person 0.01796542 665 476 676 515
person 0.01796123 723 -118 773 49
person 0.017952956 0 857 15 956
person 0.017952755 187 174 204 196
person 0.017939635 1045 865 1069 946
person 0.017921641 738 742 749 775
person 0.017906591 1239 407 1264 482
person 0.017827446 1005 76 1018 90
person 0.017746279 0 -238 6 -189
person 0.017720189 542 851 570 928
person 0.017719336 1190 868 1226 979
person 0.01768389 1196 745 1205 770
person 0.01767045 814 514 823 531
person 0.017670328 660 526 673 541
person 0.01766029 0 -262 6 -216
person 0.017641297 1118 190 1139 217
person 0.017637555 639 165 674 203
person 0.017630395 401 209 434 246
person 0.017616617 730 65 773 120
person 0.017603137 155 -115 179 -57
person 0.017558621 -5 423 10 458
person 0.0175358 103 814 148 955
person 0.017527169 833 115 857 137
person 0.017519593 277 452 302 476
person 0.017491592 734 904 760 989
person 0.017471774 236 114 264 149
person 0.017451894 91 581 112 610
person 0.01742107 54 381 116 512
person 0.017411262 981 739 990 776
person 0.0173648 -3 184 13 216
person 0.017357405 662 44 682 67
person 0.017331496 1033 72 1062 106
person 0.0173238 191 410 216 434
person 0.01731454 746 -264 764 -204
person 0.01727045 599 672 614 745
person 0.017219223 888 256 923 299
person 0.01716512 828 -272 847 -250
person 0.017155036 970 138 991 163
person 0.017152047 754 19 774 43
person 0.017134491 1256 71 1264 88
person 0.017102478 445 209 478 246
person 0.017101837 73 -180 95 -100
person 0.017099015 1256 926 1263 978
person 0.017086895 1171 102 1184 115
person 0.017086847 344 -97 395 41
person 0.01704412 392 743 415 798
person 0.017017936 855 100 876 123
person 0.01700568 0 806 10 904
person 0.016992062 1258 598 1264 635
person 0.016970627 98 625 122 657
person 0.016958779 719 2 757 102
person 0.016923163 1122 905 1148 989
person 0.016911425 771 112 794 136
person 0.01690357 857 110 898 163
person 0.0168812 1075 114 1089 127
person 0.016877107 1027 -266 1055 -202
person 0.016866045 1124 73 1142 94
person 0.016847441 214 432 244 457
person 0.016825885 0 951 10 1006
person 0.016824 145 -179 167 -118
person 0.016818464 165 575 259 750
person 0.016813686 185 353 206 384
person 0.01679529 234 -6 258 37
person 0.016771551 840 -264 859 -202
person 0.016758801 607 866 628 896
person 0.016726319 945 235 966 265
person 0.016704673 583 866 604 896
person 0.016652096 97 451 121 478
person 0.016623318 302 881 341 990
person 0.016622344 259 485 288 510
person 0.016620768 979 727 995 795
person 0.016609369 1019 140 1040 165
person 0.016586706 787 740 797 775
person 0.016584458 164 -265 182 -206
person 0.01657086 -6 301 11 333
person 0.01655969 341 213 374 250
person 0.016551275 199 904 225 989
person 0.016531456 1096 212 1118 240
person 0.01652379 1137 352 1176 416
person 0.01651544 685 904 711 989
person 0.016491564 632 866 652 896
person 0.01648087 559 866 579 896
person 0.016450044 762 81 805 134
person 0.01643681 1256 24 1263 42
person 0.016408611 1120 166 1140 192
person 0.01639924 931 740 942 774
person 0.016386408 851 865 874 947
person 0.016377933 693 469 702 508
person 0.016375076 489 -272 507 -248
person 0.016371328 1171 262 1194 311
person 0.016371014 907 739 919 775
person 0.016369386 514 -272 532 -248
person 0.016365416 586 -272 605 -248
person 0.016360236 246 -272 265 -248
person 0.016357774 465 -272 483 -248
person 0.016357457 343 -272 362 -248
person 0.016357206 319 -272 337 -248
person 0.016356943 271 -272 289 -248
person 0.016356852 368 -272 386 -248
person 0.01635676 295 -272 313 -248
person 0.016355954 392 -272 410 -248
person 0.016355516 562 -272 580 -248
person 0.016350662 416 -272 435 -248
person 0.016348561 538 -272 556 -248
person 0.016348025 931 744 940 764
person 0.016346168 1180 166 1192 189
person 0.016341968 222 -272 240 -248
person 0.016341193 441 -272 459 -248
person 0.016339025 1115 82 1150 136
person 0.01632666 1093 866 1117 947
person 0.016318398 611 -272 629 -248
person 0.016296836 535 866 555 896
person 0.016292043 54 904 80 990
person 0.016275667 699 212 753 281
person 0.01627234 65 521 83 555
person 0.016270904 755 164 777 187
person 0.016248748 953 97 967 111
person 0.016222121 750 325 866 472
person 0.01621564 151 904 177 989
person 0.016212864 851 -271 868 -263
person 0.016194247 882 -266 899 -202
person 0.01618448 1044 287 1070 313
person 0.016182778 925 139 947 164
person 0.016170487 198 -272 216 -248
person 0.016169356 578 45 599 71
person 0.016167352 510 866 531 896
person 0.016148675 883 740 894 776
person 0.01614697 249 57 277 95
person 0.01614101 123 -251 159 -157
person 0.016139027 637 904 662 989
person 0.016135536 1256 718 1263 758
person 0.016130676 377 -108 428 39
person 0.016112003 494 851 522 927
person 0.016107634 248 904 274 989
person 0.016105065 635 -272 653 -248
person 0.016102951 588 904 614 990
person 0.016102541 828 255 863 299
person 0.016088346 491 904 517 989
person 0.016078476 539 904 565 990
person 0.016068822 295 64 324 100
person 0.016066471 1254 863 1264 953
person 0.016048992 486 866 506 896
person 0.016040342 154 740 165 776
person 0.016039792 659 -272 677 -248
person 0.016031254 -1 -208 15 -112
person 0.016030915 442 904 468 989
person 0.01602444 995 189 1016 217
person 0.0160183 394 904 419 989
person 0.01601796 185 430 210 455
person 0.016009688 985 219 1029 274
person 0.015994972 1143 -272 1161 -250
person 0.015982952 194 -176 216 -118
person 0.01598077 1171 905 1196 989
person 0.015975574 683 522 695 552
person 0.01597469 778 516 789 532
person 0.015971497 635 210 671 248
person 0.01596444 904 94 925 115
person 0.015928987 684 210 720 250
person 0.015927648 231 400 259 429
person 0.01591586 656 866 676 896
person 0.015911087 297 904 322 989
person 0.015908072 206 449 246 473
person 0.015905548 345 904 371 989
person 0.01590034 1165 265 1189 294
person 0.015885983 251 569 276 593
person 0.01588558 1256 302 1264 338
person 0.015878215 462 866 482 896
person 0.015875483 692 -265 709 -206
person 0.015874611 922 793 945 855
person 0.015862823 445 851 474 927
person 0.01585329 459 168 479 193
person 0.015836427 995 805 1040 949
person 0.015829768 550 113 583 150
person 0.015810926 801 789 841 962
person 0.015777947 216 -257 252 -165
person 0.015774239 616 453 626 490
person 0.015731048 692 478 700 499
person 0.015706584 1191 147 1205 162
person 0.01568056 459 38 484 79
person 0.015672747 173 -272 192 -248
person 0.015667178 1045 141 1065 165
person 0.015664868 0 441 6 486
person 0.015660923 349 479 442 661
person 0.015652396 437 866 458 896
person 0.015650537 494 732 512 792
person 0.015648225 708 -167 740 -50
person 0.015621659 208 -113 232 -57
person 0.015613221 487 170 507 194
person 0.0156019 930 75 949 96
person 0.015569382 1076 71 1094 92
person 0.01556643 436 51 459 75
person 0.01555805 1160 342 1193 394
person 0.015532992 121 162 158 218
person 0.015523187 1019 214 1041 243
person 0.015516819 240 116 251 132
person 0.015511226 574 338 646 443
person 0.015491236 683 -272 702 -249
person 0.015469689 1098 76 1117 98
person 0.0154679315 413 866 433 896
person 0.015450085 351 549 439 741
person 0.015446496 263 320 297 363
person 0.015444638 1172 456 1189 489
person 0.01544292 1090 538 1179 752
person 0.01540894 705 -104 724 -74
person 0.015408267 1180 308 1205 333
person 0.015401916 898 237 919 266
person 0.015394673 1138 228 1234 374
person 0.015373307 762 741 773 775
person 0.01536439 754 -104 772 -74
person 0.015357486 811 740 822 775
person 0.015356802 287 273 319 312
person 0.0153267495 730 -104 748 -74
person 0.015323317 389 866 409 896
person 0.015312464 125 -260 139 -205
person 0.015308884 930 732 940 749
person 0.015307411 804 -272 823 -250
person 0.0152796125 1256 47 1263 65
person 0.015268783 681 -104 700 -74
person 0.015264095 1102 -254 1111 -212
person 0.015261644 835 740 846 775
person 0.015242357 900 794 942 960
person 0.015241728 1005 734 1014 751
person 0.015229652 292 866 312 896
person 0.015229064 365 865 385 896
person 0.015214763 563 573 579 607
person 0.015211132 978 189 999 217
person 0.015207656 340 865 361 896
person 0.015207305 316 865 336 896
person 0.015192966 724 16 743 40
person 0.015185414 755 548 768 581
person 0.015177641 79 -259 93 -203
person 0.015166768 0 488 6 537
person 0.015165664 267 866 288 896
person 0.015151584 442 142 464 165
person 0.015125562 680 865 701 896
person 0.015120393 700 189 722 214
person 0.015115317 1052 74 1065 88
person 0.015095871 1092 188 1113 216
person 0.015058583 1126 257 1161 299
person 0.015044769 462 60 484 84
person 0.015027411 397 851 425 927
person 0.015026051 -3 159 12 188
person 0.015010292 656 -104 676 -74
person 0.015008233 255 -113 279 -56
person 0.015006823 243 865 263 896
person 0.014979115 105 139 135 176
person 0.014975856 113 310 138 339
person 0.014949754 90 616 171 828
person 0.0149485115 952 74 971 95
person 0.014940306 0 -215 6 -165
person 0.014937623 924 186 945 214
person 0.014930673 615 496 626 525
person 0.014922196 1118 212 1139 239
person 0.014921005 842 19 868 61
person 0.014917361 1067 163 1088 190
person 0.014895619 304 527 333 553
person 0.014889206 149 -272 167 -249
person 0.01488845 1243 -272 1267 -200
person 0.01488301 923 163 944 190
person 0.014852154 807 19 825 42
person 0.014831258 708 -272 726 -249
person 0.014823777 929 92 944 105
person 0.014809606 0 758 10 856
person 0.01480907 632 -104 652 -74
person 0.014782962 -1 273 6 315
person 0.014782039 -4 13 14 42
person 0.014757538 779 -105 797 -74
person 0.01475218 1045 190 1066 218
person 0.014743304 1143 -271 1159 -263
person 0.014734262 -1 709 6 756
person 0.014698501 248 163 266 187
person 0.014694311 875 214 897 241
person 0.014670477 1021 162 1042 189
person 0.014647823 1191 867 1214 951
person 0.014624215 219 865 239 896
person 0.014623123 1256 700 1263 716
person 0.014607939 1224 16 1260 107
person 0.014607212 646 295 743 481
person 0.014606793 103 904 128 991
person 0.014605255 823 212 845 239
person 0.01459849 76 -272 95 -251
person 0.014594019 639 466 648 485
person 0.014588151 1064 187 1085 214
person 0.014581866 269 345 299 387
person 0.014543368 253 217 284 251
person 0.0145193795 0 733 6 781
person 0.014502707 1147 214 1168 241
person 0.014481392 980 -262 1014 -171
person 0.014476566 781 -272 799 -250
person 0.01447635 398 884 437 994
person 0.014460371 28 493 42 531
person 0.01443822 450 67 461 83
person 0.014434991 496 883 533 995
person 0.014414052 886 23 911 64
person 0.014408715 -4 -274 16 -192
person 0.014394252 1092 164 1113 191
person 0.014380754 978 733 987 750
person 0.014374018 994 212 1017 242
person 0.014360648 777 -114 829 59
person 0.014357408 1167 -272 1183 -263
person 0.0143532315 206 -267 224 -208
person 0.014342807 144 193 156 214
person 0.014335165 679 191 700 215
person 0.014325048 625 108 647 132
person 0.014318942 646 668 660 753
person 0.014302355 247 -175 263 -120
person 0.014291805 256 561 284 584
person 0.014290255 759 506 770 541
person 0.014289011 933 721 952 801
person 0.014284713 608 -104 627 -74
person 0.01427947 735 -104 767 19
person 0.014278095 1004 738 1014 776
person 0.014270298 1095 256 1117 286
person 0.01426675 -1 296 6 338
person 0.014264275 736 527 749 562
person 0.014263532 909 -255 919 -213
person 0.014261179 749 619 768 654
person 0.014253344 125 -272 143 -249
person 0.014241881 544 738 559 793
person 0.014214639 926 209 948 237
person 0.01419655 982 77 995 91
person 0.014187464 705 865 725 896
person 0.01417957 671 348 764 553
person 0.0141751105 955 733 963 749
person 0.014169933 0 593 8 733
person 0.014169315 348 851 376 927
person 0.014155242 1167 -272 1185 -251
person 0.014154803 -1 466 6 510
person 0.014154436 710 165 731 188
person 0.014152761 77 120 91 138
person 0.014149328 1020 187 1042 215
person 0.014127473 713 528 725 562
person 0.01412673 -4 139 12 166
person 0.014102691 1146 727 1157 759
person 0.014095087 1171 77 1199 111
person 0.014068361 937 251 1038 431
person 0.014064823 859 739 870 776
person 0.014064097 1026 -164 1056 -106
person 0.014049737 732 -272 750 -249
person 0.0140477745 756 -272 775 -249
person 0.014045774 784 552 797 585
person 0.014022488 616 479 627 505
person 0.013982363 977 -266 1004 -200
person 0.013937795 846 72 866 95
person 0.013934773 802 865 825 947
person 0.013929993 438 165 459 190
person 0.013929978 613 -17 670 126
person 0.013928689 495 443 521 500
person 0.01392681 580 69 604 94
person 0.0139197325 225 -1 285 118
person 0.013919648 485 213 519 252
person 0.013887972 1255 -232 1263 -187
person 0.013883128 828 -272 844 -263
person 0.01387634 15 371 39 422
person 0.01387058 871 116 883 129
person 0.013857872 883 261 927 318
person 0.013847886 932 -271 950 -198
person 0.013843336 195 865 215 896
person 0.013838279 0 181 8 219
person 0.013830264 391 -104 409 -73
person 0.013828236 781 170 828 224
person 0.013822197 14 323 23 367
person 0.013822145 183 181 200 208
person 0.013817654 983 -223 1006 -146
person 0.013815606 488 146 509 169
person 0.013805917 532 111 553 133
person 0.013796475 1018 449 1045 483
person 0.01379098 87 401 120 429
person 0.013787588 415 -104 434 -73
person 0.0137822535 991 621 1070 832
person 0.013779829 588 120 611 142
person 0.013776946 601 112 623 135
person 0.013768384 645 -266 662 -207
person 0.013748151 72 397 138 516
person 0.013742656 1147 770 1160 804
person 0.013711714 1001 119 1016 132
person 0.013708392 36 687 47 729
person 0.013692833 966 290 990 316
person 0.013687785 794 252 828 296
person 0.01368104 0 587 6 633
person 0.013663453 103 -92 129 -34
person 0.013634938 1255 741 1263 781
person 0.013619696 1125 746 1134 767
person 0.013596558 947 188 968 215
person 0.013591186 584 -104 603 -74
person 0.013575852 430 284 508 391
person 0.013567642 1071 282 1178 460
person 0.01354333 -6 279 11 310
person 0.01353975 438 630 464 659
person 0.01353146 0 -7 7 31
person 0.013526988 1256 679 1264 693
person 0.013526878 553 299 661 488
person 0.013522102 1210 521 1231 551
person 0.01352055 -4 -256 10 -222
person 0.013515704 593 883 630 996
person 0.013512851 1245 836 1266 918
person 0.013497089 971 162 992 189
person 0.0134929875 94 71 125 109
person 0.0134927025 541 8 560 37
person 0.013476729 1256 633 1265 647
person 0.013471513 1196 126 1209 140
person 0.013456084 50 116 67 136
person 0.013440325 729 865 749 896
person 0.013429738 254 -267 272 -208
person 0.01342454 382 602 408 627
person 0.013423827 -6 229 10 262
person 0.013419791 512 185 533 213
person 0.013400809 177 149 197 174
person 0.013390203 980 746 988 764
person 0.013384051 296 -175 312 -122
person 0.0133803105 352 68 382 103
person 0.013378025 783 732 804 819
person 0.01337771 300 851 327 928
person 0.013375439 1069 236 1093 264
person 0.0133724995 574 36 599 80
person 0.013372393 857 551 871 579
person 0.013341708 468 122 489 144
person 0.013322139 636 46 657 69
person 0.013320396 730 422 752 453
person 0.013319318 971 796 994 857
person 0.013318208 366 -104 385 -73
person 0.013286515 995 163 1016 190
person 0.013285159 308 462 330 489
person 0.013270701 675 423 695 456
person 0.013267894 933 -255 942 -213
person 0.013267093 1256 656 1265 669
person 0.013264965 408 261 528 449
person 0.013226331 1050 117 1064 130
person 0.013225435 439 -104 458 -73
person 0.0132173225 177 613 271 824
person 0.01321478 931 215 975 269
person 0.013213699 970 213 992 242
person 0.013210627 774 141 797 162
person 0.013192488 582 455 591 473
person 0.013186287 1071 350 1108 415
person 0.013170722 184 176 194 193
person 0.013163456 487 183 507 211
person 0.01315967 66 303 91 332
person 0.013154397 898 213 920 240
person 0.013128275 858 511 867 533
person 0.013113969 821 301 861 362
person 0.013107386 710 487 720 506
person 0.013105257 46 473 62 509
person 0.013095689 -1 682 6 733
person 0.013095098 689 741 703 776
person 0.013083851 653 190 675 214
person 0.013074654 -4 202 16 247
person 0.013068804 0 -190 6 -141
person 0.013068085 233 523 263 549
person 0.013062521 1255 -184 1263 -139
person 0.01304993 899 113 920 136
person 0.013043649 51 38 78 67
person 0.013035413 112 439 135 460
person 0.01303334 885 880 921 996
person 0.013031709 788 880 823 998
person 0.013027441 1208 164 1226 191
person 0.013018223 808 552 821 584
person 0.012992088 190 389 213 414
person 0.01298834 470 142 483 156
person 0.012986206 151 449 196 508
person 0.012978752 463 90 485 113
person 0.012954463 830 21 848 44
person 0.012950196 1202 578 1230 653
person 0.012938968 1124 -254 1161 -165
person 0.012937322 1246 874 1265 967
person 0.0129301995 227 362 251 394
person 0.012920285 543 338 564 368
person 0.012913409 1193 411 1203 426
person 0.012901859 251 851 279 928
person 0.01289914 309 209 361 279
person 0.012885115 551 353 574 381
person 0.012872658 560 -104 579 -74
person 0.01287173 202 743 216 777
person 0.012869398 387 794 410 849
person 0.012866509 472 238 551 336
person 0.01286459 536 600 558 635
person 0.012838989 945 163 967 190
person 0.012834493 0 9 9 45
person 0.0128342025 1043 212 1065 239
person 0.0128332125 683 792 699 853
person 0.012830668 206 813 254 947
person 0.012825699 1255 -208 1263 -163
person 0.012824546 753 865 774 896
person 0.01282332 1256 522 1264 560
person 0.012821636 1042 165 1064 193
person 0.012809776 1255 764 1263 805
person 0.0128072975 0 141 7 159
person 0.012804279 904 554 918 578
person 0.012799191 968 261 991 290
person 0.012797011 300 735 316 792
person 0.01278222 837 112 881 165
person 0.012777117 1234 631 1245 729
person 0.012775344 303 -267 320 -208
person 0.012773895 515 169 536 193
person 0.012765292 726 251 761 293
person 0.012764624 1166 -263 1192 -194
person 0.012763093 522 -21 578 115
person 0.0127482675 872 788 897 867
person 0.012747061 849 134 872 161
person 0.012735754 100 470 126 498
person 0.012725458 802 139 825 163
person 0.012712566 993 478 1059 612
person 0.012707713 820 134 842 159
person 0.012707337 595 -267 612 -208
person 0.012703275 141 542 168 570
person 0.012699633 1100 741 1111 776
person 0.012684177 1227 -172 1274 -36
person 0.012672571 1044 302 1068 326
person 0.012666619 114 456 137 480
person 0.012640597 757 48 778 71
person 0.012627499 1250 356 1268 386
person 0.012623874 1256 190 1264 207
person 0.012617117 1215 130 1227 144
person 0.0126109235 427 228 504 326
person 0.012610477 706 -15 763 132
person 0.012573885 567 43 588 69
person 0.012570914 360 514 429 629
person 0.012570157 726 787 750 866
person 0.0125529505 1079 75 1091 89
person 0.0125378 778 865 798 896
person 0.01253342 1080 813 1129 945
person 0.012525349 755 145 778 167
person 0.012505695 854 21 872 44
person 0.012490377 1251 331 1269 361
person 0.012490095 -4 -231 10 -198
person 0.0124900285 522 491 537 550
person 0.012480129 615 102 638 122
person 0.012470389 1172 771 1185 802
person 0.012466971 1255 -135 1263 -90
person 0.012461466 1068 213 1090 240
person 0.0124259675 444 88 456 105
person 0.012419334 582 449 591 483
person 0.012418228 1244 790 1266 865
person 0.012414978 690 881 726 999
person 0.01239918 1255 -159 1263 -114
person 0.012389513 803 -105 821 -75
person 0.01238 170 865 190 896
person 0.012370483 603 217 625 244
person 0.012370274 558 57 588 97
person 0.01236897 464 651 489 680
person 0.012363669 -5 -2 12 26
person 0.01235157 571 545 585 580
person 0.01234355 804 -272 820 -263
person 0.012339703 753 185 776 209
person 0.012333086 581 219 634 290
person 0.012327581 105 847 158 1009
person 0.012322234 85 375 116 423
person 0.012319113 346 -175 361 -124
person 0.012318352 1116 236 1138 264
person 0.012317876 204 263 236 298
person 0.012313144 831 731 852 817
person 0.012306767 1180 148 1192 163
person 0.012305608 802 864 822 896
person 0.012297628 948 257 971 287
person 0.012283095 1040 452 1061 485
person 0.012274887 100 -272 119 -250
person 0.012271911 546 -267 563 -208
person 0.0122712 683 680 696 784
person 0.012270733 535 -104 554 -74
person 0.012270461 0 780 6 829
person 0.012255703 969 331 994 353
person 0.01223886 110 847 134 927
person 0.012232699 461 185 481 212
person 0.012226046 0 756 6 805
person 0.012217296 726 135 749 158
person 0.0122166285 0 -67 6 -21
person 0.012216612 1127 77 1138 91
person 0.012213264 1140 412 1170 483
person 0.0122105945 1256 352 1263 389
person 0.01219967 352 -267 368 -208
person 0.012177109 186 602 212 627
person 0.012159856 497 -267 514 -208
person 0.012154731 1255 -111 1263 -65
person 0.012154319 415 166 435 191
person 0.012146844 898 164 920 191
person 0.01214336 804 189 827 214
person 0.012141038 198 471 263 500
person 0.012130879 586 796 603 851
person 0.012117252 826 864 846 896
person 0.0120962765 131 740 142 775
person 0.012087755 342 -104 360 -73
person 0.012087156 625 89 656 127
person 0.012057607 662 523 675 552
person 0.0120473355 288 542 331 574
person 0.012029885 430 -1 488 131
person 0.0120291095 1143 166 1164 190
person 0.012019644 115 273 152 331
person 0.012013553 679 210 702 237
person 0.011974969 5 411 33 488
person 0.011956416 881 537 894 559
person 0.011954782 580 235 604 263
person 0.011947181 815 502 824 539
person 0.011946794 113 189 123 206
person 0.011940705 449 -267 466 -208
person 0.011934529 711 477 722 516
person 0.011931111 1007 0 1045 88
person 0.011930334 1001 278 1029 308
person 0.011928547 395 -175 409 -124
person 0.011909213 1253 -134 1263 -61
person 0.01190794 872 162 894 188
person 0.01189844 400 -267 417 -208
person 0.011890822 0 513 7 560
person 0.011876337 700 211 722 237
person 0.011871554 73 -44 98 3
person 0.011870754 898 143 919 168
person 0.011868645 1168 -220 1191 -147
person 0.011866667 753 865 776 948
person 0.01185058 1001 234 1024 265
person 0.011846381 640 500 652 532
person 0.01182574 1149 70 1167 92
person 0.011822241 463 -104 482 -73
person 0.01181847 534 162 555 186
person 0.011810165 1153 412 1165 429
person 0.011802076 69 346 107 411
person 0.0117914425 409 618 440 647
person 0.011782967 851 864 871 896
person 0.011778365 511 -104 530 -74
person 0.01177817 1155 349 1196 375
person 0.01177766 610 600 678 832
person 0.0117711965 0 -166 6 -117
person 0.011764109 127 353 153 379
person 0.011763028 1142 98 1178 153
person 0.011751753 545 208 579 246
person 0.011750104 196 546 228 575
person 0.011737668 592 479 604 512
person 0.011733824 1062 832 1142 1010
person 0.011732679 209 490 258 546
person 0.01172414 931 350 974 414
person 0.011703573 138 525 168 555
person 0.01169324 0 548 9 681
person 0.011688232 0 805 6 854
person 0.011674162 1102 81 1114 94
person 0.011669526 978 118 992 132
person 0.011669228 606 800 647 959
person 0.011664506 182 828 266 1015
person 0.011660058 178 741 192 777
person 0.011657669 0 925 6 979
person 0.011653911 71 864 93 949
person 0.011652917 99 425 126 450
person 0.011652874 585 215 607 242
person 0.011646664 305 543 340 570
person 0.011638675 461 21 483 46
person 0.011637298 239 603 258 617
person 0.011633877 1256 498 1264 538
person 0.011629454 393 466 425 510
person 0.01162821 80 30 143 151
person 0.011626319 1146 141 1160 156
person 0.01162204 821 188 844 214
person 0.011616815 1116 260 1138 289
person 0.0116154635 1126 813 1144 861
person 0.011594066 1257 572 1264 610
person 0.011591214 833 531 843 555
person 0.0115882205 823 787 848 866
person 0.011588107 54 881 73 915
person 0.011576327 754 446 778 479
person 0.011555345 126 -231 141 -165
person 0.011548936 787 -232 802 -171
person 0.011539414 120 209 130 226
person 0.011539175 216 597 246 624
person 0.0115355635 538 729 562 805
person 0.011525232 680 240 702 267
person 0.011524932 -1 539 6 584
person 0.0115210675 532 188 552 216
person 0.011520007 1202 534 1231 610
person 0.011517467 1144 191 1164 217
person 0.0115004545 1142 866 1165 949
person 0.011494066 884 -255 895 -213
person 0.01148639 1171 746 1187 776
person 0.011482752 957 -255 966 -213
person 0.011463268 951 116 966 129
person 0.011462441 398 71 428 106
person 0.011457331 357 584 383 606
person 0.011456769 875 864 895 896
person 0.011447118 559 111 582 132
person 0.011444764 1144 234 1166 262
person 0.011441885 1078 -255 1087 -213
person 0.011437398 1025 332 1041 346
person 0.011428931 887 298 921 344
person 0.011418964 968 236 991 266
person 0.011409037 211 93 278 197
person 0.011408084 368 549 396 575
person 0.011405116 874 188 896 214
person 0.0113851065 849 273 961 449
person 0.011378852 1154 381 1196 397
person 0.011374636 703 423 731 454
person 0.011357265 165 135 194 171
person 0.01134822 703 102 772 207
person 0.011340567 774 787 799 866
person 0.011339759 1189 567 1225 597
person 0.011338663 487 -104 506 -73
person 0.011333548 1019 348 1056 416
person 0.011330856 76 -272 92 -263
person 0.011315275 879 418 954 523
person 0.011314831 1075 78 1110 133
person 0.011309344 786 23 796 39
person 0.0113023715 82 567 103 601
person 0.011297007 1257 905 1264 954
person 0.011291939 60 740 71 774
person 0.01129099 587 186 609 214
person 0.011281377 780 -272 797 -263
person 0.011272337 927 -170 952 -103
person 0.011268188 20 20 112 179
person 0.011264215 635 796 651 851
person 0.01126421 726 164 749 185
person 0.011262839 -6 36 14 64
person 0.0112587465 1023 19 1042 43
person 0.01124787 134 514 169 576
person 0.011237359 96 463 163 595
person 0.011232362 485 794 508 851
person 0.011225089 1256 327 1264 364
person 0.011218353 433 673 460 701
person 0.011214038 492 66 522 105
person 0.0112121515 824 71 846 93
person 0.011202607 203 850 230 928
person 0.011196826 -1 398 6 440
person 0.011192967 385 483 409 510
person 0.011177183 443 122 465 145
person 0.011171819 975 18 993 41
person 0.01116998 222 623 250 648
person 0.0111527825 191 176 201 191
person 0.011151031 1250 604 1271 627
person 0.011149043 740 -233 754 -175
person 0.011133332 713 19 723 36
person 0.011131388 416 145 436 168
person 0.011124951 261 264 293 300
person 0.01111772 825 92 848 114
person 0.011117196 333 560 360 582
person 0.011113421 872 234 894 263
person 0.011109722 800 165 822 189
person 0.011102144 599 546 675 760
person 0.011099176 241 -181 266 -106
person 0.011097355 1124 732 1134 750
person 0.011077499 999 19 1017 42
person 0.011069508 1126 -253 1136 -212
person 0.011068668 938 22 963 64
person 0.011053865 1215 483 1228 559
person 0.0110276975 1251 629 1271 651
person 0.011024363 -1 224 5 268
person 0.011022165 897 188 919 214
person 0.01101383 443 -175 458 -122
person 0.011013082 1072 728 1080 750
person 0.01100557 1007 722 1016 765
person 0.0110029755 1192 96 1211 118
person 0.010995661 506 262 530 291
person 0.010971331 705 864 728 948
person 0.010967669 1256 608 1265 622
person 0.010963858 656 864 679 949
person 0.010960523 1244 -184 1265 -102
person 0.010954332 -1 429 6 448
person 0.010943845 1179 278 1207 307
person 0.0109289335 949 285 972 313
person 0.010925038 406 792 458 911
person 0.010921086 225 743 240 777
person 0.010919241 162 449 189 474
person 0.010901469 795 112 863 216
person 0.010894644 660 639 677 674
person 0.010891482 899 863 920 895
person 0.010890949 827 -104 846 -78
person 0.010876581 586 -271 602 -263
person 0.0108753815 -5 594 10 626
person 0.01087334 322 742 337 777
person 0.010872318 489 -271 505 -263
person 0.010869893 513 -271 529 -263
person 0.0108653875 561 -271 578 -263
person 0.010862499 901 259 924 289
person 0.010861965 464 -271 481 -263
person 0.010859922 537 -271 553 -263
person 0.010859855 246 -271 262 -263
person 0.01085691 343 -271 359 -263
person 0.010856832 221 -271 238 -263
person 0.0108567355 319 -271 335 -263
person 0.010856669 367 -271 383 -263
person 0.010856659 270 -271 286 -263
person 0.010856515 294 -271 311 -263
person 0.0108560035 391 -271 408 -263
person 0.010853152 416 -271 432 -263
person 0.010850158 440 -271 456 -263
person 0.010848889 0 854 7 901
person 0.010845896 610 -271 626 -263
person 0.010839227 751 430 775 461
person 0.010836179 429 95 494 200
person 0.010832143 307 -115 331 -56
person 0.010821939 511 214 532 243
person 0.010817795 0 -93 6 -45
person 0.010813546 921 237 943 264
person 0.01080147 114 477 141 504
person 0.01077141 955 78 968 92
person 0.010768651 0 829 7 878
person 0.010766335 197 -271 213 -263
person 0.01075811 1047 21 1066 44
person 0.010757858 634 -271 651 -263
person 0.010746313 533 209 555 238
person 0.010741742 659 -271 675 -263
person 0.010737001 681 164 703 188
person 0.0107261725 852 212 873 239
person 0.010725328 53 858 71 893
person 0.010707968 484 212 505 241
person 0.01070415 607 864 630 949
person 0.010699949 1045 263 1071 291
person 0.010691866 337 437 359 465
person 0.010670391 555 375 580 405
person 0.010667487 508 241 530 269
person 0.0106670745 519 123 539 144
person 0.010663623 1173 308 1192 323
person 0.01065988 1113 38 1153 122
person 0.010658659 920 261 942 290
person 0.010658301 702 791 741 963
person 0.010649028 198 568 228 598
person 0.0106446035 1009 272 1037 303
person 0.010634289 822 163 844 187
person 0.010615652 0 612 6 659
person 0.010613428 275 826 362 1010
person 0.010607467 517 621 538 656
person 0.010594849 348 35 375 75
person 0.010593848 691 -233 706 -176
person 0.010579309 436 793 459 850
person 0.010575168 237 427 264 451
person 0.010570224 756 -272 772 -263
person 0.010566819 793 -40 870 166
person 0.010563464 981 -256 991 -213
person 0.010561669 237 15 267 60
person 0.010557494 303 788 358 908
person 0.010556753 1133 -235 1150 -159
person 0.010555264 848 -82 871 -69
person 0.010544806 683 -271 699 -263
person 0.010530427 924 863 944 895
person 0.010526081 -12 82 72 253
person 0.010504613 173 -271 189 -263
person 0.010494007 534 137 556 160
person 0.010489853 152 264 183 302
person 0.010488858 697 79 739 134
person 0.010488121 558 163 580 188
person 0.010484757 414 212 434 241
person 0.01048159 837 511 847 529
person 0.010476593 163 -96 189 -41
person 0.01047087 471 125 485 139
person 0.010464484 578 254 602 281
person 0.010462064 0 -142 6 -93
person 0.010460138 1174 860 1232 1001
person 0.010457681 1239 167 1270 229
person 0.010456522 657 161 680 185
person 0.010450085 65 283 86 311
person 0.010433604 849 189 871 215
person 0.010428781 1023 119 1038 132
person 0.010420561 603 349 629 381
person 0.01041941 1169 -172 1190 -98
person 0.010417999 26 932 44 970
person 0.010415001 409 557 435 582
person 0.010414407 586 883 607 915
person 0.010409469 436 27 458 50
person 0.010407499 104 431 121 446
person 0.01040525 753 213 775 239
person 0.010405044 1255 788 1263 830
person 0.01040471 610 883 632 915
person 0.01040141 640 455 651 493
person 0.01039666 776 -190 804 -64
person 0.010394223 0 -39 6 5
person 0.010391526 781 595 797 630
person 0.010388074 728 188 750 211
person 0.010386216 779 212 801 238
person 0.010384952 1067 260 1091 287
person 0.010364254 9 329 28 362
person 0.0103576435 -4 861 11 893
person 0.010342976 562 883 583 915
person 0.010339309 707 -271 724 -263
person 0.010331141 581 91 605 114
person 0.010319544 920 -5 957 90
person 0.010318927 439 187 460 214
person 0.010302149 615 501 624 520
person 0.010302036 1247 755 1266 807
person 0.010300913 537 883 559 915
person 0.01029259 732 842 749 875
person 0.010290797 877 842 895 874
person 0.010289398 253 734 268 795
person 0.010269601 513 883 535 915
person 0.010267832 634 883 656 915
person 0.0102655785 1193 745 1210 776
person 0.010264658 347 742 361 777
person 0.010261485 1255 726 1262 745
person 0.010255115 757 769 772 805
person 0.010248321 708 843 725 875
person 0.010244965 457 210 478 239
person 0.010239479 489 883 510 915
person 0.010237812 -12 209 82 372
person 0.010234359 441 211 462 240
person 0.010230002 853 842 870 874
person 0.010214983 1167 750 1187 812
person 0.010210057 464 883 486 915
person 0.01020865 381 347 497 548
person 0.01020598 413 187 433 214
person 0.010190915 1256 882 1264 927
person 0.010188429 731 -272 748 -263
person 0.010185501 1189 209 1209 237
person 0.010184448 404 640 439 675
person 0.010180608 948 863 968 895
person 0.01017492 829 842 846 874
person 0.010174021 466 467 490 510
person 0.010159204 14 375 24 415
person 0.010158567 551 331 575 360
person 0.010151621 756 842 773 875
person 0.01014947 805 842 822 875
person 0.010133387 440 883 462 915
person 0.010131742 32 566 47 602
person 0.010118283 325 -4 385 121
person 0.010116234 1081 -80 1115 15
person 0.01011399 659 882 680 915
person 0.010105897 781 842 798 875
person 0.0101052765 653 211 676 237
person 0.010089524 1171 291 1192 343
person 0.010088958 559 865 582 949
person 0.010084378 386 165 406 191
person 0.010082679 2 349 12 391
person 0.010077963 173 843 191 875
person 0.010077768 902 21 920 43
person 0.010077416 1243 446 1265 529
person 0.01007519 745 85 769 109
person 0.01007227 558 187 579 215
person 0.010071652 416 882 437 915
person 0.010063749 198 843 215 875
person 0.01005616 146 864 166 896
person 0.010051235 25 548 40 585
person 0.010048166 545 582 562 613
person 0.010041471 358 -114 381 -56
person 0.010030617 149 -271 165 -263
person 0.01002905 726 213 748 239
person 0.010023763 492 -176 506 -122
person 0.010022489 492 742 504 780
person 0.010019246 441 733 466 792
person 0.010014748 465 509 485 535
person 0.01001298 79 -225 93 -158
person 0.010010291 0 -117 7 -69
person 0.010006601 290 -182 315 -107
person 0.010004886 516 138 537 160
person 0.010004797 392 882 413 915
person 0.010003455 155 849 181 928
