person 0.79683733 670 281 708 331
person 0.7593695 834 257 864 297
person 0.75350505 950 224 975 261
person 0.74811643 806 223 832 260
person 0.7373728 1038 161 1055 186
person 0.7321973 542 258 574 296
person 0.713494 617 223 646 259
person 0.7102881 953 152 970 177
person 0.7077309 895 274 924 314
person 0.7030611 277 227 302 259
person 0.70187855 996 164 1014 188
person 0.7013739 827 157 844 182
person 0.69793725 372 224 397 257
person 0.69393486 909 175 929 202
person 0.68895644 726 297 767 349
person 0.68518275 863 154 881 180
person 0.6738091 442 163 459 187
person 0.670772 1011 171 1030 198
person 0.66684794 993 200 1016 235
person 0.6661711 246 217 265 243
person 0.6588273 699 202 726 235
person 0.653217 761 232 790 268
person 0.6511401 459 212 485 243
person 0.64512676 699 130 717 152
person 0.64434326 668 159 687 184
person 0.6420768 506 214 533 246
person 0.6409017 585 165 603 188
person 0.6365864 638 176 659 204
person 0.6267221 781 172 800 198
person 0.6092026 646 137 664 159
person 0.60725 787 130 802 153
person 0.5949342 601 171 620 197
person 0.5898344 1024 210 1048 245
person 0.58978945 917 147 935 171
person 0.5873441 805 135 820 158
person 0.5861782 309 203 328 228
person 0.58409375 1110 181 1128 206
person 0.5818195 707 235 737 271
person 0.5814348 696 156 715 180
person 0.5786718 730 137 747 158
person 0.57850415 791 195 817 229
person 0.5698078 954 187 973 214
person 0.5645001 740 154 758 177
person 0.564084 807 343 847 396
person 0.55742276 509 167 526 189
person 0.5420607 789 147 806 170
person 0.5378224 536 170 554 193
person 0.5282476 596 276 629 314
person 0.52345467 120 335 162 387
person 0.52065957 873 150 891 175
person 0.5140826 467 169 485 193
person 0.5023848 1064 286 1091 324
person 0.4884504 393 189 411 212
person 0.48717138 630 159 647 182
person 0.4756972 999 250 1027 287
person 0.45582843 767 151 784 174
person 0.45426795 939 377 978 430
person 0.45015395 1101 193 1119 218
person 0.4420969 739 182 759 210
person 0.4419631 820 191 839 218
person 0.441567 1051 201 1070 227
person 0.44036397 306 241 333 273
person 0.43176743 534 155 554 179
person 0.4187765 568 210 597 242
person 0.40906134 613 153 633 177
person 0.39955163 397 213 415 240
person 0.39273986 899 165 917 189
person 0.3913849 427 222 446 248
person 0.3858165 486 204 506 229
person 0.37341937 664 150 681 174
person 0.3720315 396 200 415 227
person 0.36284006 980 290 1017 341
person 0.3464091 885 184 904 210
person 0.33580005 963 171 982 196
person 0.32771465 585 197 607 224
person 0.32579738 743 195 772 230
person 0.30704272 460 194 479 219
person 0.27356553 555 163 573 184
person 0.27265596 1055 188 1073 212
person 0.26894882 739 138 758 159
person 0.2600814 1094 257 1120 292
person 0.25338227 461 164 488 195
person 0.24880825 1041 207 1065 235
person 0.24321331 757 224 781 252
person 0.23583719 888 267 931 332
person 0.22739789 1008 166 1026 190
person 0.21669292 818 148 837 173
person 0.21297789 106 330 172 407
person 0.2125957 1095 208 1122 244
person 0.21176925 454 178 475 203
person 0.21000822 961 163 982 187
person 0.20882092 587 169 608 195
person 0.20684323 752 215 772 242
person 0.20548552 511 206 533 232
person 0.20172518 303 198 322 223
person 0.20056671 671 141 691 163
person 0.19051547 842 252 871 289
person 0.18974565 962 196 983 224
person 0.18968819 996 172 1018 200
person 0.18459265 1100 220 1119 245
person 0.17661417 547 146 564 165
person 0.16699536 535 154 553 168
person 0.16525437 443 165 453 185
person 0.1628838 725 137 749 167
person 0.16187204 435 165 459 195
person 0.16105086 538 201 560 227
person 0.15984656 783 134 807 165
person 0.15596162 621 235 656 272
person 0.1556815 233 219 251 241
person 0.15473972 645 139 656 158
person 0.15370443 374 234 402 266
person 0.1527694 776 146 793 165
person 0.14652947 789 132 800 146
person 0.1462446 100 388 144 442
person 0.1452525 699 182 720 208
person 0.14419165 724 161 744 183
person 0.14321263 872 193 899 227
person 0.13696407 801 134 823 166
person 0.13676116 1089 196 1108 220
person 0.13580403 1040 181 1060 207
person 0.13514318 632 208 653 233
person 0.13406788 718 290 779 364
person 0.12963691 89 376 160 464
person 0.12915657 237 -71 271 17
person 0.12912613 1064 274 1105 344
person 0.12589163 699 125 716 143
person 0.12517552 799 332 858 406
person 0.11836819 807 137 817 151
person 0.11618908 1006 243 1028 271
person 0.11291122 310 226 331 252
person 0.11157917 287 236 309 264
person 0.110189274 1044 245 1074 282
person 0.10965526 853 174 874 200
person 0.10947353 806 356 856 420
person 0.10942931 730 314 768 367
person 0.10927124 104 -72 137 17
person 0.10888096 766 202 790 229
person 0.108698316 915 213 944 250
person 0.10694407 427 201 448 226
person 0.106646046 715 222 738 249
person 0.10596756 865 281 896 318
person 0.1054716 534 249 581 310
person 0.10521056 864 145 881 166
person 0.10440487 702 132 714 146
person 0.102767445 559 172 580 195
person 0.10225113 732 138 744 152
person 0.1019973 761 325 801 375
person 0.101005115 742 139 756 152
person 0.100973405 1164 202 1171 232
person 0.10031741 928 364 989 441
person 0.099690124 67 -49 95 12
person 0.09930423 649 138 661 151
person 0.09929563 1160 343 1171 396
person 0.09917151 513 257 546 292
person 0.09869952 589 271 639 329
person 0.098200634 454 206 490 251
person 0.09540945 772 176 794 203
person 0.09508364 340 218 361 243
person 0.09491393 406 239 437 273
person 0.09466552 75 351 174 504
person 0.09415749 982 318 1021 369
person 0.09352316 1090 218 1108 241
person 0.093517356 1 408 62 499
person 0.09311791 671 180 692 206
person 0.092428096 807 596 872 693
person 0.091592364 461 245 493 280
person 0.09050401 724 177 747 202
person 0.08565999 501 -79 535 23
person 0.08548733 829 245 875 309
person 0.08516882 1160 204 1175 230
person 0.085138425 115 338 149 376
person 0.08461784 1164 179 1171 208
person 0.08320621 1021 203 1040 229
person 0.08245856 673 205 695 231
person 0.08189442 558 163 570 176
person 0.08143566 546 284 582 320
person 0.0812053 958 193 969 214
person 0.08094625 307 -75 342 16
person 0.07917532 1088 187 1107 210
person 0.0790074 548 148 561 161
person 0.078506984 401 190 414 209
person 0.07811105 825 285 861 326
person 0.0776567 1161 378 1171 442
person 0.07644578 609 200 632 226
person 0.07609694 770 154 781 167
person 0.07596602 694 264 720 289
person 0.075692974 959 293 992 331
person 0.075610496 607 145 625 165
person 0.07556302 718 223 764 288
person 0.07525663 838 253 861 280
person 0.07519364 594 143 611 163
person 0.07507092 696 214 720 243
person 0.07498027 848 367 888 417
person 0.074877456 344 208 364 232
person 0.07385776 1158 203 1172 248
person 0.073310785 401 216 412 237
person 0.073046125 572 142 589 161
person 0.07272763 782 228 805 256
person 0.07207549 738 202 777 250
person 0.071223736 641 178 653 200
person 0.07092381 656 273 721 345
person 0.07081605 950 344 984 383
person 0.070711836 1156 242 1169 291
person 0.0705328 700 479 770 576
person 0.07051889 704 239 728 268
person 0.070512325 1093 446 1136 521
person 0.07027422 855 198 876 223
person 0.06989429 958 226 979 254
person 0.06972446 1117 183 1134 207
person 0.06971402 1164 219 1171 249
person 0.06955148 998 262 1019 288
person 0.069486275 632 169 668 215
person 0.06936936 629 324 672 373
person 0.06896108 792 152 802 165
person 0.06773671 472 165 484 184
person 0.06729445 615 155 631 168
person 0.06728786 743 156 755 170
person 0.066296235 992 213 1013 241
person 0.066236265 732 175 766 222
person 0.06454908 789 124 805 143
person 0.06422288 1054 227 1075 252
person 0.06374081 625 287 669 335
person 0.063722335 540 219 563 244
person 0.063356765 921 203 941 228
person 0.062767856 778 147 790 160
person 0.06267772 685 218 732 283
person 0.06254016 716 205 739 231
person 0.061951473 1160 181 1175 206
person 0.06188547 899 506 969 594
person 0.061857767 648 202 670 227
person 0.061809532 824 194 836 215
person 0.061547782 743 180 756 203
person 0.061247226 226 249 257 280
person 0.06118813 970 282 1027 363
person 0.06074567 601 271 626 296
person 0.060669743 330 568 349 595
person 0.06029543 896 201 916 226
person 0.060161572 848 347 890 397
person 0.0600641 763 -77 798 10
person 0.05931958 88 305 193 437
person 0.059111543 796 576 878 744
person 0.059107117 40 248 68 280
person 0.059069794 1153 347 1174 388
person 0.05883285 1156 286 1168 338
person 0.05850286 512 166 524 183
person 0.058011618 1120 199 1139 224
person 0.057619277 632 160 644 174
person 0.057188172 360 202 381 226
person 0.056868866 1159 221 1175 247
person 0.056697775 989 238 1033 304
person 0.05664154 738 273 762 296
person 0.05619405 1050 330 1079 367
person 0.056075554 -1 -20 9 49
person 0.056008756 702 128 713 139
person 0.05600437 1052 242 1074 267
person 0.055927906 833 221 856 248
person 0.05576524 798 201 810 224
person 0.05563685 445 165 457 179
person 0.055634793 400 198 411 221
person 0.05533281 699 155 711 173
person 0.055290002 356 -75 388 26
person 0.054998286 -5 -247 10 -220
person 0.05492818 397 194 409 214
person 0.05479936 1037 617 1076 700
person 0.05472188 187 226 213 254
person 0.054628816 836 144 853 166
person 0.05438741 1149 247 1172 287
person 0.054018293 912 143 929 165
person 0.05340575 530 -74 564 23
person 0.05340017 757 294 793 335
person 0.0531689 22 324 66 394
person 0.053096995 441 172 453 192
person 0.052973114 650 229 672 254
person 0.05259863 314 245 325 269
person 0.05233651 1159 -245 1171 -192
person 0.05207252 997 368 1044 435
person 0.051997393 403 245 423 270
person 0.051881388 471 174 481 187
person 0.051801004 555 245 581 272
person 0.05162281 593 162 629 208
person 0.051434577 187 231 204 250
person 0.051404223 0 295 27 336
person 0.05125658 666 153 678 168
person 0.05122611 921 151 931 166
person 0.05109005 19 425 51 487
person 0.05097161 948 176 981 222
person 0.050888214 529 145 545 164
person 0.05050229 909 378 952 430
person 0.05022793 419 212 456 259
person 0.049885057 1092 422 1137 495
person 0.049527526 1003 161 1035 210
person 0.049082726 552 263 576 291
person 0.049081802 954 145 970 166
person 0.04896918 743 193 755 214
person 0.048734445 903 166 936 214
person 0.048578214 504 145 521 164
person 0.048510373 229 209 247 229
person 0.048330672 649 249 673 275
person 0.04831449 -1 -250 7 -219
person 0.048285052 1081 775 1112 871
person 0.048148002 588 165 600 181
person 0.047928672 674 38 698 75
person 0.047585152 504 286 539 322
person 0.04758251 876 154 888 167
person 0.047538545 196 230 213 250
person 0.047490325 1160 509 1170 586
person 0.0474328 -4 -236 21 -135
person 0.04740145 277 286 310 321
person 0.047085457 702 578 768 695
person 0.047048878 -4 -246 9 -239
person 0.0468925 105 417 209 589
person 0.046635646 687 459 781 614
person 0.046547413 126 334 154 358
person 0.046520576 1113 183 1125 197
person 0.046431433 597 448 685 615
person 0.046292942 225 178 243 199
person 0.046163503 111 -44 135 6
person 0.046092257 237 209 273 256
person 0.04554819 670 225 693 249
person 0.045491073 122 376 167 428
person 0.04508417 301 194 336 241
person 0.045010492 379 228 392 251
person 0.044975936 1147 -225 1178 -141
person 0.044975802 517 447 602 626
person 0.044919357 907 329 951 378
person 0.044815 961 237 982 266
person 0.044762935 865 139 890 171
person 0.044742737 659 149 694 196
person 0.044646088 679 121 696 141
person 0.044572957 675 290 701 316
person 0.04455364 614 237 638 265
person 0.04452193 1099 251 1120 277
person 0.044517085 334 248 356 273
person 0.044287115 662 122 679 142
person 0.04422228 1104 198 1116 212
person 0.044151526 2 290 18 343
person 0.04342645 675 327 716 378
person 0.043198343 917 292 940 316
person 0.043091785 307 199 318 218
person 0.043008216 917 176 931 198
person 0.04287426 -16 470 33 591
person 0.042550888 243 243 265 268
person 0.042400207 438 568 511 750
person 0.04239179 688 -78 723 12
person 0.042360604 457 433 551 613
person 0.042331483 1017 595 1078 691
person 0.042268652 312 267 335 291
person 0.042081703 773 164 807 212
person 0.041977603 809 365 842 408
person 0.041942373 363 180 382 199
person 0.04184284 151 244 180 272
person 0.041810066 539 175 550 188
person 0.04161145 542 252 566 278
person 0.041581087 396 192 408 205
person 0.041485667 -11 386 84 520
person 0.04139553 517 248 539 272
person 0.04133699 1150 380 1175 445
person 0.041179877 588 326 634 375
person 0.041016567 271 228 310 275
person 0.040171444 1086 266 1108 292
person 0.04007281 869 293 891 316
person 0.04005868 105 405 146 459
person 0.039894372 486 200 498 222
person 0.039862286 775 372 814 424
person 0.03939851 275 273 324 335
person 0.03936784 896 226 919 251
person 0.039217345 629 292 654 314
person 0.03909158 410 309 460 370
person 0.039085545 815 175 848 222
person 0.039055556 1063 697 1072 716
person 0.03896192 1147 292 1170 332
person 0.038862117 467 217 480 239
person 0.038785674 603 410 677 492
person 0.038772114 562 567 635 747
person 0.03876467 226 248 247 272
person 0.03875234 987 284 1011 308
person 0.03862581 743 248 767 274
person 0.03852175 -4 -152 17 -37
person 0.03850774 1161 782 1171 847
person 0.038254846 1041 696 1049 717
person 0.03820849 704 269 793 410
person 0.038130905 1035 246 1057 271
person 0.037913796 1158 -247 1171 -238
person 0.03790512 852 225 874 250
person 0.037896965 1030 217 1043 239
person 0.03786067 698 380 773 461
person 0.0378057 747 120 764 140
person 0.037620842 223 286 258 320
person 0.037536904 499 157 534 205
person 0.03746546 510 174 521 188
person 0.037257142 364 241 385 268
person 0.037018754 827 188 840 209
person 0.03700458 1103 174 1135 222
person 0.036776282 1157 -248 1173 -222
person 0.036727894 998 205 1010 229
person 0.036650244 484 -104 550 73
person 0.036516625 1164 155 1171 182
person 0.03646756 1009 -238 1026 -184
person 0.03624107 47 -1 82 82
person 0.036240175 269 534 291 561
person 0.03620996 458 142 476 163
person 0.03616233 73 -42 89 4
person 0.036150966 435 33 458 75
person 0.036133364 955 154 967 169
person 0.03612128 757 216 767 241
person 0.03576212 1085 -230 1100 -186
person 0.03572851 465 285 500 319
person 0.03549379 1063 684 1074 700
person 0.035400357 830 156 841 173
person 0.03533404 424 246 445 271
person 0.03530412 319 178 346 208
person 0.034930587 901 168 913 182
person 0.03487443 653 262 676 286
person 0.034862038 734 288 761 311
person 0.03481241 374 227 385 249
person 0.03464921 230 -123 263 -34
person 0.03458797 883 242 944 326
person 0.03453617 457 -129 491 -35
person 0.034536116 188 246 219 275
person 0.034516554 0 -252 9 -194
person 0.03436629 729 120 745 139
person 0.034330238 125 299 159 332
person 0.03414977 1085 239 1126 309
person 0.034066316 671 153 684 176
person 0.034040585 417 294 451 330
person 0.033926755 574 145 586 158
person 0.033756845 216 326 270 390
person 0.03364731 858 290 882 314
person 0.033608843 453 605 477 684
person 0.033405457 1041 720 1052 746
person 0.03329932 83 22 122 106
person 0.03328919 673 245 696 269
person 0.033148304 596 146 608 159
person 0.032984592 1157 173 1171 214
person 0.032656297 49 -247 66 -229
person 0.032570057 362 -122 396 -31
person 0.03254768 989 294 1008 334
person 0.03252225 531 148 542 160
person 0.032496724 312 204 325 218
person 0.03234184 0 -98 9 -19
person 0.03223648 273 -121 308 -32
person 0.03219292 821 614 857 676
person 0.032182753 196 2 236 86
person 0.03216477 1062 162 1079 185
person 0.032048967 725 156 742 176
person 0.0319946 594 137 621 168
person 0.03198458 706 206 718 229
person 0.031963736 384 177 419 222
person 0.031958606 28 -247 42 -240
person 0.03190853 647 179 660 201
person 0.03181956 537 -134 570 -42
person 0.031813867 1044 -233 1060 -184
person 0.03181293 431 222 443 239
person 0.031802054 1160 -205 1170 -143
person 0.031462625 997 694 1005 718
person 0.031349067 236 222 248 235
person 0.03124746 363 213 410 277
person 0.03105955 526 159 562 206
person 0.030894637 1020 695 1028 718
person 0.030870222 27 -247 45 -229
person 0.030806642 736 33 762 71
person 0.030763414 529 471 592 590
person 0.030752176 909 -242 926 -186
person 0.030734448 187 340 231 390
person 0.030706374 791 128 802 140
person 0.03060222 1085 545 1142 653
person 0.03047075 98 -126 132 -34
person 0.030462174 721 273 744 296
person 0.030378066 1161 543 1170 621
person 0.030205093 714 370 758 422
person 0.030182857 958 -241 975 -185
person 0.030054417 97 -62 127 6
person 0.030005028 1157 28 1169 82
person 0.029913286 231 351 276 400
person 0.02987708 488 116 503 139
person 0.029842747 477 284 530 345
person 0.02982253 281 230 294 254
person 0.0297783 998 469 1066 565
person 0.029774291 1064 388 1102 444
person 0.029742297 1068 427 1154 591
person 0.029728152 38 285 70 318
person 0.029655077 1088 794 1109 849
person 0.029514339 1160 156 1175 181
person 0.029484525 1163 207 1171 222
person 0.029483134 856 144 889 193
person 0.029444586 128 -48 159 11
person 0.029419353 470 242 492 265
person 0.029350908 320 287 353 321
person 0.029319614 1057 271 1079 296
person 0.029272119 908 568 976 668
person 0.029179387 580 218 591 239
person 0.028953388 1019 718 1030 747
person 0.028784499 884 639 946 750
person 0.028630262 285 176 311 206
person 0.028581316 471 458 536 572
person 0.028517334 924 245 946 271
person 0.028423904 1160 741 1171 801
person 0.028418105 813 263 836 289
person 0.028401664 477 145 494 165
person 0.0283231 979 699 985 721
person 0.028257526 908 418 946 472
person 0.02822589 966 176 979 189
person 0.028213672 98 252 128 282
person 0.028197248 1014 582 1094 751
person 0.028144615 941 377 969 403
person 0.028084066 863 -242 880 -185
person 0.02801921 102 296 137 329
person 0.027972687 405 165 423 184
person 0.027964195 611 321 624 333
person 0.02792477 784 243 808 270
person 0.027871763 506 148 518 161
person 0.027796408 609 148 622 159
person 0.027794277 798 483 873 581
person 0.027773969 948 -246 961 -238
person 0.027753556 946 137 971 170
person 0.02770393 583 247 607 270
person 0.027684085 1040 248 1079 297
person 0.027675562 865 154 878 171
person 0.02766748 925 -246 939 -238
person 0.027468093 1160 696 1170 758
person 0.027337238 275 208 294 230
person 0.027322061 970 -246 984 -238
person 0.027295152 500 363 551 428
person 0.027259005 189 300 223 333
person 0.027217502 138 218 166 248
person 0.027209226 997 715 1008 747
person 0.027198356 808 351 841 376
person 0.027139144 1032 290 1054 313
person 0.027045107 493 245 515 270
person 0.026926769 1087 681 1096 699
person 0.026921598 49 -247 64 -240
person 0.026906312 997 139 1014 161
person 0.026860816 1124 -247 1138 -239
person 0.026831592 332 270 353 293
person 0.026746055 290 224 338 289
person 0.02673365 916 307 939 330
person 0.026593817 220 175 248 205
person 0.026586065 463 -236 497 -151
person 0.026580065 300 189 318 210
person 0.026481578 903 -246 916 -238
person 0.026459262 1082 251 1104 273
person 0.026407234 820 153 834 167
person 0.026386173 117 419 166 471
person 0.02634307 652 571 729 748
person 0.02618586 1049 376 1088 430
person 0.026130738 1158 247 1175 273
person 0.026081704 180 380 223 431
person 0.026052184 311 189 330 210
person 0.026024213 32 336 65 374
person 0.025893295 514 217 526 241
person 0.02587663 1063 720 1075 746
person 0.025768086 1040 162 1052 177
person 0.025679212 898 312 921 334
person 0.025557565 249 221 262 234
person 0.025516994 999 166 1011 180
person 0.025497925 24 421 43 446
person 0.025472235 1071 520 1152 695
person 0.025402589 992 -246 1006 -238
person 0.02535002 121 448 197 550
person 0.025287677 876 224 897 249
person 0.02525874 910 349 1004 488
person 0.025246352 815 843 839 919
person 0.025246274 198 358 279 438
person 0.0252248 926 -247 941 -222
person 0.025198326 770 843 794 919
person 0.025185691 1035 274 1058 299
person 0.025184935 912 522 947 582
person 0.025174523 948 378 968 427
person 0.025124872 1092 198 1104 213
person 0.025091257 865 797 888 853
person 0.025090767 903 -247 918 -223
person 0.025083868 386 479 401 503
person 0.02506483 225 368 270 419
person 0.024940513 775 796 799 852
person 0.024927896 448 243 470 268
person 0.024916472 948 -247 963 -222
person 0.02491597 586 272 610 297
person 0.02490212 1163 185 1171 199
person 0.024901478 543 324 589 373
person 0.0248795 725 843 749 919
person 0.024878152 989 329 1014 353
person 0.024837628 643 -232 678 -150
person 0.024829071 1093 333 1123 370
person 0.024758277 1083 160 1099 181
person 0.024754811 860 843 884 920
person 0.024725698 270 579 295 608
person 0.024714202 417 -2 454 89
person 0.024667077 1164 132 1171 162
person 0.024662577 679 270 705 295
person 0.024615258 23 185 61 259
person 0.024507865 880 -246 894 -238
person 0.024420852 971 -247 986 -222
person 0.024394946 67 8 100 67
person 0.024389189 905 843 929 920
person 0.024307165 880 -247 896 -224
person 0.024272755 1029 152 1062 201
person 0.02423495 1146 664 1178 755
person 0.024207722 287 -106 358 71
person 0.024207182 1106 283 1127 311
person 0.024204658 947 418 988 473
person 0.024154369 1088 695 1096 715
person 0.024142671 876 481 992 615
person 0.02411533 964 165 980 177
person 0.024069687 638 257 738 397
person 0.02405166 785 176 797 191
person 0.024034675 863 417 904 471
person 0.024029465 873 601 958 769
person 0.024017781 1122 224 1142 249
person 0.024000496 -4 107 28 193
person 0.023963757 368 288 401 322
person 0.023856321 680 843 704 919
person 0.02377358 627 266 651 290
person 0.023766313 820 -241 838 -184
person 0.023743588 1011 286 1035 310
person 0.02372004 343 -99 404 69
person 0.023710739 284 585 306 611
person 0.023696817 286 561 305 586
person 0.023689471 950 843 974 920
person 0.023624787 555 751 602 884
person 0.023558524 975 713 986 747
person 0.023525605 220 206 268 272
person 0.023517545 1123 -247 1141 -229
person 0.023439638 133 311 157 335
person 0.023401607 1103 223 1116 238
person 0.023317344 733 70 759 104
person 0.02326811 858 -247 874 -225
person 0.02325258 866 150 878 161
person 0.023231447 462 198 475 211
person 0.023188634 563 -234 597 -151
person 0.023122564 993 -247 1008 -223
person 0.022998543 389 482 397 498
person 0.02299052 522 271 544 295
person 0.022979056 635 843 659 919
person 0.022962725 1158 122 1171 163
person 0.02294204 1007 809 1042 908
person 0.022888763 0 -236 9 -151
person 0.022885442 874 272 898 298
person 0.022803009 1160 643 1170 716
person 0.022790886 996 120 1022 154
person 0.022783052 1010 315 1034 338
person 0.022769604 885 718 896 751
person 0.022768803 912 764 962 877
person 0.022704342 1125 252 1145 277
person 0.02268717 106 -112 128 -55
person 0.022594612 286 -49 317 10
person 0.022580244 231 261 252 286
person 0.022577066 551 132 580 164
person 0.022517528 1155 460 1167 546
person 0.02250791 1160 594 1170 670
person 0.022472175 605 175 617 189
person 0.022464413 682 125 694 137
person 0.022451337 731 124 743 136
person 0.022446997 661 -127 697 -38
person 0.022380367 761 271 783 294
person 0.022369199 782 308 878 430
person 0.02236589 1054 200 1067 218
person 0.022356693 1087 757 1104 802
person 0.022288691 1163 245 1170 275
person 0.022270238 912 817 949 916
person 0.02226606 995 843 1019 920
person 0.022241812 968 142 985 164
person 0.022205343 241 264 263 288
person 0.022203218 500 681 511 699
person 0.02211759 287 231 300 253
person 0.022097107 1002 378 1035 416
person 0.022059292 1014 -247 1028 -238
person 0.02205902 590 843 614 920
person 0.021991769 606 316 629 335
person 0.021923414 249 574 333 755
person 0.021922683 61 788 83 861
person 0.021904068 455 158 494 206
person 0.021863442 899 247 922 274
person 0.021824332 857 -247 871 -239
person 0.021794587 955 700 962 725
person 0.02176641 404 264 426 287
person 0.021744737 1076 308 1097 334
person 0.021736782 688 75 716 111
person 0.021656495 433 577 493 699
person 0.021643376 517 -95 578 65
person 0.021592326 834 -247 851 -226
person 0.021591667 339 189 358 210
person 0.021581588 728 -229 763 -146
person 0.021531392 64 -119 88 -50
person 0.021504194 -6 406 11 428
person 0.021497522 889 528 990 698
person 0.021451037 953 713 963 747
person 0.021449668 271 554 295 581
person 0.021410864 1104 -247 1121 -229
person 0.021354264 750 124 761 136
person 0.021273626 354 520 369 547
person 0.021257885 1109 693 1119 719
person 0.021257788 323 793 349 863
person 0.021248138 545 843 569 920
person 0.021247918 -1 404 6 430
person 0.02124741 1161 134 1175 161
person 0.021209469 950 18 965 44
person 0.021174164 293 265 315 289
person 0.021173814 437 24 466 83
person 0.021171419 813 228 826 253
person 0.021168908 590 600 617 677
person 0.021157138 919 268 942 295
person 0.021155866 413 793 439 863
person 0.021116516 966 268 987 295
person 0.021115161 279 -237 313 -152
person 0.021100132 1015 -247 1031 -224
person 0.020989649 866 38 890 78
person 0.020981435 777 35 803 75
person 0.020974988 1104 -247 1119 -239
person 0.02096662 592 320 605 331
person 0.020958714 190 232 200 246
person 0.020950356 414 622 437 697
person 0.020948084 592 286 616 308
person 0.020939456 837 718 849 745
person 0.020930937 1108 162 1125 185
person 0.020795312 490 205 503 219
person 0.020723755 743 -105 816 66
person 0.020672895 961 263 1041 407
person 0.020669976 1000 797 1022 852
person 0.02066904 774 417 812 472
person 0.020634972 -1 452 8 546
person 0.020550374 429 157 464 206
person 0.020475192 514 -52 541 16
person 0.020466395 -3 -3 17 68
person 0.020442342 500 843 524 920
person 0.020441668 839 148 851 161
person 0.020430483 877 150 888 161
person 0.020314163 781 -239 798 -183
person 0.02030294 460 145 472 159
person 0.02026397 1148 200 1177 257
person 0.020257737 861 570 896 630
person 0.020253992 730 -130 766 -42
person 0.020167245 -2 409 7 421
person 0.020157492 866 194 904 242
person 0.020140233 1000 768 1051 877
person 0.020109884 1149 514 1173 581
person 0.02010208 0 -146 9 -61
person 0.020100202 40 204 68 237
person 0.020093849 887 194 899 213
person 0.020090258 1091 86 1115 122
person 0.02003882 247 -42 272 4
person 0.019991213 1160 891 1167 940
person 0.01997701 1163 224 1171 239
person 0.019965874 120 300 165 348
person 0.019909004 812 -247 829 -226
person 0.019874087 1011 170 1023 182
person 0.01986866 953 719 961 741
person 0.01984379 492 271 514 292
person 0.019831482 810 -95 864 33
person 0.019828906 1059 40 1081 78
person 0.019822577 825 39 850 78
person 0.01977432 691 119 724 169
person 0.01976397 268 268 291 291
person 0.019718308 -6 309 11 336
person 0.019691708 455 843 479 920
person 0.019618023 45 375 85 430
person 0.019589877 878 807 900 881
person 0.019551968 468 753 512 885
person 0.019530028 45 250 63 273
person 0.01950747 645 756 694 880
person 0.019481668 406 -15 460 110
person 0.019431783 175 428 220 479
person 0.01937305 87 -101 153 71
person 0.019372908 278 793 303 863
person 0.019371517 382 -234 416 -150
person 0.019358823 827 296 850 319
person 0.019348098 1058 192 1071 204
person 0.019329749 436 136 453 156
person 0.019322868 117 207 166 274
person 0.01931425 495 327 541 377
person 0.019274887 383 162 402 183
person 0.01927423 912 174 925 194
person 0.019248849 233 793 259 863
person 0.019235339 1062 388 1162 534
person 0.019221004 933 713 943 748
person 0.019179653 481 692 491 721
person 0.019176232 108 808 141 917
person 0.019150015 268 368 348 449
person 0.019142587 834 -247 849 -239
person 0.019127749 814 717 826 744
person 0.019120755 590 174 605 188
person 0.019089412 410 842 434 920
person 0.019067135 556 397 634 483
person 0.019048875 1164 110 1171 141
person 0.01903106 875 308 897 329
person 0.019012336 933 719 941 741
person 0.018988097 888 181 901 201
person 0.018987859 788 808 811 881
person 0.018962147 410 495 428 526
person 0.018937524 785 267 808 293
person 0.018928492 955 178 970 204
person 0.018923348 1040 684 1051 700
person 0.01892056 1152 397 1165 480
person 0.018902201 -2 330 32 392
person 0.018889492 675 373 716 426
person 0.01884561 1037 -247 1053 -226
person 0.01883751 733 -238 750 -184
person 0.018795228 479 148 492 161
person 0.018766725 138 225 156 245
person 0.018732086 502 672 512 708
person 0.018719578 973 17 988 44
person 0.018699223 923 807 945 881
person 0.018667068 1 157 13 211
person 0.01862612 822 818 859 919
person 0.018618936 -10 -163 25 -23
person 0.018586986 1014 175 1027 190
person 0.018578155 627 319 651 339
person 0.018576847 688 293 714 316
person 0.01855549 365 842 389 920
person 0.018538637 640 117 656 136
person 0.018489482 819 796 843 852
person 0.018435212 458 793 484 862
person 0.018405907 436 692 446 723
person 0.01839413 124 96 168 170
person 0.018375194 762 222 777 245
person 0.01837497 691 -240 708 -185
person 0.018260231 817 345 836 389
person 0.01820882 833 808 856 881
person 0.01819695 320 842 344 921
person 0.018182533 320 -50 351 12
person 0.018167969 302 -3 342 84
person 0.018125348 1036 -247 1051 -239
person 0.018082498 724 295 750 317
person 0.018079013 458 693 468 722
person 0.01807338 1053 330 1072 355
person 0.018026289 641 -241 657 -187
person 0.018026242 219 -100 286 71
person 0.01801985 185 842 209 921
person 0.017999068 920 18 931 40
person 0.017962594 275 842 299 921
person 0.017940039 1059 311 1081 340
person 0.017920231 381 263 402 287
person 0.017899666 325 575 345 601
person 0.017833164 230 842 254 921
person 0.01781888 899 19 907 36
person 0.017795753 -5 746 15 879
person 0.017784413 1092 124 1118 158
person 0.017781774 -1 482 5 524
person 0.017769335 959 376 985 401
person 0.017743103 0 -216 6 -171
person 0.017729081 301 691 311 723
person 0.017726855 839 696 847 715
person 0.017693633 764 479 801 538
person 0.017667612 968 807 990 881
person 0.01766565 407 476 425 504
person 0.017663838 0 -238 6 -195
person 0.017560497 1083 716 1105 758
person 0.017547496 395 397 468 477
person 0.017538661 1101 809 1135 913
person 0.017506728 472 132 499 164
person 0.0174819 123 348 160 376
person 0.01746854 1040 843 1064 921
person 0.01746219 664 126 675 138
person 0.017434478 773 118 789 138
person 0.017369455 140 842 164 921
person 0.017344534 199 232 209 245
person 0.01733473 0 503 8 544
person 0.017328467 789 -247 806 -227
person 0.017325098 743 808 766 881
person 0.017317072 557 246 660 389
person 0.017278634 812 -233 847 -149
person 0.017266752 626 228 640 253
person 0.017261371 35 245 73 296
person 0.01726108 172 337 296 490
person 0.017255468 225 807 244 834
person 0.017253026 948 431 960 444
person 0.017252719 588 200 604 213
person 0.017241105 107 386 134 406
person 0.017213786 908 722 917 744
person 0.01720168 596 -242 613 -188
person 0.017169546 878 18 886 35
person 0.017114587 203 807 222 834
person 0.01711138 197 552 228 579
person 0.017106336 357 268 379 292
person 0.017099394 1095 530 1118 560
person 0.01709792 846 578 875 608
person 0.017084172 1160 -162 1171 -96
person 0.017081844 508 211 611 347
person 0.017057953 248 807 267 834
person 0.017052973 817 119 833 140
person 0.017049344 0 291 98 439
person 0.017047938 1095 412 1133 469
person 0.017039942 0 526 7 568
person 0.017011086 778 125 812 174
person 0.0169802 778 456 889 618
person 0.016972959 734 759 785 879
person 0.016965982 942 392 972 423
person 0.016944181 15 260 41 296
person 0.016944118 1054 88 1078 122
person 0.016943412 421 119 448 152
person 0.016939893 823 762 872 878
person 0.016937742 412 682 427 749
person 0.016931057 0 798 14 891
person 0.016896108 1163 862 1170 910
person 0.016886922 959 84 984 117
person 0.01686572 0 885 9 937
person 0.01684925 733 818 769 921
person 0.016845476 1141 -151 1173 -50
person 0.016844187 192 818 228 923
person 0.016837453 270 806 289 834
person 0.0168026 0 570 6 613
person 0.016705211 1027 217 1038 242
person 0.016684469 199 -233 234 -149
person 0.016680479 855 309 877 331
person 0.016666314 903 318 916 330
person 0.016648468 50 842 74 921
person 0.016638266 153 -241 169 -186
person 0.016620183 249 595 317 685
person 0.016604254 847 617 879 678
person 0.016576286 1090 189 1104 202
person 0.016572222 808 290 831 312
person 0.016553495 722 715 735 743
person 0.016553456 0 752 9 841
person 0.016550228 -1 420 7 451
person 0.016534207 860 718 871 748
person 0.016520172 1158 382 1175 410
person 0.016510652 96 210 125 240
person 0.016490093 293 806 312 834
person 0.016479379 1017 138 1034 160
person 0.016461372 698 808 721 881
person 0.016445523 180 807 199 834
person 0.016429873 473 269 495 290
person 0.01642284 550 796 573 853
person 0.016406866 463 220 476 234
person 0.016406642 720 128 754 176
person 0.016390182 0 595 5 640
person 0.016379591 853 20 861 36
person 0.016361363 453 -247 470 -225
person 0.016356753 476 -247 493 -225
person 0.016347174 543 -247 560 -225
person 0.016347127 363 -247 380 -225
person 0.01634488 431 -247 447 -225
person 0.01634479 341 -247 357 -225
person 0.016343286 273 -247 290 -225
person 0.016343232 296 -247 312 -225
person 0.01634298 251 -247 267 -225
person 0.01634262 386 -247 402 -225
person 0.016342059 318 -247 335 -225
person 0.016341738 228 -247 245 -225
person 0.016340712 521 -247 537 -225
person 0.016338648 498 -247 515 -225
person 0.016331723 408 -247 425 -225
person 0.016331248 812 -247 827 -239
person 0.016319495 0 640 5 682
person 0.016318582 206 -247 222 -225
person 0.016312957 566 -247 583 -225
person 0.016292425 -7 424 12 449
person 0.01628871 231 211 244 224
person 0.016269581 596 548 679 703
person 0.016260862 551 -243 567 -188
person 0.016247123 547 691 558 722
person 0.016239587 0 616 5 658
person 0.016238162 290 -16 349 104
person 0.016227784 1159 402 1175 429
person 0.016224336 227 179 240 194
person 0.01619077 315 806 334 834
person 0.016165147 684 796 708 852
person 0.016161764 101 790 125 863
person 0.016151328 588 -247 605 -225
person 0.016149404 308 426 329 445
person 0.016126404 183 -247 200 -225
person 0.016114036 585 384 697 523
person 0.016108572 783 552 811 577
person 0.016070722 611 -247 628 -226
person 0.016037926 115 -162 135 -104
person 0.016033977 561 294 584 314
person 0.016022898 1084 843 1108 920
person 0.015992774 1044 796 1066 851
person 0.015916651 112 -229 147 -142
person 0.015901936 205 524 229 545
person 0.015860114 215 98 260 172
person 0.015855985 1086 719 1098 746
person 0.015834486 1120 186 1132 199
person 0.015832955 506 -243 522 -188
person 0.015828105 1059 -247 1076 -227
person 0.015780125 461 -243 477 -188
person 0.015765898 508 219 520 243
person 0.015742289 633 -247 650 -226
person 0.01573031 652 808 675 881
person 0.015717667 1088 -96 1141 36
person 0.015715867 932 520 965 582
person 0.015714806 338 806 357 834
person 0.015708014 1139 472 1169 538
person 0.015699266 910 797 932 853
person 0.015684381 447 269 468 290
person 0.01565004 700 715 713 743
person 0.015642438 1082 -194 1102 -142
person 0.0156179415 1041 139 1057 162
person 0.015617259 80 427 103 447
person 0.015608407 726 685 737 697
person 0.01560741 161 -247 177 -226
person 0.015603323 790 382 804 393
person 0.015596769 416 -243 432 -188
person 0.015587949 726 696 736 716
person 0.01557417 197 533 222 559
person 0.0155699225 955 798 977 853
person 0.0155603 773 72 800 107
person 0.015550881 514 125 542 157
person 0.0155461375 607 807 630 881
person 0.015545523 210 189 228 207
person 0.015503568 1134 416 1165 483
person 0.015475718 914 148 926 160
person 0.015471576 427 269 448 290
person 0.015470801 610 117 628 137
person 0.015458508 1093 221 1105 235
person 0.015452855 575 221 589 234
person 0.015435882 562 807 585 881
person 0.015413606 838 574 864 603
person 0.015401628 90 495 116 520
person 0.015399632 1030 615 1064 676
person 0.015374174 745 715 757 744
person 0.015360062 682 -156 705 -99
person 0.015336534 768 -247 785 -227
person 0.015319002 868 245 952 391
person 0.015299686 368 793 394 863
person 0.0152714215 1020 -230 1030 -192
person 0.01526398 95 842 119 922
person 0.015262418 877 250 899 275
person 0.015228464 966 35 990 77
person 0.015227033 280 820 316 922
person 0.015224117 656 -247 673 -226
person 0.01522281 910 78 935 113
person 0.01519866 736 299 755 341
person 0.015195649 152 535 183 560
person 0.015193708 116 -236 129 -185
person 0.015191966 371 -243 387 -188
person 0.015156522 370 822 406 925
person 0.015148355 588 317 610 335
person 0.015116581 -13 100 37 212
person 0.015095518 1013 807 1035 882
person 0.015091804 360 806 379 834
person 0.015087126 131 337 151 382
person 0.015072372 703 683 715 699
person 0.015061795 191 -243 208 -188
person 0.015056822 1101 588 1127 633
person 0.015044607 33 283 75 333
person 0.015039663 236 -243 252 -188
person 0.015033977 621 228 633 253
person 0.0150328325 895 16 910 40
person 0.015026876 76 459 115 513
person 0.015024773 411 406 431 427
person 0.01502104 588 718 604 749
person 0.015014558 73 -235 86 -184
person 0.015007008 281 -243 297 -188
person 0.014993896 1 321 17 385
person 0.014977101 79 6 113 64
person 0.01496845 482 -5 540 125
person 0.014945056 735 152 783 222
person 0.014935322 326 -243 342 -188
person 0.014902772 1075 290 1087 314
person 0.0148962345 566 717 580 749
person 0.014870138 912 37 937 78
person 0.014832478 0 -194 6 -148
person 0.014823938 138 -247 155 -226
person 0.014802797 1164 399 1171 432
person 0.014801628 518 807 540 881
person 0.014783344 1158 70 1170 117
person 0.014780234 1124 162 1141 184
person 0.014751099 423 614 448 686
person 0.014728767 42 620 57 653
person 0.0147283925 1163 691 1170 729
person 0.014723168 681 349 789 502
person 0.0146831665 -11 659 31 787
person 0.014679744 503 691 513 722
person 0.014659109 1162 804 1171 887
person 0.014645533 531 370 652 528
person 0.014644101 952 19 961 38
person 0.014622684 158 806 176 834
person 0.014611872 811 -131 846 -36
person 0.014610321 1060 695 1076 722
person 0.014572338 704 693 716 719
person 0.01455982 70 -247 88 -228
person 0.0145424595 1002 85 1028 120
person 0.014522723 525 690 536 722
person 0.014512756 -3 -249 15 -173
person 0.014502407 748 683 760 695
person 0.014489914 929 700 938 727
person 0.014484827 1151 -247 1174 -181
person 0.01446644 1059 -247 1073 -239
person 0.01445467 444 192 512 281
person 0.014451301 422 327 455 363
person 0.014434564 1 361 13 430
person 0.014430637 460 819 496 923
person 0.014414106 678 -247 695 -226
person 0.014393324 790 716 803 744
person 0.014385216 1162 713 1170 751
person 0.014380389 732 -157 755 -100
person 0.014372943 670 303 702 334
person 0.014341337 -2 463 17 541
person 0.014308198 344 347 386 399
person 0.01428264 428 806 450 882
person 0.014245147 0 -10 6 33
person 0.0142451 172 566 199 591
person 0.014236926 1163 379 1171 412
person 0.01420872 620 485 668 571
person 0.014204106 745 -247 763 -227
person 0.014200754 115 -247 132 -226
person 0.0141944075 1003 262 1014 285
person 0.014190946 216 520 239 543
person 0.014172918 594 796 617 852
person 0.014171699 383 806 402 834
person 0.014156632 250 215 264 232
person 0.01415095 727 306 769 330
person 0.014148868 648 293 672 314
person 0.014148855 883 698 891 720
person 0.01414861 263 601 292 627
person 0.014144108 -5 -3 10 27
person 0.01414059 1081 -247 1096 -239
person 0.014138251 467 341 577 503
person 0.014130821 377 753 422 883
person 0.014113302 1043 118 1069 152
person 0.014104181 700 -247 717 -226
person 0.014095869 0 548 7 589
person 0.01408331 723 -247 740 -226
person 0.01406058 796 125 828 175
person 0.014051038 188 793 214 864
person 0.014045701 1038 694 1053 722
person 0.014039905 1163 86 1171 117
person 0.014025653 473 806 495 881
person 0.014019252 169 475 221 528
person 0.01398953 1081 -247 1098 -228
person 0.013970317 -6 444 9 473
person 0.013952443 97 299 143 348
person 0.0139381355 789 -247 804 -239
person 0.013919627 364 202 377 222
person 0.0139105255 909 717 919 750
person 0.013909206 639 795 663 853
person 0.013885275 977 443 1080 604
person 0.013870247 584 132 630 203
person 0.013859992 383 805 404 882
person 0.013856525 959 398 987 422
person 0.013851939 -1 -189 14 -99
person 0.0138506675 435 323 477 376
person 0.0138393985 1163 574 1170 613
person 0.013833562 723 -208 743 -151
person 0.013819422 1162 -210 1170 -169
person 0.013779636 1162 646 1169 682
person 0.013770074 635 127 670 174
person 0.013766745 562 176 577 189
person 0.013734192 642 818 678 924
person 0.013717984 550 819 586 923
person 0.013715526 143 792 168 864
person 0.013697231 146 665 156 699
person 0.0136953825 -1 439 5 478
person 0.013683941 514 291 537 312
person 0.013664474 768 -208 789 -149
person 0.013659796 591 117 609 137
person 0.013657271 178 290 296 433
person 0.0136552295 454 716 468 748
person 0.013646594 599 35 625 73
person 0.013642841 1163 161 1171 175
person 0.013641685 476 716 490 748
person 0.013632341 1163 668 1170 705
person 0.013618255 680 681 693 699
person 0.0136131635 864 -231 873 -193
person 0.013590253 171 -45 203 13
person 0.013588694 276 691 287 720
person 0.013582424 794 693 806 720
person 0.013579129 278 -38 359 137
person 0.013555625 1072 229 1134 324
person 0.013543553 887 -232 896 -193
person 0.013519959 338 805 359 882
person 0.01351425 -4 -233 9 -201
person 0.013482386 86 509 110 536
person 0.013478683 374 117 400 147
person 0.013451344 56 -85 102 36
person 0.013428608 922 -114 997 73
person 0.013402908 792 684 802 698
person 0.013400513 1103 808 1124 885
person 0.013376176 1122 266 1144 293
person 0.01331576 -2 509 12 538
person 0.013314143 0 129 8 158
person 0.013293951 503 793 529 862
person 0.01328416 630 -155 652 -100
person 0.013248405 366 161 384 182
person 0.0132334335 121 692 131 725
person 0.013228397 574 204 588 227
person 0.013221429 997 174 1015 191
person 0.013207121 866 80 891 114
person 0.013204984 190 163 218 194
person 0.013196442 137 440 259 610
person 0.013192303 0 366 27 431
person 0.013183769 1128 -159 1177 -22
person 0.013154817 405 805 424 834
person 0.0131187895 478 108 545 215
person 0.013118389 1034 575 1057 606
person 0.013080533 965 288 987 310
person 0.013071665 1160 112 1174 139
person 0.013071018 480 678 490 693
person 0.0130683305 888 772 967 940
person 0.013047529 -5 488 9 518
person 0.013039261 -3 554 11 584
person 0.013029494 543 714 557 747
person 0.013029201 692 310 717 334
person 0.013028704 299 683 308 698
person 0.013027109 570 122 636 221
person 0.013019669 494 10 534 103
person 0.0130146695 0 8 6 47
person 0.0130048245 246 247 350 402
person 0.012996478 -3 532 11 562
person 0.012975564 827 79 852 113
person 0.012969617 912 -241 947 -161
person 0.012959269 956 228 968 255
person 0.012901968 1153 780 1172 855
person 0.012878991 190 614 202 629
person 0.012871185 849 17 865 40
person 0.012844403 378 225 393 242
person 0.012826405 68 -162 88 -88
person 0.0128194755 204 204 223 222
person 0.012804718 977 -107 1028 28
person 0.012787274 801 204 904 352
person 0.012786564 1079 -238 1104 -175
person 0.012764342 293 805 314 882
person 0.012761362 729 796 753 852
person 0.012752181 65 -10 142 149
person 0.012736977 717 241 729 265
person 0.012719001 1163 -188 1170 -146
person 0.012717241 -1 662 5 706
person 0.0127054695 1131 113 1168 191
person 0.01269674 1163 -166 1170 -124
person 0.0126843015 980 422 1020 477
person 0.01267768 786 19 795 35
person 0.012676785 248 805 269 883
person 0.012669471 369 452 483 614
person 0.012669465 768 715 780 744
person 0.012666005 0 -172 6 -126
person 0.012663346 995 17 1012 44
person 0.0126608545 -22 510 43 668
person 0.012660598 573 118 590 137
person 0.0126594715 808 414 846 470
person 0.01264889 201 92 268 192
person 0.012632351 1162 -124 1171 -48
person 0.012613257 1133 649 1183 769
person 0.012610977 817 695 825 716
person 0.012588386 998 -232 1007 -192
person 0.012583367 -4 13 10 42
person 0.012580288 1162 734 1170 774
person 0.012570588 425 496 434 526
person 0.012564434 141 -108 163 -54
person 0.012555433 811 404 823 417
person 0.012548258 681 627 710 692
person 0.012506337 743 -6 806 108
person 0.012489523 833 310 858 333
person 0.012463467 0 750 6 795
person 0.012455676 -4 -209 9 -179
person 0.012441402 1164 354 1171 388
person 0.012436797 911 462 948 518
person 0.012433202 1001 267 1015 279
person 0.012389232 295 97 340 171
person 0.012387682 678 715 690 743
person 0.012373974 693 190 789 342
person 0.012373822 1068 293 1083 308
person 0.012363612 44 651 59 684
person 0.012345271 1048 256 1124 401
person 0.012337727 767 -247 783 -239
person 0.012331389 754 527 790 584
person 0.01232336 204 582 229 607
person 0.012323279 245 346 367 499
person 0.012321144 1136 -236 1184 -123
person 0.0123096015 -1 459 5 499
person 0.012292122 874 15 890 39
person 0.012289484 225 168 243 186
person 0.012284656 203 806 224 883
person 0.012278745 636 389 677 444
person 0.0122709 899 333 923 353
person 0.012234831 -4 576 10 606
person 0.012230043 93 -247 110 -227
person 0.012215886 155 355 183 379
person 0.012215818 593 696 602 715
person 0.012207706 495 622 519 696
person 0.012197362 909 -232 918 -193
person 0.012196511 776 122 786 135
person 0.012193639 405 75 433 112
person 0.012179318 1102 671 1110 690
person 0.012175389 428 805 446 834
person 0.012163448 1034 314 1056 335
person 0.012151623 157 669 168 706
person 0.012146792 10 179 70 277
person 0.012146489 1105 560 1127 587
person 0.012143344 497 684 522 759
person 0.0121391555 1009 334 1032 356
person 0.012110872 85 774 158 949
person 0.012104246 272 526 290 548
person 0.012101582 749 696 758 716
person 0.0120978495 840 20 851 37
person 0.012085443 731 -28 819 143
person 0.01207821 611 717 626 748
person 0.012074751 408 245 419 269
person 0.012066534 346 694 356 728
person 0.012058959 491 119 538 195
person 0.01204926 0 728 6 773
person 0.01204611 116 684 131 751
person 0.012041583 1154 814 1171 900
person 0.01204147 779 -157 802 -101
person 0.012033858 630 621 657 688
person 0.0120312795 635 70 663 105
person 0.012021416 513 575 537 650
person 0.01202085 0 -35 5 7
person 0.0120195765 923 333 945 355
person 0.012018789 772 -46 797 7
person 0.01201379 424 628 443 658
person 0.01201311 196 607 218 633
person 0.012007815 679 -210 699 -153
person 0.01199537 757 6 799 88
person 0.011983372 615 696 624 715
person 0.011978903 -3 426 7 441
person 0.011970072 982 775 1060 937
person 0.011954906 247 569 269 592
person 0.01194516 707 420 748 477
person 0.011938679 540 -28 622 146
person 0.011905556 1102 263 1114 285
person 0.011898938 185 609 207 635
person 0.011893401 255 690 266 720
person 0.011889164 141 226 152 241
person 0.0118750855 135 471 161 481
person 0.011845154 453 553 470 587
person 0.011837805 270 739 290 791
person 0.0118323285 1058 228 1070 250
person 0.011817691 156 559 185 583
person 0.011804591 909 131 942 179
person 0.011804362 534 297 558 320
person 0.011796728 566 762 581 794
person 0.011781785 125 562 150 584
person 0.011781535 1156 263 1174 290
person 0.011740278 0 861 6 911
person 0.011732569 1162 -5 1169 33
person 0.011680073 1162 62 1170 94
person 0.011650271 473 537 498 613
person 0.011634047 135 806 154 835
person 0.011622882 191 763 238 880
person 0.011619306 589 761 603 794
person 0.011595231 498 714 512 747
person 0.011593252 244 575 271 603
person 0.011588877 432 716 445 749
person 0.011572251 861 682 871 695
person 0.011571063 -4 601 9 633
person 0.011546057 470 577 494 612
person 0.011540045 -5 645 9 676
person 0.01153371 177 -27 260 143
person 0.011524325 281 739 334 848
person 0.011506755 -4 131 12 156
person 0.011465916 491 119 500 135
person 0.011436777 464 617 489 695
person 0.011432374 450 804 469 834
person 0.011429356 326 692 336 723
person 0.011424363 861 697 869 716
person 0.011416197 968 333 991 355
person 0.01141385 544 118 562 139
person 0.011406864 538 -43 560 8
person 0.011404429 796 772 878 939
person 0.011402956 815 684 827 698
person 0.01138229 1022 -235 1058 -157
person 0.011382145 788 289 811 312
person 0.011335398 414 690 424 723
person 0.011326867 841 -231 851 -193
person 0.01131942 459 602 495 716
person 0.011313631 151 515 183 533
person 0.0113085555 70 -247 85 -239
person 0.011301423 678 205 690 227
person 0.011300027 281 89 346 192
person 0.011294308 745 -247 760 -239
person 0.011291896 784 749 803 804
person 0.011287452 1164 843 1171 888
person 0.01128085 660 692 671 721
person 0.011265436 706 772 788 940
person 0.011264672 115 554 143 582
person 0.011254824 50 820 67 853
person 0.011254771 612 761 626 794
person 0.011250192 138 210 158 231
person 0.011246517 837 559 861 586
person 0.011235542 230 683 251 737
person 0.011233577 113 -208 132 -148
person 0.011230918 760 224 779 237
person 0.011225127 1 376 24 400
person 0.011219772 653 121 700 192
person 0.011212787 837 681 848 694
person 0.011210829 1163 532 1170 569
person 0.011195896 67 459 100 515
person 0.0111957425 23 439 46 472
person 0.01119101 614 199 627 221
person 0.0111701805 149 162 177 193
person 0.011143514 802 376 837 403
person 0.011137211 872 577 896 606
person 0.011110906 544 762 559 794
person 0.011106747 635 761 649 794
person 0.011100925 219 249 263 296
person 0.0110943355 271 680 281 695
person 0.011084876 966 343 1069 492
person 0.011076564 389 689 403 724
person 0.01107624 1164 555 1171 592
person 0.011057018 129 469 184 522
person 0.011052353 0 773 6 817
person 0.011050154 1161 15 1169 50
person 0.011037014 1147 600 1171 669
person 0.011026614 880 761 895 790
person 0.010991311 181 207 201 226
person 0.0109904455 1 103 10 136
person 0.010989383 1157 463 1166 498
person 0.010988767 905 312 915 334
person 0.010985652 1042 183 1056 198
person 0.0109843165 994 691 1009 724
person 0.010981209 -1 307 6 338
person 0.010956289 70 472 96 502
person 0.010955727 66 805 86 884
person 0.010947763 0 -149 6 -104
person 0.010940134 902 761 917 789
person 0.010939536 656 716 671 748
person 0.010936374 473 804 491 834
person 0.010916724 931 -232 940 -193
person 0.010896278 1000 -212 1016 -158
person 0.010866279 453 -247 468 -239
person 0.010864912 543 -247 558 -239
person 0.010864762 475 -247 490 -239
person 0.010864179 459 679 476 746
person 0.0108575905 520 -247 535 -239
person 0.01085584 430 -247 445 -239
person 0.010855578 498 -247 513 -239
person 0.010851646 363 -247 378 -239
person 0.010850562 725 760 739 794
person 0.010850126 340 -247 355 -239
person 0.010849727 385 -247 400 -239
person 0.010847619 318 -247 333 -239
person 0.010847522 295 -247 310 -239
person 0.010846913 273 -247 288 -239
person 0.010846684 228 -247 243 -239
person 0.010846554 250 -247 265 -239
person 0.010845952 976 -232 985 -193
person 0.010845778 408 -247 423 -239
person 0.010844182 565 -247 580 -239
person 0.0108402595 205 -247 220 -239
person 0.010819678 922 312 935 324
person 0.010806112 782 17 799 38
person 0.010805668 656 184 755 340
person 0.010800827 1123 202 1137 216
person 0.010787864 1081 332 1101 356
person 0.010776395 0 795 6 839
person 0.010773061 588 -247 603 -239
person 0.010769973 856 176 872 192
person 0.010768026 408 785 424 815
person 0.010764781 57 548 164 703
person 0.010762167 93 766 139 885
person 0.010760227 812 -210 832 -152
person 0.0107541075 817 -229 830 -193
person 0.010747003 377 274 485 426
person 0.010745295 657 761 671 794
person 0.01074193 0 110 11 168
person 0.010741748 438 139 450 153
person 0.010741256 569 0 608 87
person 0.01074005 762 315 788 336
person 0.010739376 250 822 270 852
person 0.010736226 723 -247 738 -239
person 0.010735406 183 -247 198 -239
person 0.01073298 666 -105 737 70
person 0.010732307 610 -247 625 -239
person 0.010722515 635 -212 654 -156
person 0.010722298 946 806 966 832
person 0.010720305 769 760 784 793
person 0.010719471 205 822 225 852
person 0.010711752 770 683 781 697
person 0.010706786 1163 -143 1170 -102
person 0.0107021695 571 692 582 720
person 0.010693591 1159 357 1175 386
person 0.010682765 440 258 555 409
person 0.010678523 957 150 967 161
person 0.010669622 520 713 534 747
person 0.010668342 228 822 248 852
person 0.010661369 260 191 367 344
person 0.010661299 273 822 293 852
person 0.0106533645 385 785 401 815
person 0.010642465 823 187 837 204
person 0.010607783 746 360 757 372
person 0.010604785 633 716 648 748
person 0.010602929 638 113 708 213
person 0.010587623 387 486 399 511
person 0.010580452 295 822 315 852
person 0.0105789 495 804 514 834
person 0.010578152 747 760 761 793
person 0.010576021 1043 -230 1052 -192
person 0.010572864 761 538 784 564
person 0.010568649 633 -247 648 -239
person 0.010563928 337 184 439 339
person 0.010555149 643 697 670 764
person 0.01055124 285 597 313 623
person 0.01054187 1089 40 1111 79
person 0.010538902 769 238 782 261
person 0.010538585 597 291 611 302
person 0.010533532 -2 171 16 199
person 0.010525246 831 -27 914 153
person 0.010521627 301 122 318 141
person 0.010505172 188 684 204 739
person 0.010496121 689 -115 717 -48
person 0.010485153 954 -232 963 -193
person 0.0104849 202 498 228 520
person 0.010459166 160 -247 175 -239
person 0.010456181 464 85 560 248
person 0.010456054 328 81 354 115
person 0.010452082 24 868 40 903
person 0.010449001 702 760 716 794
person 0.010434116 810 -51 837 13
person 0.0104292035 813 18 825 35
person 0.010425858 318 822 338 852
person 0.010425066 366 585 450 777
person 0.010418963 317 518 335 541
person 0.010416211 408 169 420 180
person 0.010403669 1100 312 1121 336
person 0.010396503 431 122 448 141
person 0.010391301 811 237 824 260
person 0.010381791 655 -247 670 -239
person 0.010381562 34 351 61 374
person 0.010374672 923 806 943 832
person 0.010371347 700 -247 715 -239
person 0.0103680445 680 761 694 794
person 0.01036529 1163 822 1171 864
person 0.010349673 4 379 18 394
person 0.0103468755 948 48 966 73
person 0.010346827 49 799 66 832
person 0.01032381 183 822 203 852
person 0.010313278 314 738 335 792
person 0.010309774 1161 260 1169 292
person 0.010305382 -4 621 9 652
person 0.010301545 103 520 126 542
person 0.010294513 454 119 473 140
person 0.010287675 449 619 475 646
person 0.010274331 518 804 536 834
person 0.010262687 1059 807 1080 884
person 0.010262284 121 668 132 706
person 0.01026014 859 760 873 792
person 0.010255361 363 785 379 815
person 0.010249517 431 785 446 815
person 0.01024353 340 822 360 852
person 0.010242354 145 689 162 744
person 0.010241011 -4 802 10 832
person 0.010236271 1146 166 1176 221
person 0.0102295 47 485 65 517
person 0.010216719 521 763 536 794
person 0.010195856 966 200 1061 351
person 0.010189126 380 85 403 110
person 0.010172759 1163 490 1170 523
person 0.010171708 720 222 733 245
person 0.010169854 678 -247 693 -239
person 0.010169663 158 805 179 883
person 0.010168569 795 -229 808 -193
person 0.010167302 190 179 293 337
person 0.010166917 923 761 940 787
person 0.010165277 991 289 1007 301
person 0.010145361 792 760 807 793
person 0.010133028 883 735 894 769
person 0.010126161 426 501 434 517
person 0.010116344 726 179 745 193
person 0.010109361 658 679 668 695
person 0.010097228 135 -160 156 -104
person 0.010094803 940 265 964 291
person 0.010080869 190 -110 214 -56
person 0.0100682825 540 804 559 834
person 0.010062538 942 295 966 315
person 0.010049807 913 695 919 719
person 0.010046976 994 334 1009 348
person 0.010034434 1017 693 1032 724
person 0.010028197 635 680 647 693
person 0.0100204125 968 805 988 833
person 0.010018506 363 822 383 852
person 0.010013977 1107 718 1119 746
person 0.010011439 722 -137 738 -108
person 0.010010867 566 314 578 325
person 0.010006015 131 339 151 347
person 0.010005118 55 171 83 204
person 0.010003262 814 760 829 793
