person 0.76212186 789 130 810 160
person 0.7534649 720 69 734 87
person 0.7418167 465 92 480 112
person 0.7308124 638 144 663 176
person 0.7279244 467 145 492 175
person 0.7259564 332 101 346 121
person 0.7253072 766 73 779 89
person 0.7219295 291 119 306 140
person 0.72005385 699 118 721 147
person 0.71764094 561 127 584 154
person 0.7168744 737 159 761 190
person 0.7125878 523 158 549 190
person 0.71245867 500 94 516 114
person 0.7101772 785 197 815 240
person 0.7077465 523 71 536 87
person 0.70267993 629 68 643 85
person 0.7018371 612 120 634 147
person 0.7002895 708 203 740 244
person 0.68796986 311 97 325 114
person 0.6858561 837 131 858 161
person 0.6829149 422 105 437 126
person 0.67624944 505 68 519 84
person 0.6751455 687 59 700 74
person 0.6740285 664 61 677 76
person 0.6726192 762 89 777 108
person 0.6701169 329 130 346 153
person 0.6685749 388 127 409 153
person 0.66823345 898 110 912 132
person 0.66763157 486 67 500 84
person 0.6673341 567 173 594 206
person 0.663426 746 123 767 150
person 0.66071296 680 97 696 117
person 0.6602796 468 69 482 86
person 0.6590861 432 86 447 106
person 0.65863764 593 77 607 94
person 0.6583397 356 129 378 155
person 0.6565322 583 58 596 74
person 0.65273803 560 91 576 110
person 0.6514699 637 53 649 68
person 0.6514196 530 94 546 115
person 0.64924294 308 128 324 149
person 0.64630294 874 174 897 209
person 0.6398244 855 213 884 258
person 0.6211888 704 150 728 181
person 0.61449355 886 147 907 178
person 0.6093893 372 99 387 120
person 0.60445505 615 57 627 72
person 0.6021427 560 61 574 77
person 0.59576035 269 115 283 135
person 0.59308326 648 96 664 117
person 0.5800521 401 87 415 106
person 0.578484 394 105 410 125
person 0.56705254 857 118 872 141
person 0.55734813 719 103 735 124
person 0.55364853 454 70 467 86
person 0.5075612 177 178 214 220
person 0.4802562 597 113 619 138
person 0.47362065 451 123 468 145
person 0.4732109 527 126 550 151
person 0.3812061 795 180 821 211
person 0.36724386 721 96 736 114
person 0.35761952 600 90 615 108
person 0.35415593 651 181 679 216
person 0.3052274 768 119 785 143
person 0.25438288 650 67 664 83
person 0.22225173 582 68 596 86
person 0.21308406 692 76 705 93
person 0.19358562 398 74 411 91
person 0.19101064 436 76 449 92
person 0.13567229 674 95 690 115
person 0.13113709 761 89 783 116
person 0.12237411 298 110 314 129
person 0.11190905 488 63 501 78
person 0.10353801 669 76 684 94
person 0.09981635 489 88 504 106
person 0.098419785 377 118 394 140
person 0.097866975 568 83 583 101
person 0.084810875 268 117 288 141
person 0.07854047 561 65 571 80
person 0.07669038 531 74 545 90
person 0.06455316 438 83 454 103
person 0.057250924 308 96 328 121
person 0.047668096 639 55 647 65
person 0.044291645 804 177 829 210
person 0.043804485 638 89 654 106
person 0.032591987 590 75 611 97
person 0.032375846 617 58 625 69
person 0.032235052 763 72 783 95
person 0.027883133 725 123 743 145
person 0.02689597 689 123 713 152
person 0.0263092 701 109 721 132
person 0.025649523 579 62 601 87
person 0.025388138 432 119 449 139
person 0.024973067 638 102 655 122
person 0.02346635 608 71 623 88
person 0.023378782 414 104 431 124
person 0.023199609 501 67 523 90
person 0.021046117 585 58 594 70
person 0.019098315 423 119 448 145
person 0.018437138 562 62 571 73
person 0.018128594 456 72 464 83
person 0.01784196 694 119 726 162
person 0.017411914 666 62 675 72
person 0.016729755 395 59 408 76
person 0.01615541 470 71 479 82
person 0.015077294 442 110 460 131
person 0.014261011 689 60 698 70
person 0.013935365 903 125 918 148
person 0.013167309 374 98 384 115
person 0.012396126 533 101 551 121
person 0.011998302 894 126 910 149
person 0.011807032 683 66 706 90
person 0.011538358 404 78 418 95
person 0.011075565 403 126 421 148
person 0.010809736 587 57 601 72
person 0.010654195 488 68 497 80
