person 0.72890186 1012 248 1048 306
person 0.6444701 601 126 621 156
person 0.63925403 471 126 491 153
person 0.54062647 1113 91 1129 115
person 0.39562646 609 92 627 114
person 0.22026393 754 45 766 59
person 0.2050964 694 38 706 59
person 0.16364563 742 62 754 78
person 0.15943009 62 297 107 378
person 0.15897228 776 61 786 75
person 0.15857631 1187 157 1203 182
person 0.15856685 756 65 769 82
person 0.14777552 745 43 756 57
person 0.14453283 197 419 269 525
person 0.14147681 1157 549 1235 734
person 0.13311394 773 58 789 78
person 0.1326604 482 136 503 160
person 0.13258806 1156 314 1204 393
person 0.12820598 751 43 769 63
person 0.124478236 1116 93 1127 108
person 0.12333915 1110 88 1134 123
person 0.11401888 606 87 631 121
person 0.10815655 1183 142 1200 166
person 0.107313894 979 285 1016 343
person 0.10616845 373 518 413 575
person 0.1006846 999 236 1061 326
person 0.09960719 846 112 864 135
person 0.09671315 597 121 617 146
person 0.09660405 290 513 337 572
person 0.09352582 782 46 794 61
person 0.09288884 1258 740 1268 817
person 0.09127043 612 93 624 108
person 0.090482846 742 41 760 62
person 0.09040405 723 46 733 61
person 0.08984384 120 199 139 228
person 0.08956253 115 221 133 251
person 0.082299165 183 388 279 556
person 0.08128503 110 212 138 250
person 0.08121448 1174 160 1200 195
person 0.08015895 278 452 319 509
person 0.07996809 657 42 677 64
person 0.07904122 1165 481 1251 683
person 0.07834181 1174 175 1192 199
person 0.07747295 779 44 797 65
person 0.07593079 351 457 390 515
person 0.075223766 67 347 136 443
person 0.07514036 -4 146 31 234
person 0.074308835 1261 156 1268 189
person 0.07354586 1000 257 1039 316
person 0.07238051 1261 132 1268 165
person 0.070320845 1163 205 1191 240
person 0.06993736 347 502 389 559
person 0.06990725 206 352 280 444
person 0.06922139 601 128 612 151
person 0.068559386 284 448 308 478
person 0.06844139 1170 201 1189 228
person 0.06800345 1167 259 1200 302
person 0.06703819 720 44 736 64
person 0.06598909 1160 250 1204 325
person 0.06498681 1256 265 1268 321
person 0.06399296 56 587 111 733
person 0.061628282 1261 108 1268 141
person 0.060279228 1257 403 1267 482
person 0.060258977 786 360 838 433
person 0.058976024 221 363 260 423
person 0.058286868 359 448 380 478
person 0.058218844 600 217 634 257
person 0.05819673 599 155 631 192
person 0.057293843 1081 95 1101 115
person 0.05703873 841 108 868 141
person 0.056448013 181 305 213 347
person 0.056383006 592 116 628 168
person 0.05603872 1115 109 1134 133
person 0.055637162 0 162 13 225
person 0.055512674 359 468 384 500
person 0.05500307 -5 -277 11 -249
person 0.05484278 840 107 858 130
person 0.053764604 1020 253 1039 301
person 0.05371876 287 467 315 498
person 0.053601243 173 400 198 431
person 0.053460922 1256 158 1272 187
person 0.053372424 1255 -276 1268 -218
person 0.052595876 1016 226 1047 269
person 0.052455474 446 133 467 156
person 0.052087855 475 125 489 144
person 0.051808912 1257 791 1268 857
person 0.050349038 461 161 482 187
person 0.050318487 279 494 349 604
person 0.05026897 558 111 579 133
person 0.049563948 1257 134 1272 164
person 0.04952991 632 114 662 149
person 0.048478357 256 383 296 441
person 0.04833256 605 121 619 142
person 0.048320305 -1 -281 7 -248
person 0.048124056 1261 84 1268 117
person 0.047953486 265 462 363 649
person 0.04794693 -4 -266 23 -155
person 0.04792517 1261 179 1268 213
person 0.047925062 177 443 269 642
person 0.047216143 1205 176 1223 204
person 0.04705685 -4 -277 10 -269
person 0.04682043 720 63 734 79
person 0.046799183 6 240 46 328
person 0.046253275 556 131 577 153
person 0.046149798 933 326 985 403
person 0.046062347 1256 295 1267 365
person 0.045916907 820 160 851 196
person 0.045717355 1257 690 1266 776
person 0.04565005 328 560 373 618
person 0.04545538 40 280 130 443
person 0.04538298 0 265 11 331
person 0.045377932 1101 105 1121 129
person 0.04520138 487 161 519 195
person 0.045066953 1090 212 1137 284
person 0.044518325 605 153 627 182
person 0.04397558 112 -56 144 10
person 0.043728475 487 164 508 190
person 0.043675356 1052 426 1121 534
person 0.04353818 1181 429 1248 553
person 0.04353758 571 43 589 64
person 0.043503836 638 89 657 110
person 0.04291425 1161 395 1259 582
person 0.042775568 755 156 785 193
person 0.042453848 1190 159 1200 175
person 0.042287335 602 43 621 65
person 0.04223882 116 194 136 219
person 0.041877255 752 115 780 149
person 0.04183115 1255 211 1268 263
person 0.04177411 1120 113 1149 149
person 0.041767478 1255 340 1266 414
person 0.04173452 808 162 837 198
person 0.041202534 539 108 560 130
person 0.04098152 831 86 852 108
person 0.040681377 463 116 499 169
person 0.040653203 709 120 738 154
person 0.04053803 1261 58 1268 92
person 0.04041668 1178 137 1203 171
person 0.040221725 85 366 122 428
person 0.040167104 1257 110 1272 139
person 0.040048633 140 92 185 169
person 0.039993674 733 82 753 104
person 0.03982102 630 110 650 134
person 0.03958683 758 82 778 103
person 0.039461672 685 68 705 90
person 0.039457634 442 50 461 69
person 0.03944131 56 50 93 141
person 0.039029986 1083 110 1113 147
person 0.03893514 1256 182 1272 212
person 0.038921587 1254 168 1268 215
person 0.03862644 542 163 575 199
person 0.03846898 364 392 391 436
person 0.037958324 315 480 340 506
person 0.03789858 1254 -277 1268 -268
person 0.037776254 59 66 89 113
person 0.037415523 41 218 69 257
person 0.037388418 0 186 10 246
person 0.036881253 -4 -183 19 -55
person 0.03687481 1248 269 1271 312
person 0.03675797 1253 -278 1271 -251
person 0.036750954 746 58 774 93
person 0.03640728 1077 158 1107 196
person 0.036392163 1241 -251 1274 -162
person 0.036339626 1038 115 1067 149
person 0.03631709 1080 296 1131 373
person 0.036258303 1138 285 1224 452
person 0.036182813 772 61 801 97
person 0.036121268 1166 226 1186 254
person 0.035654273 883 116 913 149
person 0.03565142 1242 -164 1273 -66
person 0.035528887 1256 -232 1267 -165
person 0.035370193 926 161 958 196
person 0.035365026 717 116 736 140
person 0.03522976 0 -283 10 -221
person 0.035136398 221 397 254 430
person 0.035132162 361 491 393 521
person 0.034976088 801 121 830 154
person 0.03495935 1048 85 1068 104
person 0.034833275 1186 144 1196 159
person 0.03478441 859 97 878 117
person 0.034722604 536 133 558 157
person 0.034593612 1171 826 1205 933
person 0.034581263 638 162 671 198
person 0.03450533 883 159 914 195
person 0.034504917 237 114 258 137
person 0.034367796 1015 251 1045 282
person 0.034310564 807 74 822 89
person 0.03418639 102 187 150 259
person 0.03403745 704 156 735 192
person 0.034030486 382 520 409 548
person 0.033683263 1176 -260 1192 -211
person 0.03360796 295 495 323 521
person 0.033519503 1261 36 1268 71
person 0.0334231 1256 230 1273 261
person 0.033393178 264 394 289 426
person 0.033387538 574 44 584 60
person 0.033372123 587 156 609 184
person 0.033325326 555 120 584 153
person 0.0332925 482 120 503 141
person 0.033219144 1107 431 1197 639
person 0.033113293 1254 125 1268 169
person 0.033075597 706 85 726 107
person 0.033044364 1257 833 1268 907
person 0.032991745 935 849 963 924
person 0.03299033 1073 108 1094 132
person 0.032924123 459 664 482 697
person 0.032857794 336 467 362 496
person 0.032764576 1214 132 1231 158
person 0.032698404 53 -278 72 -258
person 0.032695923 590 92 611 114
person 0.032619163 595 14 612 35
person 0.03253339 227 96 272 173
person 0.032443825 163 431 192 458
person 0.032411978 1091 213 1124 254
person 0.03224232 1083 97 1097 111
person 0.032178268 930 84 951 105
person 0.031976238 30 -277 46 -270
person 0.03142712 1025 163 1055 198
person 0.03142705 967 417 1005 481
person 0.031398885 906 207 957 278
person 0.03138008 886 849 914 924
person 0.031353142 1002 87 1022 108
person 0.031343114 115 -77 151 30
person 0.03126913 518 139 539 163
person 0.03125515 1089 248 1121 289
person 0.031174866 988 118 1018 151
person 0.030932898 984 849 1012 924
person 0.03090481 1030 295 1070 355
person 0.030888205 30 -278 49 -258
person 0.03072606 1120 167 1149 205
person 0.03070044 849 114 861 127
person 0.030683191 783 84 804 105
person 0.030657772 976 343 1016 405
person 0.030600404 1261 202 1268 237
person 0.030592548 983 159 1016 195
person 0.03058617 -11 480 34 644
person 0.030417005 1256 205 1272 236
person 0.03029957 805 84 825 105
person 0.030192876 938 313 982 373
person 0.030073404 690 34 714 71
person 0.029915394 746 35 772 73
person 0.029900812 1152 95 1170 117
person 0.029829489 634 134 654 161
person 0.029809067 1255 255 1273 287
person 0.029729176 109 301 141 346
person 0.029694172 1257 86 1272 115
person 0.029639341 544 95 563 116
person 0.029633727 976 84 996 104
person 0.02962478 101 160 121 186
person 0.029314525 757 116 776 139
person 0.029248146 849 129 870 155
person 0.029113958 1026 85 1046 105
person 0.028979557 1144 107 1163 131
person 0.02895978 340 444 364 475
person 0.028954469 594 40 614 62
person 0.028897228 99 65 127 104
person 0.02875733 1177 595 1223 714
person 0.028746756 333 437 408 538
person 0.02860151 520 118 540 139
person 0.028587837 404 162 436 196
person 0.028553247 -9 409 39 552
person 0.028529305 5 361 22 470
person 0.028516239 687 87 708 109
person 0.028461652 663 90 683 111
person 0.028404873 -8 675 34 840
person 0.028365979 905 385 977 486
person 0.02833097 940 206 973 245
person 0.028326947 53 266 85 312
person 0.028316697 942 119 972 152
person 0.028302258 983 213 1078 361
person 0.028240873 1261 227 1268 263
person 0.028072147 761 84 774 99
person 0.028066434 1184 159 1196 176
person 0.028028812 381 539 415 570
person 0.027833413 980 205 1014 245
person 0.02782853 544 68 572 104
person 0.027739478 185 306 206 334
person 0.027738776 754 372 854 549
person 0.027700488 147 204 177 240
person 0.027666563 419 50 438 69
person 0.027583234 1002 -277 1017 -268
person 0.027534809 602 70 623 93
person 0.027527194 70 586 90 618
person 0.027525084 660 108 680 132
person 0.027488058 439 160 461 186
person 0.027478041 1247 215 1271 256
person 0.027418027 1026 -277 1041 -268
person 0.027354633 962 277 1036 376
person 0.027161106 1051 -277 1065 -268
person 0.027139379 1240 -85 1273 11
person 0.026990196 663 67 683 89
person 0.026981615 167 389 205 447
person 0.02695505 386 507 411 533
person 0.026951669 53 -278 69 -270
person 0.026872424 1217 -277 1233 -269
person 0.0268608 953 86 973 107
person 0.026818091 1179 115 1198 139
person 0.026815623 770 409 840 514
person 0.02681342 598 16 608 32
person 0.026748866 977 -277 992 -268
person 0.026641957 725 111 745 134
person 0.026601713 709 136 730 163
person 0.02659111 544 61 562 84
person 0.026565794 834 87 848 101
person 0.026538327 438 635 465 667
person 0.026427139 1175 -124 1188 -68
person 0.026390733 1132 -265 1151 -206
person 0.0263856 642 726 658 800
person 0.026374122 1032 849 1061 924
person 0.026278796 908 90 928 110
person 0.026233561 486 138 500 151
person 0.026200047 183 325 306 471
person 0.02615855 990 419 1063 525
person 0.02608025 977 432 1076 626
person 0.0260246 983 -167 1012 -105
person 0.02600056 68 -133 93 -59
person 0.025933143 1148 136 1167 161
person 0.025721014 288 301 364 400
person 0.025697675 797 204 847 274
person 0.02563363 1075 -277 1090 -268
person 0.02563263 803 202 835 242
person 0.0254911 122 274 150 315
person 0.025413215 1038 404 1135 566
person 0.025353443 821 205 855 245
person 0.02524948 1126 134 1146 160
person 0.025160735 1091 869 1128 975
person 0.025139729 978 -278 995 -251
person 0.025135368 882 88 902 108
person 0.025106773 883 210 917 250
person 0.025098594 65 359 150 553
person 0.02508509 953 -277 968 -268
person 0.025077928 688 108 709 132
person 0.025042802 1003 -278 1019 -251
person 0.025036681 208 544 235 567
person 0.024947697 838 848 865 925
person 0.024869675 354 514 387 545
person 0.024841646 508 72 535 107
person 0.024811922 605 131 617 146
person 0.02475763 487 641 510 674
person 0.024717674 1006 129 1052 204
person 0.02466922 1139 207 1171 245
person 0.024590632 663 325 735 425
person 0.024587724 953 -278 970 -252
person 0.024558205 821 177 842 206
person 0.024539884 1261 7 1268 44
person 0.02453088 1256 -183 1267 -116
person 0.024506936 739 726 756 802
person 0.024504319 980 111 1000 132
person 0.02449809 1027 -278 1043 -250
person 0.024405599 -1 168 20 218
person 0.02432608 878 109 897 132
person 0.02428826 247 160 276 193
person 0.024239518 494 663 518 698
person 0.02423061 1069 137 1089 162
person 0.024213726 688 723 711 805
person 0.024212228 789 848 816 925
person 0.024209976 1190 144 1202 158
person 0.024206456 363 421 388 454
person 0.024186634 765 27 776 42
person 0.024131646 1051 -278 1068 -250
person 0.024093777 558 158 581 184
person 0.02404893 709 87 723 101
person 0.024035811 982 298 1005 326
person 0.024008038 1257 61 1272 90
person 0.024006428 607 44 618 61
person 0.023972308 124 204 135 220
person 0.023968644 910 117 955 191
person 0.023938714 1260 275 1268 311
person 0.023832232 640 91 654 104
person 0.02379862 1119 113 1131 128
person 0.02379161 147 193 165 217
person 0.023790618 0 -265 9 -174
person 0.023780383 -1 414 7 459
person 0.02375096 285 269 316 307
person 0.023739234 831 72 850 92
person 0.023731476 1002 110 1023 132
person 0.023639774 929 -278 946 -253
person 0.023634985 979 87 992 100
person 0.023590649 532 156 554 181
person 0.023589374 792 -257 825 -160
person 0.023575166 507 672 528 706
person 0.023570495 516 164 537 189
person 0.023556497 146 -54 180 12
person 0.02354337 1217 -278 1236 -258
person 0.023521585 52 328 152 460
person 0.023469275 1049 109 1070 131
person 0.023457576 437 623 466 652
person 0.023399014 1261 252 1268 289
person 0.023388693 982 69 1002 90
person 0.023343397 423 52 433 66
person 0.023234803 594 728 609 794
person 0.023233581 635 207 669 245
person 0.023207678 1005 89 1019 103
person 0.02311453 810 132 830 159
person 0.023093766 308 503 335 529
person 0.023064137 1163 301 1200 351
person 0.023061568 1193 115 1211 139
person 0.023037039 740 203 774 244
person 0.02300471 1075 -278 1092 -251
person 0.022994395 1051 87 1064 100
person 0.02299307 311 210 342 244
person 0.022861699 806 113 826 135
person 0.022819435 169 384 196 412
person 0.02273663 110 -124 134 -65
person 0.022717593 903 110 924 132
person 0.02271474 786 87 800 101
person 0.022700725 1 271 15 354
person 0.022697218 96 159 126 197
person 0.022650007 1176 -221 1191 -164
person 0.02261503 77 612 103 644
person 0.022575876 1256 -136 1267 -68
person 0.022556052 1260 138 1268 155
person 0.02248698 1063 296 1105 353
person 0.022481488 928 -277 944 -268
person 0.022457818 1099 -277 1114 -268
person 0.022456793 94 437 186 654
person 0.022433367 237 -13 275 83
person 0.022384886 287 429 312 458
person 0.022382705 827 134 848 161
person 0.022346688 -6 794 16 948
person 0.02234445 406 575 431 600
person 0.022329712 418 141 439 163
person 0.022308014 1005 68 1025 89
person 0.022303456 1179 849 1201 909
person 0.022276573 67 842 90 923
person 0.022256084 439 21 458 43
person 0.022229351 147 183 176 219
person 0.022228759 1088 -269 1114 -205
person 0.022216944 707 66 735 100
person 0.022155507 1256 -90 1267 -25
person 0.022122119 1105 77 1138 132
person 0.022114113 50 613 70 646
person 0.022092232 904 -278 922 -254
person 0.021989804 404 122 434 154
person 0.021899665 756 129 777 157
person 0.021888116 805 119 852 193
person 0.02187895 218 383 258 442
person 0.021836316 1260 162 1268 179
person 0.021794144 1176 -170 1189 -112
person 0.021757085 861 99 875 113
person 0.021747269 205 441 253 502
person 0.021716103 546 21 557 37
person 0.02168482 293 518 327 544
person 0.021558885 1029 903 1055 986
person 0.021556705 740 847 767 925
person 0.021540359 289 406 311 433
person 0.021493394 1195 -278 1214 -258
person 0.02146373 883 -273 917 -177
person 0.021418704 980 902 1006 986
person 0.021402653 75 387 140 508
person 0.021382215 924 793 947 851
person 0.02134176 1028 88 1043 101
person 0.021240462 630 320 665 385
person 0.021203388 421 63 440 85
person 0.021186696 1099 -278 1116 -252
person 0.021122687 45 587 65 622
person 0.021053093 1196 -277 1211 -269
person 0.021047248 988 878 1026 987
person 0.021033606 633 157 655 185
person 0.021013001 103 -8 143 89
person 0.021004086 125 -184 146 -122
person 0.021000214 1210 179 1228 207
person 0.020943007 1077 902 1103 986
person 0.020915769 268 425 293 450
person 0.020838244 1261 687 1267 728
person 0.020835422 308 401 424 567
person 0.020813413 931 902 957 987
person 0.020801274 1256 38 1272 68
person 0.020794457 812 157 833 186
person 0.020792156 237 110 265 145
person 0.020759592 1026 112 1046 134
person 0.020747716 0 -114 10 -33
person 0.020743893 599 124 613 138
person 0.020677231 837 84 867 119
person 0.020622332 573 541 588 575
person 0.020617565 956 111 976 133
person 0.020602915 933 87 947 100
person 0.0205991 351 167 382 199
person 0.020539474 118 861 153 982
person 0.020502536 450 66 478 101
person 0.020468097 1256 955 1264 1008
person 0.020422019 0 646 7 778
person 0.020420128 1147 161 1168 185
person 0.020385306 0 127 11 184
person 0.020370675 879 -278 898 -255
person 0.020352917 813 178 834 207
person 0.020350754 1126 753 1142 813
person 0.02034093 843 110 855 124
person 0.02032247 834 75 847 88
person 0.02031862 603 14 623 36
person 0.020317774 641 68 669 103
person 0.020226682 1131 852 1155 912
person 0.020154065 1034 68 1063 104
person 0.020122243 691 848 718 926
person 0.020114169 119 196 133 212
person 0.020098934 882 902 908 987
person 0.020087663 451 201 483 239
person 0.020071963 1097 136 1117 161
person 0.020027222 249 541 294 597
person 0.019995138 975 134 996 159
person 0.019980455 1253 71 1267 117
person 0.01997085 230 193 280 265
person 0.019927634 313 166 343 197
person 0.019911436 586 67 608 91
person 0.019886816 903 -277 919 -269
person 0.01984945 208 873 247 985
person 0.019843731 350 580 395 639
person 0.019829985 1262 596 1268 631
person 0.01982109 383 597 409 623
person 0.01981484 0 699 9 814
person 0.019808264 571 35 587 79
person 0.019725123 -2 261 20 334
person 0.0197044 600 76 636 130
person 0.019691808 174 357 199 385
person 0.019667452 65 307 97 359
person 0.019627487 956 88 970 102
person 0.01957058 885 358 995 538
person 0.019567123 17 319 24 365
person 0.019543925 193 408 218 432
person 0.019533632 1179 808 1196 854
person 0.019519558 953 138 974 163
person 0.019498931 237 -2 262 39
person 0.019483129 346 739 369 794
person 0.019442338 71 605 132 736
person 0.019424088 188 170 206 192
person 0.019401986 207 212 236 245
person 0.019378439 1260 114 1268 131
person 0.019366438 1261 667 1268 704
person 0.019338153 639 69 659 90
person 0.019334314 1104 109 1118 123
person 0.01924989 1157 199 1196 254
person 0.01924602 658 158 679 186
person 0.019224407 186 166 215 201
person 0.019212503 257 555 284 580
person 0.019157644 277 572 384 744
person 0.019150844 1166 376 1187 396
person 0.019132745 834 902 860 987
person 0.019117102 788 731 803 799
person 0.019111777 1008 71 1021 86
person 0.019101528 261 491 290 518
person 0.019088184 993 69 1022 103
person 0.019064967 1099 230 1121 260
person 0.01903305 927 109 948 131
person 0.019022392 1081 849 1109 924
person 0.019018268 267 280 385 454
person 0.018989822 1168 260 1191 289
person 0.018987361 957 70 976 91
person 0.018971711 1241 300 1270 369
person 0.018963829 751 322 868 465
person 0.018956149 1123 -278 1140 -254
person 0.01895386 597 40 610 58
person 0.01894823 727 132 747 158
person 0.018940821 241 116 254 132
person 0.018885585 968 386 1081 563
person 0.018873801 723 120 770 195
person 0.018815516 883 736 904 798
person 0.018814702 999 136 1020 161
person 0.0187843 321 95 364 172
person 0.018782835 308 -265 342 -170
person 0.01874836 225 369 253 401
person 0.018746676 465 649 491 679
person 0.018740948 231 394 262 425
person 0.018714266 489 179 510 206
person 0.018674176 1211 166 1230 192
person 0.018668065 94 576 115 607
person 0.018630993 342 504 368 530
person 0.018610356 1128 741 1139 776
person 0.01851244 1262 643 1268 678
person 0.018506363 124 -257 159 -163
person 0.018460372 1122 -277 1138 -269
person 0.018446365 985 72 998 86
person 0.018396413 106 -150 141 -43
person 0.0183659 1099 129 1145 204
person 0.018307248 742 27 752 42
person 0.018288152 471 343 547 447
person 0.0182195 261 480 290 505
person 0.018203253 1155 98 1167 112
person 0.018201618 596 31 621 74
person 0.018147266 758 178 779 207
person 0.0181382 785 902 811 987
person 0.018132377 301 120 331 153
person 0.018103996 543 19 561 39
person 0.018102996 776 36 802 76
person 0.018095879 212 -263 247 -171
person 0.018084222 1000 862 1023 944
person 0.018083213 213 433 242 457
person 0.01805408 933 72 952 92
person 0.018010931 951 862 975 944
person 0.01800869 875 136 896 162
person 0.018004796 950 209 971 238
person 0.0179907 990 302 1014 326
person 0.017966967 1048 863 1072 944
person 0.017966067 171 576 270 747
person 0.017961154 161 444 187 470
person 0.017957455 658 134 679 160
person 0.01794329 705 -257 738 -161
person 0.017937234 65 275 85 304
person 0.01790276 606 73 620 89
person 0.017871514 250 157 269 181
person 0.01784869 903 135 923 160
person 0.017848337 707 183 729 212
person 0.017813839 112 821 146 951
person 0.017804023 349 476 445 655
person 0.01778866 410 614 444 642
person 0.017776169 937 252 971 295
person 0.017752223 0 -244 6 -195
person 0.017733682 1194 866 1230 977
person 0.01773119 249 555 276 578
person 0.017727884 1150 186 1171 212
person 0.017679833 3 341 13 384
person 0.017679624 396 204 428 241
person 0.017664112 455 48 472 67
person 0.017661083 0 -268 6 -222
person 0.017651837 1120 186 1141 213
person 0.017649695 341 213 373 248
person 0.017615765 1178 179 1188 194
person 0.017609783 0 855 15 954
person 0.017583834 362 510 431 621
person 0.017573895 928 136 949 161
person 0.017558752 1151 743 1163 773
person 0.017549526 855 -278 873 -256
person 0.017508196 146 -185 168 -125
person 0.017506653 511 -260 544 -163
person 0.017504424 413 -262 446 -165
person 0.017496832 1048 137 1070 161
person 0.017490217 604 -262 638 -166
person 0.017488694 0 -167 10 -76
person 0.01747309 875 211 897 239
person 0.017405748 1123 161 1144 188
person 0.017403645 561 95 582 117
person 0.01739171 -1 392 5 435
person 0.017361676 902 862 926 944
person 0.017343089 730 790 752 850
person 0.017332284 782 114 803 137
person 0.017327119 481 208 512 246
person 0.017308164 20 352 34 429
person 0.017266227 188 599 214 623
person 0.017258314 736 902 762 987
person 0.0172429 353 118 383 149
person 0.017226407 684 204 719 245
person 0.017187757 234 594 261 617
person 0.01715921 1260 90 1268 107
person 0.017097093 1152 206 1173 232
person 0.017084774 1260 924 1267 976
person 0.01708089 518 -118 568 66
person 0.017056897 297 68 327 104
person 0.01704182 713 220 765 290
person 0.017027821 658 185 680 213
person 0.01701291 1126 903 1152 987
person 0.016987395 1239 343 1268 414
person 0.0169814 564 23 577 40
person 0.01695149 229 463 280 523
person 0.0169114 879 -277 895 -269
person 0.016890168 945 71 974 105
person 0.016880946 1023 135 1044 159
person 0.016875913 1153 723 1163 744
person 0.016849006 1098 207 1120 236
person 0.016837098 205 444 248 468
person 0.016832009 222 111 250 147
person 0.016830483 393 570 422 595
person 0.01682889 462 179 484 206
person 0.016824845 200 902 226 987
person 0.016822524 0 949 10 1005
person 0.016768973 1000 155 1022 182
person 0.016739318 0 291 7 334
person 0.01672007 641 44 662 66
person 0.01670671 318 322 346 364
person 0.0166976 165 -271 183 -212
person 0.016679611 927 181 949 210
person 0.016675115 933 734 951 796
person 0.01667152 642 848 669 926
person 0.016655214 97 586 119 617
person 0.01664476 245 137 267 160
person 0.016643455 1030 -272 1058 -207
person 0.016615026 666 93 680 107
person 0.016612384 190 428 215 453
person 0.016603218 137 506 174 567
person 0.016571553 -1 57 10 120
person 0.01656707 687 902 713 987
person 0.016562672 590 207 640 277
person 0.016561229 1215 121 1233 146
person 0.016553573 1262 621 1268 655
person 0.016537676 68 298 92 328
person 0.016522458 395 902 421 987
person 0.016520165 997 184 1019 212
person 0.016499655 444 902 470 987
person 0.01647594 1097 863 1120 945
person 0.016461419 570 55 589 78
person 0.01645046 646 295 752 469
person 0.016421607 876 791 899 850
person 0.016419059 0 803 10 902
person 0.016414123 249 902 275 987
person 0.016405527 681 135 702 161
person 0.01639381 303 879 342 989
person 0.01638883 346 902 372 987
person 0.016385393 492 902 518 987
person 0.016383449 1258 861 1268 951
person 0.016377734 114 310 139 338
person 0.016374739 588 -278 606 -254
person 0.016374039 948 231 969 260
person 0.016369961 684 156 705 184
person 0.016367797 491 -278 509 -254
person 0.016361041 515 -278 533 -254
person 0.01635939 320 -278 338 -254
person 0.016359115 345 -278 363 -254
person 0.016358932 296 -278 314 -254
person 0.01635878 247 -278 265 -254
person 0.01635805 466 -278 485 -254
person 0.01635772 271 -278 290 -254
person 0.016357137 369 -278 387 -254
person 0.016356768 874 160 895 188
person 0.016356146 564 -278 582 -254
person 0.01635577 393 -278 412 -254
person 0.016353715 613 -278 631 -254
person 0.01635281 418 -278 436 -254
person 0.016350523 73 -184 95 -105
person 0.016348038 442 -278 460 -254
person 0.016340978 539 -278 558 -254
person 0.016340403 223 -278 241 -254
person 0.01633619 460 330 558 522
person 0.016331807 151 902 177 987
person 0.016329845 1147 110 1160 124
person 0.01629633 1260 65 1267 83
person 0.016293747 298 902 323 987
person 0.016280683 449 137 463 150
person 0.016278476 235 487 283 544
person 0.016275987 1198 522 1243 629
person 0.01627066 690 89 705 103
person 0.016263723 1096 183 1117 211
person 0.01624566 1028 68 1047 89
person 0.016239436 1031 -167 1062 -111
person 0.016234668 0 2 6 42
person 0.016229574 54 902 80 988
person 0.01622764 637 -278 655 -254
person 0.016223788 639 902 664 987
person 0.01621039 695 29 704 43
person 0.01619687 541 902 567 987
person 0.01619225 661 -278 680 -254
person 0.016165616 885 72 914 105
person 0.016164942 198 -278 217 -254
person 0.01616335 590 902 616 987
person 0.016163288 826 208 848 236
person 0.016139654 1005 726 1014 747
person 0.016108602 -1 -214 15 -118
person 0.016081931 682 403 702 436
person 0.016069282 533 663 556 697
person 0.01604105 1182 -79 1198 -25
person 0.016027946 1174 903 1200 987
person 0.016024057 442 24 454 40
person 0.016015751 211 488 258 544
person 0.016014595 1071 157 1093 184
person 0.0160038 -1 707 6 753
person 0.015983606 301 733 317 792
person 0.015967151 1147 -278 1165 -256
person 0.015955858 886 -272 904 -207
person 0.01595126 238 521 265 548
person 0.015943725 1076 110 1091 124
person 0.015931984 391 143 411 165
person 0.015929792 686 -278 704 -254
person 0.015917398 602 293 712 482
person 0.01590345 606 601 679 826
person 0.015883122 624 330 697 438
person 0.015879156 691 25 709 46
person 0.015856884 987 -29 1004 11
person 0.01585233 151 60 180 97
person 0.01584166 154 441 196 500
person 0.015822988 1127 808 1152 861
person 0.015805919 74 -55 105 11
person 0.015797129 372 98 391 118
person 0.015777823 303 -100 357 64
person 0.015736328 125 -266 140 -211
person 0.015711399 334 556 362 578
person 0.0157108 854 862 877 945
person 0.015708316 593 93 608 109
person 0.015681332 993 282 1017 310
person 0.015677035 80 -265 93 -209
person 0.015673555 778 791 800 851
person 0.015668325 950 156 971 184
person 0.015662363 174 -278 192 -254
person 0.015639545 844 -269 862 -208
person 0.015621577 1023 156 1045 184
person 0.0156096 110 205 129 235
person 0.015584129 1095 160 1116 186
person 0.01557396 1130 302 1173 361
person 0.015573403 546 208 580 246
person 0.015544158 497 880 536 990
person 0.015541757 726 245 759 288
person 0.015540372 814 51 825 65
person 0.01553168 18 -124 47 -9
person 0.015508569 593 848 621 926
person 0.015494641 710 -278 728 -255
person 0.015481604 910 92 924 106
person 0.01545636 1047 185 1069 213
person 0.015455846 1127 252 1162 294
person 0.015435244 415 863 435 894
person 0.015432345 1244 405 1270 478
person 0.0154319415 439 863 459 894
person 0.015425892 87 394 122 425
person 0.015402343 652 34 677 73
person 0.01539507 92 625 177 830
person 0.015388712 1209 114 1250 197
person 0.0153823625 564 567 582 602
person 0.015361396 113 447 137 471
person 0.01536118 186 614 258 732
person 0.015361072 411 553 437 578
person 0.015318225 1194 865 1217 949
person 0.015314937 885 90 899 103
person 0.01531299 561 114 577 126
person 0.015312982 832 -278 850 -256
person 0.015312248 399 880 439 989
person 0.015311329 394 462 426 506
person 0.015285325 1105 -260 1115 -218
person 0.015284407 1257 9 1272 41
person 0.015268582 463 863 484 894
person 0.015237305 120 247 141 277
person 0.0152227655 390 863 411 894
person 0.015202664 -5 296 11 328
person 0.015186453 197 -164 230 -55
person 0.015172204 595 879 633 991
person 0.015145139 980 182 1002 210
person 0.015124015 1178 90 1196 112
person 0.015103658 1022 210 1044 240
person 0.015095275 607 17 619 33
person 0.015089959 0 130 8 166
person 0.015087466 692 880 730 993
person 0.015085567 787 27 797 41
person 0.015059141 888 882 925 993
person 0.015051386 727 159 748 186
person 0.015042749 974 155 995 183
person 0.015020801 409 66 437 100
person 0.015008987 794 -269 812 -209
person 0.015004448 900 233 922 261
person 0.014977889 789 880 827 991
person 0.014968529 488 863 508 894
person 0.01496048 1024 182 1045 211
person 0.01495455 110 188 128 214
person 0.014953145 157 -122 181 -64
person 0.014949964 902 158 923 185
person 0.014921075 0 -221 6 -171
person 0.014905698 366 863 386 894
person 0.014898327 1023 343 1061 409
person 0.014878424 150 -278 168 -255
person 0.014860885 681 185 702 213
person 0.014852154 634 863 654 894
person 0.0148154795 511 183 533 210
person 0.014810643 997 207 1019 237
person 0.014804897 1168 155 1205 211
person 0.014792918 1049 281 1075 307
person 0.014778734 779 159 800 186
person 0.014771065 609 863 630 894
person 0.014750732 658 863 679 894
person 0.014727355 853 161 874 188
person 0.014704663 993 466 1063 586
person 0.014696472 1090 -23 1114 24
person 0.014680129 1146 -277 1162 -269
person 0.014674414 962 728 970 745
person 0.0146718845 -4 -280 16 -198
person 0.014666327 675 416 696 450
person 0.014660989 1119 207 1141 235
person 0.014650473 103 902 129 989
person 0.014646738 734 -278 753 -255
person 0.014646358 341 863 362 894
person 0.014645574 780 135 800 161
person 0.0146443825 398 849 426 925
person 0.014631617 440 181 460 209
person 0.014629473 512 863 532 894
person 0.01462768 -1 437 6 485
person 0.014605372 1247 -278 1271 -206
person 0.014602983 933 -172 958 -104
person 0.014592284 76 -278 95 -257
person 0.014588732 1246 630 1257 731
person 0.014568971 585 863 605 894
person 0.014567874 310 459 331 486
person 0.014567622 255 213 286 246
person 0.014565629 36 212 73 270
person 0.014564761 459 50 468 65
person 0.014563877 642 70 656 86
person 0.014469868 424 282 503 390
person 0.014447145 317 863 337 894
person 0.014422027 875 183 896 211
person 0.014415583 683 863 703 894
person 0.014414499 536 863 557 894
person 0.014391747 447 849 475 924
person 0.01438312 561 863 581 894
person 0.014379368 960 74 972 87
person 0.014377815 -5 201 11 233
person 0.014366635 1259 -92 1267 -46
person 0.014362455 293 863 313 894
person 0.014351524 355 548 451 740
person 0.0143454885 889 251 924 294
person 0.014323654 430 236 507 332
person 0.014289092 496 848 524 925
person 0.0142845735 1171 -278 1186 -269
person 0.014275377 268 863 289 894
person 0.014265938 945 247 1053 426
person 0.014255448 985 -279 1004 -206
person 0.014249533 377 140 395 161
person 0.014249332 398 607 445 668
person 0.014244826 125 -278 144 -255
person 0.014234919 631 394 659 427
person 0.014228912 51 42 71 70
person 0.014221449 394 739 417 795
person 0.014208139 854 -278 871 -269
person 0.014193747 759 -278 777 -255
person 0.014193106 249 58 277 95
person 0.014189243 0 -60 10 9
person 0.014186302 542 111 557 124
person 0.014172379 1126 68 1144 92
person 0.014168809 1036 -26 1062 18
person 0.014167451 244 863 264 894
person 0.014164706 252 735 268 794
person 0.014150272 883 296 924 357
person 0.014148017 635 185 657 212
person 0.014146919 111 486 150 554
person 0.01414511 608 183 631 210
person 0.014124205 807 -278 826 -256
person 0.014122758 730 183 752 211
person 0.014116633 297 616 372 730
person 0.014110189 936 -261 946 -219
person 0.014107617 1053 67 1072 89
person 0.014106488 -5 420 10 453
person 0.014103126 1171 -278 1189 -257
person 0.0140816355 817 503 826 523
person 0.014076441 392 158 412 183
person 0.014063509 691 -187 704 -133
person 0.014035853 239 620 268 645
person 0.014020294 783 -278 802 -255
person 0.014015324 521 107 567 185
person 0.013987393 207 -273 225 -213
person 0.013975501 1256 -42 1268 15
person 0.013973919 559 184 580 211
person 0.013965399 929 205 951 234
person 0.013960068 707 863 727 894
person 0.013944842 532 184 554 212
person 0.013936929 762 23 780 44
person 0.013930969 519 620 542 653
person 0.013924131 97 -109 171 81
person 0.013902314 1069 183 1091 211
person 0.013900372 220 863 240 894
person 0.013890114 1206 446 1237 518
person 0.01388589 1259 -238 1267 -193
person 0.0138769075 1045 158 1066 185
person 0.013871623 755 208 777 236
person 0.013865349 585 183 608 210
person 0.013863277 0 756 10 853
person 0.013843388 934 -275 952 -204
person 0.013842972 856 67 875 87
person 0.013841058 92 -21 152 113
person 0.013824406 974 208 996 237
person 0.013821363 1182 118 1194 133
person 0.013816593 948 184 970 212
person 0.013805736 149 260 181 297
person 0.013786356 539 725 563 802
person 0.013765206 386 479 410 505
person 0.013752593 414 183 435 210
person 0.01374722 1261 571 1268 607
person 0.01371094 827 791 850 850
person 0.013696562 349 848 377 925
person 0.013681123 6 390 34 476
person 0.013681008 855 209 876 237
person 0.0136734545 440 120 459 140
person 0.013665971 811 47 829 67
person 0.013657381 139 346 183 406
person 0.013656829 941 -26 957 15
person 0.0136405695 1259 -117 1267 -71
person 0.013611524 731 862 752 894
person 0.013565199 1260 606 1269 619
person 0.013549243 547 578 565 610
person 0.013533377 982 113 996 126
person 0.013522833 104 160 117 180
person 0.013517116 -4 -262 10 -228
person 0.0135122705 403 256 523 442
person 0.013505066 1260 496 1268 534
person 0.013499134 0 680 6 728
person 0.013488146 1211 617 1284 837
person 0.013478568 853 183 874 211
person 0.013462442 1260 652 1269 666
person 0.013458857 805 862 828 945
person 0.013446434 314 215 365 285
person 0.013441642 736 -219 766 -105
person 0.013428153 880 67 899 88
person 0.013399384 289 454 309 505
person 0.01339801 545 848 572 925
person 0.013396775 1243 209 1273 273
person 0.013394582 -6 63 11 93
person 0.013381185 245 303 278 344
person 0.013364752 1146 701 1156 720
person 0.01336159 1260 43 1267 61
person 0.013358798 737 738 752 774
person 0.0133506125 1000 257 1028 287
person 0.013346731 756 862 776 894
person 0.013340937 305 519 335 546
person 0.013321162 829 862 849 893
person 0.0133197 784 506 795 529
person 0.013311594 853 862 874 893
person 0.013304432 780 862 800 894
person 0.013300081 804 862 825 894
person 0.013298548 281 587 326 644
person 0.013276637 195 863 215 894
person 0.013276129 986 727 995 746
person 0.0132605545 1105 67 1122 89
person 0.013231105 -3 177 14 209
person 0.013221609 681 791 704 852
person 0.0131994365 899 291 1008 462
person 0.013184655 878 862 898 893
person 0.013174193 464 163 479 178
person 0.01315803 1248 -188 1269 -108
person 0.013156847 899 209 921 237
person 0.013140248 1250 872 1269 965
person 0.013121011 387 613 423 643
person 0.013120734 1226 17 1263 107
person 0.013119505 1176 743 1185 770
person 0.013102124 93 616 118 650
person 0.013089663 1072 231 1096 259
person 0.01308127 833 729 856 808
person 0.013072538 713 739 728 774
person 0.013043901 195 -183 217 -126
person 0.013010352 738 23 757 45
person 0.013009422 0 -196 6 -146
person 0.012988536 79 396 104 426
person 0.01297234 810 522 820 548
person 0.012962526 1259 -141 1267 -95
person 0.01295125 1031 71 1044 86
person 0.012938949 1260 676 1268 691
person 0.012937188 114 434 136 456
person 0.012929988 907 66 926 86
person 0.01292037 560 135 573 147
person 0.012915549 1103 740 1114 775
person 0.012910266 186 349 207 378
person 0.012902606 834 250 869 295
person 0.012901792 631 592 685 744
person 0.01290172 1255 300 1272 332
person 0.012884951 989 291 1007 335
person 0.012884607 960 -261 970 -219
person 0.012881253 483 623 565 831
person 0.012838734 1259 -190 1267 -144
person 0.012823151 1260 185 1268 202
person 0.01281859 430 -115 481 66
person 0.012773089 1259 -214 1267 -169
person 0.012765184 0 152 9 186
person 0.0127569605 438 674 464 702
person 0.012745632 13 325 29 359
person 0.012742914 217 76 245 114
person 0.0127315875 546 63 557 80
person 0.01272967 1170 -269 1196 -199
person 0.012720773 1249 833 1270 917
person 0.012712715 206 813 255 944
person 0.012712673 1207 488 1237 561
person 0.012693101 1174 205 1185 220
person 0.012680868 795 444 824 472
person 0.012676773 539 -109 557 -78
person 0.012669906 301 848 328 926
person 0.012667967 486 124 501 136
person 0.012665731 255 -273 272 -214
person 0.012659042 902 862 923 893
person 0.012652697 644 46 658 62
person 0.01263805 0 730 7 778
person 0.012629937 1005 112 1019 126
person 0.012592233 594 687 611 774
person 0.012591203 1260 630 1269 643
person 0.012561636 1112 620 1134 651
person 0.012547638 375 100 386 115
person 0.012542576 240 425 267 449
person 0.012530056 96 422 123 448
person 0.012509293 358 79 386 114
person 0.012486847 126 -236 141 -171
person 0.012482191 393 208 414 237
person 0.01247443 359 580 386 601
person 0.012471716 -4 -237 10 -203
person 0.012460897 1192 565 1231 592
person 0.012455869 1071 208 1093 236
person 0.012448106 900 182 921 210
person 0.012444965 304 135 321 157
person 0.012439462 0 585 6 630
person 0.012437482 978 285 1001 314
person 0.012436054 1204 525 1236 598
person 0.012430222 1254 28 1267 75
person 0.0124301445 0 414 8 515
person 0.012419667 216 625 245 647
person 0.01241268 436 607 460 632
person 0.012411855 688 600 757 834
person 0.012403168 874 230 896 259
person 0.012401836 633 112 647 126
person 0.012395455 63 100 93 143
person 0.0123914145 514 -109 532 -78
person 0.012387897 358 589 393 617
person 0.012374417 -6 35 11 65
person 0.012362585 987 -230 1009 -150
person 0.01234047 761 738 776 773
person 0.012338801 831 -278 848 -269
person 0.012337583 0 31 6 69
person 0.012334102 1217 135 1228 150
person 0.012311961 291 540 330 569
person 0.012309451 1259 -165 1267 -120
person 0.012306031 -5 7 11 37
person 0.0123024965 264 261 296 296
person 0.012293118 927 862 947 893
person 0.012286103 1260 697 1267 714
person 0.012267098 101 -278 119 -256
person 0.012254843 1151 229 1173 257
person 0.012251554 972 794 995 852
person 0.012251312 141 199 159 226
person 0.01223886 517 17 530 34
person 0.01223871 152 737 167 773
person 0.012238209 127 84 192 191
person 0.012238046 332 272 361 312
person 0.012230233 -3 155 14 184
person 0.0122073665 493 740 505 776
person 0.012203355 841 292 880 354
person 0.012203103 362 617 396 645
person 0.012194391 99 444 125 472
person 0.012192197 1248 -141 1269 -60
person 0.012189883 444 96 507 210
person 0.012174998 304 540 341 566
person 0.012166886 643 -186 656 -134
person 0.012154611 691 690 705 776
person 0.012153363 797 -217 828 -104
person 0.0121412035 884 256 928 314
person 0.0121382475 778 184 799 211
person 0.012135887 747 -270 764 -210
person 0.012132251 1176 68 1204 104
person 0.012126235 1135 349 1174 413
person 0.0121188285 543 592 565 626
person 0.012102238 1049 257 1075 286
person 0.012099115 1119 232 1141 259
person 0.012074654 65 345 96 376
person 0.012064567 442 690 467 720
person 0.012063504 524 -64 593 167
person 0.012050894 729 113 742 127
person 0.012041418 973 257 997 287
person 0.012041203 94 825 171 1020
person 0.012018941 959 735 970 772
person 0.0120059755 1259 714 1267 755
person 0.011988307 171 862 191 894
person 0.011983575 1052 112 1066 125
person 0.011980725 -1 461 6 506
person 0.011972763 1248 787 1270 864
person 0.011968088 975 211 1019 266
person 0.011941373 524 97 541 117
person 0.011939771 1146 864 1169 947
person 0.011937392 365 164 385 188
person 0.011927509 981 -267 1018 -175
person 0.011910436 1047 206 1069 235
person 0.0118952505 1260 297 1268 334
person 0.011893182 383 520 403 567
person 0.011877339 957 742 968 761
person 0.011868121 0 778 6 827
person 0.011853227 1077 65 1095 87
person 0.011845588 0 660 14 772
person 0.011838513 490 627 515 658
person 0.01183607 304 -273 321 -214
person 0.011825718 782 518 796 550
person 0.011813181 523 122 536 135
person 0.011807845 951 861 972 893
person 0.011802254 -4 134 12 162
person 0.01176244 368 548 397 573
person 0.011754329 988 717 997 759
person 0.011752052 881 112 894 125
person 0.01174624 0 -172 6 -122
person 0.0117435055 720 119 732 133
person 0.011743344 756 862 779 946
person 0.011732579 394 189 415 216
person 0.011732437 -21 111 59 264
person 0.011729756 0 484 6 534
person 0.011727772 629 210 674 264
person 0.011727306 830 256 873 314
person 0.0117116375 796 247 829 294
person 0.011711263 1064 830 1146 1007
person 0.011703617 0 -46 6 2
person 0.011698257 858 517 871 547
person 0.011693704 1081 -261 1091 -218
person 0.011686262 911 -261 922 -218
person 0.011677822 1046 567 1146 750
person 0.0116723245 963 718 972 757
person 0.0116695855 469 736 481 773
person 0.011668018 837 501 847 520
person 0.0116645545 836 41 854 62
person 0.011649036 344 165 364 188
person 0.0116482405 605 803 649 952
person 0.011647757 182 826 267 1012
person 0.011646483 0 922 6 977
person 0.0116391145 628 250 672 309
person 0.011627687 0 -14 7 27
person 0.0116268825 1130 -258 1168 -168
person 0.011614795 645 651 664 763
person 0.011609197 48 571 68 607
person 0.011604908 0 802 6 851
person 0.011599833 1051 715 1062 756
person 0.011587561 859 71 872 84
person 0.011583443 252 848 280 926
person 0.011576932 662 396 684 428
person 0.011569616 -3 192 17 238
person 0.011569378 959 113 973 126
person 0.011559272 984 -261 994 -219
person 0.011554898 936 75 948 89
person 0.01154874 414 208 436 236
person 0.011528547 981 736 998 793
person 0.011525302 54 878 73 913
person 0.011514596 816 208 860 264
person 0.011496314 779 208 800 237
person 0.011481822 206 -119 230 -61
person 0.01146905 468 231 545 330
person 0.011467597 71 861 93 947
person 0.011465153 1079 670 1096 707
person 0.011464689 415 -57 489 168
person 0.011451268 334 568 364 592
person 0.011448482 -5 275 11 309
person 0.0114401905 1174 406 1189 426
person 0.011439711 203 260 235 294
person 0.011437247 267 524 295 545
person 0.011416816 1206 581 1236 655
person 0.011412495 220 594 251 620
person 0.011410397 1260 349 1268 386
person 0.01140516 247 568 276 591
person 0.011404697 1061 344 1098 409
person 0.011402944 469 697 491 727
person 0.011387049 -1 536 6 580
person 0.011386143 92 355 118 379
person 0.011377895 975 861 996 893
person 0.01137543 388 791 411 847
person 0.011347871 280 264 321 321
person 0.011340074 68 515 85 549
person 0.011339428 1047 575 1060 589
person 0.011330284 504 682 524 717
person 0.0113276625 76 -278 92 -269
person 0.011326973 826 233 848 262
person 0.011320488 1120 255 1143 284
person 0.011309588 0 222 6 264
person 0.011309471 1150 767 1166 803
person 0.011308528 225 -26 282 110
person 0.011307511 1021 304 1044 327
person 0.011303598 119 227 129 244
person 0.011299654 786 737 800 774
person 0.011297955 419 114 438 135
person 0.011281631 419 12 439 36
person 0.011262898 503 576 596 764
person 0.011258178 110 845 135 925
person 0.011255891 777 376 800 411
person 0.011253519 715 27 726 42
person 0.011249811 333 591 370 617
person 0.011244598 304 788 361 907
person 0.011243914 90 557 118 628
person 0.011240623 974 -118 1007 -64
person 0.011235733 483 718 501 752
person 0.011234418 1261 903 1268 952
person 0.011233227 760 117 773 131
person 0.011233126 164 594 196 622
person 0.011225973 668 29 678 44
person 0.011217371 664 25 682 46
person 0.011213975 -5 591 10 623
person 0.011185297 -1 198 7 237
person 0.011173473 807 -278 823 -269
person 0.011172798 1254 601 1275 623
person 0.011167147 906 112 920 125
person 0.011161115 1191 205 1213 233
person 0.0111611085 370 113 391 135
person 0.011160093 445 742 458 780
person 0.011144544 0 510 8 556
person 0.011131546 1083 815 1134 940
person 0.0111313 1029 115 1043 128
person 0.011130576 1001 230 1024 260
person 0.011129647 150 194 161 212
person 0.011118406 119 410 145 431
person 0.01111709 -6 227 11 259
person 0.011111634 971 232 993 261
person 0.011099165 0 753 6 802
person 0.011091652 1200 743 1209 770
person 0.011083335 1147 692 1157 727
person 0.011073445 563 -109 581 -77
person 0.011069295 540 41 560 62
person 0.01105994 1248 -97 1269 -17
person 0.011050311 248 -180 264 -127
person 0.011042908 0 270 7 313
person 0.011040534 406 639 442 672
person 0.01103243 313 -58 389 156
person 0.011006396 229 361 251 390
person 0.010998752 880 839 897 871
person 0.0109878965 681 208 703 236
person 0.010987005 1138 212 1232 371
person 0.010979562 1201 724 1210 743
person 0.010952608 343 432 365 461
person 0.010950712 353 -273 369 -214
person 0.0109491665 932 736 945 772
person 0.0109408 200 446 230 473
person 0.010939588 562 371 583 401
person 0.01093884 881 523 899 556
person 0.010931201 1129 -259 1139 -218
person 0.010920731 449 36 472 75
person 0.010912627 192 173 202 188
person 0.010912483 1009 3 1051 84
person 0.010911021 781 -85 798 -54
person 0.010905814 707 862 730 946
person 0.010904704 1129 717 1140 755
person 0.010904529 729 209 750 237
person 0.010901942 235 456 266 478
person 0.010901736 606 373 626 403
person 0.010900877 79 -231 93 -164
person 0.010883319 215 88 279 196
person 0.010881897 588 -277 604 -269
person 0.010877586 504 793 556 912
person 0.010876084 0 851 7 899
person 0.010869202 344 -109 361 -77
person 0.010869052 612 -277 628 -269
person 0.010867407 563 -277 580 -269
person 0.010866967 490 -277 507 -269
person 0.010863805 515 -277 531 -269
person 0.0108611565 466 -277 482 -269
person 0.010859983 247 -277 263 -269
person 0.010859419 320 -277 336 -269
person 0.010859081 295 -277 312 -269
person 0.010859036 344 -277 360 -269
person 0.01085839 271 -277 287 -269
person 0.010857791 368 -277 385 -269
person 0.010856914 393 -277 409 -269
person 0.01085652 222 -277 238 -269
person 0.010855517 539 -277 555 -269
person 0.010855271 417 -277 433 -269
person 0.010854478 704 207 726 235
person 0.010854011 441 -277 458 -269
person 0.010853424 340 792 363 849
person 0.01085264 1255 353 1272 384
person 0.010841922 0 827 7 875
person 0.01083828 460 497 488 540
person 0.010836655 904 839 922 871
person 0.010836349 1128 723 1138 742
person 0.010833692 535 206 557 234
person 0.010829986 679 349 707 386
person 0.010826969 -13 206 77 368
person 0.010824988 1260 -20 1268 20
person 0.01081831 636 -277 653 -269
person 0.0108179385 490 -109 508 -78
person 0.010807615 458 205 479 233
person 0.010807483 814 159 857 213
person 0.010802498 191 616 219 640
person 0.010802371 661 -277 677 -269
person 0.010798896 1210 520 1234 548
person 0.010792776 1181 94 1193 107
person 0.010791116 1000 861 1020 893
person 0.0107874265 935 210 979 265
person 0.010780717 485 698 507 731
person 0.010773453 89 373 119 401
person 0.010770856 99 438 139 501
person 0.01076305 198 -277 214 -269
person 0.010756899 1218 569 1230 666
person 0.010751683 687 249 728 310
person 0.010748586 439 210 461 238
person 0.010735288 466 461 491 504
person 0.010731506 802 162 843 216
person 0.010726704 1196 119 1209 133
person 0.010712389 587 794 604 850
person 0.010711433 929 839 946 870
person 0.010710979 63 157 94 197
person 0.01068764 826 1 866 90
person 0.010684863 404 793 458 909
person 0.010684081 369 -109 386 -77
person 0.010681057 69 567 91 603
person 0.010679627 685 -277 701 -269
person 0.010674123 369 585 440 700
person 0.010673764 337 620 369 644
person 0.010654863 128 718 143 811
person 0.010651215 54 855 71 891
person 0.010645462 1105 723 1115 743
person 0.0106422035 783 -278 799 -269
person 0.010633883 74 -101 97 -47
person 0.010632925 147 457 172 479
person 0.010621027 925 232 947 260
person 0.010619519 856 840 873 871
person 0.010610545 177 738 191 773
person 0.010610085 116 471 145 497
person 0.010609535 190 385 214 410
person 0.010608764 520 611 582 740
person 0.010597383 1193 89 1211 112
person 0.010593509 741 -188 753 -132
person 0.010587273 554 351 575 378
person 0.010580143 393 -109 410 -77
person 0.010573177 1162 373 1190 401
person 0.010558197 1054 269 1161 446
person 0.010551798 365 183 385 210
person 0.010551585 190 539 243 595
person 0.010550549 1186 592 1232 615
person 0.010545025 905 552 924 582
person 0.010539946 260 385 283 413
person 0.010538156 1140 672 1160 705
person 0.010530382 521 142 536 155
person 0.010525405 1006 716 1017 757
person 0.01052406 1070 690 1083 734
person 0.010522451 783 22 801 43
person 0.010518857 709 -277 726 -269
person 0.010513667 98 120 128 161
person 0.010509239 1074 741 1091 799
person 0.010505758 357 503 378 556
person 0.010499925 111 473 179 608
person 0.0104994 141 483 167 506
person 0.010497989 173 -277 190 -269
person 0.010487528 141 519 173 548
person 0.010476073 734 209 779 265
person 0.010472277 0 -147 7 -98
person 0.01047162 804 231 826 260
person 0.0104664685 213 549 231 560
person 0.01046156 592 154 637 206
person 0.010445279 291 793 314 850
person 0.01044279 319 -109 337 -77
person 0.010439646 995 809 1042 944
person 0.0104288645 539 840 556 872
person 0.010425764 771 442 798 473
person 0.0104226265 484 226 507 255
person 0.010416893 899 791 948 913
person 0.010415536 1251 750 1270 805
person 0.010409091 26 930 44 967
person 0.010400249 290 597 317 621
person 0.010399045 -1 559 6 605
person 0.010389535 547 97 560 112
person 0.010387403 800 792 846 914
person 0.010384629 720 347 753 417
person 0.010381968 1260 421 1268 460
person 0.010381219 447 64 467 87
person 0.010379734 -4 858 11 891
person 0.010376659 758 -278 774 -269
person 0.010354794 515 840 532 872
person 0.01035047 0 593 9 730
person 0.010346148 451 393 476 438
person 0.01034219 733 -85 750 -53
person 0.01033588 271 840 289 872
person 0.0103334375 296 840 313 872
person 0.010332964 831 840 849 872
person 0.010331989 658 862 681 946
person 0.010329469 1171 299 1197 326
person 0.010323421 757 -85 775 -54
person 0.010321284 34 689 46 730
person 0.010320811 882 -213 913 -104
person 0.010319203 223 840 240 872
person 0.010318799 1260 880 1268 925
person 0.010317917 198 543 229 571
person 0.0103094 247 840 264 872
person 0.010307411 1009 -262 1018 -219
person 0.01030671 695 -272 711 -212
person 0.010303286 584 210 608 237
person 0.010301264 459 629 483 657
person 0.010294071 320 840 337 872
person 0.0102893645 807 840 824 872
person 0.010288311 564 840 581 872
person 0.010282695 219 643 247 665
person 0.0102737695 734 -277 750 -269
person 0.010267798 156 -238 171 -179
person 0.010267623 783 840 800 872
person 0.010267091 1172 748 1193 812
person 0.010254165 1178 858 1236 999
person 0.010252593 710 840 727 872
person 0.010234725 198 840 215 872
person 0.0102334535 1259 737 1267 778
person 0.01022587 734 840 751 872
person 0.010222072 759 840 776 872
person 0.010214877 885 -259 899 -218
person 0.010207657 120 29 147 73
person 0.010200178 149 33 176 76
person 0.010191238 417 -109 435 -77
person 0.01018914 401 -273 418 -214
person 0.010188597 204 848 231 926
person 0.010184087 509 236 532 263
person 0.010179479 1115 665 1137 703
person 0.0101749385 0 -123 7 -74
person 0.010167445 685 840 703 872
person 0.010166682 120 -102 145 -47
person 0.010157186 417 880 439 913
person 0.01014626 1024 860 1044 893
person 0.01014358 633 342 658 376
person 0.010143024 504 376 527 406
person 0.010135989 344 840 362 872
person 0.010135922 0 549 9 674
person 0.010130823 442 880 463 913
person 0.010119931 490 840 508 872
person 0.010116831 412 603 438 628
person 0.010116077 246 642 273 669
person 0.010112163 393 880 414 913
person 0.010111022 514 -87 535 -59
person 0.010104104 1255 500 1273 529
person 0.010097515 30 13 114 173
person 0.010096562 786 485 801 504
person 0.010090954 263 621 288 644
person 0.010084891 466 880 488 913
person 0.010081198 938 728 946 747
person 0.010076754 430 73 518 258
person 0.010071724 409 207 529 367
person 0.010069324 1243 163 1274 226
person 0.010069185 995 15 1012 52
person 0.010065279 390 689 413 720
person 0.010062842 316 600 345 622
person 0.01006212 1215 492 1239 525
person 0.010055521 1057 -262 1067 -219
person 0.010048108 588 840 605 872
person 0.010047933 733 503 745 539
person 0.010034032 1151 139 1164 154
person 0.010033264 930 112 944 125
person 0.010029528 300 504 324 570
person 0.010023413 149 -277 165 -269
person 0.010019372 368 880 390 913
person 0.010010906 809 115 823 128
person 0.010010243 0 59 6 97
person 0.010009956 296 -192 328 -75
