person 0.7383094 726 176 762 221
person 0.72105175 780 176 817 220
person 0.69821227 825 76 843 98
person 0.6939325 861 186 897 230
person 0.6936273 933 113 951 138
person 0.6905805 817 146 844 179
person 0.68916404 724 100 743 124
person 0.68469715 885 75 902 96
person 0.68283796 744 55 759 73
person 0.68128234 850 78 867 100
person 0.68123424 577 95 594 117
person 0.67411155 551 181 580 215
person 0.67373425 659 137 686 167
person 0.6715243 915 73 931 93
person 0.65875715 912 134 936 164
person 0.6584438 947 95 963 117
person 0.65507185 613 134 638 163
person 0.6506323 771 136 798 167
person 0.6490844 857 131 882 161
person 0.62208647 788 61 804 80
person 0.6094901 293 139 309 161
person 0.60712963 766 105 791 132
person 0.6061533 878 115 897 138
person 0.60470265 982 118 998 141
person 0.6038855 809 71 826 91
person 0.6034045 651 111 670 134
person 0.60176194 470 103 487 125
person 0.5958547 689 102 707 125
person 0.5940161 626 93 643 115
person 0.592695 667 168 697 200
person 0.59053785 310 139 326 162
person 0.5905303 899 92 916 114
person 0.5892324 715 57 730 74
person 0.5797038 486 132 510 161
person 0.57643896 647 77 663 97
person 0.57132363 385 158 404 184
person 0.5682608 979 82 992 101
person 0.5674026 416 120 434 142
person 0.5602671 962 165 990 203
person 0.55308366 516 98 534 121
person 0.5477712 816 117 837 141
person 0.52805114 541 84 558 105
person 0.52093047 402 101 417 121
person 0.51499146 791 79 808 101
person 0.5140058 625 73 640 93
person 0.5128975 582 70 597 88
person 0.50764585 442 94 458 114
person 0.5044336 982 136 1005 168
person 0.49883875 479 82 495 100
person 0.49365145 738 83 755 103
person 0.4807569 805 101 824 123
person 0.47290105 595 72 611 90
person 0.4688543 496 85 512 104
person 0.45772746 666 61 682 78
person 0.4542226 560 92 577 113
person 0.44442797 451 127 475 156
person 0.41296208 694 71 711 89
person 0.41053373 676 67 692 84
person 0.39297926 450 121 469 145
person 0.38263783 776 90 795 111
person 0.36677194 711 61 726 77
person 0.35178152 736 124 756 146
person 0.35035312 652 79 669 100
person 0.34215447 679 71 697 91
person 0.33945385 624 62 640 80
person 0.33101267 515 201 544 234
person 0.32842365 951 86 966 103
person 0.31593308 534 120 557 148
person 0.312711 699 116 721 140
person 0.29431474 963 91 978 112
person 0.27700743 720 76 740 96
person 0.2766833 192 229 228 277
person 0.26997492 632 58 648 76
person 0.2648726 486 110 504 132
person 0.249987 516 109 535 132
person 0.24383537 962 228 998 276
person 0.22681275 654 103 674 125
person 0.20730023 428 199 453 230
person 0.2055993 541 67 557 85
person 0.20269012 381 161 398 185
person 0.19720131 717 58 727 70
person 0.19603014 967 139 988 164
person 0.19485262 175 233 215 282
person 0.19208983 481 113 501 137
person 0.19113022 640 77 664 105
person 0.18812229 823 98 844 120
person 0.18563953 564 87 581 106
person 0.18524633 914 123 933 145
person 0.18496345 635 94 655 117
person 0.18182302 669 62 679 74
person 0.18113403 581 67 605 94
person 0.17769216 1003 122 1018 145
person 0.17756337 874 82 891 101
person 0.17754038 551 146 577 175
person 0.1754377 1020 152 1041 183
person 0.1696625 981 83 990 96
person 0.16945137 304 152 321 176
person 0.16583982 933 97 953 119
person 0.16376029 166 224 231 292
person 0.16171764 679 69 690 80
person 0.1575754 584 71 594 82
person 0.15583932 921 75 935 92
person 0.15435448 964 163 985 187
person 0.15348478 437 119 456 141
person 0.15204158 713 61 724 73
person 0.15094166 709 61 734 88
person 0.15078278 974 79 996 107
person 0.14895022 476 77 499 105
person 0.14795145 913 71 936 99
person 0.14557847 564 181 593 212
person 0.1432616 454 87 473 105
person 0.14314903 592 68 607 85
person 0.14230418 480 133 501 158
person 0.14209226 598 140 626 170
person 0.14181003 327 160 351 188
person 0.13736293 598 74 608 86
person 0.13239585 769 84 788 105
person 0.13104495 746 56 756 69
person 0.12978058 390 141 410 163
person 0.12935488 398 100 420 127
person 0.12909509 697 136 729 168
person 0.1246752 481 83 492 95
person 0.12297006 542 91 554 108
person 0.12121833 984 81 996 98
person 0.121041834 953 87 964 98
person 0.12022232 444 96 455 108
person 0.12001267 178 252 248 336
person 0.11909154 670 71 695 98
person 0.11845721 404 102 414 115
person 0.11697319 208 -64 241 10
person 0.1162962 627 75 637 87
person 0.11330701 490 81 513 108
person 0.11091264 602 95 621 116
person 0.110207364 992 104 1009 124
person 0.10914203 522 86 540 104
person 0.10908729 918 174 949 208
person 0.10844811 674 164 696 188
person 0.108075045 684 115 706 139
person 0.10744633 960 161 1002 219
person 0.105718784 805 68 823 102
person 0.102453254 1066 95 1072 121
person 0.1024256 982 174 1009 207
person 0.102086306 -7 278 41 375
person 0.101461984 859 205 898 250
person 0.10030364 163 231 262 373
person 0.09946402 791 62 801 75
person 0.09922981 1007 133 1025 157
person 0.09792781 1063 630 1072 693
person 0.0976716 739 96 759 117
person 0.097301126 377 150 409 193
person 0.096262805 950 117 968 140
person 0.09594327 840 103 861 125
person 0.09570266 697 74 708 84
person 0.0955417 827 172 860 206
person 0.094341 544 70 554 81
person 0.09396028 448 97 460 109
person 0.093577586 498 86 509 98
person 0.09232273 641 139 663 163
person 0.09226391 629 174 661 206
person 0.092043236 614 118 634 140
person 0.09189626 407 105 418 117
person 0.09156887 762 100 795 140
person 0.09146514 114 -66 145 12
person 0.09081347 771 58 787 76
person 0.08900072 295 155 313 178
person 0.08864691 769 171 828 239
person 0.08682393 869 98 889 119
person 0.08579485 680 73 694 86
person 0.085564375 886 140 907 164
person 0.08540251 897 258 932 307
person 0.08515434 48 505 101 607
person 0.08466153 955 244 994 293
person 0.08339823 810 109 843 151
person 0.08303419 897 92 909 110
person 0.08290278 432 134 458 163
person 0.08288582 651 164 676 189
person 0.08264743 718 119 739 143
person 0.08236358 669 209 710 252
person 0.07945482 917 75 928 87
person 0.07920236 650 78 660 91
person 0.07885037 698 209 740 253
person 0.078398004 817 128 857 189
person 0.0782334 916 68 931 85
person 0.07807062 136 332 238 472
person 0.07731919 830 218 861 252
person 0.07720175 954 144 973 168
person 0.07707222 632 46 647 63
person 0.07698025 74 176 103 207
person 0.07696525 1061 185 1072 231
person 0.076242425 328 175 354 204
person 0.0761394 681 141 703 163
person 0.07605269 544 81 555 96
person 0.07555802 536 130 555 153
person 0.07552101 442 88 458 105
person 0.073561445 398 114 416 135
person 0.07347185 849 181 907 250
person 0.07344335 1062 97 1076 120
person 0.07331331 655 113 666 132
person 0.07282911 1066 114 1072 141
person 0.07213166 65 216 131 294
person 0.07186675 326 442 347 466
person 0.071640655 973 479 1047 638
person 0.07000769 553 114 574 135
person 0.06977252 296 140 306 154
person 0.0694921 555 140 576 162
person 0.06907082 655 76 668 93
person 0.06844501 888 77 899 89
person 0.068174675 813 68 825 85
person 0.068024896 1059 107 1071 145
person 0.0679733 848 138 871 163
person 0.06753848 385 173 411 203
person 0.067443356 984 154 1005 179
person 0.06733356 966 95 976 107
person 0.06727296 1062 116 1076 140
person 0.066737145 628 43 642 61
person 0.06666524 603 135 622 159
person 0.06624989 1062 673 1072 727
person 0.066216215 826 69 842 85
person 0.06585595 887 68 903 85
person 0.06583558 845 121 866 142
person 0.065540425 635 49 645 60
person 0.065020815 83 224 124 274
person 0.064599894 569 187 590 208
person 0.063503094 989 140 1000 161
person 0.06339627 38 -73 66 8
person 0.06315673 717 92 751 134
person 0.0630458 1066 76 1072 102
person 0.062989295 491 106 504 125
person 0.06268726 369 -69 404 6
person 0.06265898 520 183 566 238
person 0.061928596 619 212 653 245
person 0.061481193 926 103 957 147
person 0.061124977 128 366 225 519
person 0.060808524 0 130 9 174
person 0.06068758 690 164 738 220
person 0.060325645 981 212 1009 247
person 0.060194492 696 139 716 159
person 0.060180623 630 46 639 58
person 0.059948705 389 160 400 180
person 0.059893988 761 119 804 180
person 0.05981236 586 214 619 247
person 0.059644524 563 95 575 107
person 0.059464093 640 164 661 189
person 0.05945333 313 140 323 153
person 0.058221664 644 102 678 143
person 0.05777436 451 298 520 370
person 0.056961402 -3 -146 16 -46
person 0.056605224 985 120 995 133
person 0.055638164 907 221 938 255
person 0.055547163 303 173 329 203
person 0.05547026 524 206 564 250
person 0.055307686 656 138 699 197
person 0.054984853 -4 -230 10 -206
person 0.05444766 868 183 890 207
person 0.054239515 247 218 277 249
person 0.05346301 573 120 592 141
person 0.053422257 846 160 868 182
person 0.05302841 805 141 827 163
person 0.052753706 951 139 993 201
person 0.05268589 556 62 573 80
person 0.052611846 1061 -229 1072 -180
person 0.05257826 1054 188 1074 223
person 0.052409235 800 94 835 136
person 0.05214999 -3 -220 20 -129
person 0.052076697 1050 -209 1078 -133
person 0.051822815 739 209 781 253
person 0.05155889 660 173 686 198
person 0.05138072 300 133 333 177
person 0.051256914 424 211 454 245
person 0.051056404 1062 220 1072 272
person 0.05103285 732 182 757 206
person 0.050951008 928 65 943 82
person 0.050451178 793 78 805 93
person 0.050413437 720 138 742 160
person 0.05019167 518 95 532 111
person 0.050016288 1066 135 1072 163
person 0.05001187 621 138 632 158
person 0.050007578 924 159 946 183
person 0.049956463 325 141 344 162
person 0.04978149 150 357 225 442
person 0.0496634 253 187 282 216
person 0.04955656 1063 252 1072 312
person 0.048620485 435 79 459 108
person 0.04837063 569 160 590 181
person 0.048310347 -1 -233 6 -205
person 0.048295483 772 111 784 129
person 0.048142735 568 193 590 216
person 0.047837265 902 95 914 108
person 0.0473352 409 139 428 162
person 0.04731542 207 384 316 544
person 0.047147125 314 125 331 142
person 0.047139876 869 107 903 150
person 0.047053345 -4 -230 8 -223
person 0.04682012 509 96 542 139
person 0.046411257 812 554 830 581
person 0.0463899 1062 137 1075 162
person 0.04626593 1016 145 1045 193
person 0.046122294 50 210 149 353
person 0.046056114 472 101 485 117
person 0.046031952 557 157 579 181
person 0.045735724 0 245 22 306
person 0.045668885 763 159 787 182
person 0.045392558 266 142 292 169
person 0.045329764 1062 588 1070 658
person 0.045209542 512 136 533 159
person 0.044861153 204 0 243 70
person 0.044714883 146 204 254 312
person 0.044689238 864 163 886 186
person 0.044679556 849 64 866 81
person 0.044636644 783 182 809 206
person 0.044581346 950 96 961 110
person 0.044388544 1062 78 1075 101
person 0.04436384 747 615 762 682
person 0.044305597 528 114 562 156
person 0.044266764 519 212 539 235
person 0.044226445 290 215 318 247
person 0.044167217 490 112 501 129
person 0.04403597 1065 55 1072 81
person 0.043862514 977 123 1013 189
person 0.04382624 870 190 887 226
person 0.04337452 572 143 593 164
person 0.043192957 347 163 366 185
person 0.043028355 596 121 616 143
person 0.04293506 455 -44 477 0
person 0.042846624 979 164 1018 229
person 0.042722512 740 79 753 96
person 0.042170256 773 60 785 71
person 0.042160332 829 255 868 300
person 0.04211662 784 218 817 254
person 0.04197122 1023 146 1039 169
person 0.04182896 975 108 1005 153
person 0.041698005 324 128 339 145
person 0.041554157 615 164 635 187
person 0.041441828 205 331 312 471
person 0.04113249 409 110 441 153
person 0.041123644 273 111 281 123
person 0.041049857 371 119 390 136
person 0.04104495 0 231 10 281
person 0.04101204 994 106 1007 119
person 0.040738862 821 119 833 138
person 0.040718712 119 343 138 367
person 0.04063701 277 142 293 160
person 0.040527277 828 76 840 90
person 0.040457524 960 394 1041 579
person 0.04015288 -2 228 20 284
person 0.04000825 181 182 211 211
person 0.039936256 270 109 285 125
person 0.039870746 901 161 921 186
person 0.03981823 1032 115 1049 139
person 0.039678335 524 87 538 99
person 0.03924636 239 254 319 332
person 0.03903003 457 132 468 151
person 0.039013527 -17 291 48 435
person 0.0389964 478 483 497 508
person 0.03887751 539 124 551 143
person 0.03882611 1061 157 1075 184
person 0.03881319 1 242 12 306
person 0.03843428 42 500 60 529
person 0.038309596 583 621 597 681
person 0.038227078 1063 710 1072 770
person 0.038208622 247 -63 282 14
person 0.037780147 1060 -230 1072 -223
person 0.037743703 172 148 200 175
person 0.03773598 326 459 353 486
person 0.03728861 662 45 677 62
person 0.037087683 493 39 510 58
person 0.036846258 470 30 493 63
person 0.036784086 842 68 874 111
person 0.03671585 375 141 393 162
person 0.036629263 1059 -231 1074 -208
person 0.03650719 450 154 470 177
person 0.036242943 411 160 431 183
person 0.036226973 786 253 828 299
person 0.036194175 570 86 603 129
person 0.036164526 0 -235 8 -182
person 0.03611523 375 102 393 119
person 0.03598282 866 252 908 299
person 0.03583174 436 -71 472 5
person 0.035806317 737 160 760 181
person 0.035796385 419 115 431 136
person 0.03571381 580 96 591 110
person 0.035592634 1065 155 1072 185
person 0.035583545 993 -215 1007 -175
person 0.035538904 948 158 969 181
person 0.035465643 642 173 663 195
person 0.03540802 924 -222 939 -172
person 0.035159104 884 158 905 181
person 0.03515145 942 240 1007 313
person 0.03498835 595 160 616 181
person 0.03495436 781 155 806 178
person 0.034903858 1008 103 1024 122
person 0.034752853 431 155 451 178
person 0.03472025 411 184 431 206
person 0.034677837 678 203 699 222
person 0.034665577 789 621 803 680
person 0.034647852 282 50 306 80
person 0.034571882 512 162 533 183
person 0.03456576 38 487 54 516
person 0.034481432 628 95 640 109
person 0.03445031 929 177 949 201
person 0.034178957 415 186 462 243
person 0.034119386 415 -44 437 0
person 0.033954386 868 63 884 81
person 0.033939086 191 257 231 306
person 0.03376074 353 139 372 160
person 0.033729963 217 235 335 375
person 0.033697613 721 161 744 182
person 0.0336864 617 92 652 134
person 0.03368047 472 39 490 59
person 0.033586286 384 162 394 182
person 0.033559714 1062 -192 1071 -135
person 0.033525027 439 110 484 170
person 0.033490267 500 63 518 83
person 0.033477064 119 8 157 79
person 0.033446074 599 196 649 253
person 0.033442136 1065 13 1071 40
person 0.033424377 -14 206 37 302
person 0.033385076 534 74 566 116
person 0.033357237 623 617 641 685
person 0.033256363 491 154 512 177
person 0.033016335 863 136 875 156
person 0.032809734 460 61 477 81
person 0.032752566 31 9 65 81
person 0.032723267 462 28 501 98
person 0.032662887 45 -230 61 -214
person 0.032648504 741 125 752 144
person 0.03257875 799 160 823 184
person 0.032557745 831 721 855 784
person 0.03252565 271 113 286 130
person 0.03250912 415 87 431 105
person 0.0325082 794 183 820 206
person 0.032487508 486 115 529 175
person 0.0324834 852 78 864 92
person 0.032460675 1065 35 1072 60
person 0.032443635 746 47 761 63
person 0.032409593 472 155 492 179
person 0.032337856 462 177 491 208
person 0.032291293 -12 433 30 545
person 0.032104045 956 -218 971 -172
person 0.032063 204 185 233 214
person 0.031970352 25 -230 39 -224
person 0.03196787 126 362 148 387
person 0.031862386 664 48 674 59
person 0.031774383 453 118 466 133
person 0.031763252 273 20 312 90
person 0.031683836 341 109 367 137
person 0.031663008 444 90 455 101
person 0.031567547 1065 100 1072 113
person 0.031553425 -10 577 29 703
person 0.031517126 844 244 914 315
person 0.031488735 332 216 360 247
person 0.031293835 1039 105 1054 126
person 0.031257264 104 307 122 327
person 0.0311855 666 141 678 161
person 0.031178305 790 721 814 785
person 0.031164108 29 479 42 508
person 0.031136554 829 72 839 82
person 0.03103713 62 437 172 563
person 0.03097563 492 135 504 156
person 0.030918116 334 162 346 182
person 0.030873677 25 -230 41 -214
person 0.030855408 1050 -138 1077 -48
person 0.030802757 -3 132 15 168
person 0.030773334 82 462 151 541
person 0.030760305 -5 239 12 263
person 0.030740337 202 227 223 251
person 0.030685771 0 315 10 392
person 0.030627562 698 165 721 184
person 0.03037045 830 384 919 548
person 0.030359462 876 82 888 95
person 0.030268237 0 114 10 156
person 0.03020295 872 722 896 784
person 0.030195346 929 376 1019 559
person 0.030043494 472 68 503 113
person 0.029984752 1055 225 1075 263
person 0.029806376 1006 124 1016 136
person 0.029767908 698 181 720 202
person 0.029745325 753 155 843 285
person 0.029710796 216 148 243 173
person 0.029611131 882 181 902 205
person 0.029603528 604 122 650 182
person 0.02952343 188 -113 221 -35
person 0.029514236 527 204 548 225
person 0.029499864 628 37 651 66
person 0.029289141 538 44 554 62
person 0.029223831 877 66 909 110
person 0.029047305 102 -49 128 6
person 0.02898269 93 -120 124 -36
person 0.028963488 372 179 391 202
person 0.028877895 286 416 397 556
person 0.028849343 728 250 766 298
person 0.028839 939 85 971 130
person 0.028833508 876 -225 892 -174
person 0.02875123 -3 311 25 395
person 0.028686292 953 644 966 691
person 0.028674267 238 187 308 264
person 0.028671104 143 382 180 430
person 0.028659571 88 50 112 82
person 0.028656319 722 243 793 314
person 0.028624406 626 721 648 786
person 0.028605958 797 65 831 109
person 0.028512368 56 716 76 784
person 0.02847956 467 270 543 343
person 0.028460417 779 95 792 105
person 0.028359622 490 99 505 120
person 0.028257076 400 87 415 104
person 0.02821524 221 352 297 429
person 0.02820628 692 139 734 182
person 0.028158639 989 705 1018 793
person 0.028120233 1062 57 1075 80
person 0.0280565 323 457 365 508
person 0.028000062 335 242 410 318
person 0.027962226 211 103 223 119
person 0.027947845 1060 68 1071 106
person 0.027935626 585 40 600 58
person 0.027801912 81 142 108 171
person 0.027780222 536 33 560 64
person 0.027736604 1026 155 1035 177
person 0.027693378 435 296 535 438
person 0.027645105 805 -230 818 -222
person 0.027635684 219 127 227 139
person 0.02753518 496 -43 519 -1
person 0.027534343 826 -230 839 -222
person 0.027521195 808 95 821 116
person 0.027489645 377 215 407 247
person 0.02728961 847 -230 859 -222
person 0.027236313 501 620 515 677
person 0.027209861 703 253 745 300
person 0.027202634 953 62 969 80
person 0.0271896 428 389 447 414
person 0.027137816 867 -230 880 -222
person 0.027137408 883 200 906 223
person 0.027044587 888 -230 900 -222
person 0.026928943 44 -230 59 -224
person 0.026827008 1029 -230 1042 -224
person 0.026677342 981 119 992 134
person 0.026676726 918 124 929 143
person 0.026649438 124 -49 152 5
person 0.02650826 1051 257 1075 316
person 0.026500884 635 69 669 113
person 0.026441213 438 117 454 133
person 0.026413081 918 71 928 82
person 0.02631868 381 -49 409 5
person 0.026317948 581 34 605 65
person 0.026253678 785 -230 798 -222
person 0.026251314 44 336 60 362
person 0.026232934 584 720 607 786
person 0.026022697 729 73 762 115
person 0.026000066 995 62 1011 80
person 0.025988307 667 721 690 786
person 0.025722243 157 344 184 372
person 0.025721671 777 111 789 130
person 0.02572143 157 358 181 380
person 0.025716253 520 64 537 83
person 0.025701005 832 161 920 294
person 0.025691194 908 -230 921 -222
person 0.02555069 664 614 683 682
person 0.025529362 235 106 246 120
person 0.025491906 1062 287 1071 351
person 0.025485849 543 620 556 680
person 0.025465451 355 0 395 68
person 0.025425602 154 310 195 359
person 0.025376612 367 186 415 244
person 0.025295952 806 -231 820 -208
person 0.025172802 44 -43 64 0
person 0.025051437 785 -231 799 -208
person 0.025046157 492 33 515 64
person 0.025004204 931 68 942 79
person 0.024983026 996 722 1015 772
person 0.024970561 150 141 167 159
person 0.024916917 923 737 954 828
person 0.024880841 384 70 409 99
person 0.024861472 827 -231 841 -208
person 0.02486093 536 180 557 203
person 0.0248477 262 185 280 208
person 0.024772098 1022 155 1032 176
person 0.02472914 262 105 287 132
person 0.024649069 0 -220 8 -143
person 0.024626978 454 219 487 253
person 0.02460748 889 72 900 82
person 0.024602696 877 117 889 135
person 0.024570629 694 100 707 115
person 0.024534076 263 270 297 319
person 0.024452176 708 721 731 786
person 0.02441791 996 687 1011 726
person 0.024383185 114 80 155 143
person 0.024352182 707 42 723 59
person 0.024326641 847 -231 861 -207
person 0.024205139 0 359 9 435
person 0.024168674 765 -231 779 -209
person 0.02413452 821 182 843 203
person 0.024122007 916 139 928 160
person 0.02411706 429 185 449 207
person 0.024109865 967 398 989 423
person 0.024030896 868 -231 882 -207
person 0.023975505 39 64 61 97
person 0.023961417 128 299 162 347
person 0.02392849 496 39 506 54
person 0.023904128 889 -231 902 -207
person 0.023870712 764 -230 777 -223
person 0.023866689 553 218 575 237
person 0.023853114 337 -113 372 -36
person 0.023786727 881 118 894 130
person 0.023724224 840 183 862 204
person 0.023665376 159 150 173 166
person 0.023627862 869 -142 881 -103
person 0.023624275 476 63 494 83
person 0.023608228 975 60 991 78
person 0.02358262 96 343 115 366
person 0.023531612 1028 -231 1044 -214
person 0.023460079 956 724 976 775
person 0.023361994 997 64 1008 77
person 0.023228472 667 31 692 62
person 0.023188017 321 153 356 196
person 0.023135845 748 -225 763 -174
person 0.023110537 475 39 486 55
person 0.023098527 543 721 566 786
person 0.023094796 40 443 55 472
person 0.023072474 106 322 125 344
person 0.023019949 131 101 157 129
person 0.023014668 181 84 224 148
person 0.023008168 935 97 951 111
person 0.022924814 970 70 1000 115
person 0.022910977 909 -231 923 -208
person 0.022875862 974 630 984 655
person 0.022819478 140 116 161 137
person 0.022817038 685 43 701 60
person 0.022775011 316 441 356 488
person 0.02275961 162 152 170 164
person 0.022757236 941 200 962 221
person 0.022686172 744 -231 759 -210
person 0.02254778 501 253 543 299
person 0.02254179 347 181 366 203
person 0.02252739 929 -230 941 -223
person 0.022487244 971 307 1061 476
person 0.022483697 494 181 515 203
person 0.022473095 328 434 348 455
person 0.02244798 196 235 226 262
person 0.022447502 643 20 658 38
person 0.022410274 171 374 217 419
person 0.022391409 164 321 186 346
person 0.022333916 687 46 698 58
person 0.022314226 987 45 997 59
person 0.02221203 594 183 615 204
person 0.022208218 268 61 294 91
person 0.022195831 414 -116 448 -37
person 0.02216426 1061 176 1075 202
person 0.022101013 -9 -156 24 -32
person 0.022079045 174 235 210 259
person 0.022061618 0 113 6 146
person 0.02206104 731 190 757 215
person 0.022055468 989 69 1013 98
person 0.021996563 712 -224 728 -172
person 0.021957407 1065 81 1072 94
person 0.021956095 423 29 447 61
person 0.02194778 501 -72 536 7
person 0.021908544 704 617 723 685
person 0.021814786 497 297 605 451
person 0.021758545 782 674 802 725
person 0.021722712 749 721 772 785
person 0.021641158 343 -49 371 5
person 0.021609798 363 123 425 203
person 0.021576488 530 216 553 237
person 0.02155809 709 46 719 57
person 0.021535348 1010 -231 1026 -214
person 0.02144906 992 618 1002 634
person 0.021445494 1059 27 1070 68
person 0.021442872 28 419 42 448
person 0.021383526 833 -225 848 -174
person 0.021320906 153 614 163 644
person 0.021306276 76 238 125 303
person 0.021269228 256 -116 290 -38
person 0.02121699 791 -226 806 -173
person 0.021213252 828 767 850 838
person 0.021204753 869 767 891 838
person 0.021174777 295 123 311 140
person 0.021150932 736 181 752 218
person 0.02115005 929 -231 943 -209
person 0.021126622 536 162 557 183
person 0.021091742 171 99 197 128
person 0.021084407 1011 -230 1024 -223
person 0.02107917 667 -215 698 -138
person 0.021011163 216 125 231 141
person 0.020991186 622 17 638 36
person 0.02096114 570 257 647 327
person 0.020958776 575 61 610 105
person 0.020955082 7 296 36 359
person 0.020909764 725 45 741 61
person 0.02090211 685 370 704 397
person 0.02089828 498 195 519 218
person 0.020873489 787 767 809 838
person 0.020856133 450 248 560 383
person 0.020786352 124 264 161 311
person 0.020785324 266 159 284 179
person 0.020740276 216 -45 242 0
person 0.020687828 837 742 869 837
person 0.020587374 1062 811 1068 856
person 0.020542702 192 118 203 132
person 0.02054253 813 346 879 424
person 0.020542203 273 115 283 127
person 0.020537013 743 -230 756 -223
person 0.020495566 385 25 409 58
person 0.020489119 977 62 988 75
person 0.020478783 139 392 214 482
person 0.020476013 292 115 318 142
person 0.02046735 793 34 815 65
person 0.020445473 295 624 309 669
person 0.020433431 954 628 964 657
person 0.02042902 691 98 704 117
person 0.020411113 660 197 681 215
person 0.020406565 911 767 933 838
person 0.020354358 746 767 768 838
person 0.0203424 1062 36 1075 59
person 0.020319924 1015 619 1022 633
person 0.020308545 704 55 739 100
person 0.02029552 21 459 35 490
person 0.020273596 485 72 517 116
person 0.020237047 262 35 286 68
person 0.020199439 524 396 533 409
person 0.020169642 281 110 342 196
person 0.020159239 98 734 129 834
person 0.02014564 749 50 758 60
person 0.020128977 722 -231 738 -211
person 0.020088457 979 255 1016 305
person 0.019925868 962 35 984 65
person 0.019908747 1006 264 1048 331
person 0.019884476 502 721 525 786
person 0.019868212 58 -108 78 -57
person 0.019792864 728 48 738 59
person 0.019715551 1065 60 1071 75
person 0.019645533 235 315 278 363
person 0.01961544 1061 15 1075 38
person 0.01961135 516 181 537 203
person 0.019610198 637 96 653 110
person 0.019485233 525 14 565 84
person 0.019428654 984 43 1000 61
person 0.0194149 1065 119 1072 133
person 0.01939912 705 767 727 838
person 0.019350791 792 192 818 215
person 0.019337855 748 -225 778 -149
person 0.019331409 -4 277 18 299
person 0.019308506 -5 678 14 805
person 0.019228458 587 42 596 55
person 0.01922088 673 -223 689 -172
person 0.019173976 671 254 746 323
person 0.019118313 0 176 9 221
person 0.01911589 -23 191 59 316
person 0.0190933 541 46 551 59
person 0.019076947 -1 305 10 316
person 0.019028075 46 329 63 352
person 0.019027416 316 128 328 138
person 0.019016704 955 64 967 77
person 0.019010229 152 142 163 156
person 0.018930892 991 319 1051 415
person 0.018920971 353 121 370 138
person 0.018899685 504 -218 537 -143
person 0.018894164 949 -231 964 -211
person 0.018889984 57 522 76 550
person 0.018877245 941 183 963 204
person 0.018876888 615 177 637 198
person 0.01881167 307 157 318 170
person 0.018790908 128 605 137 638
person 0.018790338 460 721 484 786
person 0.018782195 8 280 26 355
person 0.018742645 126 317 150 341
person 0.018731844 576 672 595 724
person 0.018719496 632 -223 648 -173
person 0.018695965 345 62 370 91
person 0.018632697 156 413 200 458
person 0.018629149 663 766 685 838
person 0.018621331 214 623 227 670
person 0.018578734 0 236 7 265
person 0.018578563 876 -195 889 -149
person 0.01855291 262 11 319 106
person 0.018550953 984 197 1006 217
person 0.018524699 318 95 333 113
person 0.018495467 1065 174 1072 204
person 0.01847377 949 -230 962 -223
person 0.018447477 289 173 309 195
person 0.018433668 175 745 208 838
person 0.018433306 146 144 172 171
person 0.018404555 473 500 500 526
person 0.01838458 21 84 57 153
person 0.018369423 756 185 780 205
person 0.018315358 196 297 245 346
person 0.0183006 343 465 367 489
person 0.018261688 128 227 160 260
person 0.018237622 0 726 12 811
person 0.01823454 400 116 413 129
person 0.018210828 59 513 78 540
person 0.018185142 590 -217 622 -141
person 0.018143922 587 -225 602 -175
person 0.01813621 702 -231 718 -212
person 0.018128706 17 449 32 478
person 0.018091485 775 514 838 693
person 0.018088209 253 107 264 121
person 0.018086001 174 -217 207 -142
person 0.018058717 402 90 412 102
person 0.018037662 622 766 644 838
person 0.018029716 154 155 169 172
person 0.01801468 956 688 972 729
person 0.017977571 914 722 937 784
person 0.017973412 656 101 672 116
person 0.01793551 973 619 981 637
person 0.017923461 22 402 35 432
person 0.017859282 393 93 425 137
person 0.017804908 -5 301 15 322
person 0.017744599 0 -202 5 -161
person 0.017729355 991 -182 1009 -134
person 0.017677546 1066 586 1071 620
person 0.017672198 706 20 730 52
person 0.017666934 1062 -152 1072 -94
person 0.01766106 0 -222 5 -183
person 0.017639281 0 416 5 452
person 0.017629279 1009 736 1040 829
person 0.017571796 531 262 573 309
person 0.017552666 1012 178 1032 199
person 0.017542087 581 766 603 838
person 0.017519757 156 386 181 409
person 0.01746791 373 615 382 641
person 0.017456481 1065 40 1071 54
person 0.01744833 42 34 62 69
person 0.017387051 795 324 895 468
person 0.017353656 103 -215 135 -138
person 0.017352933 616 672 635 723
person 0.017345754 261 194 279 218
person 0.017326275 1054 69 1074 100
person 0.017318865 201 232 219 271
person 0.017318329 419 721 442 786
person 0.017311813 722 -230 735 -223
person 0.017304068 946 371 1012 460
person 0.017291212 603 42 619 61
person 0.01724167 646 22 654 36
person 0.01723701 1067 549 1072 579
person 0.017204253 1065 785 1071 829
person 0.017177023 802 565 823 593
person 0.017154852 540 766 562 838
person 0.017152464 491 158 590 297
person 0.017099408 547 -226 562 -176
person 0.01708841 248 -43 271 -1
person 0.017040148 152 336 189 383
person 0.017037481 0 378 6 412
person 0.017005576 315 222 428 363
person 0.01699846 184 402 214 426
person 0.016985804 222 164 325 301
person 0.016977128 342 -218 376 -143
person 0.016947009 350 -93 421 59
person 0.016942332 465 21 497 69
person 0.016921774 135 310 155 333
person 0.016919902 499 766 520 838
person 0.0169183 96 -106 116 -57
person 0.016889425 658 141 757 278
person 0.016883131 499 387 511 401
person 0.016867554 140 -225 155 -175
person 0.016861964 768 629 777 658
person 0.016826319 0 806 8 853
person 0.016798818 138 363 161 385
person 0.016790016 457 766 479 839
person 0.016775474 885 733 906 802
person 0.016769296 378 721 401 786
person 0.016752305 952 767 974 839
person 0.016737701 416 766 438 839
person 0.016736094 425 -218 459 -143
person 0.016721992 0 688 13 769
person 0.016721655 1061 240 1076 265
person 0.016677313 375 766 397 839
person 0.016676757 1064 18 1071 33
person 0.016626123 279 462 300 483
person 0.016607104 116 337 150 387
person 0.016597053 169 766 191 839
person 0.016565485 611 266 652 313
person 0.016550817 334 766 356 839
person 0.016544858 1027 463 1046 488
person 0.016540186 768 45 784 62
person 0.016529642 452 179 472 199
person 0.016528456 229 123 240 135
person 0.0165023 484 135 496 155
person 0.016489891 845 733 865 802
person 0.01644634 1067 568 1072 600
person 0.016440734 1009 83 1025 101
person 0.016435368 0 396 6 430
person 0.016416648 46 766 68 839
person 0.016416587 81 200 103 220
person 0.016404934 743 28 765 59
person 0.016395634 1063 732 1072 808
person 0.01636977 375 632 388 662
person 0.016365424 1061 220 1076 246
person 0.016356345 209 -231 224 -211
person 0.01634817 332 -231 348 -211
person 0.016344374 415 -231 430 -211
person 0.016343232 916 -199 930 -147
person 0.016342435 312 -231 327 -211
person 0.016340617 229 -231 245 -211
person 0.016339215 353 -231 368 -211
person 0.016337194 188 -231 204 -211
person 0.01633275 435 -231 451 -211
person 0.016332181 961 197 987 220
person 0.01633156 250 -231 265 -211
person 0.016330067 291 -231 307 -211
person 0.016329585 271 -231 286 -211
person 0.016328068 394 -231 410 -211
person 0.016325664 343 484 366 507
person 0.016322127 293 766 314 839
person 0.016319279 374 -231 389 -211
person 0.01631181 16 387 30 413
person 0.016308397 477 -231 492 -211
person 0.016308008 995 632 1005 654
person 0.016305275 93 719 114 786
person 0.016301485 456 -231 471 -211
person 0.016284121 497 -231 513 -211
person 0.016271316 1065 237 1072 267
person 0.01626097 210 766 232 839
person 0.016245065 614 12 654 84
person 0.016239962 417 90 429 102
person 0.016228393 128 766 150 839
person 0.016186628 251 766 273 839
person 0.016170744 89 247 121 289
person 0.016156133 518 -231 533 -211
person 0.01614713 908 64 940 109
person 0.016146319 689 -91 738 35
person 0.01614214 168 -231 183 -211
person 0.016137332 804 733 824 802
person 0.01613219 343 -8 402 86
person 0.01612103 -5 200 10 224
person 0.016065829 279 144 290 155
person 0.01606399 504 -226 519 -176
person 0.016048871 503 65 516 79
person 0.016039604 67 -219 78 -173
person 0.01603676 993 767 1014 838
person 0.016018119 323 173 359 216
person 0.016010102 106 -220 118 -174
person 0.016002733 788 43 804 62
person 0.015994087 51 142 78 170
person 0.015978506 272 438 312 486
person 0.01597344 969 -231 985 -212
person 0.015971776 270 455 309 502
person 0.015933271 393 143 407 155
person 0.015925182 472 180 491 200
person 0.01592412 216 61 243 92
person 0.015908265 337 721 360 786
person 0.0158957 632 103 726 232
person 0.015883053 135 182 165 210
person 0.015866032 95 702 125 806
person 0.015860716 64 177 92 207
person 0.015857441 538 -231 554 -211
person 0.015857426 420 750 452 842
person 0.015857033 762 733 782 803
person 0.015841948 254 624 268 670
person 0.015826968 491 -79 543 28
person 0.015813345 682 -231 697 -212
person 0.01580993 663 -195 681 -141
person 0.01579172 102 30 126 67
person 0.015760541 278 275 317 323
person 0.015758486 463 -227 478 -176
person 0.015726317 422 -227 437 -176
person 0.015718907 327 131 336 142
person 0.015699936 559 -231 574 -211
person 0.015695626 840 25 863 56
person 0.015690094 381 -227 396 -177
person 0.015684336 339 -227 354 -177
person 0.015684279 388 156 488 295
person 0.015679494 235 339 283 385
person 0.015647557 1011 106 1022 117
person 0.015642636 927 734 947 803
person 0.015633952 661 260 704 306
person 0.015619097 147 -231 162 -211
person 0.015597648 595 22 612 39
person 0.015592312 -5 257 18 282
person 0.015585126 298 -227 313 -177
person 0.015581846 814 115 827 137
person 0.015579574 934 -215 942 -180
person 0.015555883 738 669 760 734
person 0.015530513 379 171 415 214
person 0.015521562 0 57 9 103
person 0.015511582 969 386 988 411
person 0.0155104995 1065 258 1072 289
person 0.01550597 858 218 886 242
person 0.015496306 586 748 617 844
person 0.015483269 852 67 864 78
person 0.015476749 296 721 319 786
person 0.01545726 288 35 313 68
person 0.01543694 945 20 961 37
person 0.01543568 133 -105 155 -56
person 0.015424705 334 629 347 658
person 0.015418759 0 437 5 474
person 0.015416212 753 746 784 843
person 0.015398359 266 220 288 246
person 0.015392794 255 750 288 841
person 0.015389825 518 407 529 426
person 0.015373294 306 307 433 456
person 0.015367947 48 519 65 549
person 0.015366921 257 -227 272 -177
person 0.015365975 522 67 534 80
person 0.015341286 313 81 331 101
person 0.015321432 1063 -114 1072 -52
person 0.015290034 684 17 699 36
person 0.015272448 829 -144 841 -105
person 0.015264832 721 733 741 803
person 0.015262626 268 -218 302 -144
person 0.015260798 924 221 1021 358
person 0.015255663 414 200 435 223
person 0.015246229 864 678 884 727
person 0.015231018 254 721 278 786
person 0.015225848 179 378 209 401
person 0.015217627 687 6 725 81
person 0.015210511 968 162 981 182
person 0.015197968 651 115 663 128
person 0.01517291 926 348 1029 484
person 0.015172276 1010 735 1029 806
person 0.015145089 1001 316 1035 366
person 0.015141533 497 18 514 36
person 0.0151392855 186 734 203 759
person 0.015119555 502 -118 535 -38
person 0.015104361 852 -231 883 -158
person 0.015101941 306 -43 328 -2
person 0.015096325 0 129 6 161
person 0.015085773 1061 261 1076 287
person 0.015064222 373 120 387 131
person 0.015060407 579 -231 595 -211
person 0.015055267 165 734 182 759
person 0.015051562 0 298 8 324
person 0.015031668 1008 502 1037 526
person 0.015016187 544 394 554 410
person 0.01500958 189 -89 257 61
person 0.015008001 788 628 798 658
person 0.015003194 -3 -233 13 -163
person 0.014987404 970 140 986 153
person 0.014971412 175 73 201 103
person 0.014963874 664 19 679 38
person 0.014949466 99 572 115 599
person 0.014945912 624 20 634 34
person 0.014945112 942 -221 975 -149
person 0.014909109 606 44 617 58
person 0.014906084 303 444 381 520
person 0.014891067 175 -227 190 -176
person 0.014886812 357 616 364 633
person 0.014874797 471 13 480 26
person 0.014873511 0 -182 5 -140
person 0.01487194 503 748 534 842
person 0.014863907 223 414 303 501
person 0.0148524605 821 220 928 360
person 0.014844432 206 733 223 759
person 0.01484347 244 385 266 394
person 0.014842376 936 140 1022 276
person 0.014827545 126 -231 142 -211
person 0.0148227615 211 104 237 132
person 0.014819662 675 -5 731 103
person 0.014816029 991 638 1008 691
person 0.014806024 669 746 699 841
person 0.014798806 559 188 572 207
person 0.014797338 870 67 882 78
person 0.014789526 216 -227 231 -177
person 0.014755007 350 733 368 759
person 0.014749747 337 750 370 842
person 0.014727506 371 733 388 759
person 0.0147191435 664 401 683 430
person 0.014714269 969 -230 982 -223
person 0.014687367 883 220 905 241
person 0.014682746 35 427 50 455
person 0.014668616 -1 359 8 394
person 0.014652304 330 733 347 759
person 0.014647488 87 766 109 840
person 0.014632518 417 629 430 659
person 0.0146273505 680 733 700 803
person 0.014607534 154 400 179 420
person 0.014593607 392 733 409 759
person 0.014577784 336 626 350 669
person 0.014568593 64 -231 80 -213
person 0.014566513 0 399 8 483
person 0.014564452 702 -230 716 -223
person 0.014555858 662 -231 677 -212
person 0.014553465 537 -43 559 -2
person 0.014552062 460 624 474 674
person 0.0145305535 1054 -230 1074 -170
person 0.014528396 1061 199 1076 225
person 0.014527828 704 18 719 37
person 0.014527119 227 733 244 759
person 0.0144893415 309 733 326 759
person 0.014481983 512 237 535 257
person 0.0144742 1037 4 1067 83
person 0.0144726895 622 -196 639 -144
person 0.0144256195 1065 606 1071 641
person 0.014410591 933 628 943 659
person 0.014410564 916 31 939 63
person 0.014405417 970 44 988 63
person 0.014403163 600 -231 616 -211
person 0.014396916 43 472 59 500
person 0.014390707 665 64 700 107
person 0.014388374 173 -48 201 4
person 0.014373835 -1 -177 13 -96
person 0.014371017 289 733 306 759
person 0.0143586965 247 733 265 759
person 0.014356058 989 -230 1003 -223
person 0.01434743 1015 632 1023 653
person 0.014346352 412 733 429 759
person 0.01434224 562 40 580 59
person 0.014339611 948 22 958 36
person 0.014336464 615 -119 647 -36
person 0.014334071 436 419 460 450
person 0.014332644 290 479 397 626
person 0.014327479 932 443 951 469
person 0.014321494 512 6 571 103
person 0.014296965 520 325 592 404
person 0.01428613 468 11 483 28
person 0.014283021 109 0 163 98
person 0.014282566 268 733 285 759
person 0.014277014 263 426 287 435
person 0.014242984 936 116 948 129
person 0.014241913 702 338 722 364
person 0.014238238 332 481 359 507
person 0.014236926 686 444 696 471
person 0.014220613 1049 295 1073 356
person 0.014218802 867 422 883 448
person 0.014210397 106 -231 121 -212
person 0.014206596 1065 196 1072 227
person 0.014204167 611 -74 646 10
person 0.014144758 989 -231 1005 -213
person 0.01411841 331 592 343 611
person 0.014109997 462 63 473 76
person 0.014101384 738 86 828 233
person 0.014094816 1065 217 1072 247
person 0.014092907 123 359 192 445
person 0.014080166 213 721 236 786
person 0.014061174 433 733 450 759
person 0.014059316 666 -22 744 134
person 0.014024572 966 236 992 258
person 0.014021758 697 205 718 224
person 0.014011601 705 381 725 406
person 0.0140062 106 580 116 614
person 0.013997077 497 411 515 433
person 0.013987669 269 278 291 301
person 0.013981003 144 733 162 759
person 0.013957508 641 -231 657 -212
person 0.0139415115 189 226 211 250
person 0.013927949 685 472 700 501
person 0.013926094 1040 -148 1082 -29
person 0.013915845 102 74 162 161
person 0.013905079 547 234 666 372
person 0.01390489 679 164 692 184
person 0.013898569 345 454 365 475
person 0.013870618 190 105 202 121
person 0.013865688 953 44 970 63
person 0.013864581 172 721 195 787
person 0.013857795 453 733 471 759
person 0.013834655 665 136 679 155
person 0.013828848 171 240 193 264
person 0.013827254 577 733 594 759
person 0.013821397 104 -149 122 -95
person 0.013819304 175 182 216 227
person 0.013818057 61 -151 80 -84
person 0.0138106905 556 733 574 759
person 0.01380517 907 303 920 316
person 0.013799328 536 733 553 759
person 0.013795047 515 733 532 759
person 0.013793989 1056 709 1073 778
person 0.013791091 972 653 986 682
person 0.013777076 1064 -197 1071 -159
person 0.01376777 843 200 865 221
person 0.013757276 748 -18 825 147
person 0.013749101 618 733 636 759
person 0.013748164 150 387 172 412
person 0.0137476595 621 -231 636 -211
person 0.013746231 -3 368 8 380
person 0.013743808 798 93 879 231
person 0.013733457 495 733 512 759
person 0.013733281 474 733 491 759
person 0.0137084825 770 -216 779 -181
person 0.013698089 1065 577 1072 589
person 0.013694153 598 733 615 759
person 0.01367772 348 29 371 61
person 0.013669559 639 733 656 759
person 0.013656759 924 100 1017 238
person 0.013644317 775 335 840 412
person 0.0136220595 144 -151 163 -99
person 0.013622054 -4 420 9 447
person 0.013612888 872 626 881 659
person 0.013606205 1 273 12 301
person 0.01359893 0 -137 9 -60
person 0.013597299 659 733 677 759
person 0.013577691 457 254 499 300
person 0.013567667 956 -189 971 -137
person 0.013555568 595 203 616 223
person 0.013553597 143 54 167 85
person 0.01353893 -3 116 9 143
person 0.013520193 639 733 658 803
person 0.013517967 0 -92 9 -21
person 0.013508313 566 164 676 299
person 0.013505542 -3 -218 8 -188
person 0.01349486 578 89 677 231
person 0.013486993 213 -103 234 -54
person 0.013481656 541 404 551 428
person 0.013469878 250 182 269 207
person 0.013463156 337 158 441 299
person 0.013441022 88 106 114 137
person 0.013429095 1020 514 1084 709
person 0.013415746 599 24 608 38
person 0.01339043 328 143 341 155
person 0.0133839995 207 338 253 384
person 0.013374364 1065 140 1072 154
person 0.013363105 -1 457 5 494
person 0.013344407 426 373 445 396
person 0.013337798 680 733 697 759
person 0.013332052 694 369 714 392
person 0.013305684 0 620 5 662
person 0.013290461 704 220 811 354
person 0.013282634 602 3 660 105
person 0.013270628 964 260 985 273
person 0.013266964 0 281 13 293
person 0.013265259 697 670 719 735
person 0.013263736 960 256 988 278
person 0.013250383 576 219 598 237
person 0.013241825 1056 741 1072 819
person 0.013236204 787 631 796 649
person 0.013186759 1065 557 1073 569
person 0.013166051 241 422 295 468
person 0.013162674 1066 529 1072 559
person 0.013162341 156 498 270 628
person 0.013159956 174 -105 196 -55
person 0.013145059 534 673 553 724
person 0.013093501 180 447 207 465
person 0.013054716 314 629 327 657
person 0.01305415 0 151 6 185
person 0.013041409 -5 178 9 203
person 0.013031666 993 25 1003 39
person 0.013001709 0 641 5 683
person 0.012997175 913 628 922 659
person 0.012996125 877 23 901 56
person 0.012976161 416 -96 489 58
person 0.012941646 700 -80 732 11
person 0.0129344305 1018 490 1044 550
person 0.012918571 478 65 491 79
person 0.012914551 952 618 960 635
person 0.012911907 378 596 388 610
person 0.012907223 701 733 718 759
person 0.012900626 575 266 616 315
person 0.012894142 355 628 368 658
person 0.012893712 257 27 290 75
person 0.012884187 600 -83 652 32
person 0.012873912 667 -120 698 -32
person 0.01286376 206 9 224 29
person 0.012862041 970 282 983 295
person 0.012823073 20 2 71 98
person 0.012782146 331 675 346 718
person 0.01277316 460 31 477 52
person 0.012770767 338 618 345 635
person 0.01276778 681 -230 695 -223
person 0.012763633 419 614 430 642
person 0.012752156 581 -198 599 -146
person 0.012751105 726 95 740 116
person 0.012746449 846 415 909 518
person 0.012745621 355 97 371 114
person 0.012737007 1064 -177 1071 -138
person 0.012736635 0 -162 5 -120
person 0.012728393 0 661 5 703
person 0.012720707 615 447 628 477
person 0.012714259 1064 -156 1071 -118
person 0.012703658 988 -222 1010 -165
person 0.012698689 -1 197 6 227
person 0.012694057 557 557 573 650
person 0.012681137 0 175 5 206
person 0.012657916 750 -216 758 -181
person 0.0126467105 835 -197 847 -151
person 0.012641812 426 132 463 175
person 0.012620474 1050 102 1076 152
person 0.012612377 952 613 962 642
person 0.012610727 64 492 82 518
person 0.0126078185 1038 417 1048 480
person 0.012579291 971 240 1064 394
person 0.012546669 1055 670 1074 733
person 0.012528422 1065 595 1071 609
person 0.012525967 0 553 7 652
person 0.012505112 -2 323 14 335
person 0.012497723 297 172 334 216
person 0.012474348 290 676 305 719
person 0.012473049 265 87 356 229
person 0.012471745 96 -91 161 61
person 0.012451899 0 600 5 641
person 0.012449478 431 390 444 406
person 0.012443997 -3 -196 8 -168
person 0.012443586 182 -24 260 125
person 0.012442315 598 733 617 803
person 0.012436487 456 619 476 683
person 0.012406882 727 464 740 492
person 0.012403214 392 566 410 593
person 0.012399237 355 61 372 81
person 0.0123921335 703 117 718 132
person 0.012386076 929 19 945 38
person 0.012380129 433 140 448 160
person 0.012371678 132 720 154 786
person 0.012352274 676 216 699 235
person 0.01234687 346 97 441 231
person 0.012345852 0 -50 9 13
person 0.012342453 132 621 145 671
person 0.012336891 0 498 5 537
person 0.012319948 721 733 739 759
person 0.012316763 791 -217 799 -181
person 0.012313579 0 511 7 613
person 0.01229701 249 676 264 721
person 0.012280498 76 514 94 537
person 0.012277774 248 -8 331 138
person 0.012240249 85 -231 101 -212
person 0.012220622 127 568 143 596
person 0.012207086 825 99 842 112
person 0.012201452 959 94 1033 228
person 0.012153541 903 179 925 201
person 0.012152573 961 420 991 448
person 0.0121420855 530 423 544 451
person 0.012128702 901 705 970 856
person 0.012105311 -3 132 9 159
person 0.01209328 747 -102 816 68
person 0.012084715 778 571 799 597
person 0.01206821 704 -198 722 -143
person 0.012022158 780 137 791 161
person 0.012017719 -3 179 16 213
person 0.012016019 839 -14 914 152
person 0.01200794 230 466 284 513
person 0.011990432 438 -6 517 143
person 0.011986653 493 674 512 724
person 0.011978214 990 23 1007 40
person 0.011974794 104 -194 121 -140
person 0.011970096 -4 441 9 469
person 0.0119419815 0 682 5 724
person 0.0119412895 -5 57 8 84
person 0.011938206 134 33 157 67
person 0.011927829 681 404 701 431
person 0.011925283 520 114 531 127
person 0.011920654 908 627 923 678
person 0.011908871 800 526 865 684
person 0.011906414 1040 -219 1083 -118
person 0.011900962 1010 136 1022 150
person 0.011900435 -4 227 13 249
person 0.0118795 1053 27 1072 63
person 0.011861601 742 732 759 759
person 0.011856321 153 594 162 622
person 0.011854573 508 -111 529 -63
person 0.011834124 767 632 776 649
person 0.011821412 438 629 450 658
person 0.011811891 914 -217 922 -181
person 0.011811818 677 173 688 194
person 0.011799412 464 86 553 224
person 0.011790315 60 732 79 805
person 0.011783854 759 683 796 807
person 0.011774058 665 443 679 472
person 0.011768771 557 733 576 803
person 0.011755221 554 422 569 450
person 0.0117537975 -5 319 18 343
person 0.011748492 130 -196 144 -146
person 0.011736716 398 597 408 613
person 0.011691869 1064 627 1071 662
person 0.011654647 150 347 171 371
person 0.011652386 168 126 179 141
person 0.01164436 0 784 5 830
person 0.0116416095 499 408 511 428
person 0.011618063 411 673 431 723
person 0.0116178775 20 -96 79 53
person 0.01160103 968 735 988 805
person 0.011590559 559 222 570 233
person 0.011574215 746 16 760 36
person 0.011572786 388 198 408 220
person 0.011569601 414 63 432 83
person 0.0115409475 172 621 185 670
person 0.0115274815 413 81 508 224
person 0.011514106 758 3 812 117
person 0.011497879 499 -11 583 137
person 0.01149775 643 438 657 466
person 0.0114944605 169 671 223 773
person 0.011490452 297 157 310 171
person 0.011486704 971 231 988 269
person 0.011479765 124 733 141 760
person 0.011466028 970 301 982 313
person 0.011458547 591 -14 672 137
person 0.01145354 78 703 145 865
person 0.011451569 255 -105 277 -56
person 0.011450052 661 -230 675 -223
person 0.01144961 72 532 155 698
person 0.01144094 107 309 118 322
person 0.011430854 458 629 471 659
person 0.011424105 870 627 884 679
person 0.011422873 763 732 780 759
person 0.011422199 343 672 390 767
person 0.011419001 1066 767 1072 809
person 0.011417258 330 447 343 457
person 0.011415698 -4 400 9 427
person 0.011405036 249 364 271 374
person 0.011391636 910 19 925 37
person 0.011371531 368 200 388 221
person 0.011369918 419 623 433 672
person 0.011366326 267 385 288 395
person 0.01136629 462 -111 484 -62
person 0.011350386 531 480 547 509
person 0.011349316 540 132 552 150
person 0.011344952 -1 54 4 88
person 0.011336595 969 21 980 35
person 0.0113323685 53 100 78 130
person 0.011314308 769 97 786 118
person 0.011312708 64 -231 78 -223
person 0.0112876585 248 187 287 230
person 0.011280658 699 466 715 495
person 0.011268363 907 -143 919 -99
person 0.011254314 999 -76 1029 13
person 0.011237142 0 477 5 515
person 0.011236526 -1 411 15 490
person 0.011220708 0 595 8 690
person 0.011215805 0 -141 5 -99
person 0.01120751 852 422 867 448
person 0.011204266 783 732 800 759
person 0.011193943 101 476 133 535
person 0.0111936275 515 733 535 803
person 0.011181899 540 -198 558 -147
person 0.011174258 46 746 61 776
person 0.011138561 311 613 320 641
person 0.011138163 683 208 695 218
person 0.0111356415 812 626 820 659
person 0.011134575 0 580 5 621
person 0.011131269 -4 462 9 489
person 0.011121892 437 61 455 82
person 0.011091004 804 732 821 759
person 0.011060727 199 184 238 229
person 0.011056815 -4 154 9 181
person 0.011050097 152 702 226 858
person 0.01103447 678 337 698 362
person 0.011026215 1004 20 1020 38
person 0.011024212 811 -217 819 -181
person 0.011022732 723 714 738 740
person 0.010999763 163 452 184 464
person 0.010999235 744 713 758 740
person 0.01099493 170 254 210 280
person 0.010987316 81 535 99 558
person 0.01098127 954 -215 963 -180
person 0.010973475 164 -150 185 -99
person 0.01096772 474 733 493 804
person 0.010945764 1057 639 1074 683
person 0.010945589 266 405 290 415
person 0.010937771 1065 277 1072 308
person 0.010937354 311 619 319 633
person 0.010937116 433 733 452 803
person 0.010933512 392 733 411 804
person 0.010918856 824 732 842 759
person 0.010913008 445 458 529 627
person 0.010908201 67 -190 78 -135
person 0.010900677 251 121 262 133
person 0.010891848 841 688 880 803
person 0.010880937 377 623 392 671
person 0.010868771 902 441 920 466
person 0.010861136 332 -26 414 126
person 0.010856305 208 -230 222 -223
person 0.010855185 1064 648 1071 682
person 0.010854898 188 -230 202 -223
person 0.010854642 414 -230 428 -223
person 0.010854155 63 540 85 570
person 0.010852082 172 611 181 642
person 0.010850956 332 -230 346 -223
person 0.010848817 435 -230 449 -223
person 0.010847763 311 -230 325 -223
person 0.0108468 352 -230 366 -223
person 0.010844611 394 -230 407 -223
person 0.010844074 229 -230 243 -223
person 0.010842208 476 -230 490 -223
person 0.010839799 660 -130 675 -103
person 0.010838899 291 -230 304 -223
person 0.010838537 249 -230 263 -223
person 0.010838521 473 -3 486 11
person 0.010837079 373 -230 387 -223
person 0.010836584 270 -230 284 -223
person 0.010835234 455 -230 469 -223
person 0.0108347535 497 -230 510 -223
person 0.01083251 0 703 5 744
person 0.010801272 905 276 925 297
person 0.010786633 1025 181 1043 205
person 0.0107843485 703 714 717 740
person 0.010776989 140 106 162 126
person 0.010771481 83 -132 130 -20
person 0.010767056 456 -1 470 11
person 0.010766188 206 8 231 44
person 0.010762669 882 482 968 642
person 0.010758188 1008 22 1017 36
person 0.010754057 421 386 437 408
person 0.010753682 381 16 413 65
person 0.010752779 517 -230 531 -223
person 0.010748224 167 -230 181 -223
person 0.010745518 943 402 1009 518
person 0.010743278 0 -10 5 25
person 0.010731796 421 399 447 431
person 0.010731497 77 551 95 577
person 0.010701075 1064 -135 1071 -98
person 0.010695599 952 651 963 681
person 0.010685059 350 733 370 804
person 0.01068383 825 670 841 725
person 0.010683421 0 723 5 764
person 0.010680448 993 31 1015 62
person 0.010680292 462 324 512 385
person 0.010677103 397 626 410 657
person 0.01067669 1032 443 1049 468
person 0.010676639 546 -109 567 -60
person 0.010664292 1041 108 1051 120
person 0.01065045 264 54 299 102
person 0.01064615 1063 -8 1070 22
person 0.010645377 258 422 291 440
person 0.010639126 499 -198 516 -147
person 0.01062981 1065 -94 1072 -57
person 0.0106184725 641 -230 654 -223
person 0.0106134685 402 612 411 641
person 0.010611181 666 22 676 36
person 0.010606632 996 730 1045 848
person 0.010604731 538 -230 552 -223
person 0.010572159 1037 81 1052 101
person 0.010562049 157 265 179 286
person 0.010560369 430 70 464 115
person 0.010556408 687 20 696 34
person 0.010553775 558 -230 572 -223
person 0.010535724 587 -145 608 -94
person 0.010531099 380 -107 402 -58
person 0.01051653 845 731 862 759
person 0.010510771 581 20 598 38
person 0.010485098 457 -198 475 -147
person 0.01047292 253 195 273 220
person 0.010468824 146 -230 160 -223
person 0.010466167 658 672 677 723
person 0.01046352 1000 525 1041 545
person 0.010462331 505 -149 526 -98
person 0.010457179 827 651 841 677
person 0.010438991 309 733 329 804
person 0.010434087 1065 748 1072 786
person 0.010432349 186 733 205 804
person 0.010427402 483 -95 555 60
person 0.010426984 423 -109 445 -60
person 0.010426664 35 58 64 109
person 0.010411704 503 466 589 630
person 0.010409503 460 -148 481 -97
person 0.010408068 456 714 470 741
person 0.010406335 257 671 305 766
person 0.01040228 208 677 222 721
person 0.010399826 682 714 697 741
person 0.010393747 22 790 37 822
person 0.010391168 476 714 491 741
person 0.010387755 648 580 659 656
person 0.010380101 240 385 296 431
person 0.010377045 -4 504 9 531
person 0.010375651 765 713 779 740
person 0.010373334 579 -230 593 -223
person 0.010372723 508 38 526 58
person 0.010367193 835 625 842 658
person 0.010364453 936 -91 984 32
person 0.010352775 579 714 594 741
person 0.0103403935 180 24 204 57
person 0.010332399 110 607 120 639
person 0.0103301415 157 62 247 213
person 0.010328641 416 -198 434 -146
person 0.010328109 600 714 614 741
person 0.010326349 351 506 374 526
person 0.010323329 676 178 689 188
person 0.010319933 497 714 512 741
person 0.010315303 832 -217 840 -181
person 0.01030991 660 468 674 498
person 0.0103011085 375 -198 393 -147
person 0.010297847 435 714 450 741
person 0.010294085 814 701 884 857
person 0.010286825 559 714 573 741
person 0.010284136 178 426 203 445
person 0.010277659 866 731 883 759
person 0.010277601 -3 345 8 355
person 0.010272354 1030 367 1041 428
person 0.010270352 541 523 558 551
person 0.010268394 178 370 201 390
person 0.010267037 297 127 308 137
person 0.010261975 334 -199 352 -147
person 0.01025935 263 238 284 262
person 0.010250677 516 240 530 252
person 0.010237899 620 714 635 741
person 0.010223341 517 714 532 741
person 0.01022229 631 -147 651 -95
person 0.010218401 356 78 373 97
person 0.01021696 293 630 306 658
person 0.010214805 253 -144 273 -94
person 0.010207069 250 714 264 741
person 0.01020415 268 733 287 804
person 0.010202571 45 727 60 757
person 0.010199673 927 196 948 218
person 0.010198927 600 -230 613 -223
person 0.0101908725 229 -89 301 59
person 0.010184961 584 23 594 36
person 0.010182477 270 714 285 741
person 0.010179609 661 714 676 741
person 0.0101740025 907 -16 984 141
person 0.010168179 280 447 302 466
person 0.010165612 227 733 246 804
person 0.010160902 538 714 553 741
person 0.010144929 229 714 244 741
person 0.01014144 270 85 284 102
person 0.010136721 -4 729 9 757
person 0.01013463 753 315 856 463
person 0.010127954 620 -230 634 -223
person 0.010126611 414 714 429 741
person 0.010112731 374 -146 395 -95
person 0.010111972 398 412 416 433
person 0.01011011 0 559 5 600
person 0.010109366 293 -199 310 -147
person 0.010107543 641 714 656 741
person 0.010103293 250 509 268 521
person 0.010100255 420 -147 441 -96
person 0.010095628 9 79 64 171
person 0.010090896 223 344 245 353
person 0.01007316 729 -216 738 -181
person 0.01007296 291 714 306 741
person 0.0100712245 969 220 991 239
person 0.010069462 249 119 265 135
person 0.010069214 785 713 800 740
person 0.010062049 747 629 757 657
person 0.010051021 86 216 108 234
person 0.010047577 251 87 263 102
person 0.010044021 630 357 649 382
person 0.010043234 418 19 451 67
person 0.010041603 270 494 285 504
person 0.010032828 991 -141 1009 -93
person 0.010023133 538 -148 559 -97
person 0.010022774 1061 280 1075 306
person 0.010022457 640 -130 655 -103
person 0.010000608 707 -214 719 -181
