person 0.7021977 565 183 593 216
person 0.6911692 837 144 866 178
person 0.6743267 506 167 533 200
person 0.6608233 632 144 660 174
person 0.62560046 993 81 1006 100
person 0.6215876 963 77 977 95
person 0.6147468 476 115 500 143
person 0.5698653 902 163 930 201
person 0.56599045 572 66 588 84
person 0.55617326 614 215 644 252
person 0.35842714 582 70 598 88
person 0.0629596 402 131 421 151
person 0.035426166 396 124 415 145
person 0.023852963 399 123 426 149
person 0.022512186 396 132 415 152
person 0.015617106 965 79 974 91
person 0.012517926 816 175 846 209
person 0.010286558 995 82 1003 96
person 0.010247649 408 59 426 78
