person 0.73018533 816 83 831 102
person 0.7143218 889 147 913 177
person 0.69038564 966 125 982 148
person 0.6565935 706 69 721 89
person 0.64891493 658 61 674 80
person 0.6427072 719 81 735 102
person 0.6274549 677 74 692 94
person 0.6162674 944 109 959 131
person 0.61047137 996 145 1013 171
person 0.6053813 461 114 479 140
person 0.59899056 1022 109 1036 131
person 0.4822467 497 116 516 142
person 0.4192575 967 146 984 172
person 0.3881764 836 84 851 102
person 0.047693003 1026 112 1040 133
person 0.021057773 812 80 836 106
person 0.016768146 661 62 671 74
