person 1 357 53 420
person 222 205 252 237
person 259 228 286 257
person 298 225 328 263
person 348 232 380 272
person 310 184 336 216
person 360 184 386 215
person 388 187 417 218
person 391 162 419 190
person 442 172 470 194
person 450 193 476 227
person 503 156 526 179
person 526 136 548 152
person 536 151 561 179
person 515 176 539 207
person 489 209 519 242
person 551 191 575 221
person 575 114 596 139
person 577 138 600 163
person 595 166 617 192
person 645 180 667 206
person 611 139 635 160
person 619 130 641 147
person 677 122 695 147
person 660 126 679 144
person 701 126 719 140
person 702 138 723 158
person 743 122 761 146
person 790 136 808 159
person 748 149 771 174
person 683 156 706 185
person 904 149 922 177
person 969 169 989 191
person 1098 185 1120 211
person 1083 195 1105 217
person 1077 213 1101 243
person 1018 213 1041 241
person 1044 239 1069 274
person 958 189 980 222
person 930 175 952 200
person 892 163 911 190
person 843 169 865 198
person 893 193 917 220
person 858 196 887 233
person 744 200 774 239
person 790 215 823 255
person 878 237 906 282
person 919 247 951 287
person 1032 280 1066 312
person 1019 311 1063 356
person 911 287 949 330
person 770 278 809 319
person 689 217 722 260
