person 226 199 257 234
person 276 242 307 272
person 425 223 461 263
person 408 182 433 216
person 356 183 380 213
person 346 162 372 192
person 395 155 423 183
person 442 157 471 186
person 450 189 484 226
person 487 164 510 193
person 472 145 496 170
person 514 140 535 167
person 498 194 525 226
person 538 117 560 145
person 581 117 600 136
person 558 141 589 178
person 587 128 607 155
person 592 179 615 213
person 644 162 669 196
person 630 116 651 142
person 650 132 671 156
person 644 97 661 119
person 671 109 690 130
person 702 145 726 172
person 707 130 725 150
person 721 105 740 129
person 745 116 764 139
person 753 140 772 164
person 808 116 827 138
person 904 145 925 169
person 992 159 1013 176
person 1097 174 1118 197
person 1092 196 1114 227
person 1063 202 1087 237
person 1038 199 1062 226
person 987 175 1007 202
person 937 179 959 202
person 877 153 900 180
person 904 169 927 202
person 957 193 980 228
person 847 168 871 200
person 984 219 1009 253
person 1060 243 1087 280
person 1041 278 1072 315
person 959 241 997 276
person 916 214 944 246
person 882 227 916 260
person 801 180 829 215
person 810 210 845 247
person 750 205 781 241
person 692 238 730 276
person 760 255 797 298
person 836 270 882 306
person 942 275 976 327
person 977 374 1023 429
person 741 323 787 373
person 593 290 640 336
