person 224 206 254 239
person 290 228 320 264
person 426 225 460 264
person 454 189 485 226
person 404 182 429 216
person 364 176 388 209
person 345 163 374 193
person 394 156 417 183
person 441 158 469 186
person 471 146 494 171
person 484 174 508 200
person 532 134 567 168
person 511 145 534 173
person 583 174 608 209
person 568 146 589 170
person 586 129 606 155
person 585 118 605 133
person 630 116 651 143
person 647 129 667 154
person 655 157 680 189
person 703 143 727 172
person 695 129 715 156
person 673 109 691 132
person 645 96 663 118
person 723 104 741 126
person 745 115 764 141
person 751 141 772 164
person 806 115 825 138
person 903 147 923 173
person 990 158 1011 180
person 1101 180 1121 202
person 1096 201 1120 231
person 1061 202 1088 238
person 1068 229 1097 265
person 1047 248 1074 281
person 1037 198 1061 226
person 984 166 1004 191
person 871 153 890 184
person 903 171 925 205
person 852 158 875 185
person 810 175 838 206
person 961 195 986 227
person 989 247 1013 273
person 916 212 944 244
person 880 227 913 260
person 947 266 989 312
person 960 251 997 273
person 810 214 844 249
person 750 206 777 242
person 755 242 788 287
person 686 236 724 275
person 836 265 880 304
person 937 178 960 201
person 934 352 979 421
person 749 321 793 375
person 608 288 655 336
person 539 117 560 136
