person 235 193 264 229
person 319 218 350 249
person 429 227 463 261
person 335 165 362 196
person 382 175 404 204
person 406 187 431 218
person 468 184 495 219
person 403 151 426 181
person 440 159 466 186
person 473 145 498 171
person 493 162 515 191
person 515 144 536 169
person 548 115 570 140
person 548 137 583 177
person 576 157 587 177
person 592 113 610 133
person 598 124 618 149
person 593 182 617 213
person 644 159 669 193
person 649 131 670 157
person 630 117 649 143
person 643 96 662 117
person 676 108 696 130
person 718 107 736 125
person 709 124 729 150
person 716 138 740 164
person 749 114 768 139
person 755 138 775 162
person 801 116 821 138
person 908 144 928 168
person 987 153 1010 174
person 1095 172 1114 197
person 1087 196 1109 225
person 1040 189 1063 219
person 987 171 1006 199
person 933 166 957 190
person 956 188 982 219
person 991 217 1022 249
person 1066 233 1094 270
person 1065 213 1088 239
person 908 174 931 207
person 874 152 894 177
person 845 163 868 190
person 811 179 836 209
person 809 206 846 242
person 755 203 784 238
person 915 209 942 238
person 881 228 913 263
person 944 267 988 309
person 946 255 977 275
person 1042 284 1070 324
person 951 348 1003 399
person 842 265 886 305
person 774 251 813 289
person 695 234 738 270
person 623 266 665 303
