person 233 193 262 229
person 332 214 361 245
person 425 225 459 261
person 336 165 363 195
person 354 182 377 210
person 406 188 433 221
person 459 187 490 223
person 396 156 420 185
person 441 158 467 186
person 490 162 512 191
person 473 145 497 170
person 514 145 536 170
person 529 123 551 149
person 541 138 577 178
person 571 150 590 175
person 596 125 616 153
person 585 120 603 143
person 631 114 651 142
person 638 96 657 119
person 676 108 696 131
person 649 132 671 156
person 592 183 617 214
person 641 160 668 195
person 701 147 725 178
person 704 124 723 149
person 718 107 736 129
person 748 114 767 141
person 755 139 775 164
person 801 118 819 143
person 910 146 930 172
person 988 156 1011 174
person 1097 176 1118 199
person 986 172 1005 199
person 1069 188 1095 220
person 1093 197 1113 228
person 1036 192 1059 221
person 873 148 894 176
person 848 164 873 193
person 905 175 929 209
person 929 176 951 202
person 956 187 978 221
person 1067 217 1096 251
person 999 241 1024 269
person 917 210 942 244
person 803 188 829 221
person 750 204 780 242
person 799 224 831 262
person 881 227 914 263
person 947 266 993 312
person 967 256 997 284
person 1039 277 1067 316
person 842 265 882 314
person 776 256 812 291
person 689 232 727 270
person 629 266 677 312
person 746 316 797 367
person 956 352 1000 416
