person 227 199 256 234
person 277 232 307 263
person 418 235 455 283
person 394 187 421 222
person 356 178 380 208
person 342 163 368 194
person 399 154 421 182
person 447 158 473 186
person 474 146 493 170
person 486 144 525 186
person 461 184 488 206
person 516 141 538 169
person 538 165 564 196
person 571 152 594 175
person 530 119 552 145
person 591 175 615 209
person 587 128 608 157
person 588 113 607 130
person 639 96 657 118
person 629 115 650 141
person 645 130 667 156
person 668 109 687 133
person 718 106 737 130
person 749 114 768 139
person 794 120 813 147
person 773 137 792 161
person 703 139 727 169
person 650 157 675 189
person 908 144 928 169
person 988 152 1009 174
person 1093 175 1112 203
person 1038 191 1063 216
person 1053 199 1079 228
person 1090 200 1109 229
person 983 177 1004 203
person 934 176 954 205
person 911 170 934 203
person 877 150 898 173
person 856 165 881 195
person 964 190 989 221
person 1058 233 1087 271
person 981 220 1009 252
person 917 209 944 243
person 956 251 990 280
person 882 227 915 260
person 802 209 836 246
person 797 188 824 219
person 773 200 803 235
person 691 232 729 271
person 760 244 797 281
person 837 261 875 311
person 942 265 985 310
person 1039 279 1069 316
person 978 339 1021 397
person 747 311 795 356
person 639 265 683 305
