person 51 373 112 434
person 392 187 419 220
person 428 190 460 225
person 441 206 471 243
person 522 159 547 192
person 592 195 626 229
person 608 172 632 202
person 629 215 656 251
person 591 133 612 158
person 648 143 670 168
person 694 150 715 175
person 715 134 738 159
person 728 127 748 148
person 744 163 768 187
person 769 171 794 201
person 802 152 824 180
person 810 141 831 161
person 999 203 1026 238
person 906 224 936 258
person 953 229 984 269
person 976 266 1009 307
person 900 256 938 296
person 1051 299 1087 337
