person 42 367 102 425
person 392 188 419 218
person 433 206 463 240
person 435 189 462 211
person 538 148 562 175
person 576 192 608 228
person 647 210 675 241
person 603 136 625 160
person 652 143 674 169
person 688 148 709 174
person 742 158 765 183
person 769 169 792 194
person 732 128 754 153
person 758 140 780 165
person 822 143 842 165
person 829 152 852 178
person 938 113 958 143
person 1003 204 1028 239
person 896 217 925 253
person 947 235 979 272
person 905 257 941 295
person 967 268 1001 308
person 1058 301 1092 342
