person 42 368 100 430
person 391 187 419 218
person 431 191 463 222
person 426 218 455 254
person 549 146 574 173
person 591 144 612 170
person 601 163 627 192
person 612 185 643 218
person 642 205 667 239
person 646 143 667 169
person 689 149 710 174
person 730 129 749 148
person 727 146 749 173
person 745 162 768 187
person 774 169 797 192
person 795 149 818 173
person 812 134 832 157
person 1003 203 1029 239
person 896 217 927 254
person 962 235 992 273
person 901 258 939 297
person 975 273 1011 319
person 1057 313 1092 355
