person 107 212 124 236
person 152 232 173 256
person 179 199 197 222
person 190 204 213 225
person 230 208 249 230
person 252 230 279 257
person 294 228 320 254
person 320 188 340 210
person 329 163 351 185
person 371 153 387 171
person 434 134 452 152
person 650 145 669 167
person 629 144 647 164
person 617 153 638 178
person 553 172 573 198
person 514 166 537 189
person 482 195 506 223
person 451 222 476 247
person 409 215 432 241
person 395 199 417 227
person 374 219 399 246
person 403 250 432 283
person 376 269 406 303
person 442 260 472 288
person 407 287 438 327
person 426 320 459 360
person 491 338 526 384
person 568 274 600 308
person 618 282 651 314
person 705 215 728 240
person 764 209 791 237
person 787 244 816 279
person 667 317 699 357
person 594 338 630 381
person 878 211 901 245
person 1183 247 1207 273
person 1173 272 1197 303
person 1144 311 1168 343
person 1023 273 1053 304
person 1029 302 1060 345
person 1121 325 1150 369
person 950 335 983 380
person 1006 404 1045 458
person 783 450 833 508
