person 32 408 83 459
person 324 210 349 244
person 351 246 376 273
person 390 261 419 297
person 465 282 495 320
person 643 328 682 376
person 420 205 444 232
person 437 234 463 259
person 544 221 570 253
person 599 245 631 279
person 507 170 530 195
person 530 184 554 212
person 588 194 609 220
person 664 210 685 239
person 680 216 702 244
person 562 181 583 202
person 621 166 641 189
person 630 155 650 176
person 686 165 706 189
person 698 200 726 232
person 731 214 755 239
person 755 167 776 193
person 815 177 837 203
person 732 143 753 167
person 734 131 751 151
person 794 136 811 158
person 822 156 841 180
person 851 164 869 184
person 861 145 878 167
person 890 158 906 185
person 1033 170 1050 192
person 1081 179 1098 198
person 1207 218 1227 246
person 1006 181 1027 208
person 1037 210 1056 236
person 1066 209 1090 240
person 1056 195 1072 220
person 976 195 997 225
person 941 215 965 244
person 1193 239 1213 265
person 897 235 921 268
person 950 251 976 284
person 988 250 1010 275
person 1006 267 1033 299
person 1163 278 1188 312
person 1148 297 1169 336
person 820 256 849 289
person 924 281 956 310
person 964 301 996 339
person 1062 328 1092 359
person 1125 348 1156 387
person 763 278 799 314
person 890 333 922 381
person 971 339 1011 383
person 814 411 854 456
person 1005 430 1053 476
person 764 164 783 183
person 1217 213 1231 234
