person 359 268 410 333
person 332 201 360 233
person 400 204 430 238
person 476 217 508 255
person 543 225 579 265
person 397 140 420 171
person 467 182 498 213
person 497 162 521 189
person 545 168 571 195
person 589 182 613 213
person 606 205 637 241
person 584 148 606 170
person 622 150 644 174
person 633 137 653 158
person 690 121 709 144
person 681 158 703 182
person 702 174 727 205
person 708 163 729 183
person 761 171 785 201
person 731 139 753 165
person 737 125 756 144
person 740 111 757 130
person 757 140 780 167
person 809 148 830 168
person 802 140 823 162
person 794 128 812 150
person 841 145 864 170
person 838 130 858 152
person 899 127 917 153
person 1048 157 1065 178
person 1087 164 1106 190
person 1105 162 1124 184
person 1151 168 1174 195
person 1199 188 1217 213
person 1187 197 1207 223
person 1171 213 1196 244
person 1116 202 1139 232
person 1052 179 1078 210
person 1026 168 1046 190
person 1007 167 1028 199
person 951 168 974 198
person 972 184 999 217
person 895 181 921 215
person 1048 200 1070 231
person 1049 221 1086 264
person 1095 241 1124 275
person 1160 244 1185 284
person 1126 259 1160 300
person 1118 301 1155 352
person 967 258 1002 305
person 863 208 890 237
person 882 236 917 281
person 793 220 827 262
person 770 283 816 335
person 883 347 935 396
