person 198 233 237 279
person 336 205 363 239
person 402 203 430 239
person 408 181 437 206
person 476 217 515 257
person 545 227 585 269
person 459 182 494 214
person 496 195 528 227
person 501 163 524 189
person 546 169 571 196
person 580 147 604 170
person 621 149 644 175
person 638 135 665 161
person 604 176 632 206
person 605 204 636 238
person 678 184 708 215
person 665 160 688 186
person 702 166 725 193
person 699 121 718 142
person 737 108 756 129
person 726 130 748 145
person 723 142 745 167
person 750 145 773 170
person 759 163 785 190
person 799 123 823 144
person 808 139 829 157
person 804 155 826 184
person 847 131 867 150
person 845 147 867 167
person 894 136 914 158
person 1041 155 1061 178
person 1101 165 1121 189
person 1160 175 1185 203
person 1188 190 1208 214
person 1205 187 1222 211
person 1028 164 1050 186
person 1017 176 1045 205
person 958 168 984 199
person 901 178 932 215
person 969 193 999 226
person 1050 192 1073 223
person 1088 177 1112 206
person 1112 201 1137 234
person 1181 209 1207 239
person 1164 242 1192 283
person 1135 252 1167 293
person 1085 227 1112 265
person 1052 222 1085 263
person 1027 209 1056 245
person 840 220 874 252
person 795 225 835 265
person 870 243 910 287
person 939 270 978 317
person 1095 313 1133 370
person 792 278 845 333
person 849 321 902 368
