person 50 405 101 455
person 322 212 349 247
person 368 216 403 255
person 390 263 420 297
person 478 281 508 321
person 419 203 444 233
person 454 210 475 239
person 520 234 555 268
person 606 244 641 280
person 488 186 508 214
person 531 182 557 214
person 583 195 605 225
person 633 206 661 241
person 688 220 711 251
person 560 174 583 199
person 618 181 642 207
person 679 202 708 230
person 737 209 761 239
person 638 152 657 177
person 685 164 705 191
person 757 167 779 192
person 765 160 785 180
person 734 143 752 166
person 728 135 746 152
person 794 136 811 157
person 815 176 836 203
person 814 165 835 187
person 849 170 876 196
person 860 147 880 170
person 888 163 905 190
person 1034 172 1051 193
person 1082 179 1100 202
person 1207 221 1227 243
person 1014 179 1034 207
person 1062 193 1080 221
person 978 193 998 223
person 1034 210 1056 240
person 1072 216 1094 246
person 1199 244 1219 269
person 1166 267 1190 305
person 932 214 957 242
person 985 224 1007 251
person 895 227 921 256
person 943 239 970 273
person 1008 258 1035 296
person 1146 309 1170 346
person 1130 345 1160 388
person 1052 331 1087 369
person 953 296 990 334
person 901 277 930 313
person 836 258 867 291
person 744 283 781 324
person 884 329 917 377
person 983 356 1017 401
person 638 323 676 370
person 801 422 843 467
person 1016 467 1075 518
person 1208 214 1222 226
