person 266 218 298 250
person 308 228 334 263
person 342 239 378 278
person 349 167 372 201
person 376 188 406 217
person 413 186 441 219
person 396 162 423 191
person 439 199 469 235
person 515 183 540 216
person 572 186 597 218
person 506 152 527 179
person 524 132 546 156
person 558 148 584 176
person 604 163 625 192
person 566 134 589 154
person 613 136 637 159
person 608 131 627 145
person 577 115 598 140
person 664 129 684 155
person 697 119 716 139
person 695 134 716 157
person 694 156 718 183
person 754 118 770 141
person 667 123 687 135
person 766 126 786 154
person 787 138 808 159
person 906 152 927 176
person 958 161 975 184
person 1097 182 1117 210
person 1080 194 1102 215
person 1074 213 1099 243
person 1016 200 1039 233
person 946 177 967 203
person 962 188 983 220
person 880 161 903 187
person 835 178 858 210
person 868 193 895 230
person 894 199 915 223
person 1048 241 1075 276
person 1019 245 1052 291
person 965 247 996 294
person 883 241 915 282
person 806 210 836 248
person 742 201 771 241
person 671 242 706 280
person 771 249 806 301
person 1025 285 1060 335
person 924 275 956 318
