person 102 303 154 366
person 286 147 306 172
person 285 160 313 186
person 352 134 374 156
person 392 116 413 136
person 384 135 410 159
person 419 129 440 155
person 447 116 468 138
person 475 102 494 125
person 465 144 491 174
person 516 126 535 149
person 521 98 539 118
person 539 87 556 105
person 548 103 566 126
person 592 78 608 97
person 595 91 618 116
person 623 83 638 103
person 667 86 686 107
person 644 91 667 117
person 627 116 650 137
person 598 140 624 166
person 540 175 568 205
person 700 76 716 92
person 702 91 719 108
person 699 123 719 146
person 728 110 748 130
person 729 75 746 94
person 754 71 770 88
person 763 85 780 101
person 771 99 788 119
person 776 110 796 134
person 770 37 786 56
person 803 69 818 88
person 822 69 840 86
person 822 85 838 102
person 832 99 848 118
person 865 83 882 105
person 872 75 888 94
person 901 85 918 104
person 876 120 898 143
person 823 144 846 169
person 893 153 919 182
person 928 135 949 158
person 955 115 972 134
person 976 102 995 123
person 978 120 996 141
person 1017 107 1034 127
person 1025 123 1047 145
person 998 142 1019 169
person 946 165 972 189
person 1003 172 1028 203
person 899 227 930 266
person 988 256 1024 303
person 822 228 853 263
person 1097 132 1113 151
person 1133 127 1153 150
person 1131 145 1151 169
person 1114 160 1136 188
person 1085 193 1107 219
person 1089 214 1117 257
person 1071 271 1108 320
person 1188 248 1213 286
person 1186 212 1210 243
person 1161 199 1179 227
person 1170 150 1187 171
person 1192 138 1208 160
person 1232 145 1246 167
person 1221 179 1237 204
person 1231 174 1245 194
person 1226 204 1245 233
person 770 154 798 186
person 722 185 748 217
person 742 208 773 245
