person 204 211 263 275
person 329 139 348 162
person 394 126 415 153
person 415 130 438 158
person 362 102 379 126
person 410 107 426 125
person 429 105 445 127
person 455 121 477 149
person 395 91 411 112
person 407 90 417 104
person 421 92 437 113
person 442 90 457 112
person 455 110 471 130
person 461 99 478 117
person 462 87 478 102
person 459 75 475 89
person 492 102 512 123
person 527 101 545 124
person 489 74 503 87
person 491 63 502 78
person 522 72 536 91
person 534 73 545 86
person 542 86 556 106
person 563 72 578 90
person 576 87 590 104
person 566 61 579 74
person 593 67 605 81
person 603 54 614 69
person 624 67 637 85
person 648 57 663 74
person 649 71 664 91
person 670 67 685 85
person 693 59 706 76
person 549 136 574 163
person 596 127 620 161
person 518 92 533 108
person 626 123 646 146
person 607 148 635 184
person 659 179 689 214
person 704 152 729 185
person 743 120 763 151
person 777 134 804 167
person 658 99 678 125
person 686 90 701 110
person 697 96 714 120
person 714 80 728 100
person 721 91 736 114
person 735 104 754 131
person 736 72 749 90
person 743 81 759 99
person 778 68 790 86
person 780 83 793 101
person 768 100 781 122
person 781 110 798 133
person 813 93 827 114
person 825 83 839 104
person 827 115 842 141
person 847 103 861 121
person 864 93 876 113
person 874 110 890 136
person 864 127 882 154
person 875 147 894 181
person 906 157 925 188
person 835 157 860 191
person 893 94 908 119
person 927 89 938 106
person 936 107 951 127
person 916 122 931 145
person 930 101 941 118
