person 50 229 98 293
person 263 157 283 178
person 292 148 312 169
person 311 141 331 165
person 335 145 355 172
person 356 152 375 178
person 408 168 434 198
person 333 122 351 143
person 360 117 378 139
person 365 133 385 153
person 386 126 409 145
person 437 120 455 143
person 513 153 541 189
person 401 116 421 135
person 426 95 442 114
person 446 98 461 119
person 478 89 496 111
person 474 76 489 93
person 466 119 486 144
person 502 88 516 106
person 496 80 509 96
person 511 75 522 88
person 517 125 538 149
person 484 109 500 129
person 464 107 480 127
person 500 107 517 130
person 526 110 544 133
person 530 89 546 109
person 525 81 538 100
person 553 71 569 89
person 557 90 578 115
person 577 83 591 101
person 566 69 579 85
person 588 71 604 88
person 599 60 613 75
person 615 73 627 91
person 599 87 617 107
person 618 68 630 83
person 628 52 642 68
person 650 52 663 69
person 652 73 668 96
person 667 64 681 80
person 673 54 685 71
person 706 65 721 81
person 725 53 739 73
person 592 132 613 154
person 584 158 610 193
person 626 179 655 217
person 632 135 661 169
person 654 100 674 126
person 680 91 700 119
person 694 107 715 138
person 712 130 733 160
person 729 114 751 143
person 723 75 737 93
person 752 69 766 95
person 780 60 794 80
person 790 56 804 76
person 770 79 787 104
person 704 180 734 220
person 741 154 771 188
person 780 109 797 134
person 799 121 820 153
person 807 149 834 183
person 798 83 812 103
person 787 78 801 97
person 808 71 824 92
person 831 62 844 81
person 839 69 849 88
person 853 62 865 81
person 839 98 855 122
person 866 82 882 105
person 876 69 891 91
person 902 81 914 98
person 898 98 913 118
person 916 80 929 99
person 919 66 932 83
person 923 118 939 142
person 949 67 960 84
person 986 88 1000 109
person 933 103 947 127
person 977 149 1002 178
person 939 95 954 117
person 943 86 959 108
