person 152 230 191 280
person 308 115 322 139
person 340 87 356 108
person 348 91 365 110
person 404 101 422 125
person 417 84 428 100
person 439 112 457 134
person 473 112 491 137
person 487 140 513 172
person 458 80 473 102
person 487 68 500 83
person 494 79 512 101
person 516 58 527 71
person 534 62 546 79
person 543 57 557 74
person 560 125 578 148
person 540 149 566 185
person 589 22 602 42
person 633 42 643 56
person 661 43 670 58
person 685 48 696 59
person 696 54 709 68
person 629 60 642 75
person 643 67 658 83
person 597 147 624 187
person 634 87 655 114
person 621 121 642 152
person 661 149 683 176
person 664 110 684 134
person 672 83 689 104
person 678 175 709 212
person 696 79 709 98
person 709 92 726 113
person 715 115 737 142
person 723 65 739 82
person 736 85 751 102
person 748 55 762 75
person 771 90 785 112
person 798 86 811 102
person 791 108 805 129
person 804 141 831 172
person 767 168 795 206
person 833 177 862 214
person 857 160 881 194
person 910 194 932 223
person 870 138 888 159
person 922 144 945 172
person 843 38 859 56
person 897 69 910 88
person 931 74 949 96
person 854 107 871 128
person 871 90 884 109
person 882 110 901 131
person 443 68 455 84
person 519 75 533 94
person 550 79 564 100
person 555 87 570 109
person 580 76 595 98
person 936 111 952 135
person 897 96 912 114
person 833 85 849 106
person 784 60 796 80
person 723 49 733 64
