person 54 162 75 192
person 289 126 308 148
person 311 126 326 147
person 353 97 369 115
person 374 106 392 127
person 361 119 382 139
person 366 132 385 155
person 387 132 405 156
person 420 99 439 121
person 432 110 450 130
person 432 123 453 147
person 451 116 471 140
person 423 72 439 94
person 454 90 475 114
person 497 117 516 141
person 491 98 510 117
person 484 72 499 89
person 501 77 513 95
person 522 65 534 79
person 533 72 545 88
person 521 79 532 93
person 520 93 537 115
person 534 87 551 107
person 570 95 587 116
person 569 84 583 99
person 562 77 574 92
person 568 63 582 79
person 590 64 603 83
person 597 59 609 76
person 599 92 615 111
person 603 80 618 98
person 621 63 635 80
person 636 76 649 94
person 645 66 659 85
person 631 58 642 73
person 648 58 659 70
person 674 72 691 92
person 677 59 691 73
person 687 55 698 70
person 703 62 717 78
person 705 52 718 67
person 727 53 740 68
person 573 121 600 155
person 495 148 529 186
person 546 152 576 193
person 614 123 643 152
person 645 114 667 140
person 620 158 658 191
person 684 126 708 160
person 679 93 697 114
person 719 82 736 102
person 729 98 746 122
person 720 119 742 147
person 734 148 762 184
person 699 162 729 194
person 744 73 758 91
person 765 86 783 108
person 769 101 789 126
person 770 73 787 89
person 818 81 835 101
person 813 74 827 91
person 817 118 838 147
person 791 126 815 152
person 797 169 823 203
person 762 197 798 237
person 854 197 886 238
person 849 162 876 197
person 841 135 862 162
person 883 134 906 168
person 906 121 931 148
person 961 112 978 139
person 945 152 965 179
person 937 171 961 206
person 919 226 959 270
