person 231 268 285 329
person 349 171 373 196
person 364 172 389 198
person 387 149 410 174
person 403 179 431 214
person 433 143 458 174
person 476 174 505 203
person 496 157 520 187
person 522 178 551 208
person 539 157 563 188
person 525 128 547 155
person 507 123 527 145
person 489 129 510 154
person 532 109 553 130
person 560 101 576 126
person 583 106 603 131
person 591 141 622 177
person 619 124 642 154
person 618 91 636 112
person 634 99 655 120
person 651 97 673 119
person 679 127 702 154
person 687 101 706 118
person 700 112 722 130
person 720 92 736 112
person 720 112 743 139
person 762 101 779 120
person 740 97 758 120
person 758 72 776 90
person 781 89 804 112
person 815 79 829 97
person 836 77 853 101
person 687 169 720 206
person 669 203 706 248
person 613 196 651 236
person 756 136 784 171
person 744 177 778 214
person 816 143 845 174
person 809 110 830 139
person 861 100 885 123
person 865 129 892 158
person 886 144 916 179
person 829 163 860 198
person 844 203 882 247
person 882 192 915 239
person 906 99 927 126
person 926 123 953 154
person 943 148 972 178
person 946 223 992 267
person 991 190 1023 229
person 1052 216 1092 257
person 1009 148 1038 183
person 972 136 999 167
person 953 116 975 145
person 950 91 976 115
person 978 103 1002 132
person 998 92 1018 117
person 1009 111 1031 143
person 1025 101 1044 126
person 1043 94 1062 118
person 1089 94 1106 124
person 1039 128 1065 158
person 1044 151 1069 185
person 1068 155 1096 193
person 1100 147 1124 183
person 1113 132 1136 163
person 1129 170 1158 216
