person 201 242 256 310
person 250 249 308 316
person 314 170 343 197
person 376 151 402 182
person 442 156 470 187
person 437 131 459 155
person 466 129 489 155
person 471 108 491 129
person 490 110 513 135
person 504 111 529 133
person 494 85 513 103
person 511 81 524 98
person 556 80 573 101
person 588 81 602 101
person 618 81 633 98
person 559 115 583 137
person 498 183 523 219
person 691 141 719 170
person 748 160 778 195
person 818 162 849 196
person 741 84 762 106
person 789 78 804 98
person 801 62 823 84
person 844 97 865 121
person 862 71 875 90
person 933 116 957 150
