person 90 179 110 205
person 175 265 216 305
person 409 148 434 170
person 426 121 443 138
person 486 119 507 142
person 383 106 397 123
person 372 138 391 155
person 441 84 457 103
person 501 63 514 79
person 551 63 565 79
person 568 63 583 78
person 607 65 619 81
person 625 64 637 80
person 600 94 616 115
person 501 182 528 210
person 564 180 592 210
person 648 142 671 168
person 693 116 718 143
person 639 135 660 147
person 737 167 766 202
person 752 135 777 168
person 813 146 842 181
person 853 159 880 194
person 960 169 984 208
person 879 27 892 44
person 948 73 959 87
person 965 77 977 92
person 995 82 1008 97
