person 223 269 277 330
person 345 172 365 195
person 361 157 383 187
person 397 173 425 200
person 394 139 411 162
person 408 139 427 165
person 489 164 513 194
person 486 149 510 179
person 524 160 549 188
person 517 167 545 203
person 505 121 524 142
person 526 116 544 139
person 501 108 518 131
person 524 100 542 124
person 575 88 590 108
person 579 95 595 117
person 588 117 608 146
person 585 141 606 174
person 647 120 669 150
person 630 114 649 139
person 602 85 615 103
person 613 77 624 94
person 640 77 656 98
person 658 83 677 105
person 689 97 707 122
person 695 84 712 104
person 571 209 599 246
person 657 191 699 229
person 722 149 745 182
person 735 101 754 124
person 729 85 745 106
person 724 63 741 80
person 738 63 753 84
person 757 87 773 110
person 756 75 769 93
person 772 79 786 100
person 812 67 829 84
person 835 66 849 86
person 805 99 825 131
person 759 128 781 156
person 783 148 812 181
person 805 167 830 199
person 812 189 850 235
person 807 128 835 162
person 840 96 859 118
person 876 111 894 134
person 891 99 908 121
person 908 117 932 147
person 879 136 907 164
person 888 164 921 205
person 935 209 975 251
person 938 138 963 166
person 946 107 965 134
person 940 89 959 112
person 960 77 978 103
person 996 74 1014 103
person 977 102 993 125
person 987 125 1009 154
person 1005 102 1026 136
person 1026 98 1044 120
person 1040 80 1055 102
person 1079 86 1095 109
person 1054 115 1071 137
person 1045 130 1065 157
person 1023 140 1051 172
person 981 173 1012 213
person 1057 181 1087 219
person 1102 130 1122 159
person 1132 161 1157 198
person 1102 119 1119 143
