person 192 296 243 354
person 283 226 304 247
person 319 231 340 260
person 349 208 367 227
person 348 248 369 274
person 402 243 428 276
person 435 198 456 219
person 428 224 450 243
person 463 222 484 249
person 495 228 516 252
person 486 181 501 199
person 502 175 519 194
person 525 187 541 206
person 540 230 561 261
person 566 217 590 243
person 616 218 640 246
person 555 167 572 191
person 579 179 595 202
person 613 179 629 203
person 635 188 655 215
person 638 163 655 181
person 654 169 671 192
person 705 184 723 213
person 700 166 716 186
person 728 167 745 188
person 750 137 764 158
person 767 143 782 167
person 782 169 799 193
person 558 266 591 306
person 680 231 707 263
person 652 278 682 315
person 679 294 719 342
person 728 214 752 246
person 767 208 791 234
person 743 260 767 291
person 783 257 813 299
person 767 303 807 351
person 802 222 822 251
person 825 179 843 203
person 863 174 879 197
person 838 231 861 264
person 879 192 897 217
person 896 172 912 193
person 906 165 922 184
person 918 154 934 177
person 950 160 968 179
person 942 178 961 204
person 924 196 944 225
person 980 208 997 231
person 1020 179 1038 199
person 1043 178 1058 194
person 1065 171 1080 193
person 1047 187 1067 214
person 1036 214 1057 240
person 1096 191 1113 212
person 1138 181 1152 202
person 1138 212 1156 233
person 1006 227 1028 259
person 986 238 1011 276
person 1082 240 1104 270
person 1093 217 1112 242
person 1128 239 1152 269
person 888 267 917 305
person 849 317 888 375
person 934 285 964 324
person 986 355 1016 408
person 1019 305 1052 345
person 1107 260 1132 295
person 1090 302 1124 349
person 995 185 1010 210
person 498 207 515 228
person 532 207 552 233
person 685 148 697 166
person 701 148 716 167
person 799 146 810 162
person 820 158 832 174
person 830 156 843 172
person 1047 275 1067 304
