person 80 148 103 178
person 280 123 300 145
person 294 125 310 145
person 333 100 349 120
person 356 102 372 122
person 357 122 377 145
person 378 127 397 149
person 389 94 402 112
person 409 92 422 108
person 382 114 397 131
person 413 130 431 152
person 428 106 445 130
person 429 93 443 111
person 447 89 461 106
person 461 114 480 135
person 450 136 469 157
person 494 81 506 99
person 504 85 518 100
person 507 99 524 120
person 512 71 524 84
person 525 76 542 94
person 531 99 550 117
person 547 86 561 103
person 559 70 571 84
person 558 78 575 94
person 565 99 582 120
person 576 86 591 106
person 585 75 598 92
person 603 75 616 89
person 606 85 623 102
person 614 88 631 106
person 600 120 620 148
person 632 112 651 136
person 641 134 663 161
person 681 98 696 118
person 654 86 668 100
person 635 74 648 90
person 625 68 638 80
person 618 67 633 82
person 652 65 666 83
person 670 59 682 73
person 675 68 688 85
person 693 72 706 88
person 699 61 711 75
person 720 61 731 75
person 795 71 806 85
person 748 80 761 99
person 748 93 766 114
person 729 100 743 120
person 714 98 730 116
person 690 121 710 143
person 699 137 721 164
person 700 159 726 199
person 745 127 763 152
person 779 130 797 156
person 805 115 821 138
person 810 91 823 111
person 818 73 829 92
person 848 74 860 92
person 847 93 861 113
person 870 84 882 105
person 889 89 904 108
person 880 104 896 123
person 930 81 942 99
person 918 95 934 117
person 969 106 980 125
person 949 115 965 131
person 961 122 975 140
person 937 138 954 161
person 927 176 949 208
person 900 123 917 145
person 907 113 926 131
person 870 120 884 140
person 854 120 871 140
person 831 111 847 129
person 834 140 852 173
person 801 157 824 189
person 754 203 780 241
person 773 72 787 92
person 764 105 783 126
person 666 78 680 93
person 338 123 353 141
person 459 105 473 122
