person 200 107 212 121
person 207 103 220 119
person 221 108 235 122
person 274 78 288 94
person 289 93 308 114
person 297 77 311 93
person 332 89 346 107
person 352 89 370 109
person 342 74 352 88
person 319 65 330 77
person 322 39 331 50
person 371 75 384 92
person 365 71 376 85
person 356 63 367 76
person 388 46 401 62
person 414 45 426 59
person 429 43 436 52
person 430 52 440 63
person 436 56 450 69
person 434 66 447 84
person 400 69 409 80
person 396 79 410 96
person 412 73 424 86
person 374 119 395 143
person 400 132 423 154
person 460 59 472 75
person 469 51 476 61
person 446 46 455 57
person 457 38 466 51
person 471 37 482 49
person 490 36 501 49
person 488 47 499 61
person 490 53 503 66
person 516 41 525 51
person 537 37 547 51
person 508 64 524 84
person 498 79 517 101
person 475 97 496 116
person 469 79 483 100
person 425 102 441 119
person 456 126 481 149
person 525 122 552 153
person 537 88 554 112
person 528 68 543 90
person 519 59 531 75
person 556 68 573 91
person 550 98 572 120
person 581 104 606 137
person 567 130 594 159
person 584 82 600 101
person 599 81 613 97
person 594 61 607 80
person 582 48 594 62
person 626 60 640 75
person 634 55 644 68
person 640 48 653 64
person 649 57 662 73
person 656 54 667 68
person 663 49 674 60
person 678 65 692 82
person 686 53 694 64
person 711 61 722 74
person 667 81 684 102
person 626 84 647 105
person 615 95 633 121
person 636 123 655 150
person 598 156 625 191
person 683 160 712 193
person 696 118 715 142
person 697 101 712 118
person 706 87 719 103
