person 139 317 172 355
person 79 272 106 303
person 81 224 103 254
person 227 229 250 265
person 279 194 299 221
person 286 157 309 178
person 201 137 219 157
person 212 91 229 109
person 193 93 208 109
person 129 103 148 123
person 37 97 54 112
person 43 127 61 149
person 236 61 249 78
person 268 69 282 84
person 295 53 309 73
person 361 70 374 85
person 359 81 378 102
person 347 99 363 121
person 379 121 398 141
person 431 104 449 127
person 453 86 471 107
person 501 81 518 102
person 437 38 449 55
person 490 42 503 57
person 527 45 541 58
person 555 69 571 84
person 567 64 582 79
person 586 33 599 49
person 609 15 625 31
person 641 37 653 49
person 610 86 626 106
person 599 112 615 134
person 579 152 602 173
person 666 88 682 103
person 695 101 714 119
person 680 159 702 185
person 631 244 664 273
person 834 176 858 201
person 869 142 887 162
person 769 128 787 144
person 792 73 805 88
person 706 74 720 87
person 729 71 743 85
person 759 54 773 69
person 720 46 732 58
person 859 114 874 132
person 872 108 885 125
person 893 108 908 124
person 947 106 964 123
person 996 119 1014 139
person 942 183 968 214
person 1047 143 1064 161
person 1133 194 1152 215
