person 54 265 117 332
person 267 159 285 183
person 299 145 315 163
person 322 129 344 154
person 361 121 382 146
person 390 111 411 132
person 689 49 702 68
person 727 51 745 74
person 476 78 490 96
person 432 94 445 112
person 583 56 601 80
person 622 52 635 68
person 508 73 523 91
person 924 69 938 85
person 863 63 879 87
person 779 59 798 78
person 788 61 804 79
person 812 62 827 79
person 827 64 838 79
person 561 68 579 91
person 553 69 566 89
person 362 154 379 177
person 432 122 446 143
person 482 106 502 130
person 508 102 531 127
person 512 121 537 149
person 596 89 622 116
person 563 107 580 127
person 659 77 680 99
person 724 82 742 103
person 415 157 437 187
person 501 173 527 206
person 574 169 600 202
person 636 112 657 144
person 681 95 700 119
person 696 113 715 135
person 753 99 771 127
person 788 96 803 120
person 630 179 661 210
person 695 144 721 168
person 711 188 737 223
person 742 153 774 186
person 785 139 808 167
person 820 154 852 188
person 849 94 868 118
person 875 92 892 113
person 898 97 920 129
person 954 69 967 88
person 982 84 996 102
person 940 105 963 129
person 918 123 941 150
person 861 126 883 155
person 977 156 1010 186
person 977 111 1000 134
person 310 148 328 173
person 390 126 411 146
person 385 118 410 134
person 491 84 510 106
person 574 84 594 108
person 661 53 671 63
person 598 129 618 156
person 704 64 722 82
person 766 73 783 99
person 887 78 906 99
person 738 120 762 144
person 842 72 854 93
person 471 119 493 142
person 614 80 633 103
person 787 84 807 103
person 654 62 670 78
person 676 66 690 81
