person 200 110 210 119
person 209 105 220 117
person 220 107 234 122
person 253 96 270 116
person 298 108 310 122
person 293 92 304 102
person 275 80 288 92
person 301 82 315 93
person 331 91 342 106
person 354 88 367 105
person 338 75 350 89
person 327 68 336 78
person 316 66 326 77
person 343 63 352 72
person 373 85 383 96
person 363 76 370 87
person 372 67 381 79
person 390 66 400 81
person 399 78 412 94
person 393 53 401 61
person 402 55 411 62
person 444 56 453 66
person 430 52 440 62
person 425 45 433 52
person 454 41 462 51
person 471 38 480 49
person 491 38 500 48
person 511 43 518 52
person 538 39 546 52
person 490 55 500 64
person 459 61 472 74
person 421 70 431 80
person 378 115 393 135
person 402 135 422 157
person 423 104 436 122
person 477 97 493 118
person 477 82 488 96
person 504 90 516 104
person 504 69 515 84
person 529 70 541 85
person 519 63 527 78
person 563 44 572 55
person 569 60 579 71
person 586 51 597 65
person 595 67 606 78
person 585 85 597 101
person 558 75 572 89
person 554 96 568 116
person 521 124 538 144
person 452 134 474 154
person 568 133 588 156
person 591 109 607 131
person 618 96 630 111
person 602 82 613 95
person 624 65 634 78
person 635 55 644 66
person 656 55 664 64
person 666 53 673 63
person 656 67 666 80
person 631 84 644 101
person 636 123 653 144
person 595 162 619 192
person 673 136 691 166
person 698 122 711 141
person 669 86 680 100
person 682 68 690 81
person 689 57 697 66
person 710 63 719 74
person 700 78 711 95
person 702 105 712 115
person 657 102 673 124
