person 86 354 128 402
person 202 219 221 240
person 236 235 259 259
person 283 236 301 260
person 309 255 334 283
person 271 201 288 220
person 346 221 366 245
person 354 192 372 214
person 389 221 405 242
person 418 215 437 240
person 399 170 417 192
person 418 198 436 215
person 417 180 429 196
person 492 205 513 231
person 452 201 475 223
person 466 167 482 186
person 447 164 462 181
person 484 176 503 196
person 487 158 503 175
person 498 150 511 164
person 541 171 555 193
person 558 174 574 196
person 537 210 554 232
person 467 226 493 249
person 490 257 522 301
person 554 157 570 174
person 600 176 618 200
person 594 155 610 174
person 622 158 638 180
person 617 137 629 154
person 630 134 642 150
person 656 157 671 177
person 708 157 723 175
person 704 140 718 155
person 677 126 689 142
person 739 132 751 149
person 750 144 761 161
person 754 133 771 153
person 739 177 758 198
person 782 165 801 185
person 649 215 674 243
person 575 266 606 296
person 568 245 598 273
person 635 264 663 290
person 623 299 658 339
person 688 299 730 344
person 731 245 755 274
person 704 228 727 255
person 694 199 714 217
person 758 205 777 229
person 792 191 809 217
person 832 159 846 179
person 846 137 859 158
person 764 351 804 398
person 794 264 825 295
person 760 237 786 264
person 910 232 934 263
person 865 278 891 317
person 917 325 953 367
person 951 297 982 336
person 1031 311 1062 354
person 964 241 991 273
person 985 216 1003 241
person 1018 209 1037 235
person 1049 232 1067 261
person 1060 208 1076 232
person 1075 204 1093 225
person 1067 183 1084 203
person 1013 177 1032 197
person 994 165 1012 186
person 956 180 973 198
person 968 166 986 187
person 948 160 970 181
person 925 172 942 196
person 905 188 924 207
person 958 209 978 234
person 928 220 948 248
person 862 184 883 207
person 855 165 871 182
person 874 170 893 194
person 875 150 892 173
person 910 153 929 172
