person 73 255 117 313
person 287 112 302 132
person 306 115 321 139
person 326 115 341 136
person 342 123 356 149
person 370 125 390 147
person 413 120 434 142
person 480 145 502 172
person 526 145 551 179
person 587 170 611 204
person 687 159 710 189
person 738 196 762 224
person 798 199 822 233
person 875 213 902 243
person 904 170 921 202
person 836 147 858 178
person 796 130 817 155
person 766 155 785 185
person 715 145 734 170
person 669 121 691 149
person 617 120 641 145
person 564 115 586 140
person 479 113 498 129
person 441 111 461 126
person 334 93 351 108
person 376 100 387 121
person 415 71 431 88
person 407 94 423 108
person 434 82 450 105
person 464 70 480 81
person 478 89 492 106
person 515 88 530 109
person 511 70 522 83
person 520 62 535 77
person 538 62 556 76
person 578 60 587 71
person 592 64 605 79
person 613 65 632 78
person 610 79 625 96
person 575 88 592 103
person 554 96 571 110
person 547 79 562 95
person 660 99 675 117
person 705 93 722 112
person 690 81 705 99
person 659 67 674 83
person 658 53 669 64
person 678 61 694 74
person 677 53 692 61
person 705 59 718 71
person 739 64 754 83
person 775 68 786 86
person 788 78 802 94
person 742 83 755 101
person 751 125 771 149
person 792 113 811 127
person 693 116 714 137
person 855 137 874 162
person 868 115 887 139
person 912 111 931 138
person 910 148 929 170
person 743 103 766 121
person 642 65 654 79
