person 142 339 191 394
person 268 223 288 248
person 291 254 320 282
person 337 237 361 268
person 333 205 355 229
person 396 230 423 265
person 420 217 440 243
person 448 225 472 256
person 417 197 438 218
person 464 170 482 193
person 487 179 503 199
person 485 216 510 247
person 484 200 503 218
person 515 206 537 229
person 523 218 549 246
person 520 185 537 207
person 508 169 524 189
person 547 175 566 200
person 553 205 574 225
person 555 157 575 176
person 593 173 610 193
person 627 181 650 203
person 623 162 644 183
person 653 159 672 180
person 666 183 685 207
person 685 173 707 195
person 681 143 696 161
person 726 163 744 183
person 716 152 730 169
person 733 136 749 155
person 755 139 769 155
person 766 163 783 183
person 808 135 823 155
person 812 153 830 172
person 823 144 843 165
person 597 215 619 243
person 567 259 604 303
person 631 282 672 325
person 714 290 753 337
person 641 231 671 266
person 718 214 749 246
person 736 239 773 274
person 757 301 796 348
person 836 329 890 384
person 785 241 815 282
person 771 223 798 253
person 761 197 782 226
person 806 178 826 204
person 832 189 855 216
person 847 159 869 185
person 824 233 853 269
person 860 262 897 297
person 929 280 964 325
person 997 327 1039 376
person 1005 303 1043 344
person 974 233 1003 271
person 887 156 905 176
person 896 152 909 172
person 896 171 919 200
person 937 182 957 209
person 948 171 965 193
person 927 173 945 196
person 945 156 966 177
person 976 156 995 182
person 988 181 1010 204
person 976 204 997 227
person 995 220 1018 252
person 1017 218 1040 243
person 1030 179 1051 205
person 1018 169 1035 189
person 1062 167 1079 188
person 1078 183 1096 205
person 1048 218 1067 249
person 1075 212 1096 239
person 1026 262 1060 304
person 1089 292 1129 341
person 1110 242 1136 277
person 1099 210 1121 236
person 1125 200 1144 227
person 1133 191 1151 208
