person 35 188 56 215
person 230 122 243 138
person 239 129 254 145
person 274 115 289 132
person 288 102 302 119
person 312 108 327 122
person 312 139 329 157
person 332 143 354 164
person 337 88 349 101
person 345 102 359 118
person 352 96 366 109
person 357 85 370 98
person 392 90 406 106
person 396 99 411 117
person 414 105 429 125
person 405 71 417 84
person 423 89 438 105
person 416 81 430 97
person 444 63 453 73
person 449 75 459 87
person 454 87 468 103
person 459 101 476 121
person 469 74 481 88
person 483 73 496 88
person 500 72 510 83
person 502 55 512 69
person 524 64 536 77
person 545 55 554 66
person 546 66 559 80
person 565 65 579 81
person 573 56 584 68
person 596 55 608 67
person 515 80 528 94
person 506 98 523 122
person 535 95 552 113
person 541 109 564 135
person 501 139 522 166
person 433 138 457 162
person 532 148 560 177
person 577 132 599 158
person 576 96 593 118
person 578 85 593 100
person 615 71 627 83
person 627 69 638 83
person 635 78 649 93
person 615 79 631 100
person 645 54 656 67
person 662 62 675 78
person 674 59 687 73
person 675 72 690 92
person 693 75 708 91
person 691 65 702 80
person 676 98 694 118
person 647 94 662 110
person 643 107 660 126
person 668 110 684 131
person 616 134 635 158
person 670 132 689 157
person 742 150 763 177
person 757 108 776 130
person 810 117 829 141
person 801 109 817 125
person 786 93 801 113
person 780 78 793 92
person 790 75 804 91
person 758 77 772 92
person 743 84 757 103
person 728 97 745 116
person 739 73 753 87
