person 355 116 372 130
person 353 135 373 154
person 416 134 437 159
person 433 121 451 139
person 456 119 474 141
person 511 115 531 137
person 487 69 499 84
person 518 66 531 83
person 534 79 547 92
person 531 90 552 110
person 563 109 581 132
person 607 90 625 113
person 593 63 607 78
person 629 65 644 83
person 652 75 667 89
person 721 31 732 43
person 773 27 786 42
person 702 100 717 121
person 762 96 781 116
person 599 132 623 159
person 665 133 686 157
person 660 122 682 146
person 698 148 725 173
person 756 153 781 188
person 793 145 814 170
person 844 155 869 189
person 875 123 895 147
person 885 106 901 124
person 888 172 912 204
person 904 153 925 182
person 935 120 950 145
person 974 133 991 152
person 964 153 983 182
person 953 191 975 226
person 974 154 993 174
