person 174 253 225 311
person 287 131 309 155
person 314 128 332 153
person 357 79 380 105
person 382 104 399 132
person 399 94 419 113
person 408 135 430 163
person 440 135 464 164
person 451 112 470 138
person 466 118 490 142
person 456 101 471 117
person 467 92 483 111
person 451 88 466 101
person 508 82 528 105
person 518 111 537 133
person 539 109 556 135
person 503 66 514 81
person 521 38 535 53
person 531 64 546 81
person 553 74 570 91
person 569 72 581 87
person 584 82 603 101
person 585 70 601 87
person 604 90 619 110
person 636 76 653 94
person 642 65 657 79
person 663 65 678 79
person 667 60 676 71
person 671 84 686 99
person 695 70 709 87
person 728 67 742 84
person 759 63 772 78
person 803 39 817 57
person 632 132 654 154
person 694 128 718 160
person 744 143 768 177
person 757 183 792 223
person 800 203 833 239
person 839 170 864 206
person 808 140 834 172
person 779 126 804 154
person 767 100 786 124
person 755 90 772 114
person 786 95 801 117
person 798 113 817 138
person 845 138 868 159
person 833 89 850 103
person 856 94 870 111
person 860 78 873 95
person 906 87 922 109
person 920 82 934 99
person 891 108 911 133
person 937 101 951 122
person 932 132 952 152
person 904 141 925 169
person 964 120 983 145
person 965 103 982 126
person 974 95 991 117
person 984 89 999 107
person 1018 91 1032 109
person 1006 150 1025 176
person 995 117 1011 141
person 973 228 999 259
person 950 154 970 178
person 671 100 689 120
