person 180 184 229 237
person 287 117 301 137
person 320 126 337 149
person 331 94 345 112
person 330 119 345 135
person 351 98 368 117
person 371 102 388 125
person 384 130 403 152
person 376 126 392 143
person 402 99 421 122
person 425 116 444 143
person 446 113 465 135
person 448 101 464 118
person 442 87 458 104
person 419 88 435 106
person 428 73 440 91
person 463 73 477 92
person 476 73 489 89
person 478 92 498 114
person 507 111 527 134
person 504 101 518 116
person 501 82 516 100
person 493 74 506 88
person 508 60 521 77
person 525 68 540 86
person 542 85 556 104
person 559 95 576 118
person 561 81 577 98
person 555 75 566 87
person 548 61 563 77
person 578 61 592 77
person 590 89 609 110
person 588 59 599 72
person 605 65 620 83
person 619 56 631 71
person 628 82 645 100
person 640 63 655 82
person 663 66 684 87
person 668 51 683 66
person 703 61 716 76
person 702 51 714 63
person 722 53 736 70
person 568 122 594 154
person 536 153 565 184
person 490 148 520 176
person 604 162 635 198
person 618 130 641 160
person 633 115 656 143
person 676 94 697 120
person 677 127 704 160
person 702 164 730 194
person 733 160 756 192
person 728 112 748 137
person 720 93 739 113
person 709 83 722 101
person 729 75 746 96
person 756 70 771 89
person 751 83 766 103
person 752 98 770 123
person 772 82 786 102
person 788 65 803 86
person 801 82 819 102
person 797 116 818 141
person 774 122 797 152
person 794 145 821 177
person 749 194 783 240
person 821 199 856 244
person 839 159 868 199
person 824 129 847 160
person 881 133 904 162
person 901 220 935 270
person 923 172 956 211
person 929 142 956 177
person 897 115 918 145
person 943 111 964 133
