person 229 256 279 313
person 329 180 350 205
person 361 165 380 190
person 385 145 401 168
person 410 142 433 165
person 397 183 424 213
person 483 162 508 191
person 514 169 540 197
person 486 121 504 144
person 499 113 517 136
person 527 100 550 129
person 529 124 553 153
person 554 100 571 123
person 580 98 599 124
person 550 150 574 174
person 613 80 629 100
person 621 122 638 145
person 592 133 620 163
person 637 83 651 99
person 686 98 709 119
person 723 90 746 116
person 738 63 758 84
person 812 67 829 87
person 779 82 802 99
person 664 121 692 148
person 605 201 632 229
person 661 199 695 232
person 711 159 733 186
person 769 127 801 159
person 831 72 848 93
person 809 105 832 130
person 807 130 835 163
person 783 160 813 195
person 814 171 843 202
person 847 199 883 241
person 856 105 874 124
person 859 127 886 149
person 891 96 911 124
person 934 89 956 117
person 950 78 976 102
person 928 118 953 141
person 885 136 906 166
person 883 185 909 221
person 930 142 955 168
person 958 222 992 268
person 992 89 1009 111
person 979 107 994 133
person 967 136 998 168
person 1010 141 1038 178
person 992 172 1019 207
person 1001 113 1020 135
person 1040 84 1056 108
person 1086 91 1103 115
person 1107 124 1124 148
person 1044 126 1066 151
person 1069 160 1096 201
person 1050 214 1077 242
person 1138 166 1164 204
person 1096 149 1122 184
person 720 112 746 136
person 787 91 806 114
