person 175 310 237 366
person 351 175 379 206
person 371 154 393 181
person 410 169 435 196
person 403 150 423 174
person 442 166 468 196
person 458 151 478 176
person 442 142 462 168
person 477 182 509 218
person 491 148 515 173
person 516 122 535 146
person 547 138 573 164
person 528 119 553 148
person 550 117 570 140
person 551 99 571 119
person 580 109 599 132
person 570 102 585 122
person 589 90 607 113
person 596 118 624 150
person 613 140 638 174
person 642 103 664 129
person 635 92 654 110
person 629 83 645 98
person 659 114 679 142
person 670 84 690 108
person 687 89 707 109
person 712 102 734 128
person 696 66 712 87
person 733 81 748 100
person 753 95 775 120
person 751 78 769 99
person 721 74 734 91
person 765 61 778 77
person 787 61 803 79
person 794 85 818 111
person 824 82 840 103
person 832 61 847 82
person 850 68 867 89
person 844 99 865 123
person 840 124 865 150
person 811 137 840 171
person 650 183 688 233
person 686 151 718 186
person 739 152 770 195
person 768 124 795 158
person 823 168 851 206
person 747 210 787 260
person 999 245 1050 306
person 1076 285 1130 344
person 871 140 898 180
person 925 152 956 194
person 893 119 915 146
person 895 82 915 107
person 916 88 937 112
person 923 70 942 90
person 934 113 954 140
person 960 95 980 121
person 981 69 1000 87
person 1004 75 1019 99
person 1021 96 1037 122
person 1034 85 1048 109
person 1041 77 1056 95
person 1045 116 1064 142
person 1025 139 1045 167
person 1013 164 1035 196
person 961 134 986 162
person 1035 157 1058 183
person 1038 181 1072 229
person 1065 171 1091 213
person 948 197 988 243
person 1133 209 1173 256
person 1126 167 1157 212
person 1136 150 1163 183
person 1159 134 1183 162
person 1104 121 1125 145
person 1082 145 1106 182
person 1076 124 1094 146
person 1071 98 1088 123
person 1085 88 1104 112
person 1114 96 1134 123
person 1130 87 1150 110
person 1153 98 1172 125
person 987 117 1014 144
