person 317 112 337 133
person 351 108 370 130
person 369 88 390 110
person 406 88 425 107
person 432 91 451 111
person 455 105 478 130
person 462 82 483 105
person 436 80 453 95
person 433 74 448 93
person 468 69 483 84
person 497 94 515 116
person 490 87 507 106
person 492 73 507 87
person 495 65 507 78
person 515 70 530 86
person 523 63 538 78
person 535 73 551 93
person 540 97 558 121
person 520 89 537 106
person 543 86 562 106
person 576 92 593 113
person 566 74 583 94
person 552 69 565 85
person 576 60 591 77
person 591 70 606 88
person 608 52 622 66
person 614 84 633 105
person 619 75 634 88
person 623 63 637 79
person 563 116 588 150
person 613 112 635 138
person 651 95 669 119
person 661 119 683 148
person 690 120 715 154
person 657 58 670 70
person 672 55 684 71
person 652 73 665 88
person 663 71 676 87
person 680 77 694 90
person 700 60 714 75
person 717 74 734 93
person 705 99 723 119
person 690 91 706 111
person 732 90 746 109
person 736 73 752 92
person 757 70 770 86
person 770 93 789 120
person 776 75 791 92
person 786 84 805 106
person 793 69 807 87
person 804 80 821 100
person 821 66 837 85
person 820 94 838 118
person 797 106 814 129
person 745 157 786 208
person 850 102 869 131
person 850 72 868 91
person 873 79 889 97
person 876 118 894 143
person 866 138 887 166
person 926 132 945 160
person 927 111 949 132
person 932 99 948 116
person 938 86 951 101
person 912 91 929 114
