person 33 210 54 232
person 267 141 283 159
person 282 146 298 164
person 338 119 350 134
person 354 117 368 134
person 377 109 391 123
person 397 106 410 123
person 415 120 430 139
person 437 102 449 120
person 468 108 481 121
person 470 129 485 146
person 487 127 502 150
person 503 109 519 123
person 335 140 346 154
person 348 140 360 160
person 361 144 378 167
person 407 142 419 163
person 421 148 440 171
person 514 161 537 185
person 606 161 625 186
person 577 136 600 162
person 534 104 550 122
person 561 105 578 123
person 495 91 508 104
person 506 75 516 85
person 534 90 551 103
person 576 88 590 107
person 604 94 618 110
person 592 84 603 97
person 595 64 608 80
person 618 82 631 94
person 636 72 646 86
person 651 77 663 94
person 670 74 682 85
person 644 119 664 133
person 632 147 651 167
person 652 169 681 195
person 704 139 725 164
person 678 112 699 136
person 714 80 730 95
person 710 60 723 73
person 741 82 753 93
person 735 98 748 118
person 753 92 766 108
person 770 111 785 129
person 739 127 757 147
person 744 167 766 187
person 807 148 826 172
person 793 130 807 152
person 804 110 825 134
person 802 87 816 102
person 818 75 831 90
person 800 68 813 83
person 771 63 786 77
person 835 88 852 108
person 877 83 890 99
person 890 83 903 100
person 931 94 946 111
person 939 115 953 136
person 955 122 969 141
person 964 142 979 165
person 878 115 896 138
person 889 176 912 201
person 884 153 907 174
person 625 68 634 76
person 675 63 687 73
