person 162 216 202 261
person 281 118 301 137
person 316 103 335 120
person 379 110 395 125
person 410 119 429 137
person 448 112 468 135
person 385 92 401 107
person 411 95 427 113
person 390 75 407 91
person 394 54 410 69
person 438 70 450 84
person 448 87 462 104
person 456 74 468 86
person 474 73 487 88
person 485 72 493 85
person 491 71 505 89
person 508 68 522 83
person 526 74 540 90
person 509 85 525 102
person 522 95 536 113
person 523 125 548 151
person 460 138 485 162
person 559 70 576 88
person 586 64 601 80
person 531 139 558 174
person 592 96 613 123
person 571 133 594 167
person 580 142 607 180
person 624 143 649 171
person 624 161 654 197
person 620 91 638 113
person 630 103 646 128
person 662 97 680 119
person 659 84 677 104
person 680 76 694 95
person 693 94 708 111
person 675 111 696 138
person 757 99 775 125
person 785 111 802 134
person 764 124 781 151
person 751 142 771 176
person 818 147 834 173
person 814 159 833 189
person 844 160 867 198
person 835 203 864 249
person 874 120 891 145
person 851 50 863 65
person 866 55 882 74
person 916 55 928 72
person 915 76 930 94
