person 179 175 225 230
person 290 117 313 143
person 313 89 331 113
person 336 101 357 120
person 390 97 412 117
person 405 84 419 100
person 404 74 419 88
person 430 84 450 107
person 427 102 446 125
person 454 101 482 132
person 430 74 444 88
person 442 67 453 79
person 451 72 465 90
person 463 83 483 104
person 485 73 499 91
person 488 64 502 79
person 503 59 516 74
person 506 75 522 93
person 514 87 534 106
person 538 85 554 106
person 540 71 556 88
person 553 68 569 88
person 524 70 539 85
person 517 62 528 75
person 529 63 542 76
person 571 47 585 65
person 582 67 599 87
person 584 59 597 75
person 568 83 585 107
person 619 72 634 91
person 631 69 643 87
person 602 46 615 60
person 619 45 632 60
person 631 53 641 69
person 644 57 658 74
person 661 49 671 65
person 672 56 685 72
person 687 53 701 72
person 485 138 513 169
person 551 115 574 144
person 562 139 591 171
person 608 146 637 183
person 613 131 635 157
person 612 94 633 116
person 651 87 668 112
person 660 101 682 127
person 649 131 674 158
person 664 154 694 192
person 694 172 730 214
person 689 100 709 125
person 705 109 728 140
person 696 77 712 99
person 728 82 744 103
person 753 67 771 87
person 746 53 764 77
person 776 62 794 82
person 765 81 784 107
person 790 96 809 119
person 802 92 818 113
person 819 85 835 107
person 823 106 840 128
person 842 89 859 113
person 838 74 853 90
person 859 86 875 104
person 871 70 885 90
person 881 97 901 118
person 875 117 898 147
person 840 156 862 187
person 853 147 873 176
person 788 132 810 157
person 787 148 815 181
person 788 180 824 223
person 880 214 908 262
person 904 163 930 199
person 921 138 945 169
person 913 120 930 145
person 931 124 946 144
person 930 101 942 119
person 932 85 944 101
person 910 78 922 92
person 908 90 922 107
