person 67 213 102 250
person 293 137 309 157
person 314 134 330 158
person 322 144 340 166
person 377 142 399 165
person 394 135 412 155
person 398 156 421 182
person 407 98 425 116
person 426 102 446 122
person 449 91 471 115
person 471 119 491 142
person 477 95 493 118
person 496 98 514 120
person 499 125 523 149
person 500 73 514 90
person 509 79 526 96
person 533 95 553 120
person 559 100 581 124
person 576 90 594 113
person 534 65 550 82
person 551 76 563 91
person 558 81 576 98
person 599 91 618 113
person 583 66 597 82
person 595 65 610 79
person 616 70 633 90
person 630 59 642 77
person 635 51 647 64
person 654 67 665 82
person 665 78 681 97
person 681 56 694 76
person 688 50 702 66
person 708 55 719 74
person 700 67 711 82
person 753 51 765 69
person 691 86 714 113
person 535 153 562 187
person 594 160 619 191
person 608 131 634 154
person 665 133 687 153
person 668 161 697 191
person 668 106 685 130
person 695 115 715 139
person 719 80 738 103
person 746 87 763 111
person 770 86 789 106
person 773 105 794 131
person 747 122 767 147
person 777 132 800 161
person 730 163 762 200
person 783 196 817 241
person 823 157 855 194
person 860 191 897 226
person 808 111 832 145
person 833 103 854 130
person 863 133 886 162
person 881 106 899 133
person 863 72 878 93
person 835 74 851 93
person 815 66 830 84
person 784 69 801 91
person 790 59 806 77
person 906 153 929 187
person 965 225 1006 269
person 964 155 990 189
person 926 113 946 134
person 910 88 924 109
person 914 76 927 93
person 922 65 937 84
person 885 70 901 90
person 945 102 963 121
person 951 86 966 105
person 964 79 977 97
person 993 89 1005 103
person 980 112 1000 134
person 978 143 996 165
