person 1037 111 1055 134
person 1097 117 1113 144
person 1086 127 1103 152
person 1085 220 1108 261
person 1075 184 1093 220
person 1176 205 1201 241
person 1199 242 1222 281
person 1151 174 1168 205
person 1217 185 1230 210
person 1218 203 1234 229
person 1170 146 1186 172
person 1185 131 1199 154
person 1231 146 1243 167
person 1225 169 1240 193
person 1134 123 1151 147
person 1105 144 1124 173
person 1124 134 1139 157
person 1016 159 1040 191
person 890 80 904 98
person 891 111 906 137
person 899 146 920 175
person 917 114 932 138
person 943 123 963 151
person 953 153 976 181
person 975 87 991 111
person 968 108 989 138
person 1013 98 1030 124
person 1016 126 1032 156
person 987 136 1008 162
person 903 211 935 250
person 993 248 1029 297
person 1065 282 1097 330
person 753 203 779 237
person 814 219 844 262
person 763 154 789 187
person 784 101 800 127
person 825 128 849 163
person 829 96 845 117
person 822 76 835 98
person 868 72 882 91
person 857 83 873 107
person 802 69 818 91
person 747 62 762 83
person 722 70 739 91
person 774 65 788 84
person 768 82 785 100
person 656 83 670 104
person 691 70 706 93
person 686 84 703 106
person 713 103 730 127
person 687 115 707 139
person 615 79 629 97
person 556 83 572 105
person 539 100 556 123
person 516 94 531 109
person 497 99 513 120
person 500 126 515 150
person 582 132 602 161
person 593 84 612 109
person 621 108 639 134
person 440 111 460 134
person 456 141 476 172
person 541 162 565 198
person 389 107 408 133
person 404 123 425 151
person 378 126 398 149
person 337 129 359 151
person 250 145 269 171
person 263 154 286 182
person 449 106 470 123
person 695 185 722 219
person 105 303 153 371
