person 195 173 227 210
person 332 172 358 198
person 346 168 371 192
person 388 164 416 191
person 415 141 438 169
person 441 177 469 207
person 465 199 501 232
person 488 123 514 155
person 515 144 538 171
person 595 145 619 178
person 580 102 600 125
person 573 92 588 109
person 600 82 617 104
person 642 129 667 158
person 664 119 687 140
person 658 90 678 115
person 700 86 720 111
person 732 98 753 123
person 768 94 786 118
person 765 82 782 100
person 729 61 747 79
person 606 193 640 234
person 674 193 711 235
person 729 139 755 172
person 745 135 773 165
person 799 110 826 140
person 812 129 840 166
person 804 165 836 202
person 756 175 790 215
person 780 235 826 294
person 901 165 933 206
person 879 135 906 166
person 849 106 870 130
person 898 92 924 120
person 911 122 937 152
person 934 146 960 176
person 963 129 985 159
person 995 143 1027 185
person 1004 180 1041 218
person 939 230 980 275
person 1063 194 1096 239
person 1071 159 1102 200
person 1129 167 1159 208
person 1096 126 1120 154
person 1080 96 1101 120
person 1048 116 1071 144
person 1026 137 1049 169
person 1001 114 1022 137
person 1022 99 1045 125
person 994 85 1015 113
person 976 96 998 121
person 957 104 977 129
person 947 79 968 102
