person 29 228 63 266
person 263 167 281 184
person 298 152 314 172
person 310 147 329 170
person 312 168 335 187
person 331 128 346 145
person 354 124 371 143
person 349 167 369 190
person 377 124 394 145
person 393 133 410 150
person 409 171 434 199
person 431 126 448 148
person 444 137 462 160
person 404 114 419 131
person 416 119 430 135
person 423 101 439 118
person 441 106 456 126
person 455 113 474 133
person 481 116 500 136
person 469 83 481 99
person 475 91 489 110
person 496 95 510 114
person 494 87 506 106
person 500 131 520 155
person 503 117 517 135
person 507 160 533 195
person 559 79 572 94
person 599 63 611 77
person 601 91 617 110
person 576 88 593 109
person 560 114 579 132
person 507 81 517 94
person 541 89 554 104
person 585 138 607 164
person 581 165 605 198
person 630 141 648 166
person 638 120 657 144
person 619 81 632 100
person 629 91 647 114
person 623 56 637 73
person 648 58 660 71
person 644 66 656 82
person 670 59 684 75
person 666 71 679 87
person 673 100 692 122
person 706 68 717 84
person 731 53 744 72
person 747 78 761 98
person 786 56 798 72
person 780 65 792 83
person 767 89 782 111
person 827 64 837 80
person 843 75 853 92
person 921 74 932 89
person 950 72 960 87
person 982 84 995 102
person 915 83 929 102
person 904 87 921 106
person 873 83 890 102
person 866 90 879 110
person 942 103 956 123
person 926 115 942 135
person 915 130 933 154
person 888 105 905 130
person 972 149 991 178
person 806 156 832 184
person 835 104 851 127
person 798 126 820 153
person 807 79 821 94
person 797 93 816 112
person 779 102 798 125
person 709 136 729 161
person 701 116 718 137
person 731 122 753 150
person 741 159 767 189
person 718 90 736 108
person 618 212 648 240
person 691 193 723 235
person 859 69 871 85
