person 47 357 91 410
person 176 229 204 250
person 213 248 231 278
person 251 245 275 274
person 303 243 328 273
person 248 210 274 232
person 329 222 354 245
person 328 198 350 219
person 376 178 404 195
person 396 218 423 249
person 479 267 513 307
person 562 279 595 316
person 607 295 642 342
person 654 296 694 346
person 748 356 782 405
person 443 235 466 256
person 469 211 490 235
person 511 218 533 243
person 421 174 441 190
person 444 179 459 199
person 462 181 476 201
person 464 164 480 180
person 521 173 537 197
person 544 164 557 184
person 580 163 595 183
person 582 148 595 162
person 538 191 554 209
person 573 190 590 212
person 556 238 582 271
person 644 255 672 285
person 633 214 659 242
person 603 179 623 198
person 664 172 683 191
person 635 169 652 186
person 684 150 701 168
person 670 137 684 159
person 599 149 612 162
person 643 140 663 158
person 365 225 388 250
person 713 141 729 156
person 751 198 769 226
person 765 163 781 189
person 719 182 739 207
person 726 153 740 168
person 796 158 813 180
person 815 151 832 172
person 835 172 849 195
person 850 184 869 210
person 857 157 872 176
person 889 160 909 181
person 896 199 917 224
person 888 234 915 268
person 911 225 928 252
person 931 215 947 239
person 944 187 962 207
person 965 171 981 192
person 930 171 942 189
person 997 185 1012 210
person 991 214 1011 239
person 671 205 696 228
person 693 241 723 282
person 739 236 765 267
person 775 265 809 303
person 842 279 872 321
person 898 333 927 376
person 927 313 955 355
person 938 275 965 315
person 960 230 983 259
person 1016 218 1035 241
person 1038 206 1059 226
person 1028 242 1050 270
person 1007 296 1033 342
person 1048 191 1064 206
person 809 170 824 194
person 397 205 414 223
person 393 190 411 208
person 474 159 489 175
