person 152 146 192 193
person 230 111 248 133
person 265 97 280 113
person 257 118 274 141
person 271 122 290 144
person 351 120 373 143
person 347 94 367 113
person 316 88 331 102
person 310 98 325 115
person 296 98 310 116
person 283 97 298 115
person 351 75 363 91
person 361 84 378 103
person 375 75 389 90
person 367 65 382 78
person 382 97 400 120
person 394 70 408 87
person 413 80 427 98
person 428 89 446 106
person 402 55 412 68
person 425 64 439 81
person 449 67 464 85
person 443 56 457 69
person 466 71 483 89
person 463 50 473 62
person 481 62 494 80
person 513 60 526 75
person 492 40 505 54
person 515 42 528 58
person 533 43 545 58
person 563 44 573 59
person 577 39 589 54
person 566 65 582 80
person 607 49 624 66
person 508 88 527 110
person 497 112 518 136
person 460 110 486 134
person 446 127 473 159
person 407 128 432 162
person 499 144 526 177
person 554 140 579 173
person 545 108 564 135
person 555 86 575 109
person 591 123 616 149
person 579 87 598 109
person 588 64 604 80
person 621 77 638 96
person 610 68 625 86
person 624 60 638 77
person 626 43 638 60
person 637 55 650 72
person 668 56 682 73
person 691 57 704 74
person 663 75 678 98
person 682 72 697 90
person 700 82 715 102
person 713 72 728 88
person 721 66 736 82
person 721 57 734 71
person 742 81 755 100
person 749 66 759 81
person 750 56 761 68
person 767 60 782 77
person 783 44 798 64
person 758 84 776 105
person 762 115 780 140
person 717 101 738 127
person 632 126 659 154
