person 3 264 32 299
person 266 214 283 237
person 338 192 353 214
person 297 238 320 265
person 341 229 364 262
person 387 226 420 257
person 417 182 434 203
person 421 210 445 236
person 449 206 474 233
person 463 164 479 182
person 481 166 498 187
person 482 191 500 208
person 479 213 507 240
person 515 190 539 216
person 505 160 522 181
person 530 164 548 189
person 551 144 580 164
person 562 165 578 189
person 556 193 577 213
person 528 217 551 237
person 594 202 615 229
person 606 161 621 186
person 615 168 641 200
person 621 154 649 175
person 622 202 642 224
person 631 224 658 253
person 545 253 577 291
person 660 171 682 197
person 653 154 666 176
person 667 140 682 154
person 695 161 712 180
person 684 137 707 155
person 715 134 735 154
person 728 124 746 144
person 718 154 738 179
person 755 155 779 176
person 751 135 765 148
person 763 138 784 151
person 707 209 732 238
person 789 128 801 147
person 834 131 859 153
person 807 147 832 168
person 810 171 835 191
person 838 153 862 176
person 757 185 780 212
person 733 219 759 243
person 620 268 655 305
person 705 284 743 341
person 773 230 807 261
person 753 296 798 337
person 825 226 842 249
person 820 195 844 222
person 870 178 887 200
person 894 148 910 171
person 836 296 884 352
person 879 261 913 298
person 915 146 933 169
person 926 176 945 202
person 935 152 951 174
person 949 153 958 176
person 934 264 966 307
person 998 338 1034 392
person 1004 296 1044 338
person 967 223 997 261
person 981 191 1000 211
person 987 166 1004 186
person 1012 158 1027 178
person 1049 155 1063 172
person 1028 164 1051 186
person 1007 195 1029 219
person 1011 213 1035 239
person 1028 231 1053 266
person 1045 212 1073 241
person 1074 178 1094 205
person 1090 306 1122 348
person 1123 228 1149 257
person 1102 196 1120 226
person 1115 189 1148 220
person 1128 179 1144 196
person 1026 177 1044 203
