person 134 362 184 418
person 265 232 290 258
person 299 248 323 281
person 338 248 362 278
person 336 215 356 238
person 399 242 422 273
person 420 225 438 251
person 418 204 437 229
person 457 226 477 254
person 485 223 509 253
person 485 207 507 225
person 464 180 486 204
person 480 191 500 212
person 511 176 528 196
person 534 178 552 201
person 557 164 574 184
person 565 160 581 180
person 508 200 527 219
person 551 215 579 242
person 597 221 625 248
person 536 239 559 264
person 550 287 587 325
person 639 246 673 280
person 606 181 627 202
person 621 164 635 184
person 625 174 645 196
person 625 187 649 214
person 658 191 680 217
person 668 153 685 173
person 666 168 685 188
person 687 170 707 194
person 685 153 698 169
person 694 158 711 177
person 733 144 752 163
person 759 143 775 163
person 721 160 740 176
person 720 171 736 191
person 769 153 787 173
person 758 173 778 195
person 802 146 818 166
person 814 156 831 176
person 823 149 838 169
person 806 187 827 209
person 762 206 785 231
person 719 220 747 251
person 743 249 770 281
person 782 246 814 288
person 776 233 798 260
person 818 212 840 243
person 829 249 855 287
person 859 270 894 309
person 692 295 733 348
person 748 306 792 357
person 629 287 671 324
person 851 170 869 193
person 888 163 902 183
person 902 157 917 181
person 890 174 906 198
person 923 176 936 192
person 927 183 943 200
person 935 188 955 217
person 843 201 868 228
person 948 164 963 184
person 975 166 994 186
person 986 204 1003 228
person 1016 176 1034 194
person 1030 184 1048 212
person 1048 176 1065 200
person 1076 186 1093 207
person 1135 193 1149 212
person 1134 209 1149 227
person 1109 219 1127 251
person 1133 239 1157 276
person 1078 217 1096 244
person 1026 220 1050 248
person 1053 223 1073 260
person 1029 256 1060 301
person 990 225 1013 265
person 977 239 1000 275
person 1093 304 1130 358
person 1008 310 1042 354
person 986 330 1025 380
person 932 284 964 328
person 827 360 873 414
