person 40 204 73 243
person 262 163 285 188
person 290 145 313 169
person 313 132 333 154
person 325 141 349 165
person 359 151 384 179
person 392 166 421 201
person 387 119 405 142
person 405 119 424 143
person 433 126 456 152
person 438 106 457 125
person 426 97 442 114
person 468 106 486 128
person 464 127 485 148
person 505 123 528 149
person 515 108 533 130
person 499 96 514 113
person 504 87 521 107
person 491 87 505 102
person 476 84 490 100
person 479 99 494 115
person 493 110 513 127
person 546 115 567 140
person 531 96 547 116
person 515 73 525 86
person 549 78 563 97
person 560 72 574 88
person 574 79 592 103
person 515 155 542 187
person 584 157 613 194
person 588 134 612 163
person 606 90 621 116
person 594 61 609 77
person 617 66 633 87
person 649 77 669 97
person 633 51 649 69
person 655 64 667 77
person 652 54 663 67
person 674 66 692 85
person 688 55 701 71
person 718 62 735 82
person 724 56 738 73
person 724 80 744 106
person 684 91 704 117
person 651 105 674 135
person 644 139 671 173
person 625 186 656 227
person 691 190 727 233
person 752 161 782 197
person 692 143 719 173
person 695 115 717 140
person 729 117 753 146
person 738 96 758 117
person 749 75 767 97
person 773 64 788 88
person 816 159 845 197
person 795 115 821 148
person 779 95 802 123
person 800 87 818 106
person 788 73 805 93
person 810 66 825 86
person 827 65 843 88
person 845 71 864 90
person 860 69 874 85
person 852 94 872 117
person 868 96 887 117
person 891 101 913 127
person 887 75 900 95
person 898 79 917 102
person 920 65 935 88
person 920 111 937 140
person 936 102 955 129
person 944 71 964 94
person 980 87 997 110
person 974 106 998 134
person 970 150 996 188
person 862 125 886 151
