person 409 124 432 155
person 453 132 480 158
person 475 117 496 138
person 514 113 534 136
person 541 114 563 141
person 552 98 567 120
person 568 94 586 115
person 579 110 596 132
person 584 134 607 162
person 598 108 616 135
person 601 88 618 107
person 616 92 632 113
person 633 115 655 144
person 651 107 668 133
person 642 83 663 109
person 685 121 710 147
person 683 96 700 115
person 694 80 710 99
person 707 95 728 119
person 724 78 741 101
person 744 84 762 104
person 751 105 769 124
person 797 96 815 121
person 792 85 807 104
person 776 69 789 86
person 820 80 837 99
person 855 85 873 103
person 848 73 865 90
person 896 75 914 95
person 733 151 761 188
person 772 136 804 170
person 824 120 848 150
person 831 143 859 182
person 892 152 918 188
person 890 126 912 158
person 871 116 889 140
person 922 110 941 139
person 916 94 934 119
person 950 87 970 110
person 970 109 994 142
person 985 101 1008 131
person 990 138 1018 170
person 1026 122 1046 151
person 1016 103 1038 129
person 1033 91 1053 113
person 1051 115 1069 139
person 1075 90 1093 113
person 1116 101 1132 120
person 1083 130 1104 160
person 1103 149 1133 182
person 1145 121 1166 146
person 1173 148 1196 175
person 1179 117 1195 138
person 1095 175 1122 211
person 859 191 919 251
