person 46 259 76 300
person 350 180 372 210
person 385 184 412 212
person 377 156 397 178
person 420 172 444 201
person 423 208 446 237
person 470 194 497 225
person 430 152 451 175
person 434 140 453 160
person 466 151 489 177
person 503 129 523 151
person 523 148 547 178
person 550 127 566 150
person 571 153 593 183
person 541 114 562 141
person 555 100 574 120
person 580 94 598 115
person 580 112 598 131
person 627 86 643 106
person 633 107 652 133
person 624 122 646 148
person 652 102 667 124
person 653 91 672 111
person 675 107 694 131
person 693 90 711 114
person 686 85 702 104
person 703 79 719 99
person 721 106 737 129
person 733 108 752 135
person 729 87 749 112
person 734 67 752 85
person 766 68 781 86
person 810 63 825 81
person 761 85 779 105
person 796 90 815 113
person 824 86 840 107
person 821 69 835 88
person 855 70 871 90
person 762 136 784 167
person 668 189 703 229
person 700 166 726 199
person 751 160 780 198
person 727 214 769 259
person 822 163 856 206
person 836 138 861 173
person 848 121 870 150
person 871 139 898 174
person 970 74 987 95
person 1002 78 1018 100
person 1045 79 1060 103
person 1038 86 1056 109
person 1092 84 1107 108
person 1078 93 1095 117
person 1129 87 1145 114
person 1113 104 1131 127
person 1166 104 1184 131
person 1108 121 1128 144
person 1157 136 1179 166
person 1155 148 1177 178
person 1060 104 1077 129
person 1018 98 1037 123
person 975 100 993 122
person 962 91 978 117
person 918 91 937 113
person 907 86 923 109
person 901 117 924 145
person 944 114 968 141
person 997 116 1019 144
person 913 146 943 185
person 956 171 987 211
person 1007 162 1032 196
person 961 138 985 171
person 1025 138 1046 169
person 1061 157 1087 190
person 1021 219 1056 272
person 1031 193 1064 238
person 1085 143 1110 178
person 1126 199 1155 241
person 1092 282 1130 337
person 893 101 911 126
