person 15 259 44 295
person 271 222 293 245
person 306 224 331 251
person 337 240 362 268
person 338 196 358 222
person 401 237 425 263
person 425 188 444 211
person 442 208 460 237
person 461 223 479 244
person 489 220 514 246
person 485 193 507 217
person 479 181 497 200
person 463 168 481 186
person 509 170 524 188
person 513 183 531 202
person 526 198 548 221
person 539 218 563 246
person 565 200 586 218
person 551 159 564 178
person 565 153 580 171
person 591 170 609 193
person 624 163 642 177
person 620 177 638 198
person 669 185 684 204
person 642 171 659 190
person 621 201 641 225
person 616 157 631 170
person 663 147 679 164
person 691 144 706 158
person 673 168 692 186
person 687 158 704 176
person 591 252 628 292
person 644 234 673 267
person 647 260 679 299
person 713 210 741 238
person 727 143 743 160
person 739 130 753 149
person 735 160 754 182
person 757 139 769 156
person 752 152 767 172
person 769 146 784 166
person 791 141 804 159
person 808 144 821 163
person 776 159 796 178
person 811 172 833 197
person 829 146 843 168
person 758 191 782 220
person 778 215 801 243
person 790 236 820 270
person 730 240 763 275
person 728 275 763 316
person 795 287 836 333
person 822 225 853 261
person 845 167 863 190
person 865 184 885 211
person 886 162 901 182
person 895 141 910 162
person 901 174 916 193
person 920 164 937 185
person 921 180 939 204
person 945 145 961 169
person 934 167 951 194
person 976 157 994 182
person 1017 166 1031 187
person 1038 171 1052 193
person 1055 159 1069 181
person 1085 178 1102 200
person 1131 184 1145 201
person 1127 201 1144 222
person 1113 208 1132 229
person 1117 227 1138 256
person 1059 202 1077 227
person 1031 185 1047 207
person 1012 200 1038 226
person 983 198 1001 222
person 974 223 994 247
person 976 232 1004 266
person 1050 219 1070 249
person 1101 254 1127 289
person 1032 271 1060 301
person 1085 300 1121 343
person 1008 285 1045 329
person 990 319 1028 367
person 879 257 912 291
person 939 257 972 298
person 844 321 893 377
