person 34 220 65 259
person 264 157 288 180
person 297 147 318 172
person 317 143 337 168
person 324 133 343 152
person 354 145 376 170
person 356 120 379 141
person 398 115 418 138
person 408 105 425 124
person 409 163 438 193
person 432 125 452 144
person 433 87 451 106
person 458 125 479 148
person 464 107 482 130
person 478 101 493 121
person 488 112 505 133
person 514 119 535 142
person 512 99 533 122
person 508 86 522 105
person 500 79 512 98
person 478 71 494 91
person 512 71 526 89
person 538 89 551 105
person 550 70 564 90
person 561 66 575 85
person 564 83 581 102
person 581 78 599 99
person 600 83 619 105
person 564 106 584 128
person 591 60 605 75
person 611 68 629 87
person 624 48 640 67
person 629 61 641 81
person 654 62 667 78
person 661 76 678 97
person 676 66 689 84
person 676 53 690 69
person 649 52 662 67
person 714 59 726 75
person 729 49 742 66
person 734 28 747 41
person 514 157 543 191
person 561 167 595 203
person 591 133 616 159
person 637 132 663 161
person 640 110 662 135
person 686 92 705 117
person 706 107 730 136
person 696 140 723 168
person 703 182 740 219
person 717 79 735 100
person 733 91 752 115
person 732 121 757 149
person 757 162 787 191
person 785 120 809 152
person 780 96 797 117
person 774 77 790 98
person 752 70 768 93
person 778 60 792 82
person 786 68 802 87
person 792 52 808 72
person 834 60 847 77
person 828 70 841 87
person 803 82 821 104
person 843 89 862 111
person 842 73 855 90
person 857 62 871 83
person 879 71 895 94
person 867 83 884 107
person 864 120 886 154
person 830 148 856 180
person 921 112 943 140
person 898 91 919 118
person 916 82 930 100
person 918 67 933 84
person 957 67 970 85
person 944 86 963 107
person 942 107 959 131
person 980 152 1005 188
person 980 99 998 123
person 987 84 1001 101
person 626 179 659 222
