person 129 367 181 419
person 264 238 286 265
person 313 232 339 263
person 345 211 369 237
person 390 248 422 286
person 349 251 375 281
person 426 225 447 251
person 386 222 408 250
person 431 199 453 222
person 460 226 481 249
person 493 202 511 225
person 478 179 498 202
person 501 175 520 201
person 524 187 543 209
person 532 204 554 232
person 579 227 606 258
person 548 175 564 193
person 594 189 617 214
person 572 161 589 179
person 635 187 657 209
person 626 170 647 190
person 662 165 684 189
person 674 188 697 216
person 693 181 713 205
person 613 222 640 256
person 680 155 696 172
person 697 167 718 182
person 702 150 718 166
person 727 166 745 187
person 747 141 760 159
person 766 139 782 159
person 805 141 821 162
person 820 155 836 174
person 834 153 849 172
person 777 196 799 227
person 762 179 779 201
person 726 221 756 254
person 701 256 740 292
person 709 282 747 332
person 643 268 680 313
person 640 245 673 282
person 555 282 590 327
person 481 242 504 270
person 752 325 795 374
person 801 247 836 281
person 785 228 810 258
person 825 212 853 242
person 813 189 837 217
person 864 165 883 191
person 862 201 882 226
person 889 173 912 203
person 907 166 925 183
person 911 195 934 227
person 948 183 970 207
person 941 160 960 182
person 995 198 1014 223
person 994 189 1008 206
person 984 174 1003 193
person 1026 174 1044 196
person 1041 184 1060 206
person 1065 174 1079 194
person 1071 193 1089 215
person 1073 218 1094 245
person 1044 211 1062 234
person 1028 216 1048 241
person 1042 234 1065 265
person 1001 237 1025 266
person 972 242 1002 279
person 891 271 921 307
person 838 243 866 271
person 835 350 877 411
person 969 334 1009 381
person 941 291 975 336
person 1020 304 1062 351
person 1032 269 1063 307
person 1072 279 1103 315
person 1111 310 1150 356
person 1125 235 1148 266
person 1144 221 1162 245
person 1139 205 1157 227
person 1138 181 1157 203
