person 86 305 147 367
person 223 165 249 192
person 259 158 288 192
person 292 142 316 168
person 363 134 384 157
person 360 113 388 141
person 394 126 416 153
person 410 119 431 146
person 435 147 458 176
person 430 108 454 134
person 460 107 483 132
person 480 126 502 154
person 515 176 542 211
person 520 106 543 130
person 529 92 548 116
person 544 90 569 121
person 558 134 588 167
person 590 109 613 136
person 577 87 602 110
person 599 79 617 106
person 623 88 650 121
person 663 117 683 142
person 675 91 701 115
person 663 69 685 96
person 693 117 713 140
person 701 94 724 121
person 697 69 719 94
person 723 67 742 88
person 731 84 755 107
person 730 106 750 130
person 752 107 773 134
person 765 69 781 90
person 793 75 809 99
person 796 103 814 124
person 807 75 826 104
person 835 86 854 110
person 844 77 860 95
person 875 84 893 108
person 794 135 825 170
person 725 158 758 196
person 648 207 680 245
person 706 223 745 264
person 802 226 838 269
person 864 118 881 142
person 873 151 902 186
person 904 125 923 151
person 910 163 933 194
person 881 229 912 273
person 929 110 948 132
person 949 109 971 139
person 983 101 1007 130
person 998 125 1021 148
person 1011 119 1029 142
person 957 144 988 174
person 990 164 1016 197
person 955 246 993 305
person 1035 268 1072 312
person 1083 224 1110 258
person 1164 261 1196 303
person 1174 223 1202 259
person 1189 207 1209 236
person 1190 175 1215 202
person 1197 144 1219 169
person 1157 134 1175 158
person 1140 154 1153 178
person 1135 188 1156 218
person 1052 199 1081 233
person 1057 172 1081 199
person 1083 153 1101 179
person 1102 149 1117 169
person 1108 130 1126 156
person 1058 130 1077 153
