person 182 154 204 179
person 237 131 255 153
person 337 128 353 147
person 320 131 336 147
person 356 129 377 151
person 388 129 410 155
person 369 168 392 193
person 401 158 428 186
person 395 102 412 122
person 412 98 428 120
person 432 107 449 129
person 475 111 496 127
person 477 124 502 155
person 507 163 538 196
person 504 105 530 132
person 468 96 485 116
person 509 81 528 103
person 541 92 562 112
person 571 87 592 110
person 614 91 635 109
person 602 69 618 88
person 644 132 671 163
person 654 111 673 135
person 695 114 716 141
person 681 147 707 180
person 730 87 747 107
person 730 123 755 151
person 740 152 765 179
person 788 130 815 159
person 765 105 789 133
person 806 84 826 109
person 794 167 820 202
person 871 175 901 214
person 936 155 991 222
person 969 124 990 158
person 1002 97 1036 144
