person 271 140 282 156
person 282 135 291 151
person 296 138 316 166
person 362 129 385 163
person 394 145 413 167
person 366 106 382 123
person 411 119 428 138
person 449 120 468 144
person 424 87 436 101
person 455 97 471 117
person 472 87 489 102
person 487 97 500 119
person 507 85 519 104
person 523 106 542 129
person 534 88 547 105
person 551 90 567 109
person 541 64 553 80
person 567 57 579 70
person 574 67 587 85
person 587 88 610 108
person 598 71 610 88
person 613 81 628 97
person 606 53 617 67
person 629 51 639 66
person 653 52 664 67
person 684 53 696 68
person 717 50 727 66
person 656 69 668 84
person 494 156 523 187
person 535 177 558 204
person 561 133 584 157
person 615 111 636 132
person 615 141 635 165
person 613 167 647 205
person 666 89 685 111
person 694 80 708 98
person 666 111 690 134
person 682 171 708 210
person 715 140 741 168
person 712 127 736 144
person 719 93 735 118
person 743 93 763 122
person 763 112 783 143
person 769 144 799 176
person 756 173 791 210
person 796 213 829 257
person 791 79 807 103
person 801 109 818 137
person 841 71 856 88
person 857 59 868 78
person 875 74 890 90
person 893 64 903 81
person 905 80 917 93
person 916 72 930 90
person 941 84 954 104
person 895 89 913 108
person 838 103 857 132
person 888 109 910 134
person 941 112 957 134
person 818 127 841 150
person 879 134 897 160
person 941 135 959 159
person 852 174 878 210
person 925 155 954 187
person 911 209 941 254
person 846 79 862 99
person 622 69 637 86
person 499 102 514 122
person 393 105 406 124
person 400 105 417 126
